IdSession|IdPSX|IdSubscriber|StartSession|EndSession|Duartion|UpTx|DownTx
11957|0|9394|05/01/2024 09:02:01||27479|6134802392|8510899736
12011|0|7844|05/01/2024 15:24:06||4554|713978912|995051624
12023|0|4023|05/01/2024 16:02:56||2224|4501634720|9997819656
11982|0|4855|05/01/2024 11:16:50||19390|13512864328|17652372536
11990|0|4792|05/01/2024 12:49:04||13856|2341164904|3074238392
12001|0|6307|05/01/2024 13:54:40||9920|1915812616|2319347504
11925|0|3800|05/01/2024 05:56:17||38623|8141989688|8491061096
11944|0|4084|05/01/2024 07:42:41||32239|92948809608|221556386416
11938|0|7146|05/01/2024 07:20:18||33582|1697200728|2186180000
12012|0|6422|05/01/2024 15:27:47||4333|848417440|1254022920
11895|0|6972|05/01/2024 01:40:25||53975|14826171976|18560622816
12025|0|6118|05/01/2024 16:10:17||1783|433742840|584145952
11973|0|7768|05/01/2024 10:31:04||22136|55219451792|126127828328
11987|0|5493|05/01/2024 12:26:30||15210|556884784|641125472
11965|0|4442|05/01/2024 09:52:52||24428|793004640|797185336
11993|0|8378|05/01/2024 13:07:20||12760|2003193552|2796462080
11899|0|5202|05/01/2024 02:24:17||51343|5758239288|7850408296
12026|0|8257|05/01/2024 16:14:29||1531|703484320|920624792
11997|0|5931|05/01/2024 13:30:43||11357|789358128|1148397200
11953|0|4795|05/01/2024 08:23:19||29801|77969230752|202055843672
11900|0|9641|05/01/2024 02:24:41||51319|13830084104|16977614648
11935|0|5578|05/01/2024 07:09:37||34223|2052001272|2137278400
11978|0|8612|05/01/2024 10:53:28||20792|6234051040|6743143480
11954|0|7582|05/01/2024 08:45:09||28491|8435593352|12632061848
11918|0|9130|05/01/2024 04:51:02||42538|3081444640|3389622240
11932|0|7170|05/01/2024 06:43:45||35775|1478597656|2180176168
11937|0|7081|05/01/2024 07:18:54||33666|7760929592|8101341736
11876|0|8606|04/01/2024 23:52:05||60475|27082188440|28208494936
12013|0|6905|05/01/2024 15:23:57||4563|2218594656|3106650808
11914|0|9739|05/01/2024 04:25:55||44045|2399948072|3008817848
11975|0|7339|05/01/2024 10:42:29||21451|1217772248|1429690184
11995|0|6315|05/01/2024 13:19:04||12056|712327232|953148400
11998|0|7571|05/01/2024 13:40:59||10741|949006928|1389437944
11976|0|5086|05/01/2024 10:42:09||21471|3741709568|5382648032
11981|0|5090|05/01/2024 11:07:10||19970|4102309808|4975390928
11989|0|3857|05/01/2024 12:39:10||14450|8990498352|18931490920
11951|0|6570|05/01/2024 08:12:26||30454|826505928|916585256
11958|0|7855|05/01/2024 09:05:35||27265|8031458088|11158573632
11883|0|7886|05/01/2024 01:00:19||56381|9706519888|10888196392
11902|0|7489|05/01/2024 02:59:46||49214|17461183384|24707509896
11968|0|7756|05/01/2024 10:22:10||22670|39318771368|81231504064
11955|0|9554|05/01/2024 08:56:01||27839|2060006736|2201330744
11999|0|4605|05/01/2024 13:46:34||10406|2824469248|4089064512
11992|0|4690|05/01/2024 12:50:14||13786|1349370408|1905464656
11963|0|7352|05/01/2024 09:45:13||24887|2844682144|4052322720
11870|0|9737|04/01/2024 22:57:56||63724|17865501696|21416852632
11974|0|4927|05/01/2024 10:33:33||21987|5532791176|6626034704
11898|0|5316|05/01/2024 01:51:15||53325|7123575024|9906138568
12002|0|6097|05/01/2024 13:57:15||9765|6524507792|8173536520
11983|0|8538|05/01/2024 11:11:27||19713|37992495232|103779821144
11988|0|8408|05/01/2024 12:25:54||15246|3856841696|3917055624
11915|0|7264|05/01/2024 04:32:38||43642|9504224136|11289663736
12018|0|8126|05/01/2024 15:30:20||4180|891596472|999335232
12014|0|8178|05/01/2024 15:22:16||4664|581211440|813568528
12022|0|8495|05/01/2024 15:51:39||2901|424703608|478131448
12015|0|9846|05/01/2024 15:22:05||4675|994399504|1465787664
11966|0|4524|05/01/2024 09:58:37||24083|333077280|432632024
12000|0|7736|05/01/2024 13:40:15||10785|8900988840|9914375584
12008|0|7331|05/01/2024 15:10:40||5360|246122392|288339200
11946|0|5766|05/01/2024 07:45:00||32100|9453296496|12443016936
11960|0|7301|05/01/2024 09:29:54||25806|682745632|955007048
12016|0|5886|05/01/2024 15:27:49||4331|1216592080|1224463984
11877|0|8888|04/01/2024 23:55:23||60277|7888472920|7930383176
12003|0|4426|05/01/2024 13:57:09||9771|976455680|1186390680
11906|0|6907|05/01/2024 03:54:22||45938|5215002016|5678023352
12020|0|7712|05/01/2024 15:40:45||3555|2006881864|2992423088
11985|0|7480|05/01/2024 12:10:01||16199|46136751056|88233102688
11920|0|5609|05/01/2024 04:52:14||42466|30557337816|84910919712
11962|0|9944|05/01/2024 09:31:55||25685|2512065528|2698511984
11872|0|9722|04/01/2024 23:06:08||63232|7894665616|8524116096
12021|0|4366|05/01/2024 15:46:23||3217|720470072|776401200
11929|0|6935|05/01/2024 06:20:09||37191|19507027288|23476361272
11986|0|7194|05/01/2024 12:14:22||15938|28794996240|57625431288
11970|0|9705|05/01/2024 10:23:36||22584|34131198368|96263766808
12019|0|4045|05/01/2024 15:31:19||4121|85611360|110079528
11934|0|8093|05/01/2024 06:53:42||35178|1171455384|1440413952
11857|0|9596|04/01/2024 21:43:02|05/01/2024 16:32:51|67789|27467176200|29869530152
11907|0|5579|05/01/2024 03:54:55||45905|448297040|535487784
11878|0|5969|05/01/2024 00:10:22||59378|93666454544|220467713992
11913|0|8133|05/01/2024 04:14:52||44708|1183155936|1293035464
12006|0|7261|05/01/2024 15:01:21||5919|596763752|892045624
11930|0|7329|05/01/2024 06:22:06||37074|14186666656|17791722176
12004|0|4607|05/01/2024 13:56:02||9838|5347165024|6248765824
11991|0|9534|05/01/2024 12:48:28||13892|30891972000|90919546472
11873|0|9412|04/01/2024 23:18:10||62510|15626871624|19452560808
11908|0|7915|05/01/2024 03:55:13||45887|4644009840|5711029648
11994|0|5365|05/01/2024 13:03:42||12978|750837328|1034131072
11950|0|8840|05/01/2024 07:56:46||31394|8058151808|9282911248
12007|0|4779|05/01/2024 15:01:32||5908|394005216|506130808
12017|0|3848|05/01/2024 15:28:45||4275|1458588408|2178427456
11996|0|6886|05/01/2024 13:14:30||12330|3604449616|3840328280
11956|0|8726|05/01/2024 08:54:00||27960|11206032728|15189434032
11874|0|5973|04/01/2024 23:20:12||62388|169833782064|473214683352
12009|0|6203|05/01/2024 15:17:33||4947|60196488|69578728
11971|0|9576|05/01/2024 10:28:36||22284|13712011888|15636566944
11926|0|6329|05/01/2024 06:00:44||38356|15287597976|21791647240
11964|0|7048|05/01/2024 09:45:43||24857|3019173664|4052455376
11979|0|3939|05/01/2024 10:51:38||20902|2538673704|2609442416
11972|0|9657|05/01/2024 10:27:22||22358|12886912200|15141251840
11927|0|4737|05/01/2024 06:09:31||37829|28100018160|39479038776
12024|0|6733|05/01/2024 16:09:21||1839|477355872|613661912
11961|0|8426|05/01/2024 09:25:28||26072|1888595720|2433002536
11933|0|7666|05/01/2024 06:48:24||35496|2132637008|2863661392
11980|0|7749|05/01/2024 10:56:00||20640|46768425192|131740475920
12010|0|6565|05/01/2024 15:17:48||4932|92639640|107155040
