IdSession|IdPSX|IdSubscriber|StartSession|EndSession|Duartion|UpTx|DownTx
12108|0|4114|06/01/2024 02:54:48||58512|2200367728|2467857368
12153|0|4023|06/01/2024 09:13:07||35813|49365423088|128574293592
12105|0|6307|06/01/2024 02:41:20|06/01/2024 19:04:19|58979|2759909752|3823649928
12213|0|4084|06/01/2024 16:38:50||9070|23747304120|55006040152
12205|0|7146|06/01/2024 15:54:35||11725|1475834800|2113177080
12189|0|6422|06/01/2024 14:03:13||18407|8528000896|10961191232
12183|0|6118|06/01/2024 13:03:16||22004|2993533096|4365209032
12170|0|9885|06/01/2024 11:22:29||28051|3486675248|4110610088
12142|0|4442|06/01/2024 08:28:18||38502|4323644016|4840733376
12111|0|8378|06/01/2024 03:11:50||57490|11412617552|15367655232
12138|0|4431|06/01/2024 07:39:04||41456|2572961376|3767963744
12209|0|7582|06/01/2024 16:10:47||10753|3934703592|5282459936
12165|0|8119|06/01/2024 10:45:41||30259|6139643856|7404006624
12148|0|9130|06/01/2024 08:48:09||37311|2261113408|2298680176
12107|0|6861|06/01/2024 02:41:59||59281|9120302936|10334916864
12157|0|7565|06/01/2024 09:35:51||34449|76421050216|183766749504
12206|0|4623|06/01/2024 15:57:50||11530|1706693136|1942174512
12177|0|4337|06/01/2024 12:26:43||24197|6236048680|7433315032
12220|0|7571|06/01/2024 18:16:46||3194|95525856|132257168
12168|0|3857|06/01/2024 11:11:26||28714|22158615896|48157626168
12182|0|4614|06/01/2024 12:58:40||22280|6019048992|7451147576
12098|0|6570|06/01/2024 01:59:29||61831|570941504|582742584
12185|0|7855|06/01/2024 13:09:32||21628|2829326144|3708243912
12186|0|7886|06/01/2024 13:11:12||21528|3662384016|5053307056
12127|0|8259|06/01/2024 05:48:36||48084|11105632472|13842410776
12104|0|5457|06/01/2024 02:30:21||59979|10726223864|15885862696
12143|0|6941|06/01/2024 08:24:50||38710|2303950464|2967619976
12202|0|7286|06/01/2024 15:49:01||12059|10447165584|23260984408
12207|0|4725|06/01/2024 16:00:55||11345|900198688|1334542384
12218|0|7466|06/01/2024 17:46:08||5032|732987272|855285936
12163|0|4605|06/01/2024 10:24:15||31545|7163870696|8029803320
12203|0|7352|06/01/2024 15:49:53||12007|3635455112|4634755376
12196|0|8423|06/01/2024 14:40:05||16195|37689180736|98602521656
12191|0|4335|06/01/2024 14:39:13||16247|4233982824|4716666728
12161|0|6819|06/01/2024 10:15:48||32052|2839518616|3956110744
12175|0|5316|06/01/2024 11:52:46||26234|2729706672|2743835568
12208|0|4679|06/01/2024 16:06:04||11036|5255740192|7170616912
12147|0|9209|06/01/2024 08:30:47||38353|10770685248|11734290456
12130|0|4885|06/01/2024 06:06:04||47036|11870978216|12859575400
12176|0|8408|06/01/2024 12:17:04||24776|5541377664|6227372328
12120|0|7264|06/01/2024 04:57:45||51135|12718817184|13368442424
12134|0|8126|06/01/2024 06:24:55||45905|17508650360|20076023624
12154|0|8989|06/01/2024 09:13:59||35761|6187852736|9212061536
12115|0|8519|06/01/2024 03:39:47||55813|32827793432|34843214920
12180|0|8227|06/01/2024 12:31:28||23912|1001927352|1037667136
12126|0|6731|06/01/2024 05:33:59||48961|125826814152|344523380536
12129|0|4524|06/01/2024 05:53:14||47806|976781120|1407584800
12216|0|5742|06/01/2024 17:07:00||7380|3287015040|3708761736
12141|0|7736|06/01/2024 08:13:50||39370|19544036488|24260158720
12210|0|7331|06/01/2024 16:12:50||10630|321866216|382525192
12097|0|8233|06/01/2024 01:27:50||63730|12015558000|14071597088
12214|0|4426|06/01/2024 16:50:51||8349|208140704|300353568
12166|0|7712|06/01/2024 10:45:52||30248|20252564840|21402493896
12192|0|8343|06/01/2024 14:36:40||16400|3248804048|4867053048
12215|0|5609|06/01/2024 16:52:06||8274|6757089576|17296227520
12193|0|7202|06/01/2024 14:35:02||16498|3042563672|3523281032
12217|0|4366|06/01/2024 17:03:42||7578|1062633832|1493064872
12121|0|7194|06/01/2024 04:51:01||51539|107920406816|218520858744
12156|0|9705|06/01/2024 09:23:13||35207|70462369048|201229328600
12159|0|4045|06/01/2024 09:47:44||33736|592710904|665129064
12198|0|5969|06/01/2024 15:27:37||13343|16411410488|36690814360
12144|0|9122|06/01/2024 08:26:07||38633|65705206576|180234932936
12224|0|8133|06/01/2024 18:43:28||1592|184111048|230073624
12145|0|8786|06/01/2024 08:22:16||38864|5918182976|7067551880
12123|0|6301|06/01/2024 05:19:36||49824|15970415112|20626898720
12222|0|4607|06/01/2024 18:35:46||2054|1377911920|1664511960
12167|0|4300|06/01/2024 11:01:09||29331|63751657616|157956614720
12225|0|9412|06/01/2024 18:46:13||1427|299429832|405517904
12219|0|9194|06/01/2024 18:07:49||3731|926848872|1270135896
12132|0|7915|06/01/2024 06:17:54||46326|2812864168|4131337528
12204|0|8244|06/01/2024 15:44:23||12337|1757033264|1895631808
12221|0|4779|06/01/2024 18:26:13||2627|77957672|108411896
12146|0|3848|06/01/2024 08:23:38||38782|19797772424|23203464440
12199|0|4456|06/01/2024 15:26:25||13415|5441960432|5694479096
12226|0|8726|06/01/2024 18:40:47||1753|972449872|1134086368
12211|0|5973|06/01/2024 16:10:50||10750|26188368912|69852422392
12149|0|8944|06/01/2024 08:58:35||36685|11036927592|11377115632
12152|0|9576|06/01/2024 09:08:31||36089|13603628608|17025049424
12223|0|6329|06/01/2024 18:37:32||1948|939558272|1237688320
12201|0|6466|06/01/2024 15:30:51||13149|950995064|1161111736
12187|0|4756|06/01/2024 13:44:25||19535|5180392912|5521476312
12197|0|7048|06/01/2024 14:58:15||15105|4385609336|6285613976
12178|0|7119|06/01/2024 12:20:34||24566|2265327064|2895267520
12174|0|3939|06/01/2024 11:41:00||26940|327536096|366866736
12212|0|4737|06/01/2024 16:14:43||10517|10313758680|11763674344
12090|0|6669|06/01/2024 00:17:29||67951|10276031776|13504870504
12188|0|6271|06/01/2024 13:56:02||18838|4713645544|4783627064
12135|0|9054|06/01/2024 06:47:46||44534|6410817168|6523095616
