IdSession|IdPSX|IdSubscriber|StartSession|EndSession|Duartion|UpTx|DownTx
10623|1|9394|05/01/2024 00:20:08||23392|5927504496|5998055912
10625|1|5574|05/01/2024 00:34:29||22531|7181151376|10338237952
10612|1|4023|04/01/2024 23:52:43||25037|33769599064|78485958960
10671|1|4855|05/01/2024 03:50:23||10777|3094186320|4408733768
10510|1|5548|04/01/2024 16:33:46||51374|5288656640|6385086208
10494|1|9321|04/01/2024 15:12:12|05/01/2024 06:47:38|56126|30089490960|39589600104
10708|1|9321|05/01/2024 06:47:54||126|80419360|88026544
10630|1|4436|05/01/2024 00:42:00||22080|4270417792|4442675104
10703|1|7687|05/01/2024 06:28:35||1285|245827392|249834600
10680|1|8998|05/01/2024 04:37:25||7955|2059089416|2708934296
10674|1|7392|05/01/2024 04:07:01||9779|7319753560|10448110728
10524|1|5493|04/01/2024 17:47:00||46980|11807459112|17306865960
10681|1|9410|05/01/2024 04:55:13||6887|15836524920|46279347176
10590|1|7098|04/01/2024 22:29:46||30014|3441655296|3495704544
10704|1|7037|05/01/2024 06:25:04||1496|332569464|375285008
10616|1|8200|05/01/2024 00:02:04||24476|1174144768|1187905632
10585|1|4442|04/01/2024 21:51:24||32316|3981030136|4920861984
10637|1|9686|05/01/2024 01:31:49||19091|27361357616|72634999376
10683|1|8257|05/01/2024 05:09:14||6046|284732216|327196296
10648|1|7451|05/01/2024 02:20:11||16189|800438424|923051776
10581|1|4795|04/01/2024 21:49:49||32411|89450400376|224109431048
10512|1|4431|04/01/2024 16:40:51||50949|6345849112|7223089224
10463|1|5578|04/01/2024 13:09:50||63610|5740411232|5771621112
10515|1|7582|04/01/2024 16:59:36||49824|13931365848|15333214992
10701|1|6149|05/01/2024 06:18:07||1913|389904752|497300368
10665|1|7007|05/01/2024 03:47:40||10940|3741298888|4638960040
10490|1|6861|04/01/2024 14:56:12||57228|14955912536|17689897792
10611|1|7565|04/01/2024 23:43:16||25604|55772775496|150903674256
10484|1|4992|04/01/2024 14:37:37||58343|21543238800|22468012792
10564|1|4623|04/01/2024 20:58:44||35476|6583568504|8092281000
10649|1|6968|05/01/2024 02:31:11||15529|293574992|304166184
10568|1|6213|04/01/2024 21:19:44||34216|2862144696|3048627576
10677|1|8160|05/01/2024 04:25:30||8670|6826438976|6976884624
10666|1|7715|05/01/2024 03:40:23||11377|466598744|476648072
10609|1|6905|04/01/2024 23:32:32||26248|7971372408|9427667568
10651|1|5654|05/01/2024 02:45:22||14678|3783879392|5253133624
10692|1|7339|05/01/2024 05:46:35||3805|144097896|170331296
10653|1|4337|05/01/2024 02:52:54||14226|1624399256|1754190080
10706|1|6315|05/01/2024 06:36:29||811|24766568|36978520
10599|1|7571|04/01/2024 22:57:55||28325|3814300008|5070415280
10709|1|7410|05/01/2024 06:41:08||532|155856976|189875632
10503|1|5086|04/01/2024 16:09:09||52851|13690547456|19128091784
10685|1|4614|05/01/2024 05:13:17||5803|1855909056|2089899888
10639|1|8569|05/01/2024 01:34:06||18954|12718238128|18023899464
10607|1|4769|04/01/2024 23:22:47||26833|6582414624|6639751608
10577|1|7855|04/01/2024 21:35:15||33285|4593977056|6280847752
10705|1|8259|05/01/2024 06:28:37||1283|46714944|48430240
10678|1|6269|05/01/2024 04:28:34||8486|41242362112|78318817568
10644|1|5457|05/01/2024 02:05:08||17092|2296620352|2624289808
10468|1|6941|04/01/2024 13:10:32||63568|2754341456|2791750496
10582|1|7286|04/01/2024 21:43:32||32788|20482326784|52673303808
10673|1|9755|05/01/2024 03:53:22||10598|1028656048|1056678144
10597|1|7756|04/01/2024 22:48:01||28919|52732399416|121228648168
10598|1|6851|04/01/2024 22:45:17||29083|998502512|1001054600
10549|1|9554|04/01/2024 19:38:16||40304|3073527088|3272805896
10636|1|3853|05/01/2024 01:22:19||19661|4174296704|4363288432
10513|1|4605|04/01/2024 16:44:34||50726|6489893664|8937738416
10571|1|4690|04/01/2024 21:16:24||34416|1369676952|1449223080
10600|1|8165|04/01/2024 23:15:02||27298|3043001304|3054297504
10525|1|9878|04/01/2024 17:42:29||47251|3803681608|4045032464
10689|1|6819|05/01/2024 05:28:01||4919|706405704|800738728
10698|1|5972|05/01/2024 06:07:20||2560|833847000|885927640
10617|1|6050|05/01/2024 00:05:54||24246|28287622520|81296550440
10631|1|4679|05/01/2024 00:41:58||22082|2859807624|3476225792
10578|1|4364|04/01/2024 21:31:13||33527|3418291856|3820200584
10586|1|8555|04/01/2024 22:15:02||30898|4533542360|5604010680
10498|1|8178|04/01/2024 15:42:21||54459|6288298656|8280346808
10592|1|8706|04/01/2024 22:24:44||30316|3669138872|5143059464
10601|1|8989|04/01/2024 23:18:41||27079|9083805288|9162227360
10553|1|9846|04/01/2024 19:43:17||40003|14473877584|20917701760
10572|1|8519|04/01/2024 21:19:27||34233|15673811320|16421296144
10632|1|4639|05/01/2024 00:43:56||21964|54244135584|107894877688
10675|1|8227|05/01/2024 04:09:06||9654|293611624|434813736
10663|1|6731|05/01/2024 03:39:00||11460|27576309512|70540319968
10614|1|4672|04/01/2024 23:52:59||25021|2883174880|3183371680
10602|1|5742|04/01/2024 23:14:40||27320|16405359208|16436042368
10618|1|7736|05/01/2024 00:00:31||24569|1704085000|1738961912
10541|1|7331|04/01/2024 18:57:55||42725|6528913360|6794491208
10684|1|8923|05/01/2024 05:02:46||6434|159703032|161003416
10619|1|9083|05/01/2024 00:00:42||24558|146509048|191225976
10504|1|5766|04/01/2024 16:03:25||53195|23658925816|27061979000
10690|1|9805|05/01/2024 05:29:10||4850|369235480|472937440
10574|1|5217|04/01/2024 21:29:30||33630|2057560320|2994910592
10667|1|6526|05/01/2024 03:48:20||10900|30820039208|90724560536
10620|1|5886|05/01/2024 00:01:11||24529|12893361160|15188784992
10691|1|9831|05/01/2024 05:35:27||4473|717498264|883932328
10566|1|8768|04/01/2024 20:50:53||35947|15711571464|21001319440
10693|1|4899|05/01/2024 05:43:30||3990|193448536|200345592
10593|1|6989|04/01/2024 22:26:27||30213|6161656776|6464253192
10694|1|4472|05/01/2024 05:56:55||3185|1396511576|1757882256
10527|1|6244|04/01/2024 17:48:25||46895|258018584|269515208
10664|1|8343|05/01/2024 03:35:47||11653|3469784768|4971736272
10627|1|4192|05/01/2024 00:33:28||22592|6347763936|7419440696
10710|1|7202|05/01/2024 06:44:40||320|44965600|65556624
10686|1|8767|05/01/2024 05:14:36||5724|56761752|80170192
10514|1|7194|04/01/2024 16:40:00||51000|85935876272|231451040896
10610|1|4045|04/01/2024 23:33:40||26180|354383392|422152344
10668|1|8773|05/01/2024 03:45:33||11067|2570013160|3791096168
10519|1|9139|04/01/2024 17:11:01||49139|8858105160|12628018776
10711|1|7519|05/01/2024 06:48:39||81|80032360|92017000
10657|1|4547|05/01/2024 03:02:46||13634|1117845296|1441806176
10654|1|8170|05/01/2024 02:55:41||14059|1855521944|2771079368
10643|1|8211|05/01/2024 01:52:21||17859|4009750672|4016846648
10537|1|5279|04/01/2024 18:21:12||44928|4305413184|4522826696
10575|1|9421|04/01/2024 21:24:40||33920|2370866880|3288026600
10587|1|9122|04/01/2024 22:15:30||30870|74996751880|159520631648
10640|1|7261|05/01/2024 01:38:45||18675|4927123344|5669668744
10695|1|8786|05/01/2024 05:56:56||3184|369404552|509341904
10633|1|6371|05/01/2024 00:54:57||21303|218515368|240169192
10696|1|8492|05/01/2024 05:51:50||3490|14860902304|29645138344
10687|1|4607|05/01/2024 05:17:42||5538|117379656|143217728
10688|1|9534|05/01/2024 05:17:52||5528|11813579792|26495343952
10594|1|6457|04/01/2024 22:25:20||30280|16434747144|19367932312
10595|1|4300|04/01/2024 22:26:14||30226|57031974088|156450065040
10545|1|4131|04/01/2024 19:08:01||42119|317833752|445778824
10608|1|8846|04/01/2024 23:26:58||26582|69564545368|144165948432
10558|1|5849|04/01/2024 20:14:59||38101|20798072600|22482814160
10707|1|8840|05/01/2024 06:38:32||688|311050288|455583664
10659|1|8244|05/01/2024 03:26:38||12202|1576188264|2008294296
10641|1|4779|05/01/2024 01:35:44||18856|2035249096|2461042704
10660|1|6276|05/01/2024 03:22:35||12445|3796183104|3907923344
10470|1|3848|04/01/2024 13:11:39||63501|23730376440|24118023704
10562|1|6886|04/01/2024 20:43:44||36376|11069179896|16336893040
10699|1|4173|05/01/2024 06:06:38||2602|359481944|525517352
10628|1|8726|05/01/2024 00:36:52||22388|5087125120|5139993568
10697|1|8685|05/01/2024 05:51:01||3539|60792984|74478600
10661|1|5506|05/01/2024 03:23:36||12384|1298531824|1610028672
10682|1|4758|05/01/2024 04:56:31||6809|1347464936|1894073432
10669|1|8944|05/01/2024 03:48:48||10872|1962173296|2073832024
10650|1|6036|05/01/2024 02:30:19||15581|33461286176|98426298736
10605|1|6466|04/01/2024 23:19:14||27046|2012033664|2052710496
10563|1|4331|04/01/2024 20:49:15||36045|6174353712|7136411792
10645|1|4756|05/01/2024 02:05:09||17091|3617830104|5160464896
10642|1|4228|05/01/2024 01:48:03||18117|23664995552|44765500336
10670|1|7962|05/01/2024 03:41:40||11300|480332672|704572768
10555|1|3939|04/01/2024 19:54:48||39312|2525038152|3631190704
10702|1|9657|05/01/2024 06:11:47||2293|1379623584|1494260040
10482|1|7666|04/01/2024 14:01:53|05/01/2024 06:46:50|60297|5003030376|6592942832
10567|1|7749|04/01/2024 21:01:02||35338|163157795656|307154145696
10584|1|5077|04/01/2024 21:49:18||32442|2881669744|3097303600
10700|1|6813|05/01/2024 06:03:14||2806|320901016|394603712
10646|1|6271|05/01/2024 02:06:07||17033|3550997200|3895481536
