IdSession|IdPSX|IdSubscriber|StartSession|EndSession|Duartion|UpTx|DownTx
3867|2|4114|01/01/2024 07:07:41||24739|330681280|355701272
3936|2|8722|01/01/2024 12:07:59||6721|10202279920|26364480992
3896|2|9080|01/01/2024 09:37:36||15744|1447398800|1808213680
3819|2|7050|01/01/2024 01:54:41||43519|1095983200|1476257744
3857|2|5548|01/01/2024 06:08:30||28290|2435319464|3067544632
3862|2|9321|01/01/2024 06:20:13||27587|15127403752|17309742504
3897|2|3866|01/01/2024 09:35:54||15846|299581472|371203776
3844|2|7161|01/01/2024 04:31:14||34126|7081155776|8718935336
3845|2|9588|01/01/2024 04:45:49||33251|6570514216|6576323128
3934|2|3800|01/01/2024 11:53:27||7593|381294488|425686968
3915|2|4338|01/01/2024 10:59:25||10835|1063177520|1296776304
3931|2|8517|01/01/2024 11:47:35||7945|1426311016|2008032392
3917|2|9410|01/01/2024 11:08:04||10316|26565163616|78358185648
3839|2|8919|01/01/2024 04:29:08||34252|9449202056|10981626168
3904|2|9419|01/01/2024 10:24:14||12946|785557704|1062375912
3853|2|6232|01/01/2024 05:35:08||30292|3305430832|3468912064
3923|2|5202|01/01/2024 11:29:55||9005|1506462376|1699701704
3890|2|7451|01/01/2024 09:12:37||17243|1117921200|1207695680
3874|2|8053|01/01/2024 07:51:23||22117|3580960240|3947288128
3849|2|4207|01/01/2024 04:52:24||32856|13541685960|13796579792
3925|2|6149|01/01/2024 11:30:14||8986|1586864864|1976074880
3876|2|9840|01/01/2024 08:04:00||21360|4101964200|5334777048
3902|2|7170|01/01/2024 10:18:24||13296|2138975424|2332791512
3905|2|7565|01/01/2024 10:25:43||12857|21525713616|61840696944
3875|2|6617|01/01/2024 07:50:36||22164|8676938976|9968078568
3804|2|5424|01/01/2024 00:05:41||50059|9276789712|11642104656
3926|2|5654|01/01/2024 11:30:43||8957|2947576584|3355306512
3894|2|7493|01/01/2024 09:21:41||16699|453803376|507149464
3898|2|4337|01/01/2024 09:49:29||15031|985280048|1321953176
3888|2|6315|01/01/2024 09:05:30||17670|908359384|1248725792
3947|2|7410|01/01/2024 13:29:14||1846|1006750200|1021335824
3941|2|8417|01/01/2024 12:58:11||3709|1967845152|2254139016
3943|2|9792|01/01/2024 13:00:03||3597|807729640|911697440
3907|2|7842|01/01/2024 10:32:15||12465|2015380520|2163751416
3854|2|7707|01/01/2024 05:43:40||29780|1547408992|1978108936
3887|2|8569|01/01/2024 08:50:03||18597|16007085360|17993954760
3810|2|8490|01/01/2024 00:31:44||48496|10722870560|12296480184
3840|2|6361|01/01/2024 04:20:06||34794|3795265000|4881709632
3831|2|6765|01/01/2024 03:31:39||37701|8674163800|8927931256
3948|2|6269|01/01/2024 13:20:07||2393|8656848208|16149308216
3910|2|4008|01/01/2024 10:46:19||11621|6393348208|7601986048
3836|2|8624|01/01/2024 04:02:03||35877|19803797872|25948647584
3850|2|7474|01/01/2024 05:20:58||31142|3371775648|4222710936
3906|2|8687|01/01/2024 10:26:11||12829|2458582832|2934795264
3946|2|6851|01/01/2024 13:16:54||2586|222380616|331723544
3927|2|7861|01/01/2024 11:39:52||8408|97497120|125985680
3944|2|4605|01/01/2024 13:08:41||3079|481255304|551400648
3816|2|3927|01/01/2024 01:33:05||44815|41066324224|41544791576
3826|2|8423|01/01/2024 03:04:33||39327|119159319688|275696845544
3860|2|6789|01/01/2024 06:19:52||27608|2205924936|2977123256
3832|2|5972|01/01/2024 03:53:51||36369|8260366080|11153725552
3880|2|8841|01/01/2024 08:28:19||19901|29353295472|68663304360
3899|2|4887|01/01/2024 09:42:17||15463|7328534752|8407196352
3932|2|6944|01/01/2024 11:48:07||7913|3183092912|4264481680
3878|2|9733|01/01/2024 08:12:46||20834|2246408728|2534251832
3811|2|7046|01/01/2024 00:39:28||48032|19192130400|27155952184
3827|2|8162|01/01/2024 03:03:49||39371|4389366840|5920154856
3895|2|4273|01/01/2024 09:20:58||16742|65722275448|144876352144
3881|2|9056|01/01/2024 08:30:58||19742|10577833456|10856143728
3916|2|6705|01/01/2024 10:54:31||11129|9651435336|11465354528
3841|2|9223|01/01/2024 04:28:59||34261|13573129704|14454012496
3863|2|4885|01/01/2024 06:26:35||27205|6548207328|9629042688
3870|2|3830|01/01/2024 07:17:37||24143|7273412344|8828554152
3868|2|6832|01/01/2024 07:00:58||25142|1832294296|2312434480
3903|2|8402|01/01/2024 10:19:22||13238|1596229208|1663161056
3928|2|7738|01/01/2024 11:34:11||8749|11072911232|29183607040
3929|2|7335|01/01/2024 11:35:31||8669|7460078696|8040324760
3924|2|9428|01/01/2024 11:22:10||9470|2792283696|3667029488
3919|2|8929|01/01/2024 11:07:00||10380|5493318856|5904776792
3855|2|8923|01/01/2024 05:41:19||29921|1879062176|2553674240
3920|2|7461|01/01/2024 11:03:45||10575|2729366384|3440191512
3847|2|3904|01/01/2024 04:48:40||33080|56416487912|169043163192
3921|2|4199|01/01/2024 11:04:02||10558|1789268264|2149914992
3871|2|9831|01/01/2024 07:17:51||24129|7811713408|9543058016
3912|2|3913|01/01/2024 10:47:48||11532|8832914880|10445470136
3949|2|4899|01/01/2024 13:28:59||1861|121779584|143556616
3939|2|6244|01/01/2024 12:38:14||4906|19197384|24327296
3930|2|9647|01/01/2024 11:35:00||8700|3306420712|3490756368
3933|2|9705|01/01/2024 11:46:03||8037|19405769976|39266154792
3851|2|9139|01/01/2024 05:29:21||30639|5114261088|5896971048
3940|2|7519|01/01/2024 12:32:39||5241|479009816|543308848
3821|2|6652|01/01/2024 02:11:22||42518|7558589496|7697981952
3882|2|7593|01/01/2024 08:32:27||19653|10617974784|28191397936
3852|2|6871|01/01/2024 05:25:33||30867|11661560664|16315940264
3877|2|9421|01/01/2024 08:02:08||21472|2334773456|2646761664
3942|2|7042|01/01/2024 12:54:41||3919|413572784|614580224
3859|2|4059|01/01/2024 06:09:06||28254|1906125992|2812831200
3900|2|6371|01/01/2024 09:52:56||14824|209606072|304659536
3884|2|4300|01/01/2024 08:48:43||18677|47021655016|89976105872
3922|2|7963|01/01/2024 11:17:57||9723|205886816|277715064
3879|2|6619|01/01/2024 08:11:28||20912|706897328|1036170944
3950|2|6458|01/01/2024 13:22:36||2244|7096480768|17887564064
3909|2|4487|01/01/2024 10:30:14||12586|1830567704|2535399424
3828|2|5973|01/01/2024 03:00:05||39595|79987552016|231113031992
3945|2|5506|01/01/2024 13:03:35||3385|554399496|773625208
3913|2|7418|01/01/2024 10:47:36||11544|4597778528|5348265344
3815|2|8944|01/01/2024 01:10:34||46166|14205510504|20134948648
3885|2|5007|01/01/2024 08:40:35||19165|3544860520|3572005536
3935|2|6719|01/01/2024 11:55:58||7442|3404920880|4253169936
3886|2|4331|01/01/2024 08:43:20||19000|1025131544|1458744208
3938|2|7048|01/01/2024 12:15:00||6300|250798352|304103192
3901|2|7804|01/01/2024 10:00:45||14355|2274319536|2884779200
3838|2|4538|01/01/2024 04:00:49||35951|1676094504|2389280392
3937|2|4145|01/01/2024 12:05:16||6884|798685872|1032857000
3914|2|6599|01/01/2024 10:46:49||11591|23057587336|68593066696
3872|2|6669|01/01/2024 07:36:39||23001|1909879024|2576295344
