IdSession|IdPSX|IdSubscriber|StartSession|EndSession|Duartion|UpTx|DownTx
10456|1|9394|04/01/2024 12:39:55||18005|3459212936|4707007072
10517|1|5574|04/01/2024 17:06:13||2027|660785000|906488512
10388|1|4855|04/01/2024 07:04:57||38103|13230274096|19510727048
10410|1|9080|04/01/2024 09:05:42||30858|9052612816|11548839792
10510|1|5548|04/01/2024 16:33:46||3974|294848576|370576088
10494|1|9321|04/01/2024 15:12:12||8868|4006917480|5743785752
10376|1|4436|04/01/2024 05:52:16||42464|5143180600|7202543088
10392|1|8998|04/01/2024 07:20:54||37146|6917627280|9621526824
10438|1|7392|04/01/2024 11:07:45||23535|19107807704|21321182272
10459|1|3800|04/01/2024 12:43:47||17773|1525341344|2127145360
10418|1|4084|04/01/2024 09:39:40||28820|74480273856|139092911136
10472|1|7146|04/01/2024 13:28:54||15066|2365544200|3045995568
10402|1|6972|04/01/2024 08:06:44||34396|10434294432|13446596536
10500|1|6736|04/01/2024 15:57:32||6148|951655776|1036120576
10384|1|5928|04/01/2024 06:15:11||41089|16580898920|19695419840
10389|1|7098|04/01/2024 07:07:37||37943|978144368|1354251936
10460|1|4442|04/01/2024 12:48:06||17514|2377205840|2923313880
10323|1|8378|04/01/2024 01:59:34||56426|5430883736|6729171456
10403|1|5202|04/01/2024 08:09:26||34234|7843758192|9610720136
10489|1|8257|04/01/2024 14:52:48||10032|834961000|1005217880
10512|1|4431|04/01/2024 16:40:51||3549|666336552|693096568
10463|1|5578|04/01/2024 13:09:50||16210|1809882880|2543339792
10478|1|8612|04/01/2024 13:42:10||14270|4023094960|5121073680
10515|1|7582|04/01/2024 16:59:36||2424|910146360|1306947288
10480|1|9130|04/01/2024 13:59:40||13220|495987360|638039552
10490|1|6861|04/01/2024 14:56:12||9828|750314768|818050456
10329|1|7170|04/01/2024 02:28:28||54692|8138729728|9880832808
10448|1|7565|04/01/2024 12:07:54||19926|44303579368|97983904944
10484|1|4992|04/01/2024 14:37:37||10943|300657272|429675688
10464|1|7081|04/01/2024 13:06:18||16422|10735775976|14306948720
10462|1|6968|04/01/2024 12:57:29||16951|1292334616|1835451768
10495|1|8606|04/01/2024 15:18:32||8488|1516294088|2117490128
10454|1|6905|04/01/2024 12:20:53||19147|1396096008|1624409320
10298|1|4337|04/01/2024 00:12:04||62876|19967617296|29285365792
10467|1|7410|04/01/2024 13:10:52||16148|9315250448|11617584648
10503|1|5086|04/01/2024 16:09:09||5451|1604182768|2207276944
10516|1|3857|04/01/2024 16:54:50||2710|1840446560|5017792992
10501|1|8259|04/01/2024 15:57:33||6147|367067568|400224568
10505|1|7651|04/01/2024 16:15:32||5068|12690802552|27106408048
10468|1|6941|04/01/2024 13:10:32||16168|940681416|1039927944
10486|1|7286|04/01/2024 14:31:47||11293|8385521552|20993082272
10412|1|4725|04/01/2024 09:13:05||30415|453815048|600207936
10419|1|6851|04/01/2024 09:37:26|04/01/2024 17:30:16|28370|1200292928|1714315400
10491|1|9554|04/01/2024 14:50:22||10178|180376008|266540072
10513|1|4605|04/01/2024 16:44:34||3326|552619784|588511520
10362|1|4690|04/01/2024 04:38:08||46912|5991788936|6876802712
10465|1|8165|04/01/2024 13:00:15||16785|1437736792|1928304328
10414|1|9878|04/01/2024 09:25:46||29654|2099760824|2534848408
10336|1|4335|04/01/2024 02:34:18||54342|14084718520|15271962760
10507|1|6819|04/01/2024 16:27:47||4333|432143560|604398360
10445|1|5972|04/01/2024 11:47:04||21176|3899565160|4973659248
10481|1|8841|04/01/2024 13:54:33||13527|29507562024|63923457208
10406|1|4927|04/01/2024 08:33:40||32780|18604932056|22252820224
10496|1|5316|04/01/2024 15:18:00||8520|1650590016|1971793168
10386|1|4679|04/01/2024 06:12:31||41249|21165926168|21755824896
10487|1|9311|04/01/2024 14:47:31||10349|513030032|605797000
10508|1|6927|04/01/2024 16:26:05||4435|65480480|87008680
10488|1|9056|04/01/2024 14:47:30||10350|478156688|593387896
10469|1|8555|04/01/2024 13:16:20||15820|2361000928|3143948312
10422|1|8880|04/01/2024 09:40:28||28772|3742915464|4119691984
10477|1|6097|04/01/2024 13:33:19||14801|11515849656|14337244544
10498|1|8178|04/01/2024 15:42:21||7059|736217400|1042984648
10308|1|8495|04/01/2024 00:48:40||60680|11617044784|12953060808
10415|1|8989|04/01/2024 09:26:43||29597|3552855064|3562113744
10349|1|9846|04/01/2024 03:34:31||50729|20624400904|29527412192
10405|1|7331|04/01/2024 08:11:46||34094|1191002904|1673555872
10370|1|8233|04/01/2024 05:42:57||43023|12370863928|15279701560
10504|1|5766|04/01/2024 16:03:25||5795|2252733928|3005119624
10492|1|9805|04/01/2024 14:57:06||9774|1571588256|2041842696
10395|1|6526|04/01/2024 07:36:42||36198|93991632536|238637050168
10432|1|7663|04/01/2024 10:46:06||24834|5128920696|7151998008
10493|1|5059|04/01/2024 15:03:40||9380|143554808|183569416
10320|1|8343|04/01/2024 01:22:37||58643|30636176368|31721723880
10483|1|9944|04/01/2024 14:15:42||12258|1048670824|1096073112
10427|1|4192|04/01/2024 10:21:30||26310|9430575288|11422331848
10479|1|4366|04/01/2024 13:49:51||13809|3122032096|3697692576
10518|1|8767|04/01/2024 17:07:27||1953|793003992|830751664
10514|1|7194|04/01/2024 16:40:00||3600|5602903368|12131682584
10457|1|9705|04/01/2024 12:37:19||18161|34789276376|73534723712
10499|1|7283|04/01/2024 15:43:49||6971|494878152|723627240
10519|1|9139|04/01/2024 17:11:01||1739|206034792|222206576
10523|1|8332|04/01/2024 17:36:39||201|72905808|86516848
10461|1|6652|04/01/2024 12:47:44||17536|4115739376|4606981352
10435|1|8170|04/01/2024 10:43:12||25008|4469658024|6013681120
10443|1|4080|04/01/2024 11:31:34||22106|10663828720|14238980048
10404|1|5579|04/01/2024 08:08:54||34266|687422008|782572928
10337|1|5279|04/01/2024 02:37:45||54135|2302552016|2368070848
10332|1|6871|04/01/2024 02:24:49||54911|20528209008|23863647904
10417|1|5969|04/01/2024 09:26:02||29638|70906666104|134678346192
10407|1|7959|04/01/2024 08:36:04||32636|8585069464|10206492144
10408|1|8133|04/01/2024 08:48:09||31911|3105818072|3755992008
10363|1|8786|04/01/2024 04:45:02||46498|5066350168|5991224536
10511|1|6371|04/01/2024 16:32:12||4068|8679544|9514568
10474|1|7329|04/01/2024 13:26:40||15200|6240935344|8942964416
10316|1|4607|04/01/2024 01:18:52||58868|25787785400|27995594560
10426|1|4300|04/01/2024 10:16:21||26619|58094382104|131386775816
10521|1|9194|04/01/2024 17:24:37||923|107455456|148615328
10428|1|5849|04/01/2024 10:25:20||26080|10906407464|15417175248
10458|1|6619|04/01/2024 12:38:23||18097|340078152|356784288
10452|1|6276|04/01/2024 12:14:32||19528|4605485888|5347459592
10470|1|3848|04/01/2024 13:11:39||16101|5183245304|6406518920
10453|1|6886|04/01/2024 12:17:40||19340|4661384640|6148437416
10475|1|6458|04/01/2024 13:26:55||15185|61828539536|130659931152
10360|1|4173|04/01/2024 04:26:43||47597|3827433512|5071878472
10509|1|8726|04/01/2024 16:22:58||4622|1654665880|2369656176
10397|1|8685|04/01/2024 07:49:56||35404|519378792|571853216
10455|1|7418|04/01/2024 12:22:51||19029|3075065128|4541135008
10502|1|5007|04/01/2024 15:50:33||6567|498205064|737467112
10317|1|4331|04/01/2024 01:19:41||58819|1760850888|1997735808
10522|1|4756|04/01/2024 17:28:12||708|198859624|295859632
10497|1|7119|04/01/2024 15:20:03||8397|1308785888|1639259592
10471|1|3939|04/01/2024 13:17:52||15728|642015496|686991272
10437|1|9657|04/01/2024 10:56:59||24181|13781789208|15812435360
10328|1|8426|04/01/2024 02:09:27||55833|12276125608|17732752944
10482|1|7666|04/01/2024 14:01:53||13087|1077161536|1264031960
10520|1|7749|04/01/2024 17:15:41||1459|5846825432|10911085272
10476|1|6813|04/01/2024 13:28:32||15088|5217822536|5938186160
10506|1|6271|04/01/2024 16:18:19||4901|1545744472|1892089192
10466|1|6565|04/01/2024 13:06:20||16420|330740552|394579776
10442|1|6713|04/01/2024 11:19:46||22814|8450121856|8711433760
