IdSession|IdPSX|IdSubscriber|StartSession|EndSession|Duartion|UpTx|DownTx
10801|1|4187|05/01/2024 14:14:38||28522|1083922264|1152039744
10835|1|5574|05/01/2024 17:08:45||18075|6503158664|7174715216
10728|1|4114|05/01/2024 08:20:05||49795|2512224640|3157738160
10787|1|8532|05/01/2024 12:41:03||34137|6322098328|8860787704
10866|1|4023|05/01/2024 19:26:47||9793|10227101992|28436250136
10802|1|3817|05/01/2024 14:28:56||27664|2507825576|3553822480
10816|1|9080|05/01/2024 15:39:18||23442|7998216768|10940765552
10881|1|7050|05/01/2024 21:18:25||3095|21439008|32155360
10786|1|5548|05/01/2024 12:31:36||34704|11920514208|14259843712
10858|1|4436|05/01/2024 18:43:28||12392|1110931360|1410732192
10872|1|7687|05/01/2024 20:02:01||7679|247840640|296641840
10819|1|7161|05/01/2024 16:01:41||22099|19325038624|24158957264
10873|1|3800|05/01/2024 20:28:24||6096|1252378144|1332194584
10878|1|6972|05/01/2024 20:51:07||4733|1296610328|1867127784
10884|1|6118|05/01/2024 21:20:20||2980|780833400|858942624
10736|1|8865|05/01/2024 08:49:48||48012|782882808|1120415696
10829|1|7037|05/01/2024 16:49:43||19217|606813528|759195096
10782|1|7127|05/01/2024 12:14:57||35703|5645970616|5902465864
10792|1|5265|05/01/2024 13:09:43||32417|20475883000|21287878784
10886|1|5202|05/01/2024 21:39:59||1801|267602808|374503240
10737|1|7451|05/01/2024 08:46:27||48213|1430494952|1553312464
10888|1|9641|05/01/2024 21:42:41||1639|46153160|48177584
10859|1|4431|05/01/2024 18:42:21||12459|4475226744|5681828720
10842|1|6055|05/01/2024 17:29:34||16826|1825127600|2047434496
10847|1|5281|05/01/2024 17:52:08||15472|6971688048|8649499992
10752|1|8119|05/01/2024 10:09:58||43202|4501345464|6049369432
10701|1|6149|05/01/2024 06:18:07||57113|4133654096|5250769256
10763|1|7565|05/01/2024 10:41:18||41322|75291562912|204630436768
10788|1|4992|05/01/2024 12:46:49||33791|11360408720|16176641128
10869|1|4623|05/01/2024 19:57:57||7923|390564384|393059304
10825|1|6968|05/01/2024 16:35:30||20070|757419008|953521904
10851|1|8606|05/01/2024 18:13:56||14164|4914475248|6145258656
10817|1|7715|05/01/2024 15:46:47||22993|774308624|1007495952
10747|1|5654|05/01/2024 09:37:56||45124|9589528520|9735616112
10860|1|7339|05/01/2024 18:49:29||12031|400381176|445431112
10774|1|6646|05/01/2024 11:49:17||37243|19881008528|21359074600
10800|1|5534|05/01/2024 14:01:40||29300|14807229608|18129027208
10743|1|9967|05/01/2024 08:59:07||47453|15298343616|18983256080
10758|1|4614|05/01/2024 10:25:05||42295|12239502872|12518427896
10845|1|4769|05/01/2024 17:48:49||15671|5933121792|7753643096
10705|1|8259|05/01/2024 06:28:37||56483|6023710504|8726861344
10848|1|7651|05/01/2024 17:57:03||15177|45563967648|97114591584
10789|1|6941|05/01/2024 12:42:59||34021|1776517440|1963892584
10673|1|9755|05/01/2024 03:53:22||65798|1785416888|1924165600
10874|1|4725|05/01/2024 20:20:10||6590|471793568|558587568
10889|1|7466|05/01/2024 21:44:55||1505|23985224|34405496
10853|1|6851|05/01/2024 18:39:51||12609|1419098968|1802790696
10880|1|4605|05/01/2024 21:04:27||3933|1434571584|2046695528
10803|1|9023|05/01/2024 14:20:22||28178|13571207664|14563519552
10839|1|9737|05/01/2024 17:15:03||17697|3057236368|3922151576
10698|1|5972|05/01/2024 06:07:20||57760|14644838784|14854028736
10875|1|4927|05/01/2024 20:38:07||5513|1711992144|1783627008
10885|1|5316|05/01/2024 21:29:44||2416|272027624|334875552
10773|1|6126|05/01/2024 11:36:46||37994|23347339976|26880741072
10836|1|9403|05/01/2024 17:08:46||18074|2694192888|3005770240
10741|1|8880|05/01/2024 08:43:24||48396|11142087168|11449248560
10854|1|4885|05/01/2024 18:36:19||12821|3476200280|4144956632
10849|1|8538|05/01/2024 17:52:59||15421|38160164232|99192064288
10862|1|7264|05/01/2024 18:58:56||11464|3379463344|4619264264
10890|1|8126|05/01/2024 21:40:25||1775|693239064|949416768
10823|1|8989|05/01/2024 16:29:40||20420|2846676256|2921694064
10798|1|4639|05/01/2024 13:43:00||30420|40432398808|121007502576
10719|1|8227|05/01/2024 07:36:29||52411|974281320|1109325736
10663|1|6731|05/01/2024 03:39:00||66660|175225197168|352016606560
10796|1|5742|05/01/2024 13:37:21||30759|14772651768|17236282160
10804|1|8233|05/01/2024 14:29:51||27609|917028080|917186672
10759|1|9083|05/01/2024 10:20:05||42595|689838328|938236016
10690|1|9805|05/01/2024 05:29:10||60050|12579491704|13735439472
10784|1|5217|05/01/2024 12:14:26||35734|5746999072|6952318272
10865|1|6526|05/01/2024 19:16:53||10387|33067522016|70253882864
10863|1|7301|05/01/2024 18:53:38||11782|261033984|264201112
10820|1|8290|05/01/2024 16:00:49||22151|2738162840|2815782352
10855|1|8768|05/01/2024 18:39:04||12656|9862538864|9881349800
10712|1|7663|05/01/2024 06:58:00||54720|11323217080|12678068368
10824|1|6989|05/01/2024 16:21:13||20927|2129948080|2508015032
10721|1|8829|05/01/2024 07:45:36||51864|10358769328|10653790384
10844|1|5955|05/01/2024 17:30:57||16743|518517464|570083888
10882|1|5059|05/01/2024 21:17:17||3163|87344912|106777840
10887|1|8343|05/01/2024 21:39:17||1843|1429544176|1619538544
10868|1|5609|05/01/2024 19:46:43||8597|7349544944|15682670768
10843|1|9722|05/01/2024 17:28:59||16861|1507971912|1997362344
10840|1|4192|05/01/2024 17:18:41||17479|3372284384|4140008448
10753|1|7202|05/01/2024 10:04:14||43546|10411109256|11422149664
10760|1|9111|05/01/2024 10:25:10||42290|17662319568|22502585744
10846|1|6935|05/01/2024 17:41:56||16084|3107290536|3159200544
10877|1|9139|05/01/2024 20:43:47||5173|209102304|257538256
10761|1|8332|05/01/2024 10:22:06||42474|15133578400|15699532704
10711|1|7519|05/01/2024 06:48:39||55281|34903005232|36198713488
10770|1|8350|05/01/2024 11:19:53||39007|15170699024|15706043720
10827|1|9596|05/01/2024 16:34:37||20123|6823610808|10080034712
10856|1|5579|05/01/2024 18:36:52||12788|607810400|636544600
10768|1|5279|05/01/2024 10:52:32||40648|3075631088|3434956112
10811|1|9421|05/01/2024 15:03:00||25620|2317709024|3099739976
10841|1|5969|05/01/2024 17:18:26||17494|30430298808|65083544432
10812|1|9122|05/01/2024 15:29:13||24047|54742976744|137547028024
10876|1|4059|05/01/2024 20:39:24||5436|488223248|576698176
10813|1|8628|05/01/2024 15:21:41||24499|9077842744|12230275088
10833|1|8133|05/01/2024 16:54:40||18920|325395160|363547272
10695|1|8786|05/01/2024 05:56:56||58384|7502717968|8547950096
10814|1|8492|05/01/2024 15:23:15||24405|91038428152|169633519984
10834|1|7329|05/01/2024 16:59:29||18631|541130576|643410600
10867|1|6457|05/01/2024 19:39:14||9046|403757160|485208664
10726|1|4300|05/01/2024 08:19:30||49830|99593007944|247841191504
10807|1|4131|05/01/2024 14:45:57||26643|252179000|286778072
10720|1|7500|05/01/2024 07:37:42||52338|23544608352|25062972768
10795|1|8846|05/01/2024 13:20:15||31785|90317673872|230084900368
10879|1|7066|05/01/2024 20:55:27||4473|1312865800|1342568728
10754|1|5849|05/01/2024 10:03:40||43580|15406710376|15407783832
10765|1|8244|05/01/2024 10:49:25||40835|4084414656|5579596168
10857|1|4779|05/01/2024 18:33:15||13005|496002880|527600440
10733|1|6276|05/01/2024 08:37:10||48770|15226440776|16640777152
10809|1|4173|05/01/2024 14:52:56||26224|4679615344|5612508256
10828|1|8685|05/01/2024 16:36:38||20002|264230408|296611920
10830|1|7418|05/01/2024 16:49:30||19230|1432239896|1999002944
10831|1|8944|05/01/2024 16:49:25||19235|480152760|495830696
10750|1|6036|05/01/2024 09:53:44||44176|156244894720|449083845808
10751|1|6466|05/01/2024 09:57:33||43947|3891454272|4306447648
10852|1|4331|05/01/2024 18:21:10||13730|1635896584|2103052384
10805|1|4756|05/01/2024 14:29:31||27629|6323652888|8838178632
10871|1|4228|05/01/2024 19:51:57||8283|9678470552|27008545640
10670|1|7962|05/01/2024 03:41:40||66500|1784466800|1805333344
10806|1|7119|05/01/2024 14:20:29||28171|12020870472|12140091640
10837|1|3939|05/01/2024 17:03:23||18397|2468042896|3154459648
10838|1|5077|05/01/2024 17:08:30||18090|1246338704|1529527224
10700|1|6813|05/01/2024 06:03:14||58006|13939109920|19299529320
10883|1|6271|05/01/2024 21:15:55||3245|896631528|973780256
10850|1|6565|05/01/2024 18:04:22||14738|257615824|356724048
10821|1|9054|05/01/2024 16:07:14||21766|3716320992|4023956296
10810|1|6713|05/01/2024 14:56:41||25999|6514882208|6976772936
