IdSession|IdPSX|IdSubscriber|StartSession|EndSession|Duartion|UpTx|DownTx
10766|1|7844|05/01/2024 10:54:01|05/01/2024 15:22:49|16128|2244762928|2440009720
10801|1|4187|05/01/2024 14:14:38||4522|23603128|27951816
10625|1|5574|05/01/2024 00:34:29||53731|19849450352|27477772232
10728|1|4114|05/01/2024 08:20:05||25795|1243140960|1674538520
10787|1|8532|05/01/2024 12:41:03||10137|1790320216|2079720656
10808|1|4023|05/01/2024 14:58:36||1884|2927364456|6103852152
10802|1|3817|05/01/2024 14:28:56||3664|213613336|234461464
10786|1|5548|05/01/2024 12:31:36||10704|3650597632|4703393896
10708|1|9321|05/01/2024 06:47:54|05/01/2024 15:28:08|31214|5413664344|6346634584
10630|1|4436|05/01/2024 00:42:00||53280|7668845192|11156727016
10674|1|7392|05/01/2024 04:07:01||40979|25218045272|27556763424
10736|1|8865|05/01/2024 08:49:48||24012|821412344|921663880
10782|1|7127|05/01/2024 12:14:57||11703|2257541800|2386772200
10792|1|5265|05/01/2024 13:09:43||8417|4980590016|5956097272
10637|1|9686|05/01/2024 01:31:49||50291|82680049704|155923257480
10683|1|8257|05/01/2024 05:09:14||37246|8697249304|11311228448
10737|1|7451|05/01/2024 08:46:27||24213|859147712|1020920696
10783|1|4431|05/01/2024 12:10:04||11996|2292778720|2604592976
10777|1|5281|05/01/2024 11:58:31||12689|1489310504|1756420888
10752|1|8119|05/01/2024 10:09:58||19202|1493886768|1979426872
10701|1|6149|05/01/2024 06:18:07||33113|6166332456|7129076176
10763|1|7565|05/01/2024 10:41:18||17322|32895094568|63543174720
10717|1|6453|05/01/2024 07:15:14||29686|655127512|899361056
10788|1|4992|05/01/2024 12:46:49||9791|3424574408|3979469792
10649|1|6968|05/01/2024 02:31:11||46729|2943665280|3466372552
10568|1|6213|04/01/2024 21:19:44||65416|8588554872|9090105800
10677|1|8160|05/01/2024 04:25:30||39870|10123380600|12679499504
10609|1|6905|04/01/2024 23:32:32|05/01/2024 15:22:56|57024|13408727576|17818561104
10747|1|5654|05/01/2024 09:37:56||21124|5583602216|7683911048
10730|1|9040|05/01/2024 08:26:05||25435|8428117248|9028381696
10653|1|4337|05/01/2024 02:52:54||45426|18274345056|23090836864
10779|1|8130|05/01/2024 11:57:45||12735|777870304|1080825352
10774|1|6646|05/01/2024 11:49:17||13243|7021076928|9276537504
10800|1|5534|05/01/2024 14:01:40||5300|2466304032|2712287728
10743|1|9967|05/01/2024 08:59:07||23453|10620354816|11579229936
10758|1|4614|05/01/2024 10:25:05||18295|3513271920|4167353168
10607|1|4769|04/01/2024 23:22:47||58033|7343376272|8941514528
10705|1|8259|05/01/2024 06:28:37||32483|976496184|1024128264
10678|1|6269|05/01/2024 04:28:34||39686|156958340040|396160157360
10644|1|5457|05/01/2024 02:05:08||48292|5117848696|5570464872
10789|1|6941|05/01/2024 12:42:59||10021|399975608|557613712
10794|1|7286|05/01/2024 13:27:20||7360|6619038080|12896547808
10673|1|9755|05/01/2024 03:53:22||41798|1225605392|1832553864
10775|1|7474|05/01/2024 11:41:42||13698|2469752880|2716533760
10723|1|7466|05/01/2024 08:06:22||26618|2917200400|4080279472
10598|1|6851|04/01/2024 22:45:17||60283|1497680288|1902979824
10636|1|3853|05/01/2024 01:22:19||50861|5264780944|6131892472
10600|1|8165|04/01/2024 23:15:02||58498|2782262408|4063931000
10803|1|9023|05/01/2024 14:20:22||4178|1982309552|2803271904
10799|1|4335|05/01/2024 13:52:22||5858|5488030232|6407590720
10739|1|6819|05/01/2024 08:49:19||24041|1370714104|1521914216
10698|1|5972|05/01/2024 06:07:20||33760|9542835312|10732224360
10631|1|4679|05/01/2024 00:41:58||53282|13633460880|16433364320
10773|1|6126|05/01/2024 11:36:46||13994|7740357136|8394487392
10772|1|6938|05/01/2024 11:25:11||14689|65617920|68518808
10748|1|9403|05/01/2024 09:38:54||21066|1578636824|1993648792
10578|1|4364|04/01/2024 21:31:13||64727|6481951000|9593175088
10741|1|8880|05/01/2024 08:43:24||24396|8672641240|11379663776
10724|1|6832|05/01/2024 08:02:31||26849|6363803384|7972724504
10713|1|8178|05/01/2024 07:02:50|05/01/2024 15:20:57|29887|2199358544|2645849024
10553|1|9846|04/01/2024 19:43:17|05/01/2024 15:21:46|70709|29601364440|37062896392
10798|1|4639|05/01/2024 13:43:00||6420|13368880056|26538609280
10719|1|8227|05/01/2024 07:36:29||28411|1335384784|1389691544
10663|1|6731|05/01/2024 03:39:00||42660|100469424296|217693864432
10614|1|4672|04/01/2024 23:52:59||56221|19364420304|21103836280
10796|1|5742|05/01/2024 13:37:21||6759|3691301344|5217093888
10804|1|8233|05/01/2024 14:29:51||3609|174470728|227168304
10684|1|8923|05/01/2024 05:02:46||37634|735022400|919413080
10759|1|9083|05/01/2024 10:20:05||18595|84014112|89420240
10690|1|9805|05/01/2024 05:29:10||36050|5344987656|6119030312
10784|1|5217|05/01/2024 12:14:26||11734|651784936|792972984
10667|1|6526|05/01/2024 03:48:20||42100|110140255368|225058590664
10780|1|8290|05/01/2024 11:55:12||12888|2024660952|2040885848
10620|1|5886|05/01/2024 00:01:11|05/01/2024 15:25:58|55487|22923738168|23076097424
10691|1|9831|05/01/2024 05:35:27||35673|9153195872|12761881720
10725|1|8768|05/01/2024 08:09:33||26427|10829863608|11894819008
10712|1|7663|05/01/2024 06:58:00||30720|5812334648|7446457184
10593|1|6989|04/01/2024 22:26:27||61413|9651281624|9712203304
10721|1|8829|05/01/2024 07:45:36||27864|3632438216|3888844448
10764|1|5955|05/01/2024 10:45:40||17060|1057924096|1128611928
10694|1|4472|05/01/2024 05:56:55||34385|16132933592|21680422936
10762|1|5059|05/01/2024 10:30:12||17988|953930584|1209654728
10715|1|7712|05/01/2024 07:04:51||30309|3473676296|4198665832
10627|1|4192|05/01/2024 00:33:28||53792|20363569880|26348648840
10753|1|7202|05/01/2024 10:04:14||19546|2876282616|3082114504
10760|1|9111|05/01/2024 10:25:10||18290|3302977968|3419723568
10686|1|8767|05/01/2024 05:14:36||36924|4148845096|4866545200
10610|1|4045|04/01/2024 23:33:40||57380|866647120|1280434384
10756|1|7283|05/01/2024 10:17:14||18766|1614474440|2347843592
10761|1|8332|05/01/2024 10:22:06||18474|8235204560|9082918288
10711|1|7519|05/01/2024 06:48:39||31281|24969531272|26677614456
10770|1|8350|05/01/2024 11:19:53||15007|5446867544|6579924424
10746|1|8170|05/01/2024 09:22:10||22070|2896514720|2956067552
10768|1|5279|05/01/2024 10:52:32||16648|1063064944|1178984984
10811|1|9421|05/01/2024 15:03:00||1620|57707064|70564136
10587|1|9122|04/01/2024 22:15:30|05/01/2024 15:27:19|61909|132141471824|269684396600
10812|1|9122|05/01/2024 15:29:13||47|105698688|216011776
10813|1|8628|05/01/2024 15:21:41||499|162323784|220826168
10695|1|8786|05/01/2024 05:56:56||34384|3767086904|5205447208
10696|1|8492|05/01/2024 05:51:50|05/01/2024 15:22:48|34258|93883342832|270197027328
10814|1|8492|05/01/2024 15:23:15||405|1204241304|3438208848
10797|1|6457|05/01/2024 13:30:26||7174|3380512568|4684456032
10726|1|4300|05/01/2024 08:19:30||25830|60336271216|132049963232
10807|1|4131|05/01/2024 14:45:57||2643|32008496|39945640
10720|1|7500|05/01/2024 07:37:42||28338|12728442152|13528183056
10795|1|8846|05/01/2024 13:20:15||7785|28860725776|56478166344
10791|1|7066|05/01/2024 12:57:55||9125|2215560832|2245069240
10754|1|5849|05/01/2024 10:03:40||19580|2955844608|3281853376
10765|1|8244|05/01/2024 10:49:25||16835|2188036416|2653236312
10733|1|6276|05/01/2024 08:37:10||24770|5004031552|6624269856
10734|1|3848|05/01/2024 08:31:49|05/01/2024 15:26:55|24906|13300118880|17757456176
10735|1|6458|05/01/2024 08:34:19||24941|90262063904|173498752944
10809|1|4173|05/01/2024 14:52:56||2224|95915160|105062032
10697|1|8685|05/01/2024 05:51:01||34739|1335381696|1347878136
10661|1|5506|05/01/2024 03:23:36||43584|6575130776|7441894232
10669|1|8944|05/01/2024 03:48:48||42072|16082904680|20049766576
10750|1|6036|05/01/2024 09:53:44||20176|73225079968|139112525584
10751|1|6466|05/01/2024 09:57:33||19947|837127664|912597568
10781|1|4331|05/01/2024 12:00:56||12544|206476800|226177672
10805|1|4756|05/01/2024 14:29:31||3629|722055800|978665248
10642|1|4228|05/01/2024 01:48:03||49317|52744714264|140843640496
10670|1|7962|05/01/2024 03:41:40||42500|2416900880|2646730120
10806|1|7119|05/01/2024 14:20:29||4171|1685068936|2385330336
10757|1|6669|05/01/2024 10:13:29||18991|2512526112|3237887392
10584|1|5077|04/01/2024 21:49:18||63642|8237295664|11977545896
10700|1|6813|05/01/2024 06:03:14||34006|8717143840|12448221192
10646|1|6271|05/01/2024 02:06:07||48233|6588815984|7640650072
10810|1|6713|05/01/2024 14:56:41||1999|30868232|42028264
