IdSession|IdPSX|IdSubscriber|StartSession|EndSession|Duartion|UpTx|DownTx
5400|2|4187|07/01/2024 09:28:26||33694|1309585088|1765052944
5481|2|4114|07/01/2024 17:01:48||6492|131180048|153862168
5415|2|8532|07/01/2024 10:58:11||28309|6158824168|8689417872
5491|2|9321|07/01/2024 18:07:59||2521|1329918832|1975278680
5480|2|3866|07/01/2024 16:42:39||7641|1212616384|1560160952
5457|2|4436|07/01/2024 14:14:58||16502|1596608320|2323946824
5442|2|7161|07/01/2024 13:12:40||20240|17166488176|18325057432
5443|2|8998|07/01/2024 13:13:21||20199|3535543032|4972490888
5475|2|7413|07/01/2024 16:20:24||8976|18845995336|53791513616
5324|2|7219|07/01/2024 01:40:01||61799|5464594704|7219855280
5461|2|3800|07/01/2024 15:03:31||13589|1266762040|1806366024
5356|2|6736|07/01/2024 04:21:51||52089|6967813264|9475497208
5487|2|6208|07/01/2024 17:24:56||5104|472104464|617590904
5337|2|5928|07/01/2024 03:05:49||56651|20594861496|30789065488
5458|2|8919|07/01/2024 14:21:44|07/01/2024 18:42:14|15630|4429496816|6154709136
5483|2|9419|07/01/2024 17:18:01||5519|647332704|737579320
5410|2|7098|07/01/2024 10:15:56||30844|4406728928|5692455648
5408|2|7037|07/01/2024 09:53:20||32200|2428520664|3285629480
5419|2|6232|07/01/2024 11:11:06||27534|4019770776|5358948304
5397|2|8200|07/01/2024 08:53:40||35780|9019365304|10550137048
5434|2|5202|07/01/2024 12:21:53||23287|2676244432|3436879448
5423|2|5931|07/01/2024 11:20:52||26948|1474746456|1808361704
5406|2|7582|07/01/2024 09:42:22||32858|9427366872|9432874736
5354|2|9601|07/01/2024 04:19:23||52237|13771661920|16813087584
5384|2|7007|07/01/2024 07:25:02||41098|5867634392|8451719896
5361|2|6617|07/01/2024 05:15:10||48890|15935359216|18328161688
5366|2|7081|07/01/2024 05:21:16||48524|22521597560|29037710520
5395|2|7938|07/01/2024 08:24:32||37528|7813219704|8508583752
5449|2|6213|07/01/2024 13:34:46||18914|3814536984|4770385312
5494|2|8160|07/01/2024 18:29:58||1202|435972512|562141448
5471|2|5654|07/01/2024 15:54:51||10509|2462739688|2741639248
5362|2|7493|07/01/2024 05:10:34||49166|1378665056|1524016088
5349|2|8739|07/01/2024 03:57:57||53523|79543288288|219044480096
5401|2|4337|07/01/2024 09:28:33||33687|2554163480|3773795552
5450|2|6579|07/01/2024 13:33:27||18993|1051066888|1240465968
5456|2|7795|07/01/2024 14:06:31||17009|2786597312|4058595512
5489|2|5086|07/01/2024 17:38:27||4293|287244488|325601560
5438|2|7707|07/01/2024 13:04:52||20708|796534344|825095448
5314|2|7065|07/01/2024 01:03:45||63975|23703011984|25125905568
5459|2|6162|07/01/2024 14:36:28||15212|1099982944|1417531880
5437|2|6765|07/01/2024 12:44:10||21950|2615381600|3458980088
5435|2|8902|07/01/2024 12:22:59||23221|6339734952|6668157864
5498|2|4072|07/01/2024 18:34:41||919|887893344|942332368
5404|2|7651|07/01/2024 09:31:12||33528|80278959032|176218823240
5378|2|9005|07/01/2024 06:54:41||42919|2790126792|4113853528
5426|2|4008|07/01/2024 11:42:27||25653|8531625944|9129507112
5464|2|8624|07/01/2024 15:15:11||12889|4193469720|6276343656
5420|2|7489|07/01/2024 11:11:44||27496|11593881480|12925323840
5371|2|6759|07/01/2024 06:27:22||44558|80077348032|151666583896
5399|2|7861|07/01/2024 09:12:05||34675|1240361392|1254678104
5322|2|9554|07/01/2024 01:34:42||62118|3725579208|5419384288
5467|2|3853|07/01/2024 15:22:53||12427|2045486720|2053385024
5462|2|4605|07/01/2024 15:05:17||13483|2650114304|2972917760
5476|2|8229|07/01/2024 16:26:06||8634|356359456|377975680
5381|2|9023|07/01/2024 07:17:39||41541|12284452824|15534395848
5478|2|9737|07/01/2024 16:32:24||8256|2841323912|3484027104
5405|2|6050|07/01/2024 09:33:34||33386|37060744480|110048331648
5436|2|9311|07/01/2024 12:29:42|07/01/2024 18:46:09|22587|2033494336|2448528544
5492|2|6927|07/01/2024 18:02:18||2862|12543776|14051360
5402|2|9403|07/01/2024 09:29:20||33640|5619508360|7701804760
5495|2|6705|07/01/2024 18:23:41||1579|1446514504|1989807864
5431|2|8638|07/01/2024 12:09:46||24014|6009369648|6409482472
5479|2|9223|07/01/2024 16:39:22||7838|2570288720|3329968584
5421|2|4885|07/01/2024 11:17:51||27129|4586160720|5999169768
5439|2|7987|07/01/2024 13:06:03||20637|1487576040|1976023288
5375|2|3830|07/01/2024 06:47:29||43351|13760924560|20097283776
5499|2|8029|07/01/2024 18:44:29||331|135071992|149813744
5484|2|6065|07/01/2024 17:15:33||5667|375871064|392459056
5485|2|7738|07/01/2024 17:19:07||5453|6403855368|18196176664
5396|2|7335|07/01/2024 08:20:34||37766|21241699192|27850198080
5482|2|9428|07/01/2024 17:00:58||6542|1948821704|2093505216
5496|2|9057|07/01/2024 18:20:11||1789|3761867544|7246199032
5468|2|4199|07/01/2024 15:27:52||12128|1322997208|1466908360
5460|2|9831|07/01/2024 14:30:58||15542|8907489944|9782233312
5497|2|3913|07/01/2024 18:21:21||1719|1077614704|1448818056
5428|2|4899|07/01/2024 11:56:45||24795|2286878256|3246769096
5372|2|8762|07/01/2024 06:27:21||44559|1450490472|1831691400
5413|2|5955|07/01/2024 10:44:30||29130|2251578440|2259266008
5392|2|5828|07/01/2024 08:19:27||37833|11848835976|13637632168
5407|2|7009|07/01/2024 09:46:13||32627|169597312|243935264
5338|2|8784|07/01/2024 03:00:21||56979|31732872552|44860482880
5422|2|9647|07/01/2024 11:17:47||27133|7908362296|11595613208
5380|2|8773|07/01/2024 07:00:05||42595|3318882272|3398796624
5469|2|8724|07/01/2024 15:33:51||11769|6474839328|7226347888
5453|2|6871|07/01/2024 13:57:33||17547|18797296608|18844935496
5429|2|6766|07/01/2024 11:57:06||24774|5489525936|6328462000
5339|2|5168|07/01/2024 03:00:10||56990|29588012128|37854632312
5341|2|7189|07/01/2024 03:17:08||55972|125007679432|347687068296
5473|2|7329|07/01/2024 16:19:14||9046|4119750256|5692365272
5463|2|9566|07/01/2024 15:08:29||13291|875690952|1021393616
5493|2|4300|07/01/2024 18:04:13||2747|5927047760|14711943616
5425|2|4131|07/01/2024 11:29:33||26427|122679584|180984616
5414|2|4843|07/01/2024 10:42:41||29239|29249048048|76160525456
5448|2|6619|07/01/2024 13:22:01||19679|1286210128|1460553472
5470|2|6458|07/01/2024 15:33:37||11783|43265027184|100737765464
5412|2|5506|07/01/2024 10:33:18||29802|4521674032|4649183704
5444|2|8944|07/01/2024 13:15:07||20093|5422434440|6588109496
5490|2|8333|07/01/2024 17:33:23||4597|1043821696|1264127696
5486|2|6036|07/01/2024 17:10:42||5958|14279436336|41619605448
5488|2|7804|07/01/2024 17:29:19||4841|778944160|971064952
5454|2|7962|07/01/2024 13:56:06||17634|286256976|348043304
5455|2|8153|07/01/2024 13:54:39||17721|12206436096|12736640552
5445|2|5151|07/01/2024 13:13:36||20184|41736233544|110059134744
5500|2|6728|07/01/2024 18:49:25||35|21605256|21893768
5394|2|6733|07/01/2024 08:17:10||37970|5470272608|7809154064
5360|2|6669|07/01/2024 04:40:40||50960|6093554200|6149084456
5474|2|6648|07/01/2024 16:18:44||9076|5222354104|5883636304
5466|2|7726|07/01/2024 15:13:07||13013|2582107704|3547495592
5477|2|9054|07/01/2024 16:27:10||8570|1295016984|1543081936
