IdSession|IdPSX|IdSubscriber|StartSession|EndSession|Duartion|UpTx|DownTx
11467|1|5574|07/01/2024 18:13:10||4610|1663214560|2200744880
11297|1|4023|07/01/2024 04:22:39||54441|88500739248|205410965928
11400|1|7050|07/01/2024 12:39:09||24651|1721937488|1728478608
11368|1|5548|07/01/2024 10:23:17||32803|11864986008|13398423536
11472|1|6307|07/01/2024 18:38:28||3092|67588624|98972032
11361|1|4707|07/01/2024 09:45:58||35042|4696284256|5389854064
11437|1|7392|07/01/2024 15:51:14||13126|5708009072|7651957328
11401|1|6389|07/01/2024 12:33:56||24964|75520773408|199360996872
11275|1|4293|07/01/2024 02:35:59||60841|3706038848|5033220416
11280|1|7146|07/01/2024 02:57:48||59532|6322560936|7082141232
11476|1|6972|07/01/2024 18:56:38||2002|390773736|399970320
11310|1|6118|07/01/2024 05:16:11||51229|9564407312|10987616328
11271|1|7768|07/01/2024 02:25:43||61457|125163408472|270017669152
11334|1|9885|07/01/2024 07:38:15||42705|4228704336|4968155464
11428|1|9410|07/01/2024 15:24:04||14756|47715962944|134432305432
11377|1|8865|07/01/2024 10:57:34||30746|1086635944|1219694744
11464|1|4433|07/01/2024 17:49:46||6014|10440200864|20312691240
11425|1|8378|07/01/2024 15:16:58||15182|2652766080|3069835728
11480|1|7451|07/01/2024 19:17:19||761|35591672|40369112
11302|1|4795|07/01/2024 04:41:41||53299|156066731808|335713830712
11481|1|8612|07/01/2024 19:14:17||943|193819160|288942336
11392|1|8119|07/01/2024 12:07:42||26538|3743376856|4004935584
11459|1|7145|07/01/2024 17:33:14||7006|2375476184|2931950888
11414|1|9130|07/01/2024 14:01:00||19740|910824832|1163464208
11444|1|9840|07/01/2024 16:47:14||9766|486450144|600159032
11458|1|4992|07/01/2024 17:27:04||7376|2088429456|2195791096
11328|1|4623|07/01/2024 07:17:26||43954|2916516200|3374847992
11423|1|6968|07/01/2024 14:55:42||16458|1190208664|1344020016
11393|1|8606|07/01/2024 12:03:40||26780|10625698864|15236234184
11426|1|4880|07/01/2024 15:19:54||15006|4302014816|6099279288
11312|1|7715|07/01/2024 05:46:49||49391|2775093152|3166506528
11388|1|9739|07/01/2024 11:59:38||27022|2416924592|2533162976
11485|1|7339|07/01/2024 19:20:32||568|70886104|71312736
11441|1|8130|07/01/2024 16:34:12||10548|480479240|528473576
11407|1|6646|07/01/2024 13:18:09||22311|12789287816|13017360688
11385|1|7410|07/01/2024 11:44:05||27955|5891678016|6691764192
11337|1|5090|07/01/2024 07:47:13||42167|8954089136|11438356080
11381|1|5534|07/01/2024 11:22:53||29227|16561766112|16900355240
11379|1|3857|07/01/2024 11:13:51||29769|22840666944|47640246896
11468|1|9967|07/01/2024 18:13:40||4580|1015481504|1256451096
11356|1|6518|07/01/2024 08:55:04||38096|5362230328|6839499624
11389|1|4614|07/01/2024 11:55:15||27285|9662021472|10599493632
11314|1|6570|07/01/2024 05:40:53||49747|677730976|749921376
11447|1|7855|07/01/2024 16:57:05||9175|2931744032|3193824312
11469|1|5457|07/01/2024 18:21:26||4114|1321413216|1578860512
11448|1|7286|07/01/2024 16:50:48||9552|6297128688|13602683528
11390|1|9755|07/01/2024 11:50:34||27566|1692895472|2430270744
11449|1|4725|07/01/2024 16:55:06||9294|209954216|231941496
11299|1|7466|07/01/2024 04:28:22||54098|5624275848|6831084592
11442|1|7756|07/01/2024 16:37:42||10338|17374106920|33351070376
11397|1|4690|07/01/2024 12:22:57||25623|1481560920|1522911424
11410|1|9878|07/01/2024 13:20:31||22169|1606997720|2302995568
11305|1|8423|07/01/2024 04:52:32||52648|126699567128|360378246888
11450|1|6819|07/01/2024 16:56:37||9203|1396053128|1490726552
11416|1|5972|07/01/2024 14:10:57||19143|3333502768|3711672472
11445|1|8841|07/01/2024 16:46:50||9790|17177905688|51003983440
11427|1|9695|07/01/2024 15:16:41||15199|37476075360|88894784352
11430|1|5316|07/01/2024 15:31:54||14286|2931059328|3420215952
11443|1|4887|07/01/2024 16:31:14||10726|6334944664|7243082832
11319|1|7046|07/01/2024 06:05:13||48287|18903286984|23681668920
11456|1|6126|07/01/2024 17:19:14||7846|4257603176|5232984528
11457|1|4364|07/01/2024 17:19:34||7826|686852200|691179792
11296|1|9056|07/01/2024 03:54:17||56143|18282643992|22206599048
11329|1|8555|07/01/2024 07:14:14||44146|2948639672|4368137488
11470|1|8880|07/01/2024 18:24:26||3934|684373344|1014592672
11420|1|6097|07/01/2024 14:35:12||17688|1548803480|2065188088
11349|1|8408|07/01/2024 08:39:28||39032|27369574168|35856277280
11422|1|8126|07/01/2024 14:47:48||16932|4469384344|5977148104
11409|1|5354|07/01/2024 13:16:47||22393|3705157136|4921608576
11399|1|8989|07/01/2024 12:27:34||25346|5949862528|6672060696
11346|1|9846|07/01/2024 08:26:39||39801|19672466576|20248909880
11452|1|9776|07/01/2024 17:02:03||8877|3328731864|6286207808
11477|1|7335|07/01/2024 18:58:30||1890|1630864304|1980015552
11252|1|6731|07/01/2024 00:40:18||67782|155752864576|414060553680
11460|1|4524|07/01/2024 17:31:17||7123|117392760|155487480
11386|1|4672|07/01/2024 11:42:43||28037|7471576560|10618578320
11432|1|5742|07/01/2024 15:44:53||13507|4660252080|6184536408
11327|1|7736|07/01/2024 06:57:50||45130|10574932360|11402879864
11474|1|7331|07/01/2024 18:44:41||2719|209359976|257253008
11433|1|8233|07/01/2024 15:43:32||13588|3877829184|5610340568
11395|1|9083|07/01/2024 12:15:24||26076|75546568|75915208
11453|1|6526|07/01/2024 17:06:18||8622|19572322632|55344771224
11333|1|7301|07/01/2024 07:27:33||43347|2192565424|2231088464
11438|1|4426|07/01/2024 16:03:15||12405|1893336848|2302308328
11482|1|8768|07/01/2024 19:15:20||880|87005024|103317632
11371|1|6989|07/01/2024 10:28:53||32467|4859634360|7191029856
11454|1|8829|07/01/2024 17:02:09||8871|601477040|739040432
11352|1|6244|07/01/2024 08:42:54||38826|103619104|154570488
11465|1|6848|07/01/2024 17:43:48||6372|1936297624|2135028592
11362|1|8343|07/01/2024 09:42:10||35270|9576938296|9879398840
11446|1|5609|07/01/2024 16:40:48||10152|9018926824|22573751464
11417|1|9944|07/01/2024 14:14:23||18937|1106234512|1623182544
11483|1|4366|07/01/2024 19:18:18||702|164661376|246227112
11348|1|6935|07/01/2024 08:26:26||39814|15153055328|21115903656
11461|1|9705|07/01/2024 17:30:30||7170|14037282112|26949962832
11412|1|4045|07/01/2024 13:42:27||20853|600760520|832747096
11324|1|7283|07/01/2024 06:42:41||46039|6306326704|6354382016
11462|1|8332|07/01/2024 17:32:05||7075|2448149072|2942764600
11353|1|4547|07/01/2024 08:43:31||38789|3814585624|5001410160
11463|1|6652|07/01/2024 17:36:56||6784|1687360720|2225955728
11478|1|5579|07/01/2024 19:03:05||1615|38069760|46188496
11434|1|5279|07/01/2024 15:48:02||13318|723561824|853786632
11336|1|7959|07/01/2024 07:33:27||42993|3452364696|4822973984
11466|1|8628|07/01/2024 17:55:43||5657|2219604064|2838561656
11418|1|8133|07/01/2024 14:13:46||18974|500625728|707252472
11439|1|7261|07/01/2024 16:22:08||11272|1647051608|1998879680
11424|1|8786|07/01/2024 14:57:26||16354|920579544|1199909280
11415|1|5912|07/01/2024 14:03:43||19577|6686930776|8999759096
11264|1|6371|07/01/2024 01:38:47||64273|627527208|757060320
11484|1|8492|07/01/2024 19:15:32||868|1899798640|4036191072
11387|1|6457|07/01/2024 11:44:50||27910|4008554968|5518765448
11374|1|7963|07/01/2024 10:33:24||32196|2384268624|2564137752
11455|1|9412|07/01/2024 17:08:19||8501|1771903208|1798567336
11344|1|7500|07/01/2024 08:16:34||40406|15604916856|16800701176
11375|1|8846|07/01/2024 10:34:21||32139|102071762296|244579295720
11475|1|7915|07/01/2024 18:45:23||2677|73115816|88036112
11364|1|7066|07/01/2024 09:50:45||34755|2664197776|2840423600
11338|1|8840|07/01/2024 07:41:09||42531|7272835800|8049517416
11396|1|3848|07/01/2024 12:18:31||25889|6708980632|8303408064
11357|1|4456|07/01/2024 08:56:13||38027|13734825960|15961937616
11318|1|8726|07/01/2024 05:58:07||48713|17414748312|21194613136
11429|1|9797|07/01/2024 15:29:19||14441|2665455520|2679690384
11479|1|4758|07/01/2024 19:06:41||1399|266436760|275489672
11473|1|6719|07/01/2024 18:34:54||3306|2126598704|2634462312
11451|1|9576|07/01/2024 16:57:56||9124|436995232|462837296
11440|1|4331|07/01/2024 16:23:28||11192|1452415272|2006800920
11431|1|4756|07/01/2024 15:31:20||14320|4470577080|5837971640
11404|1|4586|07/01/2024 12:49:39||24021|2642896656|3672709888
11359|1|5482|07/01/2024 09:17:22||36758|1828866896|2411454384
11419|1|4737|07/01/2024 14:25:16||18284|2526527720|3545123928
11293|1|8426|07/01/2024 03:46:02||56638|10604351872|10745225544
11367|1|7749|07/01/2024 10:17:55||33125|94403649800|188681307608
11471|1|5077|07/01/2024 18:21:42|07/01/2024 19:26:44|3902|997370296|1339901664
11486|1|5077|07/01/2024 19:27:50||130|7525144|8684784
11382|1|6813|07/01/2024 11:25:04||29096|5431409408|5786451784
