IdSession|IdPSX|IdSubscriber|StartSession|EndSession|Duartion|UpTx|DownTx
5301|2|9394|06/01/2024 23:47:29||8551|1662367840|2138282768
5303|2|4114|06/01/2024 23:53:14||8206|289336536|418684488
5298|2|3817|06/01/2024 23:30:20||9580|5627722328|5752365472
5266|2|9080|06/01/2024 20:08:23||21697|6495461096|6575091824
5302|2|7050|06/01/2024 23:43:00||8820|304691568|313414848
5200|2|4792|06/01/2024 14:19:16||42644|4564059952|5909759928
5295|2|9321|06/01/2024 23:20:19||10181|5336651352|7345782632
5317|2|4707|07/01/2024 01:24:05||2755|123906160|165891352
5287|2|6389|06/01/2024 22:11:37||14303|52452014920|116708764544
5164|2|4293|06/01/2024 11:14:51||53709|3171396616|3992158848
5324|2|7219|07/01/2024 01:40:01||1799|124097888|148346488
5192|2|8517|06/01/2024 13:23:10||46010|6584239560|8330801736
5270|2|5928|06/01/2024 20:25:14||20686|6232501136|6292303344
5291|2|9885|06/01/2024 22:47:45||12135|821230568|1002288256
5136|2|9410|06/01/2024 08:48:28||62492|191995960160|418918685608
5223|2|8919|06/01/2024 16:40:32||34168|6098643072|6890548384
5209|2|8865|06/01/2024 15:08:56||39664|1276997048|1715219072
5216|2|8200|06/01/2024 16:12:51||35829|7498038048|9261835904
5224|2|9686|06/01/2024 16:42:48||34032|53638192888|99800452656
5315|2|9718|07/01/2024 01:12:09||3471|502955312|605932696
5169|2|9641|06/01/2024 11:49:28||51632|10669142984|13385561088
5238|2|4207|06/01/2024 18:08:31||28889|23265166776|23786201352
5189|2|9601|06/01/2024 13:19:09||46251|22055760976|22952740640
5299|2|6149|06/01/2024 23:34:09||9351|1529377080|1991604952
5194|2|7145|06/01/2024 13:31:02||45538|16008933440|21939004928
5254|2|7565|06/01/2024 19:16:08||24832|50242526224|123920397352
5321|2|7926|07/01/2024 01:35:19||2081|224469904|241036120
5278|2|6453|06/01/2024 21:07:02||18178|479511736|610021336
5195|2|7081|06/01/2024 13:33:51||45369|16881610936|21165102392
5311|2|7938|07/01/2024 00:49:12||4848|830403112|1057288360
5307|2|5424|07/01/2024 00:25:33||6267|330031592|391081960
5199|2|9040|06/01/2024 14:05:38||43462|5619565728|5753903808
5262|2|6892|06/01/2024 19:55:34||22466|12934143096|12960772912
5215|2|8872|06/01/2024 15:48:55||37265|15831541616|23107022776
5179|2|6315|06/01/2024 12:35:26||48874|1847806960|2218731776
5272|2|7410|06/01/2024 20:30:07||20393|7438551248|9073358688
5181|2|5570|06/01/2024 12:48:35||48085|9401285120|10362929224
5277|2|9792|06/01/2024 20:51:56||19084|9756686368|9952687064
5313|2|9967|07/01/2024 00:50:59||4741|412685424|489255736
5220|2|7842|06/01/2024 16:37:32||34348|2602648216|2698834224
5285|2|7707|06/01/2024 22:01:57||14883|860937864|926061416
5260|2|8490|06/01/2024 19:42:26||23254|4676138032|4798748656
5282|2|6361|06/01/2024 21:49:27||15633|188983056|193212856
5314|2|7065|07/01/2024 01:03:45||3975|2110214120|2495379336
5213|2|6162|06/01/2024 15:36:47||37993|10920963600|13192505392
5309|2|6269|07/01/2024 00:30:24||5976|23529931792|47701597616
5251|2|7651|06/01/2024 19:03:16||25604|53683208888|131313697344
5326|2|9005|07/01/2024 01:59:02||658|200589576|220457632
5304|2|7474|07/01/2024 00:16:33||6807|183177768|224563440
5225|2|8687|06/01/2024 17:08:40||32480|6129755008|7665825032
5263|2|7489|06/01/2024 19:54:41||22519|7733489112|9427037576
5305|2|8770|07/01/2024 00:15:09||6891|112074216|161560168
5292|2|4011|06/01/2024 22:59:40||11420|840851424|955762752
5161|2|8248|06/01/2024 10:56:14||54826|5537870888|6158881904
5276|2|7861|06/01/2024 20:45:26||19474|2074409112|3035765952
5322|2|9554|07/01/2024 01:34:42||2118|258507240|295221480
5241|2|3853|06/01/2024 18:28:27||27693|5712184816|7183097400
5230|2|9878|06/01/2024 17:30:40||31160|1478817904|1826619248
5268|2|3927|06/01/2024 20:14:34||21326|8941300624|10874794616
5316|2|4355|07/01/2024 01:12:32||3448|447621432|491851704
5188|2|6789|06/01/2024 13:06:22||47018|4260890728|6317495592
5148|2|6050|06/01/2024 09:20:31|07/01/2024 02:01:58|60087|83123316296|231969399216
5118|2|4887|06/01/2024 06:59:31||69029|19489453728|25424947368
5312|2|9209|07/01/2024 00:45:52||5048|661688416|884262784
5149|2|6448|06/01/2024 09:27:30||60150|3641902392|4883574112
5306|2|6938|07/01/2024 00:16:13||6827|12314896|13450048
5229|2|6927|06/01/2024 17:21:45||31695|100560600|112768952
5280|2|7587|06/01/2024 21:30:33||16767|1610381392|1901815936
5296|2|6245|06/01/2024 23:22:29||10051|2259393104|2749667864
5293|2|8638|06/01/2024 23:03:55||11165|1962804120|2456279528
5325|2|4885|07/01/2024 01:49:00||1260|414553728|588201440
5145|2|3830|06/01/2024 09:16:12||60828|19580538552|21117493320
5297|2|7738|06/01/2024 23:28:12||9708|13108852568|29986718640
5221|2|8454|06/01/2024 16:31:45||34695|12642180376|14300565432
5258|2|4941|06/01/2024 19:36:19||23621|1281404440|1689933776
5327|2|8929|07/01/2024 01:51:53||1087|550886024|579974024
5243|2|4672|06/01/2024 18:22:11||28069|24929177112|28298607840
5214|2|7461|06/01/2024 15:38:15||37905|9863195928|10580496336
5284|2|6526|06/01/2024 21:55:26||15274|30719469112|80124861824
5318|2|4199|07/01/2024 01:28:05||2515|566717960|628730120
5300|2|3913|06/01/2024 23:37:15||9165|5600390872|5894437920
5310|2|4899|07/01/2024 00:34:22||5738|363472296|438998600
5211|2|6989|06/01/2024 15:13:13||39407|5489492112|7398365408
5240|2|8762|06/01/2024 18:16:20||28420|1706920976|2117546752
5328|2|6244|07/01/2024 02:07:00||180|609232|657024
5289|2|4366|06/01/2024 22:35:42||12858|1184663320|1506016664
5319|2|5668|07/01/2024 01:25:54||2646|2366452072|4450056960
5198|2|9139|06/01/2024 13:55:59||44041|1014597488|1280323248
5246|2|7519|06/01/2024 18:31:10||27530|26012701288|32832409800
5176|2|4547|06/01/2024 12:15:25||50075|3086124984|4012715256
5294|2|7593|06/01/2024 23:12:34||10646|7845679800|15666673040
5196|2|6498|06/01/2024 13:34:29||45331|7666733760|8778023392
5232|2|4080|06/01/2024 17:35:33||30867|12878865792|18831324000
5308|2|8211|07/01/2024 00:26:36||6204|504175240|505015056
5323|2|6766|07/01/2024 01:34:54||2106|293429352|389933936
5257|2|8492|06/01/2024 19:22:34||24446|65975801888|127629505840
5288|2|7329|06/01/2024 22:21:07||13733|4923336024|6657635920
5252|2|6457|06/01/2024 19:01:11||25729|2707268040|2839831576
5274|2|4300|06/01/2024 20:32:06||20274|43630977024|100670786304
5159|2|8958|06/01/2024 10:49:34||55226|19987118104|25040349576
5264|2|9219|06/01/2024 19:58:58||22262|1039994616|1412050536
5259|2|8354|06/01/2024 19:39:19||23441|77766427048|144848277408
5255|2|6458|06/01/2024 19:16:56||24784|71042686008|188557076800
5235|2|4487|06/01/2024 17:43:37||30383|4951552472|6033021656
5174|2|6203|06/01/2024 12:04:47|07/01/2024 02:05:36|50449|914247984|1153819160
5163|2|7418|06/01/2024 11:03:50||54370|5864744824|6888157200
5177|2|8333|06/01/2024 12:15:54||50046|7451200024|10220856448
5320|2|6329|07/01/2024 01:21:24||2916|1606257464|1776777536
5186|2|4538|06/01/2024 12:59:44||47416|2399382408|3568199864
5256|2|6728|06/01/2024 19:11:36||25104|3512452688|4021989416
5253|2|6599|06/01/2024 19:00:58||25742|44183049608|109550771560
5267|2|7726|06/01/2024 20:02:08||22072|6225797984|6865171224
