IdSession|IdPSX|IdSubscriber|StartSession|EndSession|Duartion|UpTx|DownTx
12329|0|9394|07/01/2024 07:18:48||3672|308146024|436172448
12333|0|4855|07/01/2024 07:23:49||3371|2118696712|2922538912
12213|0|4084|06/01/2024 16:38:50||56470|137687362424|369688440232
12232|0|6422|06/01/2024 20:04:57||44103|17135971704|19084655672
12288|0|6972|07/01/2024 03:18:55||18065|7281066896|9993906528
12303|0|5493|07/01/2024 05:08:11||11509|2361606408|2925136264
12325|0|7127|07/01/2024 07:05:56||4444|730013328|1088695056
12326|0|5265|07/01/2024 07:02:33||4647|576724392|688274936
12313|0|9686|07/01/2024 05:46:41||9199|14604336368|36914446368
12273|0|8257|07/01/2024 01:49:56||23404|7148395952|7789185512
12308|0|9641|07/01/2024 05:17:34||10946|485868072|543120768
12268|0|6055|07/01/2024 00:51:48||26892|3032596936|3533042408
12227|0|5578|06/01/2024 19:12:47||47233|2612930448|2633722672
12323|0|8612|07/01/2024 06:51:56||5284|853737880|936449048
12209|0|7582|06/01/2024 16:10:47||58153|17846702024|21093302120
12274|0|9130|07/01/2024 01:46:43||23597|1388064408|1699899200
12304|0|6861|07/01/2024 05:06:21||11619|256877704|384940104
12309|0|7170|07/01/2024 05:10:35||11365|1710925456|2076948992
12235|0|5654|06/01/2024 20:20:04||43196|11435317880|15339444008
12289|0|7339|07/01/2024 03:27:01||17579|352312312|506939168
12305|0|6315|07/01/2024 05:00:10||11990|471415600|475195088
12320|0|8130|07/01/2024 06:28:24||6696|1047822968|1179766264
12220|0|7571|06/01/2024 18:16:46||50594|6299929592|6351548544
12319|0|5086|07/01/2024 06:13:00||7620|1576976024|1854891328
12284|0|7886|07/01/2024 02:32:59||20821|4139094520|4161658736
12270|0|8259|07/01/2024 01:17:18||25362|4320876864|4435798752
12330|0|5457|07/01/2024 07:13:48||3972|79782648|108990800
12306|0|9755|07/01/2024 05:09:05||11455|1511883808|2060060016
12248|0|7756|06/01/2024 22:26:36||35604|65264814496|151744130280
12239|0|4690|06/01/2024 21:07:01||40379|3304469208|4203038168
12302|0|8165|07/01/2024 04:55:59||12241|954001016|995294704
12203|0|7352|06/01/2024 15:49:53||59407|27740210784|28784473160
12339|0|4335|07/01/2024 08:11:06||534|64660280|74047312
12307|0|6819|07/01/2024 05:03:17||11803|475364128|524045568
12278|0|6050|07/01/2024 02:02:30||22650|36956118400|73553635104
12279|0|4679|07/01/2024 02:03:40||22580|9617567592|14045792912
12285|0|4364|07/01/2024 02:39:50||20410|1634892784|1722769456
12324|0|6097|07/01/2024 06:59:47||4813|1381839784|1642360704
12262|0|8408|07/01/2024 00:22:30||28650|8613913856|9260636984
12312|0|7264|07/01/2024 05:37:57||9723|4443489632|4879662552
12228|0|8126|06/01/2024 19:14:16||47144|12216092392|13385662720
12275|0|8706|07/01/2024 01:46:00|07/01/2024 08:10:53|23093|3170637216|3869612168
12282|0|8989|07/01/2024 02:29:46||21014|2810334336|3249605336
12261|0|9846|07/01/2024 00:15:05||29095|11765595816|12353164552
12283|0|8227|07/01/2024 02:23:32||21388|938991816|993788240
12250|0|4524|06/01/2024 22:32:03||35277|831863480|849894080
12236|0|5742|06/01/2024 20:31:44||42496|22765650584|29976953696
12257|0|7331|06/01/2024 23:55:08||30292|3489189384|4742838192
12252|0|8233|06/01/2024 23:00:01||33599|9663468272|14085167712
12334|0|9805|07/01/2024 07:38:51||2469|151657672|205301192
12314|0|5886|07/01/2024 05:41:03||9537|1643747144|1752302960
12269|0|8888|07/01/2024 01:00:53||26347|4120147192|5148507696
12287|0|4426|07/01/2024 03:01:10||19130|4462585976|5979964208
12317|0|8768|07/01/2024 06:00:08||8392|3634354768|4613590440
12277|0|5059|07/01/2024 01:51:37||23303|1868173808|2728465152
12192|0|8343|06/01/2024 14:36:40||63800|19766123040|28326290920
12263|0|9944|07/01/2024 00:33:59||27961|4101867168|4707122416
12327|0|9722|07/01/2024 07:07:22||4358|635134320|837435624
12296|0|4192|07/01/2024 03:54:02||15958|6526929680|7713416576
12251|0|7202|06/01/2024 22:41:09||34731|6886376152|7982506744
12299|0|4366|07/01/2024 04:21:30||14310|2776455584|4131281632
12338|0|8767|07/01/2024 08:07:26||754|43371432|59113592
12331|0|7194|07/01/2024 07:15:26||3874|6463419912|14219330080
12332|0|8093|07/01/2024 07:12:10||4070|349462352|433729920
12318|0|6745|07/01/2024 06:03:27||8193|5109607232|6878968712
12335|0|7519|07/01/2024 07:34:53||2707|210957368|245820184
12264|0|9596|07/01/2024 00:34:50||27910|14692706016|16304298752
12242|0|5279|06/01/2024 21:32:45||38835|1816741376|2534707832
12293|0|5969|07/01/2024 03:41:34||16706|23966412928|49160454968
12336|0|8628|07/01/2024 07:40:15||2385|362842744|446624808
12224|0|8133|06/01/2024 18:43:28||48992|2350236952|2711123264
12322|0|8786|07/01/2024 06:42:24||5856|350156808|519071032
12265|0|6301|07/01/2024 00:35:10||27890|6639671000|7268400728
12291|0|9534|07/01/2024 03:33:15||17205|56866860216|110949877688
12225|0|9412|06/01/2024 18:46:13||48827|10391194824|13095249136
12219|0|9194|06/01/2024 18:07:49||51131|14926800104|15260439640
12280|0|7915|07/01/2024 02:16:42||21798|386601536|444166368
12230|0|5365|06/01/2024 19:11:32||47308|2168395664|3167495864
12321|0|5849|07/01/2024 06:25:44||6856|3334981048|4262896616
12221|0|4779|06/01/2024 18:26:13||50027|6913472488|8346878632
12233|0|6276|06/01/2024 20:07:18||43962|15470156544|16466739744
12337|0|3848|07/01/2024 07:52:43||1637|239090968|287211536
12199|0|4456|06/01/2024 15:26:25||60815|24893297992|26118552896
12301|0|8685|07/01/2024 04:37:57||13323|265868384|287275440
12297|0|5506|07/01/2024 03:53:03||16017|2746239120|3284519104
12311|0|7418|07/01/2024 05:22:24||10656|815859872|893476792
12340|0|4758|07/01/2024 08:14:32||328|39075696|41632368
12266|0|8944|07/01/2024 00:33:12||28008|6943862936|6975558768
12254|0|9576|06/01/2024 23:15:18||32682|17523098720|20438309088
12328|0|6329|07/01/2024 07:04:39||4521|1092189848|1540989144
12300|0|6466|07/01/2024 04:22:21||14259|426472104|554291664
12315|0|7048|07/01/2024 05:46:44||9196|3554910816|3559287872
12271|0|4228|07/01/2024 01:17:08||25372|31108221136|92741337328
12316|0|7962|07/01/2024 05:50:56||8944|343115208|441152864
12295|0|7119|07/01/2024 03:40:32||16768|5073076888|7429408768
12246|0|3939|06/01/2024 22:09:38||36622|4218813288|4414749496
12247|0|9657|06/01/2024 22:13:35||36385|17587887736|20772234144
12310|0|7666|07/01/2024 05:11:16||11324|261058856|296377144
12267|0|7749|07/01/2024 00:43:29||27391|75825610640|153016734048
12272|0|6813|07/01/2024 01:36:37||24203|7042668232|10229634536
12231|0|6713|06/01/2024 19:53:14||44806|14419614520|16330492080
