IdSession|IdPSX|IdSubscriber|StartSession|EndSession|Duartion|UpTx|DownTx
3861|2|4187|01/01/2024 06:22:52||25028|1226035560|1719201416
3867|2|4114|01/01/2024 07:07:41||22339|741365200|916153912
3936|2|8722|01/01/2024 12:07:59||4321|7804640848|15447264808
3896|2|9080|01/01/2024 09:37:36||13344|1767948744|2223401728
3819|2|7050|01/01/2024 01:54:41||41119|768862000|817961472
3857|2|5548|01/01/2024 06:08:30||25890|3311931192|3477068192
3862|2|9321|01/01/2024 06:20:13||25187|16952545872|17430084888
3897|2|3866|01/01/2024 09:35:54||13446|644100336|744911808
3844|2|7161|01/01/2024 04:31:14||31726|6243424784|8369359288
3845|2|9588|01/01/2024 04:45:49||30851|4462168048|5689378008
3934|2|3800|01/01/2024 11:53:27||5193|322189952|386054272
3915|2|4338|01/01/2024 10:59:25||8435|798161816|948676768
3931|2|8517|01/01/2024 11:47:35||5545|599734528|640313224
3917|2|9410|01/01/2024 11:08:04||7916|27860104584|62527955792
3839|2|8919|01/01/2024 04:29:08||31852|9128314776|12436213912
3904|2|9419|01/01/2024 10:24:14||10546|676074856|979101776
3918|2|7037|01/01/2024 11:04:10||8150|1273436728|1616879672
3853|2|6232|01/01/2024 05:35:08||27892|2702329792|3558275576
3923|2|5202|01/01/2024 11:29:55||6605|1446515680|2098329368
3890|2|7451|01/01/2024 09:12:37||14843|290792728|322576960
3874|2|8053|01/01/2024 07:51:23||19717|2659102168|3192269448
3849|2|4207|01/01/2024 04:52:24||30456|10608046984|11940076416
3925|2|6149|01/01/2024 11:30:14||6586|1415341712|2002471088
3876|2|9840|01/01/2024 08:04:00||18960|4393684072|5702735144
3902|2|7170|01/01/2024 10:18:24||10896|1440792056|2042989176
3905|2|7565|01/01/2024 10:25:43||10457|23240352104|43684392960
3875|2|6617|01/01/2024 07:50:36||19764|5792275504|8227393200
3804|2|5424|01/01/2024 00:05:41||47659|5221283520|7114400952
3926|2|5654|01/01/2024 11:30:43||6557|2344757592|2659577736
3894|2|7493|01/01/2024 09:21:41||14299|118395784|123041168
3898|2|4337|01/01/2024 09:49:29||12631|733278552|1066170808
3888|2|6315|01/01/2024 09:05:30||15270|915779088|984831136
3941|2|8417|01/01/2024 12:58:11||1309|790384952|852339608
3943|2|9792|01/01/2024 13:00:03||1197|185147096|225304984
3907|2|7842|01/01/2024 10:32:15||10065|1326722824|1389696888
3854|2|7707|01/01/2024 05:43:40||27380|2998165832|4449733672
3887|2|8569|01/01/2024 08:50:03||16197|12738385160|12882182400
3810|2|8490|01/01/2024 00:31:44||46096|10217738840|10818456952
3840|2|6361|01/01/2024 04:20:06||32394|3547006304|3659761024
3831|2|6765|01/01/2024 03:31:39||35301|5403112824|7739329024
3908|2|6269|01/01/2024 10:32:11|01/01/2024 13:18:57|10006|35960163992|78974408568
3910|2|4008|01/01/2024 10:46:19||9221|5648234096|7441295304
3836|2|8624|01/01/2024 04:02:03||33477|15882437712|22622042568
3850|2|7474|01/01/2024 05:20:58||28742|6124605328|6755712968
3906|2|8687|01/01/2024 10:26:11||10429|1792809736|2686108672
3946|2|6851|01/01/2024 13:16:54||186|21246896|25213448
3927|2|7861|01/01/2024 11:39:52||6008|89303296|107104760
3944|2|4605|01/01/2024 13:08:41||679|114571432|147489248
3816|2|3927|01/01/2024 01:33:05||42415|35707279792|40358222480
3826|2|8423|01/01/2024 03:04:33||36927|115834374072|252529499200
3860|2|6789|01/01/2024 06:19:52||25208|3299868296|3745421792
3832|2|5972|01/01/2024 03:53:51||33969|6726999072|7018359488
3880|2|8841|01/01/2024 08:28:19||17501|28185247072|56366896248
3899|2|4887|01/01/2024 09:42:17||13063|6164994696|6325362528
3932|2|6944|01/01/2024 11:48:07||5513|3441205784|3732435896
3878|2|9733|01/01/2024 08:12:46||18434|2068628320|2322772968
3811|2|7046|01/01/2024 00:39:28||45632|15647013192|16242673736
3827|2|8162|01/01/2024 03:03:49||36971|4253378296|5604767944
3895|2|4273|01/01/2024 09:20:58||14342|48414223256|129672102840
3881|2|9056|01/01/2024 08:30:58||17342|5078757016|7038626896
3916|2|6705|01/01/2024 10:54:31||8729|7248100192|9931011544
3841|2|9223|01/01/2024 04:28:59||31861|11105154464|16081282720
3863|2|4885|01/01/2024 06:26:35||24805|6338865256|6519051464
3870|2|3830|01/01/2024 07:17:37||21743|9537833648|9639294056
3868|2|6832|01/01/2024 07:00:58||22742|3477277056|4771703616
3903|2|8402|01/01/2024 10:19:22||10838|1215589144|1284698864
3928|2|7738|01/01/2024 11:34:11||6349|9597262624|19689693648
3929|2|7335|01/01/2024 11:35:31||6269|4759662744|6466896176
3924|2|9428|01/01/2024 11:22:10||7070|1580206208|2324017528
3919|2|8929|01/01/2024 11:07:00||7980|3277741552|4477457816
3855|2|8923|01/01/2024 05:41:19||27521|475175448|560418920
3920|2|7461|01/01/2024 11:03:45||8175|2217804744|2334428632
3847|2|3904|01/01/2024 04:48:40||30680|46390971568|127040555896
3858|2|7757|01/01/2024 06:08:22|01/01/2024 13:19:02|25840|8808713856|10441439232
3921|2|4199|01/01/2024 11:04:02||8158|934976384|1246507496
3871|2|9831|01/01/2024 07:17:51||21729|7343045152|9258619080
3912|2|3913|01/01/2024 10:47:48||9132|7932057608|8027199400
3939|2|6244|01/01/2024 12:38:14||2506|5021336|6883056
3930|2|9647|01/01/2024 11:35:00||6300|2335025368|3346956024
3933|2|9705|01/01/2024 11:46:03||5637|12394638048|28044236536
3851|2|9139|01/01/2024 05:29:21||28239|908227120|1039470744
3940|2|7519|01/01/2024 12:32:39||2841|318036152|469799760
3821|2|6652|01/01/2024 02:11:22||40118|6579972304|8097653592
3882|2|7593|01/01/2024 08:32:27||17253|10925934992|27965695280
3852|2|6871|01/01/2024 05:25:33||28467|8394589232|9786882272
3877|2|9421|01/01/2024 08:02:08||19072|1585933424|1899674328
3942|2|7042|01/01/2024 12:54:41||1519|185976984|237633712
3859|2|4059|01/01/2024 06:09:06||25854|1509076192|2004297592
3900|2|6371|01/01/2024 09:52:56||12424|120138008|149558320
3884|2|4300|01/01/2024 08:48:43||16277|34422605664|70948864944
3922|2|7963|01/01/2024 11:17:57||7323|432485264|604940952
3879|2|6619|01/01/2024 08:11:28||18512|1252179968|1581973520
3909|2|4487|01/01/2024 10:30:14||10186|1463632904|1954103312
3828|2|5973|01/01/2024 03:00:05||37195|80622106048|181556354800
3945|2|5506|01/01/2024 13:03:35||985|192891496|288178872
3913|2|7418|01/01/2024 10:47:36||9144|1644519784|2102226648
3815|2|8944|01/01/2024 01:10:34||43766|17866252432|25796942320
3885|2|5007|01/01/2024 08:40:35||16765|2886118256|3162498152
3935|2|6719|01/01/2024 11:55:58||5042|2186667392|2778166576
3886|2|4331|01/01/2024 08:43:20||16600|867975352|962988128
3938|2|7048|01/01/2024 12:15:00||3900|232198520|321319536
3901|2|7804|01/01/2024 10:00:45||11955|1500717960|1894326128
3806|2|4586|01/01/2024 00:06:01|01/01/2024 13:10:14|47053|4469152288|6325169600
3838|2|4538|01/01/2024 04:00:49||33551|2774911832|3616691888
3937|2|4145|01/01/2024 12:05:16||4484|109382744|131474088
3914|2|6599|01/01/2024 10:46:49||9191|19248962672|48349340336
3872|2|6669|01/01/2024 07:36:39||20601|2925461072|3200878672
