IdSession|IdPSX|IdSubscriber|StartSession|EndSession|Duartion|UpTx|DownTx
5521|2|9394|07/01/2024 21:32:59||2221|412196968|493147840
5400|2|4187|07/01/2024 09:28:26||45694|3025179840|3052176808
5518|2|4114|07/01/2024 21:26:45||2595|59961464|82915608
5415|2|8532|07/01/2024 10:58:11||40309|7968951288|8410073392
5524|2|5548|07/01/2024 21:49:10||1250|428948920|492110968
5491|2|9321|07/01/2024 18:07:59||14521|7629688224|9436939184
5511|2|6906|07/01/2024 19:50:23||8377|205593888|265112992
5519|2|3866|07/01/2024 21:24:55||2705|149129112|189215672
5457|2|4436|07/01/2024 14:14:58||28502|3026738024|3235877240
5442|2|7161|07/01/2024 13:12:40||32240|28742612336|35806066944
5443|2|8998|07/01/2024 13:13:21||32199|10433005712|11724700416
5475|2|7413|07/01/2024 16:20:24||20976|48981957048|118612605168
5522|2|4293|07/01/2024 21:34:09||2151|275922784|309298064
5523|2|9588|07/01/2024 21:31:51||2289|694735856|736103536
5461|2|3800|07/01/2024 15:03:31||25589|2787206480|2940307104
5525|2|7146|07/01/2024 21:42:17||1663|59403208|66112224
5487|2|6208|07/01/2024 17:24:56||17104|3052617848|3950150688
5501|2|9419|07/01/2024 19:09:09||10851|1149135696|1525718864
5410|2|7098|07/01/2024 10:15:56||42844|4039731608|4879816672
5526|2|7037|07/01/2024 21:44:06||1554|53977800|57018744
5397|2|8200|07/01/2024 08:53:40||47780|6512166408|9305279096
5434|2|5202|07/01/2024 12:21:53||35287|6806244160|6907735288
5528|2|7451|07/01/2024 21:58:02||718|13995872|16207448
5423|2|5931|07/01/2024 11:20:52||38948|2327807072|2465655824
5512|2|5281|07/01/2024 20:08:04||7316|3591191208|4176400312
5354|2|9601|07/01/2024 04:19:23||64237|20515923784|23394680520
5384|2|7007|07/01/2024 07:25:02||53098|11387325952|15004505192
5509|2|6617|07/01/2024 19:49:30||8430|891315416|1000465120
5510|2|7081|07/01/2024 19:49:57||8403|871125872|1202501952
5395|2|7938|07/01/2024 08:24:32||49528|5924533792|6665143744
5517|2|6213|07/01/2024 21:00:23||4177|1116051208|1336139736
5494|2|8160|07/01/2024 18:29:58||13202|9485784264|12841168920
5471|2|5654|07/01/2024 15:54:51||22509|6779657328|8088746240
5401|2|4337|07/01/2024 09:28:33|07/01/2024 22:03:00|45267|7532164696|10266249440
5505|2|8143|07/01/2024 19:21:17||10123|3462922544|4695865448
5456|2|7795|07/01/2024 14:06:31||29009|1033123992|1330842864
5489|2|5086|07/01/2024 17:38:27||16293|1994636432|2608017608
5506|2|5570|07/01/2024 19:26:02||9838|295356080|399282424
5527|2|9967|07/01/2024 21:49:28||1232|476525152|593227224
5438|2|7707|07/01/2024 13:04:52||32708|1808718704|2321741496
5520|2|7065|07/01/2024 21:25:30||2670|468560448|625618464
5459|2|6162|07/01/2024 14:36:28||27212|3613166056|4370289464
5437|2|6765|07/01/2024 12:44:10||33950|3771843536|5552992992
5435|2|8902|07/01/2024 12:22:59||35221|9330608560|12552558400
5498|2|4072|07/01/2024 18:34:41||12919|12042466600|14067423672
5404|2|7651|07/01/2024 09:31:12||45528|114134207352|240907503320
5378|2|9005|07/01/2024 06:54:41||54919|3018854192|4056110536
5426|2|4008|07/01/2024 11:42:27||37653|8161890000|8793193640
5464|2|8624|07/01/2024 15:15:11||24889|10149670840|10804537792
5420|2|7489|07/01/2024 11:11:44||39496|10377695504|14190629048
5371|2|6759|07/01/2024 06:27:22|07/01/2024 22:06:56|56374|70441364848|194255763672
5530|2|6759|07/01/2024 22:07:49||131|166227488|429617624
5399|2|7861|07/01/2024 09:12:05||46675|2685155768|3123748832
5467|2|3853|07/01/2024 15:22:53||24427|3502317376|3971666360
5476|2|8229|07/01/2024 16:26:06||20634|819886336|843825616
5381|2|9023|07/01/2024 07:17:39||53541|16293851768|18455093768
5478|2|9737|07/01/2024 16:32:24||20256|1957625536|2408598680
5513|2|9209|07/01/2024 20:04:08||7552|1892296352|2765743744
5529|2|6448|07/01/2024 21:57:06||774|22347752|28175456
5492|2|6927|07/01/2024 18:02:18||14862|82866432|101096184
5507|2|9403|07/01/2024 19:24:49||9911|1381053888|1768344016
5502|2|4273|07/01/2024 19:19:53||10207|33374519928|85976603664
5514|2|6705|07/01/2024 20:00:10||7790|5319204880|5438867456
5479|2|9223|07/01/2024 16:39:22||19838|8011819520|10501416072
5421|2|4885|07/01/2024 11:17:51||39129|6006450408|6278415264
5439|2|7987|07/01/2024 13:06:03||32637|2278809376|3384483080
5375|2|3830|07/01/2024 06:47:29||55351|17845762496|19666358088
5499|2|8029|07/01/2024 18:44:29||12331|2283424392|3057228552
5484|2|6065|07/01/2024 17:15:33||17667|4144737512|5425643648
5503|2|6869|07/01/2024 19:12:12||10668|486076344|615326784
5485|2|7738|07/01/2024 17:19:07||17453|24904127272|57567318352
5496|2|9057|07/01/2024 18:20:11||13789|31164349856|67262259640
5468|2|4199|07/01/2024 15:27:52||24128|4051047288|4359770704
5504|2|8888|07/01/2024 19:17:39||10341|487032800|635526840
5460|2|9831|07/01/2024 14:30:58||27542|9456209008|10629808176
5497|2|3913|07/01/2024 18:21:21||13719|12991895568|15217336544
5428|2|4899|07/01/2024 11:56:45||36795|3041492048|3797880488
5372|2|8762|07/01/2024 06:27:21||56559|1193077080|1579552640
5413|2|5955|07/01/2024 10:44:30||41130|3719649808|4897411856
5392|2|5828|07/01/2024 08:19:27||49833|13642483776|18155895944
5407|2|7009|07/01/2024 09:46:13||44627|474884648|576237600
5338|2|8784|07/01/2024 03:00:21||68979|33243521672|34974167688
5422|2|9647|07/01/2024 11:17:47||39133|11789442304|15294799760
5380|2|8773|07/01/2024 07:00:05||54595|7910852096|7948627616
5469|2|8724|07/01/2024 15:33:51||23769|13064566272|16052421040
5453|2|6871|07/01/2024 13:57:33||29547|27225722632|31497644456
5429|2|6766|07/01/2024 11:57:06||36774|9207173864|10776240128
5463|2|9566|07/01/2024 15:08:29||25291|2137987792|2467547624
5425|2|4131|07/01/2024 11:29:33||38427|412955056|437194760
5516|2|4843|07/01/2024 20:51:54||4686|5576749424|13227454976
5448|2|6619|07/01/2024 13:22:01||31679|2101873992|2865983168
5470|2|6458|07/01/2024 15:33:37||23783|89687240752|182542386712
5444|2|8944|07/01/2024 13:15:07||32093|11730923128|17355577160
5490|2|8333|07/01/2024 17:33:23||16597|3145562288|3288785376
5488|2|7804|07/01/2024 17:29:19||16841|3750247304|5031010648
5454|2|7962|07/01/2024 13:56:06|07/01/2024 22:01:47|29141|667866400|717560912
5455|2|8153|07/01/2024 13:54:39||29721|12688305528|13792969496
5445|2|5151|07/01/2024 13:13:36||32184|74079835296|193709873224
5508|2|4145|07/01/2024 19:20:03||10197|190329352|195300848
5500|2|6728|07/01/2024 18:49:25||12035|5916299560|8626236784
5394|2|6733|07/01/2024 08:17:10||49970|8513083512|9588769816
5515|2|6669|07/01/2024 20:28:49||6071|1248533496|1340682552
5466|2|7726|07/01/2024 15:13:07||25013|6989659416|9585215528
5477|2|9054|07/01/2024 16:27:10||20570|2789410344|3320377112
