IdSession|IdPSX|IdSubscriber|StartSession|EndSession|Duartion|UpTx|DownTx
11831|0|7844|04/01/2024 17:24:24||17136|2923932840|3264370520
11784|0|4114|04/01/2024 13:16:35||32005|2193072728|2680147888
11723|0|4023|04/01/2024 06:14:49||57311|81683498960|197714840216
11843|0|4436|04/01/2024 18:30:37||13163|1666083472|2054762248
11810|0|6307|04/01/2024 15:17:58||24722|2562949392|3712381696
11851|0|6422|04/01/2024 20:21:11||6529|1434856072|2084212392
11819|0|6118|04/01/2024 16:37:07||19973|5874345504|6073953648
11814|0|7768|04/01/2024 15:40:50||23350|59070242040|144191793104
11807|0|8865|04/01/2024 15:05:24||25476|706555584|966602088
11852|0|7127|04/01/2024 20:30:56||5944|1597074400|2120682320
11849|0|5265|04/01/2024 19:44:32||8728|436907296|515825888
11792|0|9641|04/01/2024 14:04:26||29134|3845708272|5401513024
11728|0|6055|04/01/2024 06:44:46||55514|10976725448|13703931704
11825|0|5281|04/01/2024 17:04:21||18339|1612554960|2232278984
11748|0|8119|04/01/2024 09:02:23||47257|11353021832|12014102256
11847|0|7081|04/01/2024 19:34:11||9349|1300965864|1449427304
11859|0|7715|04/01/2024 21:51:28||1112|10203720|14692064
11828|0|9739|04/01/2024 17:15:44||17656|964942080|1055764808
11822|0|7339|04/01/2024 16:48:02||19318|911919584|1165741616
11817|0|6315|04/01/2024 16:12:34||21446|528400936|742454960
11798|0|8130|04/01/2024 14:28:00||27720|2812043368|3645562936
11804|0|5090|04/01/2024 14:53:20||26200|4203233888|6025636072
11823|0|5534|04/01/2024 16:47:53||19327|9636007232|10432103344
11744|0|7707|04/01/2024 08:27:45||49335|6696372992|9424204392
11777|0|4614|04/01/2024 12:21:19||35321|7757421456|10985120456
11812|0|6570|04/01/2024 15:38:57||23463|454228360|526815256
11829|0|9005|04/01/2024 17:17:55||17525|957535888|1214898640
11795|0|7466|04/01/2024 14:17:02||28378|949436672|1279181432
11770|0|7756|04/01/2024 10:48:19||40901|74614180728|153866717136
11826|0|7352|04/01/2024 17:07:38||18142|3557180936|3606907232
11788|0|8423|04/01/2024 13:32:08||31072|101586391232|191507669176
11754|0|9737|04/01/2024 09:32:05||45475|7866508120|11016203296
11844|0|9695|04/01/2024 18:53:50||11770|24201430280|51951104216
11732|0|6050|04/01/2024 07:21:41||53299|74397143536|194631022792
11820|0|8538|04/01/2024 16:34:52||20108|39426967232|85667062624
11834|0|8408|04/01/2024 17:32:22||16658|8307372880|8396010184
11855|0|7264|04/01/2024 21:39:03||1857|310046192|360808432
11860|0|8126|04/01/2024 21:52:04||1076|389550872|461253768
11702|0|8706|04/01/2024 04:14:46||64514|7154171336|8318589504
11830|0|7335|04/01/2024 17:19:16||17444|1216554184|1632442456
11740|0|4639|04/01/2024 08:06:03||50637|76592981592|211726477400
11727|0|5742|04/01/2024 06:36:15||56025|28237426264|35100559360
11775|0|7736|04/01/2024 12:09:30||36030|6532735408|7949339872
11838|0|8233|04/01/2024 17:50:05||15595|5033886328|5937465768
11733|0|9083|04/01/2024 07:34:14||52546|229125424|244857608
11791|0|7301|04/01/2024 13:45:48||30252|1436202424|2012229440
11703|0|5886|04/01/2024 04:21:41||64099|29821079048|30205380072
11815|0|8888|04/01/2024 15:43:48||23172|5692877712|5980737400
11779|0|4426|04/01/2024 12:48:37||33683|7986527480|8142762080
11833|0|4899|04/01/2024 17:27:11||16969|1646878008|1742289768
11827|0|8762|04/01/2024 17:06:02||18238|793839616|872978792
11765|0|4472|04/01/2024 10:19:21||42639|20887925464|28607911760
11774|0|7712|04/01/2024 11:49:03||37257|7859085768|10377574888
11780|0|7480|04/01/2024 12:45:22||33878|140390331576|267500488360
11846|0|5609|04/01/2024 19:09:20||10840|10404368712|21354549192
11841|0|9944|04/01/2024 18:14:41||14119|3286535216|3752712344
11714|0|9722|04/01/2024 05:04:11||61549|6545954328|9134386032
11839|0|6935|04/01/2024 17:54:11||15349|3139348376|4222186200
11752|0|4045|04/01/2024 09:25:41||45859|439652232|578601616
11836|0|7283|04/01/2024 17:47:37||15743|1934917272|2274291936
11835|0|8773|04/01/2024 17:37:33||16347|1974860944|2819511864
11845|0|8093|04/01/2024 18:55:15||11685|2200704456|2624027680
11734|0|6745|04/01/2024 07:37:57||52323|25912035424|34291616944
11857|0|9596|04/01/2024 21:43:02||1618|620191800|670369120
11760|0|9122|04/01/2024 09:57:37||43943|100871332488|215928618560
11850|0|8628|04/01/2024 20:01:56||7684|2529357496|2882051736
11789|0|7261|04/01/2024 13:32:33||31047|4694001416|5686281576
11854|0|8786|04/01/2024 21:27:59||2521|152812536|156915392
11783|0|9412|04/01/2024 13:01:46||32894|11101503576|12417101424
11861|0|8846|04/01/2024 21:57:42||738|1543109544|4338209720
11813|0|7915|04/01/2024 15:30:45||23955|1364747464|1405923096
11816|0|5365|04/01/2024 16:02:44||22036|1895848072|2066128128
11824|0|4779|04/01/2024 16:54:02||18958|765939072|900774576
11730|0|4456|04/01/2024 07:03:54||54366|8457074448|12610938984
11715|0|5506|04/01/2024 05:14:46||60914|8564127520|10028001888
11862|0|6203|04/01/2024 21:50:35||1165|33020072|35385320
11758|0|4758|04/01/2024 09:45:54||44646|8173030384|9144798768
11794|0|6719|04/01/2024 14:01:56||29284|14872954360|15960647840
11803|0|9576|04/01/2024 14:36:03||27237|4175820056|6243308424
11858|0|6036|04/01/2024 21:44:35||1525|5775292632|10939940672
11709|0|6329|04/01/2024 04:34:23||63337|16903850104|17948214944
11781|0|6466|04/01/2024 12:49:08||33652|3166499432|3596743912
11736|0|4228|04/01/2024 07:37:09||52371|62822874944|156936224176
11856|0|6733|04/01/2024 21:35:41||2059|108577480|112438288
11848|0|8426|04/01/2024 19:31:38||9502|2494117128|2628878952
11769|0|6669|04/01/2024 10:37:46||41534|8625845280|8708087728
11837|0|6565|04/01/2024 17:47:11||15769|175774936|230315080
