IdSession|IdPSX|IdSubscriber|StartSession|EndSession|Duartion|UpTx|DownTx
11425|0|4855|02/01/2024 20:23:37||29183|15554122968|17795787576
11476|0|9321|03/01/2024 01:18:14||11506|5967549840|8402603880
11497|0|6307|03/01/2024 03:40:50||2950|483477776|495971024
11390|0|4084|02/01/2024 16:15:40||44060|103100632600|231905522448
11457|0|6422|02/01/2024 23:01:48||19692|6050521328|8354324000
11395|0|7768|02/01/2024 16:56:37||41603|86952049464|173113218688
11419|0|9885|02/01/2024 19:48:42||31278|3676084176|3943338200
11445|0|7127|02/01/2024 22:05:28||23072|2741897952|2929164800
11471|0|4442|03/01/2024 00:57:02||12778|2531733744|2906643536
11407|0|9686|02/01/2024 18:12:24||37056|52973430672|132927019592
11417|0|8257|02/01/2024 19:19:58||33002|3945986160|3999136880
11491|0|4431|03/01/2024 02:34:00||6960|1882827088|2520013784
11487|0|8612|03/01/2024 02:20:13||7787|1279845208|1416713464
11423|0|5281|02/01/2024 20:02:10||30470|16574628344|17318965904
11501|0|8119|03/01/2024 04:26:19||221|78905584|107439496
11463|0|6861|03/01/2024 00:05:38||15862|1666386216|1958702776
11410|0|7170|02/01/2024 18:33:17||35803|4830570784|7224792824
11464|0|8606|03/01/2024 00:00:43||16157|8285295672|9671592592
11492|0|9739|03/01/2024 02:42:18||6462|509846320|660446072
11372|0|7339|02/01/2024 13:06:54||55386|4983536024|6156636976
11473|0|4337|03/01/2024 01:00:51||12549|6776617080|9532819864
11412|0|8130|02/01/2024 18:59:51||34209|2181958480|2683455024
11398|0|7571|02/01/2024 17:15:43||40457|1020667448|1405342856
11437|0|5534|02/01/2024 21:04:22||26738|16737316584|17751950560
11460|0|3857|02/01/2024 23:38:30||17490|14179239456|28620874400
11420|0|7707|02/01/2024 19:46:21||31419|4107301200|4633311280
11415|0|7855|02/01/2024 19:08:20||33700|4566413432|5497641344
11426|0|7886|02/01/2024 20:21:43||29297|5835631832|6638516096
11438|0|8259|02/01/2024 21:06:43||26597|4888840224|5377287344
11430|0|6941|02/01/2024 20:39:46||28214|1787510896|2029776888
11488|0|7474|03/01/2024 02:22:40||7640|482097976|609912544
11391|0|9554|02/01/2024 16:23:39||43581|3323845600|4267225720
11470|0|8165|03/01/2024 00:49:17||13243|1422348584|1657891784
11399|0|4335|02/01/2024 17:18:45||40275|12949324784|14053013144
11440|0|6819|02/01/2024 21:21:04||25736|1124843384|1343486776
11465|0|9695|03/01/2024 00:24:11||14749|25046008856|67122607352
11478|0|6050|03/01/2024 01:20:43||11357|25960922928|49980653416
11453|0|5316|02/01/2024 22:45:51||20649|3517429896|3802237624
11498|0|9209|03/01/2024 03:57:03||1977|671221368|774506384
11500|0|4364|03/01/2024 04:15:44||856|58180352|68208752
11485|0|8880|03/01/2024 02:14:07||8153|1397671944|1406759704
11413|0|8178|02/01/2024 18:50:07||34793|2452147328|3016839096
11474|0|8706|03/01/2024 01:08:41||12079|1448654376|1940431520
11467|0|9846|03/01/2024 00:36:44||13996|5445764448|5909899920
11461|0|8227|02/01/2024 23:30:09||17991|674731880|695528496
11392|0|4524|02/01/2024 16:48:08|03/01/2024 04:21:37|41609|730100448|786943816
11405|0|7736|02/01/2024 18:00:25||37775|19090171544|25048996288
11427|0|9083|02/01/2024 20:27:51||28929|106089720|127936504
11428|0|5766|02/01/2024 20:25:27||29073|10168129240|14401822752
11502|0|9805|03/01/2024 04:28:18||102|6520664|9018760
11432|0|7301|02/01/2024 20:45:19||27881|2323177872|2949945272
11446|0|8888|02/01/2024 22:13:07||22613|2974604800|4065890432
11408|0|4426|02/01/2024 18:22:31||36449|4712785392|4948035472
11367|0|8343|02/01/2024 11:43:51||60369|19131097408|20742632184
11479|0|5609|03/01/2024 01:27:14||10966|5371957696|14225735936
11377|0|7202|02/01/2024 13:46:08|03/01/2024 04:28:56|52968|5227587456|6828966712
11422|0|4366|02/01/2024 19:51:55||31085|3011779544|3409501120
11486|0|8767|03/01/2024 02:12:39||8241|2504254632|3629110744
11466|0|4045|03/01/2024 00:23:26||14794|165589696|236011680
11456|0|7283|02/01/2024 22:55:37||20063|2050376688|2537326712
11489|0|8773|03/01/2024 02:25:02||7498|489346992|506857560
11458|0|6745|02/01/2024 23:02:31||19649|13128997160|14487328416
11482|0|7519|03/01/2024 01:59:49||9011|8573285968|10052518744
11499|0|5969|03/01/2024 04:07:24||1356|2229278496|4832742728
11469|0|9122|03/01/2024 00:32:08||14272|31319474872|61741194816
11472|0|8628|03/01/2024 00:53:51||12969|4438577400|4980062080
11494|0|7261|03/01/2024 03:33:37||3383|372587664|536346232
11431|0|9534|02/01/2024 20:37:10||28370|59478175328|168654187592
11434|0|4300|02/01/2024 20:55:47||27253|46166239728|131711640128
11384|0|9412|02/01/2024 14:35:25||50075|14756469840|17848336952
11495|0|7066|03/01/2024 03:37:43||3137|396406376|499020904
11418|0|5365|02/01/2024 19:30:02||32398|1039084568|1514504528
11397|0|6276|02/01/2024 17:03:11||41209|10661399688|14699579728
11387|0|3848|02/01/2024 14:59:32||48628|16300073216|17238093936
11481|0|6886|03/01/2024 01:26:14||11026|2416647560|3093740056
11443|0|4173|02/01/2024 21:43:54||24366|780549016|1135293632
11496|0|8685|03/01/2024 03:37:00||3180|54772312|64457408
11444|0|5506|02/01/2024 21:49:33||24027|1225870696|1486080920
11447|0|9797|02/01/2024 22:12:46||22634|4236054848|4785977048
11455|0|8944|02/01/2024 22:40:51||20949|5831156608|8685515504
11429|0|6719|02/01/2024 20:24:44||29116|11690997136|15242211280
11435|0|8333|02/01/2024 20:50:09||27591|5250095224|6343180080
11493|0|7119|03/01/2024 03:25:06||3894|1094550752|1626611136
11449|0|6733|02/01/2024 22:20:14||22186|2251248224|3295964144
11388|0|8426|02/01/2024 15:25:52||47048|17134101928|23204902856
11490|0|6669|03/01/2024 02:29:44|03/01/2024 04:24:19|6875|400780888|449404088
11503|0|6669|03/01/2024 04:26:07||233|37216832|51229032
11450|0|7666|02/01/2024 22:22:12||22068|4066213712|5694787024
11448|0|5077|02/01/2024 22:11:25||22715|3170317776|4262384880
11421|0|6565|02/01/2024 19:49:35||31225|399310224|532382192
11484|0|9054|03/01/2024 02:07:50||8530|1408147200|1805054824
11477|0|6713|03/01/2024 01:19:48||11412|3313286904|4741778344
