IdSession|IdPSX|IdSubscriber|StartSession|EndSession|Duartion|UpTx|DownTx
10930|1|9394|06/01/2024 01:19:13||4847|1251757232|1463242760
10801|1|4187|05/01/2024 14:14:38||44722|1348365896|1573839744
10728|1|4114|05/01/2024 08:20:05||65995|2664990344|3928401032
10787|1|8532|05/01/2024 12:41:03||50337|7805240808|11333149688
10866|1|4023|05/01/2024 19:26:47||25993|33280934576|95591059376
10802|1|3817|05/01/2024 14:28:56||43864|9780730200|14075898376
10938|1|4855|06/01/2024 01:35:24||3876|919038816|934063432
10922|1|7050|06/01/2024 00:30:32||7768|86108952|92554256
10858|1|4436|05/01/2024 18:43:28||28592|3257417704|4766892496
10945|1|7687|06/01/2024 02:05:24||2076|567438912|737022376
10819|1|7161|05/01/2024 16:01:41||38299|18540698776|24880143168
10907|1|4293|05/01/2024 23:11:11||12529|2006182040|2893602808
10878|1|6972|05/01/2024 20:51:07||20933|5768530784|6018096976
10943|1|6118|06/01/2024 01:58:19||2501|824412808|1229221560
10946|1|9410|06/01/2024 02:06:44||1996|5432574288|15811004040
10891|1|8865|05/01/2024 22:19:34||15626|413147336|582366920
10939|1|7037|06/01/2024 01:36:21||3819|374600176|486556512
10782|1|7127|05/01/2024 12:14:57||51903|6704750312|8684219488
10792|1|5265|05/01/2024 13:09:43||48617|22436912936|31867739864
10947|1|8378|06/01/2024 02:07:43||1937|26159736|29998624
10935|1|5202|06/01/2024 01:27:55||4325|1351686376|1426145824
10952|1|9686|06/01/2024 02:27:30||750|898347784|2125947496
10737|1|7451|05/01/2024 08:46:27||64413|1883473856|2298466088
10911|1|5931|05/01/2024 23:52:58||10022|677631728|823135072
10954|1|4795|06/01/2024 02:30:49||551|1422997176|3879039040
10888|1|9641|05/01/2024 21:42:41||17839|294634816|317805688
10859|1|4431|05/01/2024 18:42:21||28659|9808835648|10380915280
10842|1|6055|05/01/2024 17:29:34||33026|3938694008|5300905384
10914|1|5578|06/01/2024 00:08:29||9091|528227912|557057408
10847|1|5281|05/01/2024 17:52:08||31672|16015160584|19258644952
10927|1|8119|06/01/2024 00:51:25||6515|324072048|340727424
10923|1|6149|06/01/2024 00:38:45||7275|359534560|389921960
10948|1|7565|06/01/2024 02:09:37||1823|4375432496|11824217504
10788|1|4992|05/01/2024 12:46:49||49991|26303357504|30538037608
10869|1|4623|05/01/2024 19:57:57||24123|926605368|1306399576
10851|1|8606|05/01/2024 18:13:56||30364|13239886960|17891949256
10928|1|7715|06/01/2024 01:00:54||5946|172504776|185471784
10860|1|7339|05/01/2024 18:49:29||28231|3584564992|5000767064
10940|1|5570|06/01/2024 01:30:49||4151|1351632240|1385862008
10912|1|3857|05/01/2024 23:59:41||9619|7348623120|16718462600
10743|1|9967|05/01/2024 08:59:07||63653|18497859176|19455556408
10758|1|4614|05/01/2024 10:25:05||58495|16475024664|19713684944
10845|1|4769|05/01/2024 17:48:49||31871|11152728248|11180114904
10915|1|8259|06/01/2024 00:02:56||9424|1130615056|1313267464
10848|1|7651|05/01/2024 17:57:03||31377|107244024888|202579269008
10789|1|6941|05/01/2024 12:42:59||50221|3958774440|4662273432
10874|1|4725|05/01/2024 20:20:10||22790|1805972488|2083571624
10889|1|7466|05/01/2024 21:44:55||17705|293002664|392959264
10931|1|4011|06/01/2024 01:18:47||4873|42906320|50124472
10853|1|6851|05/01/2024 18:39:51||28809|2962380840|4041731992
10880|1|4605|05/01/2024 21:04:27||20133|3892620888|4834447288
10902|1|4690|05/01/2024 23:01:45||13095|2355592992|2974697664
10803|1|9023|05/01/2024 14:20:22||44378|13769012216|15373163480
10839|1|9737|05/01/2024 17:15:03||33897|12290043016|14314933136
10875|1|4927|05/01/2024 20:38:07||21713|12164439336|13181575952
10885|1|5316|05/01/2024 21:29:44||18616|1988234080|2466673480
10941|1|6126|06/01/2024 01:33:03||4017|1241200056|1528078184
10836|1|9403|05/01/2024 17:08:46||34274|894752424|962346824
10949|1|8555|06/01/2024 02:19:39||1221|41160392|55794864
10932|1|9223|06/01/2024 01:11:56||5284|755008104|1104156920
10854|1|4885|05/01/2024 18:36:19||29021|4235874536|6222876704
10849|1|8538|05/01/2024 17:52:59||31621|68143262176|174609312008
10862|1|7264|05/01/2024 18:58:56||27664|6100226056|6138240360
10892|1|3970|05/01/2024 22:12:16||16064|727960168|874275400
10890|1|8126|05/01/2024 21:40:25||17975|6646084776|9007836832
10823|1|8989|05/01/2024 16:29:40||36620|4811340048|6645537600
10916|1|9776|06/01/2024 00:09:58||9002|2933950528|6129457800
10759|1|9083|05/01/2024 10:20:05||58795|289331880|424280288
10929|1|9805|06/01/2024 01:00:11||5989|904677352|950357480
10784|1|5217|05/01/2024 12:14:26||51934|11848746624|16418952824
10865|1|6526|05/01/2024 19:16:53||26587|74329394064|138609256960
10894|1|7301|05/01/2024 22:21:06||15534|767115744|954245448
10925|1|4426|06/01/2024 00:47:22||6758|632942072|896406776
10908|1|8768|05/01/2024 23:29:15||11445|9346782008|9674244000
10824|1|6989|05/01/2024 16:21:13||37127|3734317816|5366147592
10893|1|8829|05/01/2024 22:15:04||15896|1787273432|2370659736
10844|1|5955|05/01/2024 17:30:57||32943|500621952|556601808
10882|1|5059|05/01/2024 21:17:17||19363|805201120|1008807384
10887|1|8343|05/01/2024 21:39:17||18043|8445107896|10078088528
10896|1|5609|05/01/2024 22:35:19||14681|8132289480|21777285192
10924|1|9722|06/01/2024 00:34:54||7506|169551240|227852960
10840|1|4192|05/01/2024 17:18:41||33679|10525315968|11628158808
10753|1|7202|05/01/2024 10:04:14||59746|15588488616|17796567472
10760|1|9111|05/01/2024 10:25:10||58490|22016240120|32988630656
10846|1|6935|05/01/2024 17:41:56||32284|7392904800|10906996328
10933|1|8767|06/01/2024 01:17:19||4961|1531390408|1971549920
10913|1|5668|05/01/2024 23:52:45||10035|6666647408|13281250376
10877|1|9139|05/01/2024 20:43:47||21373|2829431416|3247280592
10761|1|8332|05/01/2024 10:22:06||58674|24622490704|26609054776
10936|1|7519|06/01/2024 01:27:51||4329|1786332888|1909897536
10770|1|8350|05/01/2024 11:19:53||55207|14452941072|17976111648
10856|1|5579|05/01/2024 18:36:52||28988|843749248|1213115808
10950|1|5279|06/01/2024 02:15:38||1462|124168984|149890688
10811|1|9421|05/01/2024 15:03:00||41820|3885771888|4470698784
10841|1|5969|05/01/2024 17:18:26||33694|48644720352|117072224912
10812|1|9122|05/01/2024 15:29:13||40247|81574671080|211249976464
10876|1|4059|05/01/2024 20:39:24||21636|1185244584|1579491216
10813|1|8628|05/01/2024 15:21:41||40699|14330057512|15546535840
10951|1|8133|06/01/2024 02:15:25||1475|35067096|46049352
10920|1|5912|06/01/2024 00:22:00||8280|604448320|903886256
10953|1|6371|06/01/2024 02:24:25||935|1547520|1938056
10814|1|8492|05/01/2024 15:23:15||40605|138285330504|295200351880
10834|1|7329|05/01/2024 16:59:29||34831|7466004616|10419062832
10955|1|4300|06/01/2024 02:38:05||115|154746752|305269944
10807|1|4131|05/01/2024 14:45:57||42843|159519560|223230904
10720|1|7500|05/01/2024 07:37:42||68538|20841406112|30216968776
10895|1|9194|05/01/2024 22:24:58||15302|2984973920|3330320128
10795|1|8846|05/01/2024 13:20:15||47985|125212493768|325586755808
10898|1|7915|05/01/2024 22:36:12||14628|426626232|439157976
10879|1|7066|05/01/2024 20:55:27||20673|3692596064|4030394288
10944|1|5849|06/01/2024 01:50:34||2966|1211842680|1699057208
10918|1|4779|06/01/2024 00:16:48||8592|981154832|1424367784
10733|1|6276|05/01/2024 08:37:10||64970|15119302816|16554046288
10937|1|6458|06/01/2024 01:26:41||4399|16372722272|39672678936
10919|1|4173|06/01/2024 00:13:06||8814|1128520008|1625927432
10909|1|8726|05/01/2024 23:37:18||10962|4837585120|5660312360
10828|1|8685|05/01/2024 16:36:38||36202|196041216|238380800
10830|1|7418|05/01/2024 16:49:30||35430|5140304280|6977051008
10831|1|8944|05/01/2024 16:49:25||35435|5254607408|5657849288
10750|1|6036|05/01/2024 09:53:44||60376|231149351832|653980548072
10751|1|6466|05/01/2024 09:57:33||60147|4011906792|5096371416
10852|1|4331|05/01/2024 18:21:10||29930|1026631352|1344481048
10805|1|4756|05/01/2024 14:29:31||43829|11392710240|14814966216
10871|1|4228|05/01/2024 19:51:57||24483|30531751344|80122469664
10900|1|7962|05/01/2024 22:44:30||14130|935984896|1020391576
10942|1|7119|06/01/2024 01:46:24||3216|2775521528|3579715320
10837|1|3939|05/01/2024 17:03:23||34597|3808713464|5004193456
10926|1|4737|06/01/2024 00:42:51||7029|2450932160|3500506200
10934|1|6733|06/01/2024 01:16:56||4984|978927656|1419884400
10921|1|7749|06/01/2024 00:24:24||8136|30442627408|79780183576
10838|1|5077|05/01/2024 17:08:30||34290|4448370976|6058334360
10906|1|6271|05/01/2024 23:02:13||13067|1779933464|1869361944
10917|1|9054|06/01/2024 00:04:41||9319|1531671656|1662019936
10810|1|6713|05/01/2024 14:56:41||42199|9990038000|13146974496
