IdSession|IdPSX|IdSubscriber|StartSession|EndSession|Duartion|UpTx|DownTx
11467|1|5574|07/01/2024 18:13:10||14210|4954382472|5854235136
11297|1|4023|07/01/2024 04:22:39||64041|101911322200|211345124512
11400|1|7050|07/01/2024 12:39:09||34251|1431636672|1632677424
11472|1|6307|07/01/2024 18:38:28||12692|742300856|919995936
11361|1|4707|07/01/2024 09:45:58||44642|7734340992|8880785896
11437|1|7392|07/01/2024 15:51:14||22726|13882235120|17007216272
11401|1|6389|07/01/2024 12:33:56||34564|115680855368|257407469680
11506|1|4084|07/01/2024 21:19:11||3049|6828658144|19767281768
11476|1|6972|07/01/2024 18:56:38||11602|2023040864|2736274632
11310|1|6118|07/01/2024 05:16:11||60829|11630306936|15374161448
11271|1|7768|07/01/2024 02:25:43||71057|125524185408|375879917304
11493|1|5928|07/01/2024 20:16:43||6797|1783247136|2294335744
11496|1|5493|07/01/2024 20:25:06||6294|1347706000|1714581544
11334|1|9885|07/01/2024 07:38:15||52305|5170676952|6440069696
11428|1|9410|07/01/2024 15:24:04||24356|83187619024|175920138112
11502|1|8865|07/01/2024 21:01:45||4095|163566408|181425648
11464|1|4433|07/01/2024 17:49:46||15614|27279038080|51285025912
11425|1|8378|07/01/2024 15:16:58||24782|7166500528|8609407216
11489|1|9686|07/01/2024 20:01:58||7682|15561549264|30799763664
11507|1|4795|07/01/2024 21:10:51||3549|10125532968|23772909624
11503|1|8612|07/01/2024 21:01:32||4108|999715120|1275393104
11459|1|7145|07/01/2024 17:33:14||16606|8862259368|10744853728
11414|1|9130|07/01/2024 14:01:00||29340|2629018488|3084255048
11444|1|9840|07/01/2024 16:47:14||19366|928068608|1216130232
11328|1|4623|07/01/2024 07:17:26||53554|3026609560|4370154744
11393|1|8606|07/01/2024 12:03:40||36380|16774821088|18829440248
11511|1|4880|07/01/2024 21:28:44||2476|639106064|810281000
11312|1|7715|07/01/2024 05:46:49||58991|1795102368|2087420264
11517|1|9739|07/01/2024 21:52:17||1063|9073016|10979368
11485|1|7339|07/01/2024 19:20:32||10168|618404928|703379696
11441|1|8130|07/01/2024 16:34:12||20148|1726362208|1826810416
11407|1|6646|07/01/2024 13:18:09||31911|19709003792|20943452880
11385|1|7410|07/01/2024 11:44:05||37555|9312914240|12880380488
11381|1|5534|07/01/2024 11:22:53||38827|20698018744|26178425240
11379|1|3857|07/01/2024 11:13:51||39369|26046143936|63533672120
11447|1|7855|07/01/2024 16:57:05||18775|3549873408|4449044344
11498|1|7886|07/01/2024 20:43:29||5191|504264456|646748984
11469|1|5457|07/01/2024 18:21:26||13714|4838123760|5588237352
11515|1|7286|07/01/2024 21:30:27||2373|1467353784|3272019168
11500|1|7221|07/01/2024 20:53:17||4603|1545886184|1675028320
11390|1|9755|07/01/2024 11:50:34||37166|2439158752|3210682200
11449|1|4725|07/01/2024 16:55:06||18894|650119720|893802320
11299|1|7466|07/01/2024 04:28:22||63698|3159683384|3566356984
11442|1|7756|07/01/2024 16:37:42||19938|23277639832|52544106360
11504|1|6851|07/01/2024 21:09:55||3605|387813856|563800040
11494|1|4605|07/01/2024 20:17:18||6762|1032041552|1168834128
11410|1|9878|07/01/2024 13:20:31||31769|3029106688|3414924616
11305|1|8423|07/01/2024 04:52:32||62248|224859521216|423379539072
11450|1|6819|07/01/2024 16:56:37||18803|2776081752|4041348200
11416|1|5972|07/01/2024 14:10:57||28743|7043751592|7049564600
11445|1|8841|07/01/2024 16:46:50||19390|44869237496|105526690856
11427|1|9695|07/01/2024 15:16:41||24799|57328049168|137017873728
11430|1|5316|07/01/2024 15:31:54||23886|3883515944|4750829976
11443|1|4887|07/01/2024 16:31:14||20326|14537336344|17940844904
11319|1|7046|07/01/2024 06:05:13||57887|22524949240|31444988488
11456|1|6126|07/01/2024 17:19:14||17446|6383658576|8360427824
11457|1|4364|07/01/2024 17:19:34||17426|1789917248|2214237472
11497|1|9056|07/01/2024 20:20:45||6555|2378134552|3357020568
11470|1|8880|07/01/2024 18:24:26||13534|5280429696|5618246352
11420|1|6097|07/01/2024 14:35:12||27288|4292072000|5313345648
11349|1|8408|07/01/2024 08:39:28||48632|25522618544|36676015160
11422|1|8126|07/01/2024 14:47:48||26532|6805150096|8654443104
11409|1|5354|07/01/2024 13:16:47||31993|4666057800|6306002360
11499|1|8989|07/01/2024 20:48:17||4903|1137427848|1309086376
11346|1|9846|07/01/2024 08:26:39||49401|25392398208|33025413704
11452|1|9776|07/01/2024 17:02:03||18477|5805485512|15425272192
11477|1|7335|07/01/2024 18:58:30||11490|8124248440|8626156272
11487|1|6731|07/01/2024 19:38:32||9088|21880256160|51641856416
11460|1|4524|07/01/2024 17:31:17||16723|277425312|413725688
11386|1|4672|07/01/2024 11:42:43||37637|12399050568|14239756336
11432|1|5742|07/01/2024 15:44:53||23107|9466237368|13166891176
11474|1|7331|07/01/2024 18:44:41||12319|327086456|486400728
11395|1|9083|07/01/2024 12:15:24||35676|509160160|683213728
11508|1|5766|07/01/2024 21:12:26||3454|2063374064|2208002336
11453|1|6526|07/01/2024 17:06:18||18222|41872311288|108855320632
11333|1|7301|07/01/2024 07:27:33||52947|4053169928|5267105888
11505|1|8290|07/01/2024 21:04:54||3906|423521096|524709608
11438|1|4426|07/01/2024 16:03:15||22005|3069587552|3321310712
11482|1|8768|07/01/2024 19:15:20||10480|629361896|641591640
11512|1|6989|07/01/2024 21:28:35||2485|161276344|195292440
11454|1|8829|07/01/2024 17:02:09||18471|1343336096|1801717384
11495|1|6907|07/01/2024 20:19:51||6609|485094504|654440576
11518|1|6244|07/01/2024 21:56:42||798|2944448|3925368
11465|1|6848|07/01/2024 17:43:48||15972|4855491936|5265891000
11362|1|8343|07/01/2024 09:42:10||44870|14535934720|15091432304
11446|1|5609|07/01/2024 16:40:48||19752|20542209264|42504195344
11417|1|9944|07/01/2024 14:14:23||28537|2029484768|2604799000
11513|1|9722|07/01/2024 21:21:53||2887|24920096|36827144
11483|1|4366|07/01/2024 19:18:18||10302|1933689872|2428638576
11348|1|6935|07/01/2024 08:26:26||49414|22872867840|25009809824
11461|1|9705|07/01/2024 17:30:30||16770|31521901328|65531132504
11412|1|4045|07/01/2024 13:42:27||30453|826073312|1166997000
11324|1|7283|07/01/2024 06:42:41||55639|4707180824|4825282824
11462|1|8332|07/01/2024 17:32:05||16675|6166424872|7129787704
11353|1|4547|07/01/2024 08:43:31||48389|1679180264|2134549552
11463|1|6652|07/01/2024 17:36:56||16384|5231991000|5389399944
11519|1|9596|07/01/2024 21:59:50||610|164861480|179497816
11478|1|5579|07/01/2024 19:03:05||11215|709031840|803652928
11434|1|5279|07/01/2024 15:48:02||22918|1987924456|2006006312
11336|1|7959|07/01/2024 07:33:27||52593|7293701456|8453457024
11492|1|8628|07/01/2024 20:07:51||7329|2201181400|2763736632
11418|1|8133|07/01/2024 14:13:46||28574|787763352|833655008
11439|1|7261|07/01/2024 16:22:08|07/01/2024 22:08:26|20778|1377652808|1954318336
11520|1|7261|07/01/2024 22:08:59||61|4270976|5834696
11424|1|8786|07/01/2024 14:57:26||25954|2629628704|2906282928
11415|1|5912|07/01/2024 14:03:43||29177|6735499904|7420342512
11501|1|6371|07/01/2024 20:52:58||4622|16656328|23292616
11488|1|7189|07/01/2024 19:45:56||8644|20858398408|59327946600
11484|1|8492|07/01/2024 19:15:32||10468|22862930360|45968692184
11387|1|6457|07/01/2024 11:44:50||37510|5075954216|5578157744
11374|1|7963|07/01/2024 10:33:24||41796|3107098232|3110546384
11455|1|9412|07/01/2024 17:08:19||18101|4705391552|5211803320
11344|1|7500|07/01/2024 08:16:34||50006|16482580280|23139751736
11375|1|8846|07/01/2024 10:34:21|07/01/2024 22:00:01|41140|135537518192|279888860216
11521|1|8846|07/01/2024 22:00:50||550|1148933968|3278508800
11364|1|7066|07/01/2024 09:50:45||44355|6972039496|8935191896
11338|1|8840|07/01/2024 07:41:09||52131|15359059088|16467178088
11396|1|3848|07/01/2024 12:18:31||35489|7020591232|9909470912
11516|1|6886|07/01/2024 21:36:13||2027|679589072|840800984
11318|1|8726|07/01/2024 05:58:07||58313|18910097040|26622720288
11429|1|9797|07/01/2024 15:29:19||24041|5569897344|6656071096
11479|1|4758|07/01/2024 19:06:41||10999|2126598872|2202783592
11473|1|6719|07/01/2024 18:34:54||12906|7320032944|10556123480
11451|1|9576|07/01/2024 16:57:56||18724|1538056528|1539002904
11514|1|6036|07/01/2024 21:22:40||2840|10533669944|23344609864
11440|1|4331|07/01/2024 16:23:28||20792|3459256936|5018335312
11431|1|4756|07/01/2024 15:31:20||23920|7348458232|10814461888
11509|1|4228|07/01/2024 21:14:04||3356|4492992408|10691840400
11510|1|7119|07/01/2024 21:18:58||3062|2769745872|3054177032
11404|1|4586|07/01/2024 12:49:39||33621|3085460232|4532892768
11419|1|4737|07/01/2024 14:25:16||27884|2350620496|2351106792
11293|1|8426|07/01/2024 03:46:02||66238|15266328296|15448450704
11367|1|7749|07/01/2024 10:17:55||42725|119200682128|333571561272
11486|1|5077|07/01/2024 19:27:50||9730|917797888|1249477968
11382|1|6813|07/01/2024 11:25:04||38696|6266689304|6786845872
