IdSession|IdPSX|IdSubscriber|StartSession|EndSession|Duartion|UpTx|DownTx
4295|2|9394|03/01/2024 00:17:08||7972|857602304|892293248
4257|2|8532|02/01/2024 20:55:38||20062|2604782464|2790136376
4162|2|4792|02/01/2024 11:46:01||53039|7390685320|8865275552
4183|2|3866|02/01/2024 14:00:59||44941|5159231560|5969702960
4236|2|7687|02/01/2024 19:04:13||26747|4112267680|4915851440
4218|2|4707|02/01/2024 17:01:44||34096|3336475784|4035150216
4298|2|8998|03/01/2024 00:28:13||7307|1667980720|2288240384
4274|2|7392|02/01/2024 22:27:25||14555|6352956496|7855290600
4303|2|6389|03/01/2024 00:49:29||6031|21024628296|40397464120
4304|2|9588|03/01/2024 00:42:25||6455|1350110504|1418302000
4269|2|7146|02/01/2024 22:07:38||15742|951185360|1089258088
4272|2|3995|02/01/2024 22:12:55||15425|298640728|422713640
4319|2|5928|03/01/2024 01:36:35||3205|746230592|757779312
4204|2|7037|02/01/2024 15:42:08||38872|5977257864|7331278312
4147|2|6680|02/01/2024 09:35:32||60868|22411275640|27075172720
4249|2|5202|02/01/2024 20:27:23||21757|3583007544|4500373264
4275|2|4207|02/01/2024 22:32:12||14268|4316155696|4408909472
4276|2|6055|02/01/2024 22:46:28||13412|1765295440|2292170928
4289|2|4343|02/01/2024 23:43:03||10017|4656531720|6377045896
4327|2|7565|03/01/2024 02:12:58||1022|2581322928|5508156760
4299|2|6453|03/01/2024 00:28:21||7299|71576312|99098376
4225|2|4992|02/01/2024 17:16:25||33215|12351194160|13548464944
4246|2|6617|02/01/2024 20:19:34||22226|9292004704|11134554600
4210|2|4623|02/01/2024 16:02:57||37623|6451714064|7987567600
4291|2|7938|02/01/2024 23:59:03||9057|316802480|397532488
4188|2|4880|02/01/2024 14:43:04||42416|10303829144|15272038864
4153|2|5654|02/01/2024 10:13:35||58585|16446432680|19409060280
4305|2|9040|03/01/2024 00:41:26||6514|1510195608|1642848440
4284|2|6892|02/01/2024 23:27:54||10926|5235600784|5568396048
4261|2|8872|02/01/2024 21:20:34||18566|6084564912|6540047824
4164|2|5086|02/01/2024 11:50:05||52795|11155146384|12253289024
4290|2|9967|02/01/2024 23:44:18||9942|3046652400|4356875840
4247|2|8490|02/01/2024 20:18:46||22274|6311771608|6672571888
4250|2|7065|02/01/2024 20:27:56||21724|11048852968|12324547288
4259|2|7651|02/01/2024 21:06:52||19388|59894575616|120681679552
4296|2|9005|03/01/2024 00:13:16||8204|503841920|684114224
4240|2|5457|02/01/2024 19:48:49||24071|6667022536|7568497552
4307|2|7221|03/01/2024 00:50:10||5990|1859831760|2215092384
4232|2|8687|02/01/2024 18:21:42||29298|17355252672|18851321512
4311|2|7756|03/01/2024 01:04:32||5128|10186134168|21484023600
4270|2|4011|02/01/2024 22:07:17||15763|574092088|601446520
4230|2|4605|02/01/2024 18:01:32||30508|8410552392|10693153240
4312|2|9878|03/01/2024 01:08:55||4865|153605184|177642592
4235|2|8229|02/01/2024 18:43:42||27978|3217218184|3883385344
4165|2|3927|02/01/2024 11:58:01||52319|20735812056|25367285064
4324|2|8423|03/01/2024 02:07:57||1323|3017938496|7907683584
4308|2|9737|03/01/2024 00:52:15||5865|2719838720|3068995888
4300|2|4927|03/01/2024 00:23:04||7616|547999752|719484632
4177|2|6430|02/01/2024 13:37:55||46325|19974998616|26519744624
4214|2|6998|02/01/2024 16:29:26||36034|10733207192|14081300400
4317|2|6938|03/01/2024 01:23:18||4002|60158224|61881760
4201|2|6927|02/01/2024 15:38:00||39120|448429976|518947440
4279|2|9403|02/01/2024 22:54:40||12920|1000156912|1379283264
4178|2|4273|02/01/2024 13:30:25||46775|175232674168|376356611592
4271|2|8638|02/01/2024 22:02:51||16029|3215202144|3673425776
4262|2|7987|02/01/2024 21:22:12||18468|730871280|969043624
4313|2|6065|03/01/2024 01:06:23||5017|3688049744|4737165488
4325|2|9997|03/01/2024 02:00:01||1799|435263288|541717168
4217|2|5354|02/01/2024 16:58:12||34308|3236241488|3862494656
4264|2|7738|02/01/2024 21:30:35||17965|21384195216|51388275864
4286|2|8519|02/01/2024 23:33:43||10577|8348032904|11734063448
4285|2|9776|02/01/2024 23:21:03||11337|5831758408|14533288448
4273|2|7335|02/01/2024 22:15:38||15262|3435245640|3611857624
4281|2|6731|02/01/2024 23:15:02||11698|24431795904|72835912320
4316|2|8929|03/01/2024 01:12:16||4664|2226735368|3229408520
4280|2|8265|02/01/2024 23:03:00||12420|7597138216|10511766464
4185|2|9057|02/01/2024 14:26:38||43402|95412602720|233203276720
4323|2|8923|03/01/2024 01:52:28||2252|65486488|83014312
4309|2|9805|03/01/2024 00:50:00||6000|812579304|914706368
4282|2|7461|02/01/2024 23:11:17||11923|3940762424|4440765112
4310|2|7757|03/01/2024 00:55:16||5684|1905721512|1981892856
4287|2|3913|02/01/2024 23:34:36||10524|5725880656|8332301344
4306|2|4899|03/01/2024 00:44:17||6343|334587016|399284408
4318|2|8829|03/01/2024 01:20:53||4147|529031776|761715168
4314|2|5955|03/01/2024 01:08:10||4910|81642296|105170360
4226|2|4472|02/01/2024 17:39:32||31828|12131614672|17438849704
4292|2|7156|03/01/2024 00:02:55||8825|1463287288|1684367952
4301|2|6907|03/01/2024 00:20:17||7783|591137056|654338304
4322|2|8724|03/01/2024 01:41:38||2902|1378543800|1669206536
4293|2|9139|03/01/2024 00:01:57||8883|1012710528|1258378032
4255|2|7593|02/01/2024 20:46:02||20638|15318282176|35976296848
4167|2|6498|02/01/2024 12:25:37||50663|10579788040|10983335192
4207|2|7042|02/01/2024 15:50:37||38363|5135453568|6812166904
4157|2|4059|02/01/2024 10:28:25||57695|2325372088|3140148752
4251|2|7959|02/01/2024 20:36:25||21215|5278443472|5939888256
4258|2|7971|02/01/2024 20:58:55||19865|2992291112|3796398456
4220|2|5168|02/01/2024 17:04:38||33922|8067709896|9409768576
4227|2|6137|02/01/2024 17:34:38||32122|23949722376|30506592736
4170|2|6371|02/01/2024 12:34:32||50128|361525800|379398168
4242|2|6301|02/01/2024 19:43:34||24386|6210172280|7274527592
4326|2|7189|03/01/2024 02:08:05||1315|4789485696|11415182024
4267|2|8958|02/01/2024 21:49:25||16835|6177186912|6542576344
4221|2|4131|02/01/2024 17:06:08||33832|181105344|226511472
4278|2|9219|02/01/2024 22:40:06||13794|759634712|965139064
4229|2|4395|02/01/2024 17:51:49||31091|1518202832|1914357072
4186|2|8244|02/01/2024 14:22:34||43646|4735088496|4747722656
4234|2|4705|02/01/2024 18:34:43||28517|6166695104|8874286984
4297|2|6458|03/01/2024 00:14:47||8113|24639349848|45930988872
4320|2|4487|03/01/2024 01:38:08||3112|448130840|620975392
4144|2|4989|02/01/2024 09:27:51||61329|52257584104|147442567224
4315|2|5973|03/01/2024 01:05:38||5062|10271112560|25448396544
4252|2|6203|02/01/2024 20:33:24||21396|1958874000|2242679976
4239|2|7418|02/01/2024 19:29:47||25213|5039476688|5300056432
4288|2|5007|02/01/2024 23:32:26||10654|2155638184|2782199736
4321|2|6036|03/01/2024 01:31:36||3504|13990837880|37053935536
4223|2|5151|02/01/2024 17:09:43|03/01/2024 02:20:18|33035|64379847896|179551408976
4328|2|5151|03/01/2024 02:21:32||508|1435217512|2708861112
4268|2|9657|02/01/2024 21:45:35||17065|543203736|604376872
4302|2|9377|03/01/2024 00:24:42||7518|45809211448|102629193856
