IdSession|IdPSX|IdSubscriber|StartSession|EndSession|Duartion|UpTx|DownTx
5400|2|4187|07/01/2024 09:28:26||16294|1285186736|1448856224
5415|2|8532|07/01/2024 10:58:11||10909|2742663928|3223332512
5298|2|3817|06/01/2024 23:30:20||52180|9266210880|9932833352
5446|2|9080|07/01/2024 13:27:39||1941|262940152|380363912
5365|2|4792|07/01/2024 05:26:39||30801|7609071416|7800697800
5295|2|9321|06/01/2024 23:20:19||52781|10728100624|12153395336
5416|2|7687|07/01/2024 11:00:51|07/01/2024 13:55:50|10499|1452542424|1764879344
5442|2|7161|07/01/2024 13:12:40||2840|2061666152|3057248328
5443|2|8998|07/01/2024 13:13:21||2799|507463008|648944848
5452|2|7392|07/01/2024 13:56:01||239|248025392|256265040
5324|2|7219|07/01/2024 01:40:01||44399|3747014960|5244445360
5367|2|3800|07/01/2024 05:38:53||30067|3242425408|4347222360
5356|2|6736|07/01/2024 04:21:51||34689|4511401672|4821326384
5337|2|5928|07/01/2024 03:05:49||39251|14239905784|15730765064
5410|2|7098|07/01/2024 10:15:56||13444|762660088|990972344
5408|2|7037|07/01/2024 09:53:20||14800|450689000|609066920
5419|2|6232|07/01/2024 11:11:06||10134|1339641984|1783074784
5397|2|8200|07/01/2024 08:53:40||18380|6502307352|7285866056
5434|2|5202|07/01/2024 12:21:53||5887|379147976|395104776
5423|2|5931|07/01/2024 11:20:52||9548|346502632|415292088
5315|2|9718|07/01/2024 01:12:09||46071|18688441632|25949878936
5406|2|7582|07/01/2024 09:42:22||15458|4749976064|6782970280
5354|2|9601|07/01/2024 04:19:23||34837|7683211968|11164567840
5377|2|6149|07/01/2024 06:59:32||25228|605533088|751207184
5352|2|7145|07/01/2024 04:09:00||35460|12335146688|15570504952
5384|2|7007|07/01/2024 07:25:02||23698|5621120424|6391416968
5361|2|6617|07/01/2024 05:15:10||31490|9187617808|10535749136
5366|2|7081|07/01/2024 05:21:16||31124|15325063640|18941104744
5395|2|7938|07/01/2024 08:24:32||20128|4425652920|6213338760
5449|2|6213|07/01/2024 13:34:46||1514|352417344|419820704
5362|2|7493|07/01/2024 05:10:34||31766|738396896|1007994712
5349|2|8739|07/01/2024 03:57:57||36123|64421845056|157318598528
5401|2|4337|07/01/2024 09:28:33||16287|1747688752|1899764128
5450|2|6579|07/01/2024 13:33:27||1593|83232760|86671000
5313|2|9967|07/01/2024 00:50:59||47341|11733989120|16455997680
5438|2|7707|07/01/2024 13:04:52||3308|181999904|187643136
5282|2|6361|06/01/2024 21:49:27||58233|8017203592|11803337432
5314|2|7065|07/01/2024 01:03:45||46575|22508228064|22865122112
5437|2|6765|07/01/2024 12:44:10||4550|547207232|572992632
5435|2|8902|07/01/2024 12:22:59||5821|2028510752|3006323600
5344|2|4072|07/01/2024 03:24:14||38146|22708552200|29587599352
5447|2|6269|07/01/2024 13:22:39||2241|5664208104|11674313104
5404|2|7651|07/01/2024 09:31:12||16128|31891101112|70513543984
5378|2|9005|07/01/2024 06:54:41||25519|1594870352|1607275184
5426|2|4008|07/01/2024 11:42:27||8253|6646960176|7325795248
5369|2|8624|07/01/2024 05:44:13||29747|10606434304|14798051160
5304|2|7474|07/01/2024 00:16:33||49407|6737595896|8066634208
5424|2|4725|07/01/2024 11:27:17||9163|954900664|1089487752
5420|2|7489|07/01/2024 11:11:44||10096|4034315456|5772088608
5292|2|4011|06/01/2024 22:59:40||54020|631534864|658257416
5371|2|6759|07/01/2024 06:27:22||27158|43309310200|114639733888
5399|2|7861|07/01/2024 09:12:05||17275|1199107464|1532088104
5322|2|9554|07/01/2024 01:34:42||44718|3108620016|3861800416
5411|2|8229|07/01/2024 10:29:38||12622|1944399880|2237532296
5381|2|9023|07/01/2024 07:17:39||24141|8966490256|11788725008
5334|2|5972|07/01/2024 02:49:57||40203|11854151832|16562083216
5405|2|6050|07/01/2024 09:33:34||15986|26851007472|66183870016
5331|2|4887|07/01/2024 02:29:30||41430|11173769456|15346467184
5451|2|6944|07/01/2024 13:41:42||1098|430994752|444580576
5417|2|9209|07/01/2024 11:04:00||10560|2964880768|3714974416
5436|2|9311|07/01/2024 12:29:42||5418|153756136|158971560
5363|2|6126|07/01/2024 05:11:19||31721|12024606744|16299851104
5306|2|6938|07/01/2024 00:16:13||49427|398612832|510062528
5387|2|6927|07/01/2024 07:53:20||22000|80289616|89286184
5402|2|9403|07/01/2024 09:29:20||16240|1953082728|2548448416
5390|2|6705|07/01/2024 08:08:24||21096|16245090432|23351479496
5431|2|8638|07/01/2024 12:09:46||6614|1826847400|2397839312
5427|2|9223|07/01/2024 11:49:16||7844|3928603104|4413406032
5421|2|4885|07/01/2024 11:17:51||9729|2983326264|3683331552
5439|2|7987|07/01/2024 13:06:03||3237|224284144|247288488
5375|2|3830|07/01/2024 06:47:29||25951|9325997584|11812049184
5432|2|9997|07/01/2024 12:09:37||6623|728554936|746573968
5297|2|7738|06/01/2024 23:28:12||52308|52663286096|156611711360
5359|2|8519|07/01/2024 04:44:26||33334|10412624872|12374497872
5418|2|9776|07/01/2024 11:04:41||10519|7388893592|14178856776
5396|2|7335|07/01/2024 08:20:34||20366|6615605680|7921849384
5433|2|4941|07/01/2024 12:05:08||6892|367435592|402288904
5440|2|9057|07/01/2024 13:07:08||3172|6284747424|14211393432
5284|2|6526|06/01/2024 21:55:26||57874|156679976184|341500271160
5300|2|3913|06/01/2024 23:37:15||51765|13735101400|17909530256
5428|2|4899|07/01/2024 11:56:45||7395|528500248|558828752
5372|2|8762|07/01/2024 06:27:21||27159|880012032|1241743296
5413|2|5955|07/01/2024 10:44:30||11730|823554712|1003402632
5392|2|5828|07/01/2024 08:19:27||20433|6392223984|7309277312
5407|2|7009|07/01/2024 09:46:13||15227|18567992|25824272
5338|2|8784|07/01/2024 03:00:21||39579|15945217600|20213646048
5422|2|9647|07/01/2024 11:17:47||9733|3669875064|3961629080
5380|2|8773|07/01/2024 07:00:05||25195|1417681568|1525945696
5294|2|7593|06/01/2024 23:12:34||53246|48371979784|97987955824
5308|2|8211|07/01/2024 00:26:36||48804|2724325080|2854946760
5453|2|6871|07/01/2024 13:57:33||147|176022112|192336176
5398|2|4059|07/01/2024 09:00:34||17966|411094400|457439168
5429|2|6766|07/01/2024 11:57:06||7374|1896673920|2581908960
5339|2|5168|07/01/2024 03:00:10||39590|14356853776|17987937944
5333|2|6137|07/01/2024 02:34:00||41160|19824352120|20700193488
5341|2|7189|07/01/2024 03:17:08||38572|77329210480|182852193512
5393|2|7329|07/01/2024 08:18:33||20487|10024745872|13859619280
5274|2|4300|06/01/2024 20:32:06||62874|130196890640|255021705464
5430|2|8958|07/01/2024 11:58:22||7298|2990298672|3314259496
5425|2|4131|07/01/2024 11:29:33||9027|58937792|69462840
5414|2|4843|07/01/2024 10:42:41||11839|17768212264|36759333872
5350|2|8244|07/01/2024 03:53:55||36365|3875764448|5201603768
5448|2|6619|07/01/2024 13:22:01||2279|73328024|95444520
5342|2|4487|07/01/2024 03:15:25||38675|7038441912|7229712776
5412|2|5506|07/01/2024 10:33:18||12402|1545126720|1825758640
5441|2|9797|07/01/2024 13:03:21||3399|582090928|598191232
5444|2|8944|07/01/2024 13:15:07||2693|1121807424|1290623904
5389|2|8333|07/01/2024 07:56:32||21808|4592365696|4713514768
5383|2|7804|07/01/2024 07:13:37||24383|3650767960|3661717424
5454|2|7962|07/01/2024 13:56:06||234|10484376|15256856
5455|2|8153|07/01/2024 13:54:39||321|267398064|393657936
5445|2|5151|07/01/2024 13:13:36||2784|6167131936|14955091728
5394|2|6733|07/01/2024 08:17:10||20570|3748135240|3862593256
5360|2|6669|07/01/2024 04:40:40||33560|5002731024|7473689424
5364|2|6648|07/01/2024 05:11:19||31721|5808781896|6739871000
5267|2|7726|06/01/2024 20:02:08||64672|22177683960|31182540216
