IdSession|IdPSX|IdSubscriber|StartSession|EndSession|Duartion|UpTx|DownTx
12153|0|4023|06/01/2024 09:13:07||63413|117922511576|230027939192
12241|0|3800|06/01/2024 21:29:37||19223|529841360|683521864
12213|0|4084|06/01/2024 16:38:50||36670|70699550800|172730714848
12205|0|7146|06/01/2024 15:54:35||39325|2920421752|3438446320
12232|0|6422|06/01/2024 20:04:57||24303|6229470712|6539455352
12183|0|6118|06/01/2024 13:03:16||49604|10493489952|12373357904
12273|0|8257|07/01/2024 01:49:56||3604|1423089360|1909491776
12243|0|4795|06/01/2024 21:48:25||18095|46456363224|116718434872
12268|0|6055|07/01/2024 00:51:48||7092|300031056|415951888
12227|0|5578|06/01/2024 19:12:47||27433|1917138488|2645154824
12209|0|7582|06/01/2024 16:10:47||38353|12630975040|16937838264
12274|0|9130|07/01/2024 01:46:43||3797|457188304|520181192
12206|0|4623|06/01/2024 15:57:50||39130|6295408096|7699946016
12235|0|5654|06/01/2024 20:20:04||23396|4256016176|6155742968
12220|0|7571|06/01/2024 18:16:46||30794|2324817392|3442753104
12168|0|3857|06/01/2024 11:11:26||56314|35336969776|89369544296
12182|0|4614|06/01/2024 12:58:40|07/01/2024 02:44:04|49524|19130385992|20936975672
12284|0|7886|07/01/2024 02:32:59||1021|244722752|293515024
12270|0|8259|07/01/2024 01:17:18||5562|608628128|880631440
12202|0|7286|06/01/2024 15:49:01||39659|32581484816|72423736544
12281|0|9755|07/01/2024 02:20:45||1755|111302544|126118736
12218|0|7466|06/01/2024 17:46:08||32632|4339976376|4840115656
12248|0|7756|06/01/2024 22:26:36||15804|22056024272|63232210760
12239|0|4690|06/01/2024 21:07:01||20579|3594667888|4252570536
12203|0|7352|06/01/2024 15:49:53||39607|22971771856|30284254472
12260|0|4335|07/01/2024 00:19:55||9005|752061544|1104064480
12161|0|6819|06/01/2024 10:15:48||59652|4006901864|4730660000
12278|0|6050|07/01/2024 02:02:30||2850|3553073920|8891879160
12244|0|4927|06/01/2024 21:45:50||18250|5696283160|7048193944
12279|0|4679|07/01/2024 02:03:40||2780|1566720544|2027181552
12285|0|4364|07/01/2024 02:39:50||610|69896544|104759848
12262|0|8408|07/01/2024 00:22:30||8850|303806296|346357736
12228|0|8126|06/01/2024 19:14:16||27344|10090414768|10778779992
12275|0|8706|07/01/2024 01:46:00||3840|565061048|723248296
12282|0|8989|07/01/2024 02:29:46||1214|131696480|144016208
12261|0|9846|07/01/2024 00:15:05||9295|4243474256|5556440056
12283|0|8227|07/01/2024 02:23:32||1588|121425888|141880856
12250|0|4524|06/01/2024 22:32:03||15477|449145592|541718264
12236|0|5742|06/01/2024 20:31:44||22696|13839915360|16784805008
12257|0|7331|06/01/2024 23:55:08||10492|263519056|300249728
12252|0|8233|06/01/2024 23:00:01||13799|3451514360|5152656808
12276|0|7301|07/01/2024 01:58:15||3105|336153440|424552312
12269|0|8888|07/01/2024 01:00:53||6547|1094993144|1355572376
12214|0|4426|06/01/2024 16:50:51||35949|2121846048|2290922712
12277|0|5059|07/01/2024 01:51:37||3503|38010072|49931568
12256|0|6907|06/01/2024 23:48:38||10882|300477880|368435080
12192|0|8343|06/01/2024 14:36:40||44000|8696628040|12474243000
12263|0|9944|07/01/2024 00:33:59||8161|798510960|868201832
12251|0|7202|06/01/2024 22:41:09||14931|4211687440|5088713128
12240|0|8767|06/01/2024 21:02:35||20845|10585847424|14901586096
12156|0|9705|06/01/2024 09:23:13||62807|131242962216|270531248696
12159|0|4045|06/01/2024 09:47:44||61336|851397848|1215793064
12253|0|8093|06/01/2024 23:19:14||12646|3042162960|3290506072
12264|0|9596|07/01/2024 00:34:50||8110|3418244400|3709049832
12242|0|5279|06/01/2024 21:32:45||19035|1432812480|1797267272
12198|0|5969|06/01/2024 15:27:37||40943|64326522192|170268784248
12224|0|8133|06/01/2024 18:43:28||29192|1555420616|1649078560
12245|0|8786|06/01/2024 21:55:36||17664|1339173608|1580771000
12265|0|6301|07/01/2024 00:35:10||8090|1268952864|1536420864
12222|0|4607|06/01/2024 18:35:46||29654|15400012848|16505984368
12225|0|9412|06/01/2024 18:46:13||29027|5823673048|6303516000
12219|0|9194|06/01/2024 18:07:49||31331|8579229712|9622234200
12280|0|7915|07/01/2024 02:16:42||1998|265875888|294929968
12230|0|5365|06/01/2024 19:11:32||27508|232551624|288448992
12234|0|5849|06/01/2024 20:12:53||23827|11809576296|12867008368
12238|0|8840|06/01/2024 20:45:31||21869|7514755576|10064662184
12204|0|8244|06/01/2024 15:44:23||39937|3981262720|4014803744
12221|0|4779|06/01/2024 18:26:13||30227|934439640|1284008208
12233|0|6276|06/01/2024 20:07:18||24162|7167240104|7826442424
12146|0|3848|06/01/2024 08:23:38||66382|23439124808|31178415496
12199|0|4456|06/01/2024 15:26:25||41015|16284141608|22101104656
12226|0|8726|06/01/2024 18:40:47||29353|13584169152|15985564912
12211|0|5973|06/01/2024 16:10:50||38350|103663788032|281858931064
12266|0|8944|07/01/2024 00:33:12||8208|1378187616|1449917496
12254|0|9576|06/01/2024 23:15:18||12882|9995848664|10930679680
12258|0|6036|07/01/2024 00:01:25||10115|26771683824|71831035712
12201|0|6466|06/01/2024 15:30:51||40749|4728030632|5737855232
12197|0|7048|06/01/2024 14:58:15||42705|20241615656|24871206112
12271|0|4228|07/01/2024 01:17:08||5572|9245987616|17379253056
12259|0|7962|07/01/2024 00:07:38||9742|199828808|205573960
12246|0|3939|06/01/2024 22:09:38||16822|2106205168|2350297520
12247|0|9657|06/01/2024 22:13:35||16585|6616652784|8114648328
12212|0|4737|06/01/2024 16:14:43||38117|13674300424|19746310528
12267|0|7749|07/01/2024 00:43:29||7591|26533665544|56539009264
12272|0|6813|07/01/2024 01:36:37||4403|1223128944|1677837896
12188|0|6271|06/01/2024 13:56:02||46438|6769929368|9176657472
12231|0|6713|06/01/2024 19:53:14||25006|6074548888|7991464096
