IdSession|IdPSX|IdSubscriber|StartSession|EndSession|Duartion|UpTx|DownTx
11073|0|7844|01/01/2024 02:44:36||3924|334215040|345564888
11067|0|5574|01/01/2024 02:20:57||5343|1845428040|2514288472
10953|0|4792|31/12/2023 13:02:01||53279|14346619392|18698687064
10955|0|6307|31/12/2023 20:44:56||25504|644104552|662216120
3715|0|3800|31/12/2023 15:54:27||42933|6632081496|6882455688
10956|0|4084|31/12/2023 12:49:11||54049|155761015296|334037113752
9271|0|6422|31/12/2023 15:18:34||45086|13837284704|20702578600
10957|0|6972|31/12/2023 13:59:14||49846|11140229832|13298182256
11065|0|6118|01/01/2024 02:14:13||5747|1151066368|1457301112
11079|0|7768|01/01/2024 03:29:29||1231|3886373488|7780007152
10960|0|8865|31/12/2023 19:43:20||29200|780817032|942658416
11058|0|5265|01/01/2024 01:38:03||7917|4994671048|5325719584
10962|0|4442|31/12/2023 22:50:23|01/01/2024 03:40:29|17406|2868671784|4114324488
11082|0|4442|01/01/2024 03:41:04||536|37930528|45303080
9277|0|8378|31/12/2023 23:27:31||15749|1025290056|1426799216
9278|0|9686|31/12/2023 12:26:44||55396|79858481040|196908796064
11050|0|8257|01/01/2024 00:37:14||11566|1604821568|2299855952
10964|0|5931|31/12/2023 21:51:12||21528|1425366312|1639928592
10965|0|9641|31/12/2023 14:33:12||47808|10818565608|14101868760
10966|0|4431|31/12/2023 15:38:27||43893|11239406136|12244734464
10967|0|6055|31/12/2023 15:37:01||43979|12226469696|15151033864
11054|0|8612|01/01/2024 01:13:03||9417|4773561816|5017230280
9283|0|8119|31/12/2023 16:51:15||39525|6201854504|6437223424
3728|0|7565|31/12/2023 15:06:06||45834|90191797048|201838669632
11068|0|7339|01/01/2024 02:22:04||5276|199905008|264774032
11056|0|7571|01/01/2024 01:29:00||8460|282411320|377780240
11061|0|7707|01/01/2024 01:50:43||7157|642480728|807463896
10976|0|7855|31/12/2023 12:20:47||55753|5972130776|8507978464
10977|0|9005|31/12/2023 22:04:10||20750|3703438072|4962147552
11074|0|5457|01/01/2024 03:08:18||2502|97246368|121106056
9307|0|6941|31/12/2023 16:52:19||39461|1426528824|2135979064
11080|0|7286|01/01/2024 03:38:59||661|617105128|1241485704
11047|0|9755|01/01/2024 00:19:22||12638|1680660648|1703777776
3743|0|7474|31/12/2023 23:02:57||17223|4906590480|6291498104
9309|0|4725|31/12/2023 14:41:00||47340|2611131752|2782657472
9317|0|4335|31/12/2023 16:51:25||39515|9801002016|14314966504
10986|0|9695|31/12/2023 14:23:30|01/01/2024 03:49:22|48352|91040652160|229556537336
11083|0|9695|01/01/2024 03:49:45||15|23710912|63375104
10987|0|4927|31/12/2023 20:54:12||24948|16657323408|22718920656
11064|0|9209|01/01/2024 02:09:48||6012|875052928|1109564632
9325|0|6097|31/12/2023 23:10:50||16750|14522432784|16136225728
10990|0|8538|31/12/2023 12:26:52||55388|133203565760|266811533264
10992|0|7264|31/12/2023 15:32:57||44223|26751179424|28771577792
11059|0|8178|01/01/2024 01:37:01||7979|1129521072|1261062112
10994|0|8495|31/12/2023 21:17:32||23548|5682980336|7215334840
3767|0|8706|31/12/2023 16:59:18||39042|2361805816|2679838024
11069|0|8989|01/01/2024 02:26:21||5019|1153106104|1487714656
10996|0|9846|31/12/2023 16:44:30||39930|21495536512|22800772824
11084|0|4639|01/01/2024 03:45:20||280|620900432|1202001672
9332|0|8265|31/12/2023 20:09:40||27620|18070495464|21762002168
11001|0|7736|31/12/2023 14:00:46||49754|13190287944|13483850112
9333|0|5766|31/12/2023 14:49:08||46852|14359953360|18538408488
11081|0|8888|01/01/2024 03:34:00||960|146180048|202405120
11008|0|4426|31/12/2023 23:45:41||14659|1656300400|1699636624
9338|0|7663|31/12/2023 15:43:42||43578|11210710352|14853568880
11075|0|4472|01/01/2024 03:04:21||2739|643671424|664741040
9341|0|5059|31/12/2023 22:40:18||18582|1102597904|1576106592
11070|0|5609|01/01/2024 02:22:05||5275|4412562984|10229302376
11010|0|9944|31/12/2023 16:21:50||41290|6429522912|8842860288
9347|0|9722|31/12/2023 22:22:17||19663|4138187744|4472261256
11071|0|4192|01/01/2024 02:24:41||5119|182493400|231518072
11012|0|4366|31/12/2023 19:13:41||30979|5421448272|7724237592
11015|0|7194|31/12/2023 12:48:04||54116|106038892032|224046424552
11052|0|7283|01/01/2024 00:58:45||10275|1223709632|1267900600
11018|0|8093|31/12/2023 15:45:49||43451|5796730928|5957187320
11055|0|8332|01/01/2024 01:16:07||9233|4343530176|5251640352
11062|0|7519|01/01/2024 01:59:46||6614|6858587472|7564130056
9354|0|9596|31/12/2023 15:25:57||44643|21998259272|26969218728
11072|0|5579|01/01/2024 02:21:22||5318|110222896|126873848
9361|0|8133|31/12/2023 19:03:58||31562|306628024|421313608
11049|0|8786|01/01/2024 00:28:14||12106|317802272|449769864
9366|0|4131|31/12/2023 18:39:41||33019|333770304|415625808
9368|0|9194|31/12/2023 17:21:07||37733|8546365408|10681453728
11060|0|8846|01/01/2024 01:49:34||7226|15424832192|44213574280
9369|0|7066|31/12/2023 21:30:33||22767|874261816|949297168
11053|0|5849|01/01/2024 01:06:47||9793|4706701064|6246348936
9372|0|8244|31/12/2023 16:38:25||40295|3204417072|4066591640
11078|0|3848|01/01/2024 03:14:08||2152|686174896|749319680
11076|0|6458|01/01/2024 03:08:32||2488|8240902440|15490151328
11034|0|4173|31/12/2023 17:54:49||35711|10199413888|11487606864
11063|0|4456|01/01/2024 01:53:03||7017|4158118464|5462800784
11066|0|5506|01/01/2024 02:18:56||5464|223984864|253252704
9377|0|6203|31/12/2023 21:34:20||22540|1901987960|2311443248
3795|0|7418|31/12/2023 23:08:51||16869|3802227168|4516254456
11038|0|4758|31/12/2023 23:11:31||16709|3315534360|3550122312
9379|0|9576|31/12/2023 12:50:18||53982|31519063944|36154997520
9381|0|6036|31/12/2023 16:19:29||41431|160755023504|339686007368
11077|0|6329|01/01/2024 03:00:30||2970|120807360|139618048
11040|0|4756|31/12/2023 17:26:56||37384|12067134664|12242580552
9384|0|7962|31/12/2023 15:43:13||43607|2261146048|2800557456
11041|0|4737|31/12/2023 18:59:16||31844|8188527568|10722932168
11048|0|7666|01/01/2024 00:13:53||12967|1057024728|1543932120
9392|0|7749|31/12/2023 19:18:32||30688|103815319384|227344845720
9393|0|5077|31/12/2023 15:54:02||42958|9962946416|10479830936
9394|0|6813|31/12/2023 16:07:40|01/01/2024 03:44:52|41832|9181476880|12711694264
11043|0|6271|31/12/2023 15:17:20||45160|6901605568|9450510176
11044|0|6713|31/12/2023 20:54:24||24936|6796662752|7944760344
