IdSession|IdPSX|IdSubscriber|StartSession|EndSession|Duartion|UpTx|DownTx
4827|2|6906|05/01/2024 01:56:16||29024|1147494312|1186290400
4761|2|7161|04/01/2024 20:08:26||49894|34337305528|51336015800
4874|2|8998|05/01/2024 07:38:42||8478|2603156944|3132894832
4838|2|4293|05/01/2024 03:21:59||23881|1687110176|2276438232
4818|2|3995|05/01/2024 01:37:05||30175|1528370192|1582158536
4794|2|6208|04/01/2024 23:00:11||39589|11388206104|16245470840
4898|2|5928|05/01/2024 09:37:20||1360|72900296|87962048
4778|2|9885|04/01/2024 21:58:48||43272|2787065248|2962305344
4774|2|5931|04/01/2024 21:17:39||45741|4290220960|4601637392
4869|2|9718|05/01/2024 07:17:25||9755|3811295616|4956160728
4813|2|8053|05/01/2024 01:15:47||31453|4297536272|4872954728
4847|2|4207|05/01/2024 04:06:44||21196|21788482624|23362905720
4807|2|6055|05/01/2024 00:20:24||34776|1934201112|2396003144
4812|2|9601|05/01/2024 00:50:03||32997|15873511328|23559597520
4877|2|6861|05/01/2024 07:50:09||7791|925278144|1242355208
4882|2|6617|05/01/2024 08:17:19||6161|3130549936|3900772992
4890|2|4623|05/01/2024 08:58:12||3708|654228080|886515024
4734|2|7493|04/01/2024 17:06:58||60782|1709005560|2052525288
4763|2|7513|04/01/2024 20:05:31||50069|91847676528|240968335088
4899|2|6315|05/01/2024 09:35:06||1494|-16565800|-22050520
4870|2|6646|05/01/2024 07:15:59||9841|4973406496|6923413992
4875|2|8417|05/01/2024 07:37:50||8530|623919816|782573688
4863|2|5570|05/01/2024 06:34:39||12321|1290136200|1688920536
4832|2|7842|05/01/2024 02:25:06||27294|1258317504|1494141216
4840|2|6518|05/01/2024 03:27:34||23546|1998164584|2645910560
4891|2|7707|05/01/2024 08:58:41||3679|416171984|573189616
4751|2|7065|04/01/2024 19:07:00||53580|11811127808|15711561560
4787|2|6162|04/01/2024 22:13:55||42365|9829203768|10204910728
4823|2|9005|05/01/2024 01:41:17||29923|7049376088|8225231088
4857|2|4008|05/01/2024 06:03:40||14180|6496076688|9060696376
4883|2|8624|05/01/2024 08:19:03||6057|3243501520|3435647704
4767|2|7474|04/01/2024 20:18:19||49301|10563753152|12769957088
4824|2|4725|05/01/2024 01:46:49||29591|2339096120|2393473392
4806|2|6091|05/01/2024 00:18:50||34870|1212220608|1213540816
4900|2|7861|05/01/2024 09:34:44||1516|118171304|132015552
4893|2|9878|05/01/2024 09:25:43||2057|190548096|221118328
4859|2|9023|05/01/2024 06:29:43||12617|12621931240|17422427952
4894|2|4603|05/01/2024 09:26:54||1986|21413072|22625192
4892|2|8423|05/01/2024 09:05:19||3281|9288634288|21144733800
4867|2|4355|05/01/2024 07:00:45||10755|397022368|401662632
4802|2|6789|04/01/2024 23:42:10||37070|2014720704|2671467000
4775|2|8841|04/01/2024 21:14:20||45940|100504591728|221240793648
4886|2|9733|05/01/2024 08:37:00||4980|748258808|896681584
4825|2|6243|05/01/2024 01:45:01||29699|424071048|609927680
4826|2|9723|05/01/2024 01:42:05||29875|2571382816|2702704160
4884|2|7587|05/01/2024 08:17:37||6143|305600968|320616688
4779|2|4273|04/01/2024 21:54:14||43546|119008917384|248946258400
4888|2|9056|05/01/2024 08:44:58||4502|1157536048|1454806408
4748|2|6705|04/01/2024 18:43:38||54982|16665138144|19477949112
4758|2|8638|04/01/2024 19:40:59||51541|10711494240|11652071280
4799|2|4885|04/01/2024 23:33:42||37578|5120470704|6180427152
4752|2|7987|04/01/2024 19:09:51||53409|3922402048|5783204104
4808|2|6065|05/01/2024 00:29:29||34231|21284478328|22142407304
4879|2|9997|05/01/2024 08:04:12||6948|1482418152|1868300784
4845|2|5354|05/01/2024 03:50:43||22157|3154606800|4602754216
4765|2|8495|04/01/2024 20:09:40||49820|9050061696|9960438752
4901|2|8706|05/01/2024 09:48:34||686|22962192|29991712
4860|2|8651|05/01/2024 06:24:48||12912|2053023272|2123821928
4828|2|9428|05/01/2024 01:54:59||29101|7502263288|10347213936
4793|2|8454|04/01/2024 22:42:47||40633|10379988952|13608703392
4749|2|4524|04/01/2024 18:42:48|05/01/2024 09:57:50|54902|823364480|1115846880
4887|2|4941|05/01/2024 08:35:31||5069|819490960|1211783792
4849|2|8265|05/01/2024 04:11:57||20883|11749263464|12122214560
4895|2|9057|05/01/2024 09:25:11||2089|6278220848|14475282328
4876|2|8233|05/01/2024 07:32:25||8855|81973024|88798224
4753|2|8616|04/01/2024 19:11:15||53325|17483020368|23066810688
4789|2|3904|04/01/2024 22:12:18||42462|99750534064|273875020056
4844|2|7757|05/01/2024 03:44:20||22540|7163542888|8721646320
4800|2|8290|04/01/2024 23:32:23||37657|1875848952|2159787744
4745|2|5955|04/01/2024 18:38:43||55277|4807288456|5264086424
4819|2|5828|05/01/2024 01:37:56||30124|8014560016|8178007304
4843|2|7009|05/01/2024 03:24:33||23727|563312024|667083176
4871|2|7156|05/01/2024 07:12:25||10055|2080879856|2282339296
4889|2|6244|05/01/2024 08:46:15||4425|14931280|15093216
4856|2|4366|05/01/2024 05:56:22||14618|2071187008|2767089768
4798|2|9647|04/01/2024 23:23:40||38180|11592184656|11644462656
4773|2|9705|04/01/2024 20:54:20||47140|94415009936|223046552576
4833|2|9345|05/01/2024 02:28:23||27097|1792290504|1945551096
4858|2|8724|05/01/2024 06:10:32||13768|5064119936|7205888312
4865|2|6745|05/01/2024 06:42:12||11868|6504123480|8246640608
4872|2|4547|05/01/2024 07:28:41||9079|604889464|744908776
4861|2|6652|05/01/2024 06:28:58||12662|2025686840|2827814200
4815|2|4080|05/01/2024 01:18:10||31310|17363723088|19376745568
4854|2|4222|05/01/2024 05:17:54||16926|1439825504|2109830112
4837|2|7959|05/01/2024 02:51:32||25708|1355068288|1719894784
4783|2|6766|04/01/2024 22:04:32||42928|8622976320|12462910464
4878|2|9566|05/01/2024 07:57:06||7374|688215488|851591368
4866|2|8958|05/01/2024 06:56:23||11017|4617373864|6107388752
4896|2|7963|05/01/2024 09:29:05||1855|205480208|297889816
4855|2|9194|05/01/2024 05:17:25||16955|2721775368|3922421912
4790|2|7066|04/01/2024 22:26:19||41621|9534697936|11908490272
4881|2|4843|05/01/2024 08:03:01||7019|9697257232|23224656488
4816|2|4456|05/01/2024 01:14:20||31540|15156344896|16431061952
4885|2|4487|05/01/2024 08:27:07||5573|900684392|1067257760
4848|2|9797|05/01/2024 04:00:47||21553|5411686824|6112846712
4862|2|7418|05/01/2024 06:23:29||12991|2877090696|3392604152
4897|2|4758|05/01/2024 09:22:48||2232|419110232|501209152
4864|2|6719|05/01/2024 06:35:34||12266|8172527800|11629572216
4810|2|8333|05/01/2024 00:20:14||34786|2915705704|4087061816
4873|2|7804|05/01/2024 07:29:10||9050|1361449488|1451026984
4853|2|8153|05/01/2024 04:53:18||18402|2325555392|2461782640
4868|2|6669|05/01/2024 07:08:33||10287|903201696|983533240
4801|2|7726|04/01/2024 23:32:40||37640|16552266752|23525398104
