IdSession|IdPSX|IdSubscriber|StartSession|EndSession|Duartion|UpTx|DownTx
10334|1|9394|04/01/2024 02:34:51||16509|603383152|739659840
10221|1|7844|03/01/2024 17:23:08||49612|6630660656|7751721248
10224|1|5574|03/01/2024 17:37:41||48739|15698495456|22756308256
10279|1|8532|03/01/2024 22:42:19||30461|5804773800|8097532912
10148|1|4855|03/01/2024 12:00:53|04/01/2024 07:04:40|68627|26708677928|28159175984
10388|1|4855|04/01/2024 07:04:57||303|190998144|197024104
10259|1|4792|03/01/2024 21:19:32||35428|4018474176|5797985152
10376|1|4436|04/01/2024 05:52:16||4664|747287000|902816984
10243|1|6307|03/01/2024 19:53:42||40578|1743976008|2528183224
10351|1|8998|04/01/2024 03:57:39||11541|3446304936|3676437960
10263|1|4084|03/01/2024 21:34:13||34547|79096346216|177795690304
10306|1|6972|04/01/2024 00:42:42||23238|7430660880|10021235704
10335|1|7768|04/01/2024 02:39:45||16215|34546269280|65840619880
10384|1|5928|04/01/2024 06:15:11||3289|688019664|951208552
10250|1|8865|03/01/2024 20:14:17||39343|1647421752|1740745152
10389|1|7098|04/01/2024 07:07:37||143|15996056|17711456
10377|1|7127|04/01/2024 05:55:28||4472|736561280|855443704
10323|1|8378|04/01/2024 01:59:34||18626|1543559432|1690578832
10214|1|5202|03/01/2024 16:49:16||51644|4145065256|4634576680
10355|1|8257|04/01/2024 04:01:53||11287|4976094880|7296758224
10261|1|4431|03/01/2024 21:14:36||35724|8327544792|11086743776
10367|1|5578|04/01/2024 05:31:09||5931|249703416|262498104
10149|1|7582|03/01/2024 12:03:04||68816|21939726688|25353762032
10348|1|8119|04/01/2024 03:25:43||13457|1750558488|2483934856
10361|1|6149|04/01/2024 04:31:00||9540|599733160|832946888
10256|1|7007|03/01/2024 20:58:26||36694|21270554400|27110563104
10239|1|9130|03/01/2024 19:19:45||42615|3273863776|3919097920
10252|1|6861|03/01/2024 20:37:09||37971|9744843120|13961258336
10329|1|7170|04/01/2024 02:28:28||16892|311475368|336346856
10378|1|7565|04/01/2024 05:54:49||4511|7461700056|16578913824
10356|1|6905|04/01/2024 04:00:19||11381|6128593224|6996337488
10298|1|4337|04/01/2024 00:12:04||25076|3366867392|4997029112
10369|1|5534|04/01/2024 05:45:41||5059|832301096|857212768
10387|1|9967|04/01/2024 06:43:55||1565|754991016|784806040
10313|1|6570|04/01/2024 01:00:02||22198|556308760|654213984
10156|1|4769|03/01/2024 12:33:11||67009|19384166576|20550738920
10385|1|7855|04/01/2024 06:14:45||3315|524294520|611627088
10353|1|7886|04/01/2024 03:58:30||11490|2285807704|3204426088
10310|1|8259|04/01/2024 00:50:26||22774|3603484640|3821444144
10379|1|6269|04/01/2024 05:50:59||4741|11843810072|34717908800
10291|1|7651|03/01/2024 23:28:31||27689|76159405536|144966747440
10380|1|5457|04/01/2024 05:59:40||4220|1551600456|1565968632
10324|1|6941|04/01/2024 01:56:55||18785|580263296|621939104
10390|1|7286|04/01/2024 07:01:41||499|360077960|845705376
10346|1|7221|04/01/2024 03:13:43||14177|3648585400|3875437632
10222|1|4725|03/01/2024 17:27:07||49373|4226360872|6084082416
10265|1|4011|03/01/2024 21:41:53||34087|2019718776|2545485120
10339|1|6851|04/01/2024 02:43:51||15969|773119280|1107228712
10254|1|9554|03/01/2024 20:32:00||38280|4595738992|6162775664
10362|1|4690|04/01/2024 04:38:08||9112|1164032856|1311690472
10234|1|8165|03/01/2024 18:42:32||44848|1559965224|2298702064
10299|1|7352|04/01/2024 00:12:08||25072|4837016536|6289418880
10209|1|9023|03/01/2024 16:37:07||52373|24120210096|25461397816
10336|1|4335|04/01/2024 02:34:18||16542|6149676760|8858539648
10245|1|6819|03/01/2024 20:05:36||39864|2175782272|2450831304
10311|1|9737|04/01/2024 00:58:32||22288|11833478104|15849919856
10325|1|5972|04/01/2024 01:59:40||18620|3710649680|3927737344
10277|1|8841|03/01/2024 22:32:13||31067|40430282920|110958054472
10386|1|4679|04/01/2024 06:12:31||3449|1016617288|1516755864
10383|1|6126|04/01/2024 06:06:38||3802|1630152088|2065369408
10326|1|9056|04/01/2024 02:04:19||18341|6649494288|7336885768
10190|1|8555|03/01/2024 15:08:57||57663|5141881432|5154281016
10267|1|6097|03/01/2024 21:49:35||33625|12039416816|13385206208
10193|1|9223|03/01/2024 15:14:02||57358|22181953216|28961526488
10246|1|3830|03/01/2024 20:00:32||40168|9151131800|12736597848
10247|1|6065|03/01/2024 20:09:50||39610|28945352168|35716844160
10341|1|8408|04/01/2024 03:06:57||14583|5713198456|6973877120
10308|1|8495|04/01/2024 00:48:40||22880|1451372352|1950501872
10304|1|8989|04/01/2024 00:33:35||23785|5261900952|6398527760
10349|1|9846|04/01/2024 03:34:31||12929|5430675896|5547268368
10354|1|7335|04/01/2024 03:50:30||11970|4289070920|4882670560
10301|1|4639|04/01/2024 00:24:43||24317|46292923624|99936128736
10350|1|4524|04/01/2024 03:31:13||13127|324472520|420720680
10305|1|7331|04/01/2024 00:37:36||23544|2035347840|2432122200
10370|1|8233|04/01/2024 05:42:57||5223|1533758192|1613753832
10358|1|5766|04/01/2024 04:14:34||10526|5098367472|6691495304
10161|1|7301|03/01/2024 13:01:08||65332|3702585560|4344533128
10229|1|6989|03/01/2024 18:28:30||45690|3869468536|5565784112
10330|1|8762|04/01/2024 02:27:10||16970|73151128|85158224
10365|1|8829|04/01/2024 04:56:11||8029|295773752|363665256
10284|1|4472|03/01/2024 23:07:39||28941|15931286008|22442385728
10262|1|7009|03/01/2024 21:28:41||34879|84699440|126415560
10287|1|7712|03/01/2024 23:15:32||28468|22494142408|28783674976
10320|1|8343|04/01/2024 01:22:37||20843|10506319000|11387563952
10244|1|9944|03/01/2024 19:52:18||40662|6319049744|8832945952
10236|1|4366|03/01/2024 18:46:35||44605|7591579312|8844969368
10371|1|9111|04/01/2024 05:48:18||4902|1688968360|1706710912
10272|1|6935|03/01/2024 22:13:57||32163|6472452856|7992461104
10357|1|8767|04/01/2024 04:08:54||10866|7239085696|8035258176
10283|1|9705|03/01/2024 22:55:28||29672|52226197112|136759758208
10381|1|8773|04/01/2024 05:52:55||4625|848613440|894269728
10285|1|8724|03/01/2024 23:02:32||29248|10457650728|11445685144
10281|1|5668|03/01/2024 22:43:41||30379|23972754664|52403098344
10331|1|9139|04/01/2024 02:23:08||17212|1088557280|1475624384
10372|1|5579|04/01/2024 05:44:50||5110|134073528|183047152
10366|1|8211|04/01/2024 04:53:53||8167|954131744|1054112192
10337|1|5279|04/01/2024 02:37:45||16335|478319288|513794704
10332|1|6871|04/01/2024 02:24:49||17111|14165292488|14406667976
10230|1|9122|03/01/2024 18:25:05||45895|95762053200|210517317360
10382|1|4059|04/01/2024 05:55:33||4467|467281792|467730504
10343|1|7261|04/01/2024 03:03:35||14785|2203930744|2939631664
10363|1|8786|04/01/2024 04:45:02||8698|601373136|792894904
10268|1|5912|03/01/2024 21:47:33||33747|3927086936|5254960936
10204|1|6371|03/01/2024 16:19:44||53416|608264808|625498248
10196|1|8492|03/01/2024 15:26:38||56602|164448849080|394906319672
10368|1|7329|04/01/2024 05:30:40||5960|824907056|888244296
10316|1|4607|04/01/2024 01:18:52||21068|5567930840|8181620824
10338|1|9412|04/01/2024 02:33:57||16563|3446368496|4151237272
10192|1|5365|03/01/2024 15:04:27||57933|4843771832|5332832744
10340|1|5849|04/01/2024 02:43:06||16014|457674216|464187456
10373|1|8840|04/01/2024 05:44:06||5154|749048456|1064314392
10374|1|8244|04/01/2024 05:42:03||5277|666136528|746145472
10255|1|6276|03/01/2024 20:38:39||37881|9265788320|10607287384
10359|1|3848|04/01/2024 04:22:24||10056|5892791848|7899654344
10360|1|4173|04/01/2024 04:26:43||9797|1894620712|2372920312
10146|1|4456|03/01/2024 11:34:23|04/01/2024 07:03:26|70143|15455542264|18514434968
10176|1|8685|03/01/2024 14:00:26||61774|461891736|612015984
10345|1|9797|04/01/2024 03:08:22||14498|3590020000|4838761456
10295|1|6203|03/01/2024 23:46:55||26585|1151019528|1479424656
10202|1|4758|03/01/2024 16:03:47||54373|11447055944|13080450896
10288|1|9576|03/01/2024 23:15:45||28455|19987285792|24745793480
10317|1|4331|04/01/2024 01:19:41||21019|2296168056|2791254080
10273|1|7119|03/01/2024 22:12:32||32248|11536407496|13281740384
10297|1|3939|04/01/2024 00:01:01||25739|2601300960|3394020416
10194|1|9657|03/01/2024 15:16:19||57221|34016876096|37122050984
10233|1|4737|03/01/2024 18:37:42|04/01/2024 07:00:27|44565|19103566032|23620317272
10289|1|6733|03/01/2024 23:18:57||28263|3556921048|3599683640
10328|1|8426|04/01/2024 02:09:27||18033|5653546080|5733056640
10249|1|7666|03/01/2024 20:03:58||39962|5118622592|7175445800
10375|1|7749|04/01/2024 05:49:39||4821|14990013368|30135336824
10275|1|6713|03/01/2024 22:26:09||31431|13132196544|13419720832
