IdSession|IdPSX|IdSubscriber|StartSession|EndSession|Duartion|UpTx|DownTx
11160|1|7844|06/01/2024 18:39:35||31825|3391443848|3556091080
11267|1|4187|07/01/2024 01:55:56||5644|240752832|272491632
11185|1|5574|06/01/2024 19:54:06||27354|8281282768|11678299640
11211|1|8532|06/01/2024 22:05:47||19453|3699115504|4360662128
11161|1|4855|06/01/2024 18:31:31||32309|23968838024|28937204632
11116|1|5548|06/01/2024 14:47:48||45732|14793815368|18740898088
11194|1|4436|06/01/2024 20:24:20||25540|3413516384|4911216816
11170|1|6307|06/01/2024 19:05:44||30256|4268318488|4958052008
11123|1|7161|06/01/2024 15:16:13||44027|34646000448|39990603384
11254|1|8998|07/01/2024 00:52:50||9430|1173601344|1236077408
11275|1|4293|07/01/2024 02:35:59||3241|178964216|263822528
11280|1|7146|07/01/2024 02:57:48||1932|232144872|236660016
11271|1|7768|07/01/2024 02:25:43||3857|7198281160|13584918304
11118|1|5493|06/01/2024 15:03:27||44793|14602927624|18182759432
11143|1|7127|06/01/2024 16:58:28||37892|6981496728|7663411576
11135|1|5265|06/01/2024 16:12:40||40640|9792453712|14310326392
11220|1|4442|06/01/2024 22:29:47||18013|2439227448|2821058304
11178|1|8378|06/01/2024 19:26:59||28981|5531961680|7987891088
11257|1|5202|07/01/2024 01:04:11||8749|2250961104|2866460104
11114|1|5931|06/01/2024 14:32:56||46624|3135727016|3861763184
11276|1|4431|07/01/2024 02:36:09||3231|974704896|1207891816
11148|1|8612|06/01/2024 17:47:07||34973|9013160064|13271750024
11250|1|8119|07/01/2024 00:34:57||10503|364987608|445336184
11238|1|9840|06/01/2024 23:45:28||13472|2302413440|2770841080
11278|1|6861|07/01/2024 02:49:54||2406|211717040|304002600
11109|1|7170|06/01/2024 14:10:43||47957|4936274176|5560674696
11247|1|4992|07/01/2024 00:24:37||11123|1556679136|1642548936
11191|1|6968|06/01/2024 20:12:30||26250|1647840240|2275186368
11079|1|6213|06/01/2024 11:53:42||56178|7630282312|7910766344
11186|1|8606|06/01/2024 19:53:52||27368|7652694104|10785913952
11244|1|4880|07/01/2024 00:08:56||12064|1506252920|2075945872
11171|1|7715|06/01/2024 19:01:19||30521|748097976|1084867800
11248|1|6905|07/01/2024 00:21:16||11324|844654232|1105218752
11078|1|9739|06/01/2024 11:44:32||56728|4163240928|4576781592
11217|1|7339|06/01/2024 22:12:48|07/01/2024 03:25:09|18741|2229037504|2520727720
11119|1|8739|06/01/2024 15:00:31||44969|93548732520|229238176112
11222|1|4337|06/01/2024 22:21:56||18484|7448141936|9816552128
11120|1|8130|06/01/2024 15:03:40||44780|4583275328|4620193264
11189|1|6646|06/01/2024 20:01:22||26918|9389792592|10149172936
11227|1|5086|06/01/2024 22:41:11||17329|3380923040|4784155864
11140|1|8417|06/01/2024 16:42:20||38860|4835075664|6015705832
11146|1|5090|06/01/2024 17:35:55||35645|8238974176|11834506456
11097|1|5534|06/01/2024 12:55:01||52499|20993882520|23616136752
11283|1|3857|07/01/2024 03:13:06||1014|608891688|1755644008
11165|1|6518|06/01/2024 18:46:42||31398|3682499120|4908773312
11279|1|4614|07/01/2024 02:45:19||2681|670694528|896678760
11202|1|6570|06/01/2024 21:21:01||22139|199378224|254305200
11101|1|4769|06/01/2024 13:14:01||51359|13053657768|18234705656
11213|1|7855|06/01/2024 22:01:28||19712|663226592|793918640
11204|1|5457|06/01/2024 21:38:54||21066|1421690112|1543034112
11277|1|6941|07/01/2024 02:31:53||3487|48564992|49910952
11251|1|7221|07/01/2024 00:31:38||10702|806884800|1017527016
11272|1|4725|07/01/2024 02:22:59||4021|69264656|71544448
11282|1|6851|07/01/2024 03:08:04||1316|85248064|91107296
11223|1|4605|06/01/2024 22:20:03||18597|3436962256|4475690912
11035|1|8165|06/01/2024 08:47:39|07/01/2024 03:28:36|67257|3889818992|4245112808
11249|1|8423|07/01/2024 00:23:52||11168|32037883840|65451361504
11197|1|9737|06/01/2024 20:41:33||24507|12092822664|15450110336
11234|1|8841|06/01/2024 23:34:30||14130|31356478312|73269744448
11262|1|9695|07/01/2024 01:37:57||6723|16219836576|46987925512
11201|1|5316|06/01/2024 21:10:53||22747|2492349688|3428354896
11265|1|4273|07/01/2024 01:44:45||6315|23199087840|45689340800
11268|1|8880|07/01/2024 02:02:10||5270|2177993576|3021750536
11273|1|6097|07/01/2024 02:25:13||3887|494043728|597150256
11106|1|9223|06/01/2024 14:03:48||48372|17554643008|18978489768
11188|1|7264|06/01/2024 19:59:33||27027|8664443896|12228170048
11137|1|8178|06/01/2024 16:15:30||40470|3350233608|4756738576
11111|1|5354|06/01/2024 14:22:43||47237|4805002344|6401386264
11266|1|8495|07/01/2024 01:43:32||6388|1989259640|2655563544
11183|1|8519|06/01/2024 19:43:18||28002|4245167920|4619098408
11190|1|9776|06/01/2024 20:03:34||26786|13348345120|37754853376
11240|1|7335|06/01/2024 23:51:48||13092|9542519024|10757160024
11176|1|4639|06/01/2024 19:18:50||29470|42578375552|116407341944
11252|1|6731|07/01/2024 00:40:18||10182|25026639432|58573255328
11203|1|8265|06/01/2024 21:25:24||21876|2329368536|2700324136
11200|1|7736|06/01/2024 21:08:53||22867|13314514248|13644981056
11157|1|9083|06/01/2024 18:04:57||33903|380952992|396029288
11141|1|5766|06/01/2024 16:40:30||38970|18937663936|20258216128
11121|1|9805|06/01/2024 15:02:32||44848|7027473136|10360651416
11261|1|5886|07/01/2024 01:23:04||7616|3151123728|3954301016
11263|1|9831|07/01/2024 01:35:32||6868|2660092624|3875698088
11226|1|8768|06/01/2024 22:32:56||17824|6954213456|9038089176
11241|1|7663|06/01/2024 23:55:52||12848|3712217824|5300181448
11153|1|5955|06/01/2024 17:59:35||34225|1484970824|1939519808
11242|1|4472|06/01/2024 23:50:15||13185|2227520520|3311918848
11214|1|7009|06/01/2024 22:03:30||19590|140754304|143836968
11258|1|7712|07/01/2024 01:08:57||8463|5303397000|7102392408
11210|1|6848|06/01/2024 21:57:51||19929|3376513392|4976819024
11243|1|7480|06/01/2024 23:52:22||13058|34924234944|71027303152
11255|1|5609|07/01/2024 00:58:18||9102|6851353360|13148379160
11132|1|9722|06/01/2024 15:53:25||41795|3708624864|4296897680
11044|1|4192|06/01/2024 09:18:40||65480|14542075824|20165015760
11162|1|9111|06/01/2024 18:36:25||32015|21349709328|26876357440
11229|1|6935|06/01/2024 23:03:22||15998|6748151632|7167895008
11184|1|7194|06/01/2024 19:44:53||27907|47961766152|126335943984
11286|1|9705|07/01/2024 03:28:41||79|112618784|248969280
11068|1|7283|06/01/2024 10:50:01||59999|5507952200|7635722776
11105|1|8773|06/01/2024 13:54:06||48954|7012766064|7715103272
11274|1|8724|07/01/2024 02:29:02||3658|1962401408|2001658272
11112|1|6745|06/01/2024 14:22:24||47256|11900611272|12183026296
11270|1|9139|07/01/2024 02:16:49||4391|451039400|634802600
11256|1|8332|07/01/2024 00:55:42||9258|3969094056|4776379432
11287|1|7519|07/01/2024 03:21:20||520|117015064|140912904
11215|1|6652|06/01/2024 22:03:57||19563|4088166528|4555797168
11169|1|8350|06/01/2024 18:52:36||31044|9393651240|13415110032
11235|1|5579|06/01/2024 23:32:02||14278|1321217656|1405532880
11128|1|6871|06/01/2024 15:48:53||42067|36902941784|45824927704
11224|1|9122|06/01/2024 22:25:53||18247|39296886360|88651037368
11113|1|4059|06/01/2024 14:29:02||46858|1574578640|1659399080
11163|1|7959|06/01/2024 18:32:01||32279|10422002776|12613970192
11205|1|8628|06/01/2024 21:32:02||21478|5396766952|7941448016
11172|1|7261|06/01/2024 19:00:51||30549|1957796760|2383965328
11260|1|5912|07/01/2024 01:15:51||8049|3628968928|3755446128
11264|1|6371|07/01/2024 01:38:47||6673|85410616|115703656
11284|1|4607|07/01/2024 03:15:40||860|36101576|51275512
11117|1|9534|06/01/2024 14:54:45||45315|106586867256|318209552536
11193|1|7963|06/01/2024 20:10:51||26349|2666527512|3768075784
11129|1|4131|06/01/2024 15:43:21||42399|667488568|702789792
11246|1|8846|07/01/2024 00:12:48||11832|27014617560|70746519832
11259|1|7066|07/01/2024 01:04:59||8701|1849086512|2640348768
11281|1|6619|07/01/2024 02:57:58||1922|72185488|102999328
11110|1|4705|06/01/2024 14:11:35||47905|5768115712|7124856624
11218|1|6886|06/01/2024 22:11:44||19096|3917034552|4933892136
11253|1|4173|07/01/2024 00:45:37||9863|1114928640|1462568976
11087|1|8685|06/01/2024 12:11:12||55128|803342760|1097912136
11096|1|5506|06/01/2024 12:47:24||52956|6507831688|6786766256
11236|1|9797|06/01/2024 23:33:27||14193|1772847664|1794587080
11269|1|6203|07/01/2024 02:07:29||4951|592399864|880353080
11147|1|4758|06/01/2024 17:35:08||35692|4155848528|5957030560
11228|1|6719|06/01/2024 22:44:04||17156|6172289368|7101041936
11237|1|4756|06/01/2024 23:37:52||13928|3607779616|3942675248
11198|1|7119|06/01/2024 20:45:09||24291|18868552576|22926443784
11164|1|4586|06/01/2024 18:39:26||31834|1826603008|2000726008
11070|1|8153|06/01/2024 11:06:21||59019|31254328960|41644307784
11285|1|4737|07/01/2024 03:10:03||1197|158598328|197476376
11196|1|6733|06/01/2024 20:32:34||25046|4488345592|5559852760
11152|1|8426|06/01/2024 17:43:19||35201|15198360904|20942622400
11180|1|6669|06/01/2024 19:30:24||28776|3883556880|4952144208
11181|1|7666|06/01/2024 19:37:02||28378|2793111712|4131298256
11063|1|5077|06/01/2024 10:26:47||61393|10147919496|12321831608
11245|1|9377|07/01/2024 00:02:39||12441|61039796856|158104850848
11100|1|6565|06/01/2024 13:08:20||51700|945868848|1122381320
11206|1|9054|06/01/2024 21:34:08||21352|2478907096|3337246792
