IdSession|IdPSX|IdSubscriber|StartSession|EndSession|Duartion|UpTx|DownTx
16094|0|80035|03/01/2024 17:39:39||17421|2386920736|2602196064
16124|0|87799|03/01/2024 17:48:01||16919|1933856472|2729694720
14828|0|19040|03/01/2024 08:36:06||50034|14167286016|17210799432
16201|0|68512|03/01/2024 18:10:50||15550|948682776|1417746352
16508|0|85070|03/01/2024 20:23:31||7589|700688200|777836976
15136|0|77688|03/01/2024 10:40:19||42581|10830775440|12453999904
15484|0|50870|03/01/2024 13:19:36||33024|16274226224|19945680504
16457|0|62355|03/01/2024 20:03:53||8767|18850844496|35449259760
16020|0|74669|03/01/2024 17:06:47||19393|650759568|671154992
16433|0|82652|03/01/2024 19:56:46||9194|1771234904|2208033520
15937|0|59125|03/01/2024 16:37:57||21123|72374704|99295656
16156|0|18826|03/01/2024 17:56:23||16417|26626155584|59439754464
16396|0|77027|03/01/2024 19:39:47||10213|441773304|544008776
14463|0|75538|03/01/2024 06:07:32||58948|7115884472|8810625672
14244|0|43777|03/01/2024 04:35:09||64491|210065465328|391675925784
16306|0|79536|03/01/2024 18:52:26||13054|712841688|739916840
16671|0|42228|03/01/2024 21:34:27||3333|414880192|501036160
15754|0|90678|03/01/2024 15:10:53||26347|2875076488|3402693712
15439|0|38260|03/01/2024 12:57:10||34370|9855607968|13299961176
14525|0|59994|03/01/2024 06:39:12||57048|11049339376|14340133312
15409|0|22313|03/01/2024 12:40:45||35355|62724985336|184263101824
14990|0|36265|03/01/2024 09:44:32||45928|4856131616|5353741000
15677|0|56069|03/01/2024 14:43:45||27975|2042585608|3060579712
14804|0|35261|03/01/2024 08:27:37||50543|12651404264|13450874304
16125|0|8960|03/01/2024 17:48:57||16863|2863823016|3491018584
16567|0|59205|03/01/2024 20:53:44||5776|15734894432|35419360952
16434|0|4732|03/01/2024 19:56:46||9194|1423478352|2082325496
16509|0|73342|03/01/2024 20:26:18||7422|1201388376|1352344288
16595|0|13652|03/01/2024 21:09:05||4855|1318127096|1642977648
15219|0|45696|03/01/2024 11:24:19||39941|3014940392|3059657296
15365|0|17166|03/01/2024 12:22:21||36459|70536711208|159923818048
14877|0|18892|03/01/2024 08:54:14||48946|15532306616|17192827960
15544|0|25368|03/01/2024 13:49:24||31236|19511606760|20107156528
16596|0|63329|03/01/2024 21:05:34||5066|1884591576|2422176000
15094|0|92010|03/01/2024 10:25:11||43489|7770190408|9593118392
15122|0|77886|03/01/2024 10:32:29||43051|12810339400|13998943328
15466|0|24952|03/01/2024 13:03:09||34011|11696200680|15236597096
15639|0|33912|03/01/2024 14:24:16||29144|3440841144|3665123888
16435|0|59587|03/01/2024 19:59:07||9053|217319712|303667632
15718|0|70465|03/01/2024 15:06:37||26603|16821189304|19866659184
16458|0|6916|03/01/2024 20:08:45||8475|2762456896|3519307744
15095|0|71399|03/01/2024 10:27:30||43350|9158611968|12845781432
16397|0|94047|03/01/2024 19:32:59||10621|957927160|1069601464
15719|0|92628|03/01/2024 15:04:32||26728|9960676392|14126668040
16729|0|68624|03/01/2024 21:50:25||2375|47247904|68588088
15938|0|68329|03/01/2024 16:35:47||21253|1922190928|2357658448
15311|0|50884|03/01/2024 12:08:38||37282|2741515128|3403630480
16095|0|57230|03/01/2024 17:39:01||17459|4001064336|5270764256
16202|0|53757|03/01/2024 18:11:30||15510|701107688|796468608
16546|0|37529|03/01/2024 20:44:48||6312|16712080896|33418980224
15237|0|42806|03/01/2024 11:32:26||39454|7776897992|11031966048
15872|0|25093|03/01/2024 16:03:40||23180|6540981528|7141759352
14707|0|61794|03/01/2024 07:43:02||53218|7020099600|7262138744
14583|0|11120|03/01/2024 06:57:59||55921|13631916640|14803719192
15312|0|49253|03/01/2024 12:00:16||37784|1158206936|1473767776
15849|0|73710|03/01/2024 15:52:48||23832|3735273680|5291173776
15755|0|35546|03/01/2024 15:18:29||25891|1155433088|1525691680
15640|0|91153|03/01/2024 14:26:29||29011|2812457464|3236870456
15285|0|21813|03/01/2024 11:54:13||38147|56896334456|165189627976
16378|0|43101|03/01/2024 19:26:51||10989|852305288|964521272
15504|0|26698|03/01/2024 13:21:30||32910|95958138152|214629655304
16644|0|42098|03/01/2024 21:22:34||4046|149154232|189835480
15410|0|96233|03/01/2024 12:49:49||34811|117598911824|260173286936
15313|0|38204|03/01/2024 12:06:16|03/01/2024 22:21:20|36904|4042366784|6047875112
16794|0|38204|03/01/2024 22:22:06||474|55348376|65638672
16179|0|39037|03/01/2024 18:08:06||15714|3030316832|3946608640
15722|0|37480|03/01/2024 15:00:19||26981|8365509632|8550563128
16203|0|35155|03/01/2024 18:18:59||15061|1174464184|1378109368
15805|0|82492|03/01/2024 15:37:02||24778|4669639952|5453146464
16702|0|5357|03/01/2024 21:47:02||2578|138770384|184805984
14374|0|58783|03/01/2024 05:22:05||61675|31205189528|38231225776
15623|0|42801|03/01/2024 14:10:59||29941|2077806728|2586534328
16066|0|5731|03/01/2024 17:23:41||18379|34373201816|97582860624
16157|0|87164|03/01/2024 17:59:56||16204|5849909120|6350240616
14549|0|83266|03/01/2024 06:43:33||56787|1396956624|1675066272
16421|0|81147|03/01/2024 19:43:49||9971|553900112|677929840
16422|0|64480|03/01/2024 19:43:31||9989|1981625376|2798347224
15873|0|60137|03/01/2024 16:04:50||23110|23839272216|59413991392
15723|0|98982|03/01/2024 15:00:06||26994|9191983496|12129822104
16307|0|56049|03/01/2024 18:50:55||13145|2953702280|4178669192
14246|0|89902|03/01/2024 04:36:59||64381|11755854520|13772259264
15049|0|82031|03/01/2024 10:13:27||44193|18557419800|19965176672
16126|0|34515|03/01/2024 17:40:39||17361|470059264|634348768
16795|0|17160|03/01/2024 22:28:09||111|15618912|16639648
15545|0|59576|03/01/2024 13:48:02||31318|14985382384|19029267104
15096|0|25130|03/01/2024 10:20:02||43798|5351826808|6329948480
14298|0|53073|03/01/2024 04:50:05||63595|35363406384|46249716928
16436|0|5792|03/01/2024 19:55:56||9244|2226314872|3314580184
16771|0|59735|03/01/2024 22:14:58||902|2821250376|5763081200
15485|0|66732|03/01/2024 13:19:27||33033|4996072720|6352744600
15725|0|64295|03/01/2024 15:08:49||26471|5206591784|7093962344
15528|0|25275|03/01/2024 13:39:30||31830|95495913000|239896958960
16730|0|51526|03/01/2024 21:54:39||2121|214291944|250476848
15966|0|84546|03/01/2024 16:47:21||20559|228786872|322824072
14783|0|11287|03/01/2024 08:15:28||51272|19551604344|22130567128
16645|0|46044|03/01/2024 21:21:17||4123|174156800|190755056
16597|0|81133|03/01/2024 21:06:29||5011|4570594872|4636848520
16731|0|60049|03/01/2024 21:55:22||2078|141573552|164783848
15176|0|61103|03/01/2024 11:09:52||40808|19418226632|21941209712
15756|0|59631|03/01/2024 15:15:52||26048|6263933456|7007533592
16568|0|13992|03/01/2024 20:51:32||5908|1831271168|2467156728
14899|0|94557|03/01/2024 09:00:05||48595|128217762104|327335515200
16437|0|98839|03/01/2024 19:53:20||9400|14156518832|33000306552
15239|0|80435|03/01/2024 11:33:56||39364|1307699280|1927935488
16096|0|82791|03/01/2024 17:38:58||17462|2691783464|3272394232
14829|0|48759|03/01/2024 08:32:07||50273|17176120672|19660699712
15919|0|11546|03/01/2024 16:20:44||22156|3506659064|4448699000
16527|0|31579|03/01/2024 20:36:29||6811|351260520|380687416
16438|0|68039|03/01/2024 19:50:22||9578|1081559600|1112342088
15920|0|9432|03/01/2024 16:23:17||22003|5061838768|7569134320
15412|0|44041|03/01/2024 12:49:09||34851|23785331256|28963470040
15681|0|23998|03/01/2024 14:45:52||27848|4271673736|5804737160
16598|0|83091|03/01/2024 21:01:24||5316|118333984|170497040
16484|0|35621|03/01/2024 20:16:50||7990|14222986120|28840757328
16158|0|71416|03/01/2024 17:51:45||16695|4832693656|4911555256
15828|0|57697|03/01/2024 15:49:14||24046|3619965192|5101569264
16625|0|6758|03/01/2024 21:15:31||4469|2881510064|3020446232
16423|0|98717|03/01/2024 19:43:31||9989|227868064|336761008
15467|0|89833|03/01/2024 13:05:29||33871|20346129208|24147752856
15703|0|28960|03/01/2024 14:54:16||27344|72242544216|168557228960
16547|0|96669|03/01/2024 20:45:57||6243|507862656|587702808
15028|0|95998|03/01/2024 10:00:13||44987|8312853544|10545895256
16159|0|6383|03/01/2024 17:55:09||16491|4811367552|4998441024
15546|0|79718|03/01/2024 13:47:40||31340|1020700768|1268511664
16041|0|48614|03/01/2024 17:16:10||18830|4430020472|4533021584
16485|0|73049|03/01/2024 20:14:01||8159|20204003536|37654570232
14083|0|42005|03/01/2024 03:27:27||68553|16570338048|18486933920
15967|0|34585|03/01/2024 16:48:47||20473|786703072|1114358016
16672|0|31706|03/01/2024 21:38:55||3065|163126008|165792032
15287|0|36494|03/01/2024 11:55:56||38044|7243772344|8733600752
14628|0|29747|03/01/2024 07:10:20||55180|4079895752|5439852424
15177|0|16928|03/01/2024 11:03:58||41162|12997193936|18668707688
15998|0|63513|03/01/2024 16:52:16||20264|662592032|776234056
15486|0|78240|03/01/2024 13:14:43||33317|32122692856|43162033792
16308|0|89332|03/01/2024 18:57:51||12729|4063682184|4449161632
16067|0|31462|03/01/2024 17:27:18||18162|6058423816|8246590792
14584|0|14653|03/01/2024 06:58:44||55876|10419200184|12586606720
16358|0|69167|03/01/2024 19:12:43||11837|5420103872|5724412448
14926|0|93506|03/01/2024 09:16:09||47631|7328938032|9625250136
15178|0|35012|03/01/2024 11:06:30||41010|3030198064|3862905952
15054|0|83926|03/01/2024 10:12:02||44278|9514873712|12539910648
14738|0|75383|03/01/2024 07:57:14||52366|15751861400|22674444488
15138|0|10105|03/01/2024 10:45:26||42274|22373519368|25595708776
16749|0|72641|03/01/2024 22:07:21||1359|87722968|99226696
16359|0|30969|03/01/2024 19:16:33||11607|457450784|475616448
16646|0|37938|03/01/2024 21:27:16||3764|454726928|462941104
16424|0|92118|03/01/2024 19:40:59||10141|3933223688|5021553648
16569|0|82453|03/01/2024 20:52:04||5876|658964304|974863224
15154|0|33467|03/01/2024 10:56:55||41585|1245926944|1247837104
14441|0|79751|03/01/2024 05:59:58||59402|138501916208|284434593976
15385|0|9725|03/01/2024 12:30:02||35998|2072198688|2494297088
16703|0|51146|03/01/2024 21:40:44||2956|348606320|380196784
16272|0|73845|03/01/2024 18:45:51||13449|2154349632|2996461096
15030|0|14516|03/01/2024 10:07:45||44535|7017153448|8779330448
14805|0|50415|03/01/2024 08:26:45||50595|27428641488|41049007216
16021|0|10326|03/01/2024 17:05:02||19498|43876307080|110235239280
14465|0|77364|03/01/2024 06:00:41||59359|16548392624|22450853800
15201|0|79621|03/01/2024 11:12:07||40673|1537515008|2085689304
15139|0|5370|03/01/2024 10:45:38||42262|136910848160|340465672192
16398|0|71970|03/01/2024 19:36:41||10399|682711784|907301424
15179|0|77556|03/01/2024 11:00:27||41373|5237315280|6651404384
16570|0|49723|03/01/2024 20:51:39||5901|19071396888|45135079080
15806|0|59764|03/01/2024 15:35:02||24898|75574277136|149636198112
16732|0|66215|03/01/2024 21:59:21||1839|114499656|127512136
16273|0|27336|03/01/2024 18:41:18||13722|2955618464|4009088192
14228|0|88728|03/01/2024 04:21:09||65331|20837088232|24054688256
15366|0|74337|03/01/2024 12:29:16||36044|12805061792|13155507840
14376|0|57284|03/01/2024 05:28:45||61275|11770452616|13843562304
16528|0|75625|03/01/2024 20:39:51||6609|3065411360|4253443104
16043|0|88799|03/01/2024 17:11:53||19087|624314688|686775384
13964|0|16548|03/01/2024 02:32:51|03/01/2024 22:22:28|71377|18520905240|26486118272
16796|0|16548|03/01/2024 22:23:59||361|111500592|148532856
15574|0|60360|03/01/2024 13:54:42||30918|14936522224|15056277000
16360|0|34528|03/01/2024 19:12:29||11851|844494016|990422352
16274|0|34312|03/01/2024 18:44:06||13554|10870538224|13589824504
16204|0|30933|03/01/2024 18:10:48||15552|2755996560|3244326968
15097|0|64355|03/01/2024 10:21:00||43740|105187604968|276868113216
16460|0|37157|03/01/2024 20:01:47||8893|2289313032|2691217512
15968|0|95796|03/01/2024 16:44:14||20746|1930559704|2176826944
16336|0|47771|03/01/2024 19:03:27||12393|1820019136|1830358296
15829|0|3991|03/01/2024 15:42:23||24457|8204121704|11822697048
15031|0|17145|03/01/2024 10:01:56||44884|14763219256|21373009376
16797|0|99295|03/01/2024 22:26:15||225|20511704|24885768
16160|0|77356|03/01/2024 17:59:44||16216|3532140264|4996461360
16599|0|10493|03/01/2024 21:00:32||5368|1674199624|2480000400
16571|0|92343|03/01/2024 20:50:33||5967|702183728|1035830416
15663|0|67316|03/01/2024 14:38:00||28320|3933983928|4288983584
16647|0|15500|03/01/2024 21:26:08||3832|458599824|491704584
15288|0|53701|03/01/2024 11:51:10||38330|2051139640|3017314032
16205|0|70269|03/01/2024 18:13:51||15369|19682353464|46900134560
15969|0|38628|03/01/2024 16:40:42||20958|2447332776|3210697856
16461|0|27619|03/01/2024 20:00:38||8962|1372916536|1660772072
15221|0|85531|03/01/2024 11:24:15||39945|1084345632|1435185952
15626|0|91247|03/01/2024 14:12:32||29848|12469291680|15514888320
16161|0|92469|03/01/2024 17:50:38||16762|2478027864|3126130832
15265|0|24715|03/01/2024 11:41:13||38927|4375739976|4764830968
15316|0|34605|03/01/2024 12:09:24|03/01/2024 22:23:08|36824|67621333496|175955069296
16097|0|89665|03/01/2024 17:30:13||17987|5009587144|5065213896
15575|0|83901|03/01/2024 13:51:15||31125|5024079560|6721822440
15921|0|38820|03/01/2024 16:24:09||21951|6884475576|6955548032
15874|0|85924|03/01/2024 16:06:03||23037|8325521536|11432213816
14991|0|95978|03/01/2024 09:41:20||46120|4450578104|5036376888
15760|0|59348|03/01/2024 15:11:40||26300|2969470896|3775265072
15317|0|24261|03/01/2024 12:01:11||37729|60292070984|32891485328
16068|0|55411|03/01/2024 17:25:11||18289|477546656|613283840
16309|0|54025|03/01/2024 18:55:41||12859|3474618160|3555325160
14421|0|70699|03/01/2024 05:47:04||60176|5674070624|7634059552
15181|0|75232|03/01/2024 11:01:44||41296|10937710816|14506069464
16069|0|91683|03/01/2024 17:24:38||18322|645753672|712695608
14032|0|64821|03/01/2024 03:04:09|03/01/2024 22:23:07|69538|21194891888|22178052776
16798|0|64821|03/01/2024 22:23:27||393|45136808|67356304
16162|0|29923|03/01/2024 17:59:34||16226|1614709848|1861247832
16486|0|77054|03/01/2024 20:17:33||7947|12903618720|8231156816
16529|0|41962|03/01/2024 20:31:28||7112|2247236752|2664999056
16600|0|9422|03/01/2024 21:03:49||5171|2172757784|3022938184
15386|0|23222|03/01/2024 12:39:37||35423|9308236112|11993940544
15970|0|68721|03/01/2024 16:40:18||20982|2119630920|2568428064
14527|0|37519|03/01/2024 06:38:23||57097|27026547880|38912013720
14353|0|94737|03/01/2024 05:10:11||62389|38578181968|44744680848
16310|0|26220|03/01/2024 18:57:15||12765|4791850768|6982800624
16530|0|73573|03/01/2024 20:31:32||7108|723919992|893519456
16206|0|63746|03/01/2024 18:16:47||15193|1213005024|1750399976
16601|0|70850|03/01/2024 21:05:45||5055|464533328|552759032
16379|0|91375|03/01/2024 19:24:43||11117|1044671552|1456137720
16275|0|60347|03/01/2024 18:48:15||13305|1035696968|1312577040
16531|0|50840|03/01/2024 20:37:33||6747|1041852584|1202839000
16098|0|66665|03/01/2024 17:37:52||17528|9257357144|10153952056
15641|0|82493|03/01/2024 14:29:18||28842|25563813312|17594002248
16099|0|97929|03/01/2024 17:39:22||17438|1743920512|1990356144
15505|0|70112|03/01/2024 13:24:13||32747|82534813200|154080344840
16221|0|93246|03/01/2024 18:20:46||14954|5791782560|8084842160
16100|0|98062|03/01/2024 17:35:31||17669|2425770440|2641496200
16101|0|86419|03/01/2024 17:30:11||17989|204697672|290124592
16000|0|86414|03/01/2024 16:56:08||20032|3496433480|4762718784
16311|0|6125|03/01/2024 18:58:35||12685|655754024|826914600
15643|0|83443|03/01/2024 14:22:14||29266|2919846208|3541821280
15786|0|89997|03/01/2024 15:27:13||25367|33694235064|94665865424
16399|0|29503|03/01/2024 19:38:02|03/01/2024 22:29:02|10260|20795098944|44035756352
16548|0|32170|03/01/2024 20:41:09||6531|29466557768|86004265008
14230|0|73047|03/01/2024 04:27:59||64921|2184840648|2353390640
15346|0|92953|03/01/2024 12:11:39||37101|12279616888|17367816400
16549|0|53819|03/01/2024 20:40:02||6598|42652380568|24844236816
16704|0|67772|03/01/2024 21:49:10||2450|431002320|589890352
16772|0|43289|03/01/2024 22:14:35||925|47160576|55014784
16222|0|69672|03/01/2024 18:29:02||14458|11154270016|15901096344
16022|0|17109|03/01/2024 17:00:10||19790|272849544|309181800
14299|0|66862|03/01/2024 04:50:42||63558|251070650344|698817651352
15347|0|19540|03/01/2024 12:17:57||36723|18603563456|21334712840
15057|0|34910|03/01/2024 10:19:52||43808|5320997264|5464709392
15098|0|9727|03/01/2024 10:27:53||43327|79175731760|192760741416
14929|0|70485|03/01/2024 09:15:55||47645|3862483512|4068946224
15682|0|18993|03/01/2024 14:46:38||27802|4686178912|6124402440
16487|0|68794|03/01/2024 20:10:29||8371|2642251088|2877193232
16380|0|67613|03/01/2024 19:23:59||11161|163515832|185572168
15943|0|84995|03/01/2024 16:34:37||21323|421219072|459294976
16381|0|93139|03/01/2024 19:22:57||11223|30524392|35632208
15830|0|21463|03/01/2024 15:45:10|03/01/2024 22:26:14|24064|9667812584|9715782368
16799|0|21463|03/01/2024 22:27:11||169|10851272|12313120
15644|0|69571|03/01/2024 14:23:52||29168|446070432|636561920
16439|0|5837|03/01/2024 19:58:16||9104|594058920|876259048
14175|0|84827|03/01/2024 04:05:19||66281|438576195200|267477890288
14602|0|84902|03/01/2024 07:00:26||55774|17211413736|25541455552
14833|0|73673|03/01/2024 08:37:49||49931|79430545304|148368996376
16510|0|64277|03/01/2024 20:24:17||7543|1344370856|1950929776
15468|0|26593|03/01/2024 13:03:52||33968|29943780856|37055323896
15549|0|35841|03/01/2024 13:40:17||31783|13915800136|14221444184
16800|0|58236|03/01/2024 22:27:24||156|29921192|39507296
16705|0|73608|03/01/2024 21:43:32||2788|26838832|27581784
16244|0|98838|03/01/2024 18:31:59||14281|6361950120|7848707872
16207|0|83536|03/01/2024 18:16:04||15236|5994986976|6259470696
16102|0|53581|03/01/2024 17:31:46||17894|3395560736|4346947784
15182|0|55477|03/01/2024 11:06:31||41009|10437191816|14003699944
15851|0|43832|03/01/2024 15:56:14||23626|21049390624|22992215680
16001|0|89274|03/01/2024 16:54:01||20159|2106473248|2529234688
16361|0|81050|03/01/2024 19:17:39||11541|365643136|490105536
15032|0|44132|03/01/2024 10:02:37||44843|13213924568|14572319192
16382|0|35604|03/01/2024 19:26:11||11029|14560682128|10446418488
15683|0|42655|03/01/2024 14:41:33||28107|4758434136|5212121888
16128|0|82926|03/01/2024 17:44:00||17160|568613912|642858208
16245|0|42845|03/01/2024 18:33:05||14215|5953835384|8295562456
16750|0|97187|03/01/2024 22:01:43||1697|7760040|10798744
16626|0|49992|03/01/2024 21:18:35||4285|6946983448|17014265712
14176|0|96618|03/01/2024 04:09:49||66011|8742585592|10347897960
16312|0|26169|03/01/2024 18:59:01||12659|28128840240|56695261984
15831|0|26594|03/01/2024 15:44:04|03/01/2024 22:21:18|23834|9235717984|11783053784
15223|0|41313|03/01/2024 11:23:36||39984|10935335224|12124398496
14785|0|99900|03/01/2024 08:18:22||51098|19061261888|25803386256
16440|0|49965|03/01/2024 19:59:09||9051|1992336312|2045178848
16733|0|71810|03/01/2024 21:52:43||2237|45678904|48426560
15602|0|25089|03/01/2024 14:06:27||30213|4710621208|4814265080
15184|0|98016|03/01/2024 11:01:27||41313|22312560216|32396937504
15368|0|41825|03/01/2024 12:25:38||36262|18556856880|21551388408
16246|0|61911|03/01/2024 18:39:06||13854|4423967616|5725217480
16572|0|26405|03/01/2024 20:56:08||5632|2648245648|3821735008
15876|0|57084|03/01/2024 16:01:02||23338|4352132936|5102148072
15369|0|3894|03/01/2024 12:21:59||36481|8527029968|9596678040
16070|0|44704|03/01/2024 17:21:09||18531|3067741440|4118507160
14603|0|43456|03/01/2024 07:00:27||55773|2727323016|3073663856
14808|0|43846|03/01/2024 08:25:57||50643|8817432720|10334296264
15551|0|13628|03/01/2024 13:49:42||31218|5542996040|5955515144
16573|0|42803|03/01/2024 20:56:28||5612|360961760|530262744
15185|0|83617|03/01/2024 11:06:30||41010|8243897240|10998023368
16488|0|16738|03/01/2024 20:12:39||8241|1092277896|1587157680
15099|0|79796|03/01/2024 10:22:20||43660|8045780104|9738333448
15727|0|95146|03/01/2024 15:09:01||26459|12813992|18075752
15506|0|16084|03/01/2024 13:27:49||32531|4478683968|6091568504
16441|0|17382|03/01/2024 19:57:53||9127|1933253672|2246535344
16002|0|89695|03/01/2024 16:59:27||19833|4029752424|5898424440
14949|0|12313|03/01/2024 09:27:43||46937|11132830824|14949394896
16627|0|64019|03/01/2024 21:19:41||4219|144302680|199160872
16550|0|19792|03/01/2024 20:49:38||6022|3138749576|3864046232
16223|0|93774|03/01/2024 18:26:31||14609|4035480352|4906073696
16023|0|48678|03/01/2024 17:00:48||19752|5496725928|5680343080
16337|0|40487|03/01/2024 19:06:17||12223|5514454224|7545369776
16773|0|21002|03/01/2024 22:12:49||1031|44276368|50190008
15603|0|62169|03/01/2024 14:02:06||30474|6929369616|9148261120
15899|0|34817|03/01/2024 16:17:18||22362|5085020304|5407416504
15604|0|26763|03/01/2024 14:02:34||30446|1101169856|1389454360
15807|0|55135|03/01/2024 15:35:40||24860|5453058600|5771351480
14656|0|76903|03/01/2024 07:27:07||54173|12405990344|12766626896
16362|0|22732|03/01/2024 19:19:01||11459|800384552|1165200936
16551|0|57927|03/01/2024 20:48:30||6090|1015980864|1119261832
16383|0|57316|03/01/2024 19:24:11||11149|2536057352|3283581488
15762|0|21299|03/01/2024 15:11:26||26314|2968119344|3844473696
15787|0|99802|03/01/2024 15:20:11||25789|3233554952|4700692736
15832|0|26964|03/01/2024 15:49:01||24059|52117152408|134952747336
15645|0|35952|03/01/2024 14:27:45||28935|1894395440|1989422776
16801|0|86893|03/01/2024 22:20:29||571|34997352|35632056
16181|0|64535|03/01/2024 18:01:08||16132|1062755096|1553509184
16489|0|36110|03/01/2024 20:14:21||8139|972793528|1118289904
15059|0|10821|03/01/2024 10:11:15||44325|9968192400|13327886528
16208|0|56399|03/01/2024 18:10:36||15564|10450645936|11477832104
15808|0|48388|03/01/2024 15:32:00||25080|5816337168|7308688808
15446|0|79735|03/01/2024 12:58:57||34263|91989608|126089848
15788|0|71230|03/01/2024 15:28:36||25284|1448821992|1712030536
15664|0|79678|03/01/2024 14:33:00||28620|338773112|487638128
15156|0|20804|03/01/2024 10:51:33||41907|9834770552|12401907432
16751|0|19271|03/01/2024 22:06:53||1387|47136568|53883888
16384|0|8331|03/01/2024 19:26:51||10989|652105280|882916976
15853|0|65972|03/01/2024 15:56:57||23583|4699008600|5177084192
16802|0|52713|03/01/2024 22:21:15||525|37655048|50960760
16224|0|26450|03/01/2024 18:26:19||14621|3444787136|5038996864
15944|0|88869|03/01/2024 16:37:13||21167|2816859000|3944824640
16803|0|48843|03/01/2024 22:20:56||544|21441472|27197616
14881|0|31822|03/01/2024 08:53:40||48980|18031750536|20860905984
16442|0|32234|03/01/2024 19:55:32||9268|30104271496|75550000008
15014|0|57917|03/01/2024 09:57:05||45175|9018334304|10725147744
16774|0|84539|03/01/2024 22:17:55||725|104257688|114135832
15923|0|35194|03/01/2024 16:24:04||21956|1307342600|1643390176
16462|0|91452|03/01/2024 20:08:07||8513|1673149952|1746657152
14658|0|21591|03/01/2024 07:23:23||54397|10976567608|12449098496
16648|0|66319|03/01/2024 21:25:18||3882|3049140232|3113464824
16225|0|54673|03/01/2024 18:28:54||14466|4201575216|5403853448
16103|0|82161|03/01/2024 17:30:51||17949|11042696032|14539521064
15684|0|54749|03/01/2024 14:41:37||28103|2186658248|2437737520
15790|0|20365|03/01/2024 15:27:00||25380|7023097312|8109644208
16182|0|92706|03/01/2024 18:00:34||16166|50497477184|100350324784
15833|0|5022|03/01/2024 15:46:54||24186|43242632408|105236874768
16024|0|37953|03/01/2024 17:03:38||19582|371357112|460813400
15665|0|59193|03/01/2024 14:30:56||28744|4328042704|4421813624
16532|0|95892|03/01/2024 20:31:23||7117|2250862464|3195376400
14968|0|87236|03/01/2024 09:39:39||46221|3484522960|4505916440
15809|0|14216|03/01/2024 15:38:29||24691|21367598096|29349677208
16072|0|94244|03/01/2024 17:27:57||18123|3236142744|3991758776
16073|0|50648|03/01/2024 17:29:46||18014|51201492728|123494125120
16574|0|65854|03/01/2024 20:55:14||5686|2693101056|3857146312
16575|0|14086|03/01/2024 20:58:03||5517|2193400584|2743780848
16129|0|7012|03/01/2024 17:40:36||17364|3944775968|4267573296
16775|0|59647|03/01/2024 22:11:08||1132|81626680|111875880
16490|0|88486|03/01/2024 20:17:33||7947|1655573896|1746749720
16706|0|69690|03/01/2024 21:49:19||2441|127190008|146818192
16649|0|90465|03/01/2024 21:25:47||3853|4710266952|12457738376
16363|0|35015|03/01/2024 19:16:51||11589|6622271320|6632574800
15447|0|44230|03/01/2024 12:57:01||34379|2856396272|3219570008
16074|0|59761|03/01/2024 17:22:38||18442|4838403736|6298522784
16004|0|35479|03/01/2024 16:58:09||19911|6400204864|7123345688
16552|0|59525|03/01/2024 20:41:40||6500|1675788744|1900910408
15415|0|78976|03/01/2024 12:48:53||34867|14724568952|20255325080
16804|0|65020|03/01/2024 22:29:30||30|7629504|10147480
16046|0|90478|03/01/2024 17:13:11||19009|5376037760|5462722984
16104|0|63560|03/01/2024 17:36:37||17603|7390440136|8083617600
16533|0|25048|03/01/2024 20:39:06||6654|641542928|865400872
15763|0|27227|03/01/2024 15:13:35||26185|598190160|880627472
14861|0|6879|03/01/2024 08:46:25||49415|20348958384|25241253872
16511|0|98417|03/01/2024 20:20:35||7765|2860964144|3307887656
16277|0|70323|03/01/2024 18:40:10||13790|372365904|446490056
16400|0|76076|03/01/2024 19:32:40||10640|980169008|1460470832
15530|0|72139|03/01/2024 13:34:53||32107|787482752|795302192
15488|0|64222|03/01/2024 13:10:08||33592|3273161928|3536458232
16163|0|29227|03/01/2024 17:54:35||16525|48937656|66199568
16512|0|88959|03/01/2024 20:23:33||7587|610058184|636889608
15576|0|18001|03/01/2024 13:53:24||30996|39491582760|110583684040
15319|0|21811|03/01/2024 12:02:18||37662|2885786712|3588761528
15972|0|6911|03/01/2024 16:41:11||20929|10905792840|6242289376
16513|0|7366|03/01/2024 20:29:29||7231|20302720664|38827304464
16025|0|42847|03/01/2024 17:00:25||19775|3699725336|3901399152
15320|0|73867|03/01/2024 12:02:50||37630|972944368|1270001608
15646|0|5332|03/01/2024 14:21:59||29281|4911722936|6407197464
15387|0|53873|03/01/2024 12:32:00||35880|13182657808|14981693464
15835|0|90953|03/01/2024 15:49:04||24056|11261028544|11465450856
15704|0|47809|03/01/2024 14:51:32||27508|1853914144|2480530704
16463|0|62011|03/01/2024 20:09:26||8434|18815537864|43627904528
16164|0|11854|03/01/2024 17:50:00||16800|4068373352|4755471408
14660|0|28891|03/01/2024 07:21:52||54488|4478003184|6639294704
16401|0|48705|03/01/2024 19:35:56||10444|2676325920|2762290040
15945|0|75798|03/01/2024 16:33:14||21406|9046886736|9894728696
15388|0|46043|03/01/2024 12:32:30||35850|2319465872|2647903264
14471|0|57415|03/01/2024 06:07:47||58933|15362088680|16701885624
16707|0|82423|03/01/2024 21:49:39||2421|1018155872|1247557592
16708|0|70417|03/01/2024 21:47:31||2549|5251006272|15530369776
16226|0|3992|03/01/2024 18:26:15||14625|7909815672|8922986672
16491|0|57089|03/01/2024 20:15:30||8070|4130201984|4721648696
16402|0|50307|03/01/2024 19:35:40||10460|436698872|453774576
14766|0|36401|03/01/2024 08:09:37||51623|28447764744|30689729664
15489|0|83725|03/01/2024 13:16:38||33202|4524146224|5397867504
16534|0|76155|03/01/2024 20:30:43||7157|251312664|333033560
14862|0|13835|03/01/2024 08:46:54||49386|5362499384|7021464744
15946|0|52676|03/01/2024 16:36:10||21230|5342772136|5989724896
16005|0|27504|03/01/2024 16:51:53||20287|444127136|459109752
15291|0|41731|03/01/2024 11:59:33||37827|1450261816|1468868016
14446|0|57612|03/01/2024 05:51:57||59883|9706570904|13516776448
16553|0|73294|03/01/2024 20:40:42||6558|793241416|1044582744
16443|0|91970|03/01/2024 19:54:53||9307|1110499920|1636908176
15900|0|5401|03/01/2024 16:10:18||22782|31264051304|85753016808
15267|0|44253|03/01/2024 11:42:49||38831|5132360864|5430647728
14863|0|30656|03/01/2024 08:40:51||49749|532872920|537583536
15947|0|84742|03/01/2024 16:30:30||21570|8453362440|10563883032
16554|0|28135|03/01/2024 20:40:35||6565|2721935000|2887270496
15729|0|97025|03/01/2024 15:09:24||26436|9047879232|10533216544
15901|0|26199|03/01/2024 16:17:44||22336|40809236464|95665145632
15730|0|36075|03/01/2024 15:00:54||26946|1356052944|1787799416
16026|0|99286|03/01/2024 17:09:56||19204|7386170784|8079691992
16105|0|88834|03/01/2024 17:31:59||17881|4259995464|5492838968
16673|0|22708|03/01/2024 21:30:30||3570|960511896|1293760168
16752|0|61623|03/01/2024 22:08:15||1305|18032080|21160152
14789|0|77855|03/01/2024 08:19:45||51015|22304780368|27826239416
16492|0|35393|03/01/2024 20:12:30||8250|7810707656|7950365664
16576|0|5089|03/01/2024 20:51:40||5900|7499786664|8555450360
16753|0|84162|03/01/2024 22:06:45||1395|24159512|31785904
14606|0|6812|03/01/2024 07:03:27||55593|9810270736|13607199032
15666|0|94644|03/01/2024 14:39:48||28212|6483077728|7856365992
14767|0|98465|03/01/2024 08:01:38||52102|42834145408|49018170784
15062|0|14459|03/01/2024 10:15:57||44043|2934819576|3477874552
16464|0|37387|03/01/2024 20:08:33||8487|345209592|389005760
16278|0|25393|03/01/2024 18:43:31||13589|6805605208|8237778864
15158|0|32548|03/01/2024 10:56:24||41616|10167700248|13264912296
15416|0|95133|03/01/2024 12:43:51||35169|1350950208|1538265992
15902|0|39092|03/01/2024 16:13:18||22602|3179807064|3825420376
14359|0|46481|03/01/2024 05:19:04||61856|34797314528|50990216168
16734|0|62682|03/01/2024 21:52:42||2238|52231040|68300952
15854|0|18337|03/01/2024 15:50:39||23961|17587533544|21126541096
16313|0|80114|03/01/2024 18:55:48||12852|671242408|866747944
16247|0|39283|03/01/2024 18:34:51||14109|488499328|694577144
14663|0|49972|03/01/2024 07:25:58||54242|10869477168|14722262880
16535|0|38043|03/01/2024 20:39:31||6629|476856480|589278936
16650|0|14885|03/01/2024 21:24:54||3906|339277072|452148840
15348|0|98102|03/01/2024 12:13:31||36989|4969465952|6342011768
16279|0|64851|03/01/2024 18:49:09||13251|546113768|811680120
15924|0|38044|03/01/2024 16:26:18||21822|70689213104|136246281728
16006|0|40613|03/01/2024 16:57:54||19926|1887147688|2466952256
14903|0|61298|03/01/2024 09:02:09||48471|2265418632|2772944504
15925|0|92001|03/01/2024 16:20:24||22176|10576421704|12419989064
14745|0|32304|03/01/2024 07:58:19||52301|10548004960|12992485384
16465|0|23312|03/01/2024 20:07:04||8576|15260791096|35516374816
15764|0|99463|03/01/2024 15:18:37||25883|6075238696|7270502768
16338|0|11225|03/01/2024 19:02:58||12422|1554668640|1992191320
16577|0|75554|03/01/2024 20:52:51||5829|792822128|1049727744
16466|0|18018|03/01/2024 20:01:19||8921|15571760616|35951840096
16314|0|43037|03/01/2024 18:54:20||12940|2317308008|2621609568
16210|0|16393|03/01/2024 18:10:25||15575|2181867416|3064178328
15629|0|44799|03/01/2024 14:17:08||29572|11118904600|11586173672
16248|0|54462|03/01/2024 18:31:35||14305|1586219680|2263059208
15811|0|88067|03/01/2024 15:31:12||25128|800881192|1002864800
15855|0|66705|03/01/2024 15:57:50||23530|20767926528|24989084080
14970|0|14136|03/01/2024 09:32:27||46653|4805518632|6716889152
15686|0|73988|03/01/2024 14:40:45||28155|68276831168|189193267232
16280|0|61768|03/01/2024 18:40:01||13799|8463398680|10744532000
15268|0|65673|03/01/2024 11:46:12||38628|4325958320|6257351752
14687|0|61990|03/01/2024 07:36:22||53618|22123097352|25346283032
16754|0|53244|03/01/2024 22:05:31||1469|264855744|354978624
16364|0|11651|03/01/2024 19:17:47|03/01/2024 22:27:57|11410|820418616|1019140976
15204|0|94247|03/01/2024 11:13:50||40570|10658011256|14475564048
16249|0|93252|03/01/2024 18:30:01||14399|5083287880|6684468608
16250|0|90503|03/01/2024 18:35:06||14094|7523784200|9209762088
15791|0|94561|03/01/2024 15:29:51||25209|12980568456|16179229424
16578|0|52819|03/01/2024 20:55:41||5659|404745416|494885736
16132|0|17532|03/01/2024 17:43:53||17167|3012448720|3079122912
15577|0|98547|03/01/2024 13:54:14||30946|1142043664|1405378016
15792|0|7726|03/01/2024 15:23:37||25583|1871166224|2407476704
16227|0|94328|03/01/2024 18:26:53||14587|14641540536|18842336096
16735|0|66715|03/01/2024 21:55:58||2042|150609640|155664264
16184|0|33890|03/01/2024 18:05:01||15899|2718334728|3631640992
15926|0|22979|03/01/2024 16:27:06||21774|269590120|358450480
15269|0|57796|03/01/2024 11:47:19||38561|4023994824|4954070200
16251|0|3862|03/01/2024 18:35:14||14086|1157970648|1383206080
16228|0|83858|03/01/2024 18:21:44||14896|1968277856|2686229576
15687|0|76372|03/01/2024 14:46:54||27786|3612240264|4895748544
16755|0|24050|03/01/2024 22:01:49||1691|4245011536|9656413120
15448|0|92396|03/01/2024 12:51:18||34722|2322031872|2370394776
16007|0|52234|03/01/2024 16:50:39||20361|251139112|258614544
15974|0|41079|03/01/2024 16:40:24||20976|7067824280|9423633928
16047|0|52091|03/01/2024 17:13:52||18968|446729832|518703072
14971|0|54758|03/01/2024 09:37:24||46356|10057404864|12286169720
15975|0|37695|03/01/2024 16:44:39||20721|2852207656|3685052224
15015|0|88082|03/01/2024 09:56:26||45214|5327112064|6942950760
14448|0|95089|03/01/2024 05:57:15||59565|32014695176|33443186456
16365|0|35424|03/01/2024 19:14:46||11714|876357360|895524616
16651|0|15843|03/01/2024 21:24:03||3957|441820840|463792192
14905|0|69994|03/01/2024 09:03:25||48395|1984290976|2143463496
16628|0|60799|03/01/2024 21:14:16||4544|10263382128|24232929656
16229|0|40142|03/01/2024 18:20:45||14955|30482057528|69599298288
14932|0|89187|03/01/2024 09:18:44||47476|1512857936|1666880592
15605|0|62677|03/01/2024 14:02:14||30466|782815152|1000323584
16211|0|58879|03/01/2024 18:13:19||15401|5024437864|6723638400
14449|0|58524|03/01/2024 05:50:38||59962|3980587488|4660702736
16366|0|40896|03/01/2024 19:11:53||11887|799235768|934598288
15349|0|26214|03/01/2024 12:11:28||37112|66429098192|152972909064
14717|0|63108|03/01/2024 07:40:28||53372|9098788608|10544706328
15630|0|14844|03/01/2024 14:11:25||29915|7415075896|7613713768
16652|0|49925|03/01/2024 21:21:22||4118|315349160|391350736
14250|0|57589|03/01/2024 04:32:57||64623|4002593256|5704315256
15104|0|51746|03/01/2024 10:22:04||43676|6452047304|9240158408
16467|0|25861|03/01/2024 20:06:37||8603|1632043440|1708086496
15836|0|15805|03/01/2024 15:47:44||24136|8813704056|11953751584
15296|0|78214|03/01/2024 11:52:27||38253|38527264632|81053431752
15793|0|87395|03/01/2024 15:29:26||25234|4149610672|4676680264
16536|0|34384|03/01/2024 20:36:40||6800|209596136|305546800
15688|0|67879|03/01/2024 14:41:55||28085|3701838088|3780997464
15389|0|43267|03/01/2024 12:36:02||35638|43584430080|32520235904
15449|0|26294|03/01/2024 12:51:02||34738|8100157800|9286999576
16185|0|88911|03/01/2024 18:00:54||16146|50917398688|118688031632
15161|0|91423|03/01/2024 10:57:27||41553|10604189448|15534713152
16537|0|79156|03/01/2024 20:30:41||7159|1006077696|1336184064
16674|0|77493|03/01/2024 21:33:58||3362|478176928|522934368
15531|0|15261|03/01/2024 13:36:37||32003|5375078144|6062980032
15976|0|89698|03/01/2024 16:44:31||20729|2830820432|3112816888
16629|0|58102|03/01/2024 21:16:24||4416|150779344|218630872
16165|0|86623|03/01/2024 17:55:09||16491|2913402800|2987953688
16027|0|43201|03/01/2024 17:01:02||19738|941988232|1130327400
16602|0|45750|03/01/2024 21:06:35||5005|2973970968|3348482360
16212|0|33153|03/01/2024 18:17:19||15161|9482142712|11212080200
15767|0|7558|03/01/2024 15:11:07||26333|6015108592|8951856408
15705|0|86597|03/01/2024 14:56:15||27225|5799673736|6665145256
16603|0|93848|03/01/2024 21:09:14||4846|222419264|249494768
16008|0|60463|03/01/2024 16:54:46||20114|12529090616|16429039056
16076|0|55126|03/01/2024 17:29:35||18025|68747521064|190207165616
15105|0|74013|03/01/2024 10:20:44||43756|8489348640|9956077368
16317|0|98240|03/01/2024 18:54:54||12906|12651545816|33962244056
16166|0|38598|03/01/2024 17:52:18||16662|2137634560|2874749952
15508|0|72617|03/01/2024 13:24:35||32725|28688148128|39064768104
16514|0|91669|03/01/2024 20:23:38|03/01/2024 22:21:35|7077|1394758168|1711482728
16805|0|91669|03/01/2024 22:23:22||398|19545024|28376864
16675|0|79305|03/01/2024 21:34:10||3350|39331632|41257992
16106|0|23636|03/01/2024 17:36:17||17623|1363668280|1939694000
15065|0|12052|03/01/2024 10:15:49||44051|6407037224|6793935528
16604|0|39240|03/01/2024 21:01:26||5314|1839852552|2167819552
16213|0|67384|03/01/2024 18:13:37||15383|3520916000|4067077112
15033|0|15423|03/01/2024 10:02:53||44827|6280869816|8260438240
15579|0|78045|03/01/2024 13:59:23||30637|809866208|1105466904
15879|0|28624|03/01/2024 16:00:25||23375|14533928696|16520918248
16339|0|15742|03/01/2024 19:06:54||12186|2955782464|3041573488
16579|0|25899|03/01/2024 20:53:32||5788|533426944|546410256
16676|0|92029|03/01/2024 21:38:10||3110|150707472|183744344
16605|0|71455|03/01/2024 21:07:11||4969|3819647240|4375731568
16367|0|16196|03/01/2024 19:19:23||11437|3005531576|3497378672
15532|0|72586|03/01/2024 13:32:56||32224|123826236136|290780322360
15812|0|66485|03/01/2024 15:30:04||25196|5372037752|5598702024
16167|0|48112|03/01/2024 17:57:45||16335|3607734832|4465827400
16186|0|81304|03/01/2024 18:05:50||15850|6813872744|8476588864
15706|0|13627|03/01/2024 14:51:14||27526|4677170856|5866906544
16653|0|55543|03/01/2024 21:25:51||3849|423950184|549787552
16049|0|33239|03/01/2024 17:17:06||18774|528777520|598558144
15227|0|38182|03/01/2024 11:29:13||39647|19954537880|24218579992
15228|0|32575|03/01/2024 11:26:43||39797|4925784056|5586227920
16107|0|4296|03/01/2024 17:36:42||17598|5509862248|5710551104
16756|0|26203|03/01/2024 22:00:39||1761|81166240|92004624
16252|0|51087|03/01/2024 18:37:41||13939|5294240920|7605029440
15351|0|58992|03/01/2024 12:12:15||37065|1361955040|1528702680
15977|0|48037|03/01/2024 16:40:15||20985|569920848|635717408
15352|0|36071|03/01/2024 12:11:02||37138|9225659960|10819635032
16494|0|22758|03/01/2024 20:13:14||8206|393069288|457476568
14746|0|59992|03/01/2024 07:52:00||52680|27509792248|35385871896
16253|0|66806|03/01/2024 18:30:51||14349|5817922560|8213265976
16403|0|18801|03/01/2024 19:37:39||10341|874102080|916565000
15107|0|16310|03/01/2024 10:22:47||43633|10267942584|14222270848
16051|0|71739|03/01/2024 17:14:04||18956|72101219472|159798578112
15509|0|27134|03/01/2024 13:21:21||32919|22270810936|24000498440
15733|0|69771|03/01/2024 15:06:11||26629|1538472328|2289283608
15950|0|93577|03/01/2024 16:36:58||21182|990004888|1316144520
15141|0|83444|03/01/2024 10:45:38||42262|3892200736|5539295440
16168|0|7096|03/01/2024 17:51:51||16689|9029513784|9077814144
14951|0|3879|03/01/2024 09:28:06||46914|10140239488|12996153512
16776|0|67176|03/01/2024 22:14:19||941|277610992|370387064
15142|0|64240|03/01/2024 10:49:11||42049|18376636976|19786374944
15580|0|67487|03/01/2024 13:53:47||30973|25209400712|30864229272
16133|0|47177|03/01/2024 17:49:01||16859|4870596768|7216328872
14933|0|25496|03/01/2024 09:12:27||47853|21795753816|26688891176
16606|0|34693|03/01/2024 21:03:03||5217|2348302696|2626990680
14096|0|52740|03/01/2024 03:21:24||68916|10083640008|10879966200
16077|0|56085|03/01/2024 17:22:20||18460|3061428704|3321250136
14664|0|37466|03/01/2024 07:22:35||54445|6944682624|8787260088
15734|0|28674|03/01/2024 15:08:10||26510|5802400200|6090665024
15510|0|93545|03/01/2024 13:25:08||32692|17995346048|19383395792
15188|0|30851|03/01/2024 11:05:02||41098|2291892824|3019115856
15162|0|40845|03/01/2024 10:55:07||41693|11808828656|12426776440
14907|0|60730|03/01/2024 09:00:35||48565|3358739568|3784354776
16169|0|69735|03/01/2024 17:58:00||16320|2248373088|3075925088
16385|0|7655|03/01/2024 19:28:02||10918|5237105224|6041091448
15735|0|9300|03/01/2024 15:08:45||26475|7725785288|8368651296
16170|0|71821|03/01/2024 17:58:01||16319|3308878936|4316836024
16580|0|67505|03/01/2024 20:59:42||5418|5076122448|11581212672
14532|0|67074|03/01/2024 06:32:54||57426|4530233936|5817321144
15736|0|36103|03/01/2024 15:08:33||26487|3935472280|5899024328
15951|0|69355|03/01/2024 16:30:03||21597|1051238840|1140115304
16009|0|40103|03/01/2024 16:58:09||19911|8829790136|8892929272
15737|0|55006|03/01/2024 15:01:52||26888|1711617752|2265251840
15979|0|74918|03/01/2024 16:40:28||20972|12742124056|13564728424
16677|0|64751|03/01/2024 21:30:19||3581|816311304|1035354448
15581|0|59285|03/01/2024 13:52:04||31076|984270928|1156010120
16654|0|38989|03/01/2024 21:27:32||3748|360712448|387729472
16318|0|87346|03/01/2024 18:54:24||12936|582323944|691390952
16655|0|73648|03/01/2024 21:29:36||3624|416033952|421985248
16214|0|95204|03/01/2024 18:15:42||15258|57998672|70343056
16709|0|75736|03/01/2024 21:49:34||2426|51671008|59018840
15321|0|30647|03/01/2024 12:05:01||37499|12338988304|12678955832
15903|0|26361|03/01/2024 16:11:37||22703|7568040304|7973504848
15794|0|9006|03/01/2024 15:25:28||25472|3743731888|3912840832
15034|0|16532|03/01/2024 10:00:12||44988|19705826432|27570985744
16678|0|6635|03/01/2024 21:33:19||3401|114458632|156108864
15374|0|37021|03/01/2024 12:25:42||36258|4249637592|5792297816
15554|0|14784|03/01/2024 13:47:39||31341|7733652368|11486239176
15472|0|4530|03/01/2024 13:02:54||34026|6216364104|7339954360
14333|0|28987|03/01/2024 05:00:00||63000|68879957552|158274876440
15322|0|42551|03/01/2024 12:08:00||37320|3934983352|5062108248
15707|0|89679|03/01/2024 14:55:47||27253|2745483224|3606818848
15927|0|91899|03/01/2024 16:26:37||21803|319690728|340829160
16515|0|72403|03/01/2024 20:29:48||7212|873490192|903130480
16368|0|60110|03/01/2024 19:18:48||11472|3628292144|4654861488
16777|0|10537|03/01/2024 22:17:27||753|6187296|6467472
15796|0|40603|03/01/2024 15:22:04||25676|4211627680|5361100296
16581|0|86607|03/01/2024 20:59:05||5455|13064466728|31206272160
16340|0|38040|03/01/2024 19:03:31||12389|2176793440|3243530664
16341|0|66220|03/01/2024 19:00:28||12572|4035385728|5488189632
15606|0|74715|03/01/2024 14:08:05||30115|3641071408|4402238464
16319|0|39802|03/01/2024 18:54:00||12960|766531040|1139072728
16404|0|87588|03/01/2024 19:30:31||10769|7177599536|4482764320
15905|0|82959|03/01/2024 16:18:55||22265|7866611304|8724949296
16630|0|35773|03/01/2024 21:17:41||4339|491032544|498428048
16679|0|4867|03/01/2024 21:32:31||3449|902126208|642991192
16135|0|77085|03/01/2024 17:47:45||16935|14083560120|34224564232
15582|0|99342|03/01/2024 13:54:09||30951|12532193712|16930007360
15452|0|49933|03/01/2024 12:59:06||34254|5046565408|7346794008
16778|0|33874|03/01/2024 22:12:00||1080|64111200|82122256
16631|0|7030|03/01/2024 21:18:28||4292|10565315008|25478480456
16029|0|83628|03/01/2024 17:07:54||19326|4455408040|4538614664
16342|0|51188|03/01/2024 19:08:20||12100|745272360|993753168
14591|0|93708|03/01/2024 06:57:07||55973|9521268208|12959162904
15323|0|40723|03/01/2024 12:03:01||37619|3651194600|5398465832
16405|0|94595|03/01/2024 19:30:27||10773|412090520|567637112
16136|0|45898|03/01/2024 17:45:22||17078|5041695720|6520406968
15769|0|49538|03/01/2024 15:13:41||26179|5595362016|6676127248
16632|0|75420|03/01/2024 21:12:40||4640|1602658488|993261576
14490|0|37349|03/01/2024 06:17:17||58363|183028476208|524252087352
15493|0|37992|03/01/2024 13:13:21||33399|16697348656|22022566312
15453|0|55162|03/01/2024 12:53:02||34618|48677454136|129408945424
16188|0|8183|03/01/2024 18:02:10||16070|3837075368|4779104168
14719|0|98961|03/01/2024 07:44:11||53149|25779556008|30055413456
15473|0|12671|03/01/2024 13:09:32||33628|14535314104|17724357240
16137|0|98312|03/01/2024 17:41:05||17335|2324615352|3070953272
16607|0|64198|03/01/2024 21:05:43||5057|2481352768|3019842160
14748|0|63877|03/01/2024 07:51:22||52718|8299354368|9366926072
15556|0|95348|03/01/2024 13:44:13||31547|16489444144|17644042776
16680|0|54205|03/01/2024 21:36:12||3228|262727992|300857296
16171|0|38338|03/01/2024 17:54:42||16518|3080641392|4313536392
16254|0|73062|03/01/2024 18:32:01||14279|6042077712|6960385256
16232|0|26752|03/01/2024 18:26:00||14640|10253141968|12724882000
16656|0|45454|03/01/2024 21:26:45||3795|13734307704|25869882456
16757|0|34760|03/01/2024 22:01:37||1703|98293816|103576640
15353|0|54849|03/01/2024 12:17:15||36765|13692787136|18730597184
15206|0|39264|03/01/2024 11:13:51||40569|127994204216|298039121288
15325|0|93332|03/01/2024 12:01:30||37710|6497511984|6691011744
15738|0|35027|03/01/2024 15:00:20||26980|1063038128|1394338136
16710|0|15993|03/01/2024 21:46:23||2617|457327288|634582904
16255|0|36213|03/01/2024 18:33:12||14208|2666108232|3313968376
15607|0|21135|03/01/2024 14:09:18||30042|5022012568|6656148184
16109|0|46103|03/01/2024 17:37:44||17536|2682073992|3404678720
15067|0|25911|03/01/2024 10:14:44||44116|11311561168|16161426880
15207|0|62772|03/01/2024 11:17:54||40326|6973505520|7728125280
16110|0|7858|03/01/2024 17:39:04||17456|48238294560|134609736704
16078|0|58204|03/01/2024 17:24:23||18337|3976123968|4147060912
16711|0|66956|03/01/2024 21:48:35||2485|388141824|536181096
16320|0|76400|03/01/2024 18:55:48||12852|2985424336|3647063840
16030|0|80078|03/01/2024 17:08:31||19289|2744940200|2822479536
16681|0|17919|03/01/2024 21:37:58||3122|2003560864|2058176680
15583|0|80717|03/01/2024 13:55:41||30859|56086481576|152226681992
15952|0|56250|03/01/2024 16:36:22||21218|1400735680|1459324200
16682|0|16471|03/01/2024 21:36:41||3199|1531160272|1769487152
14335|0|46180|03/01/2024 05:00:25||62975|13618694168|18778098344
15230|0|98373|03/01/2024 11:22:47||40033|6374042552|7396777472
15163|0|22040|03/01/2024 10:51:51||41889|9030581024|10906948792
16538|0|17110|03/01/2024 20:31:10||7130|2199453448|2820134912
15512|0|59622|03/01/2024 13:20:22||32978|19106194200|22428869664
16233|0|36976|03/01/2024 18:26:27||14613|7996041560|11522115032
16079|0|65716|03/01/2024 17:24:36||18324|2402833952|2826025776
15247|0|64889|03/01/2024 11:39:11||39049|4103786752|4292334992
16516|0|39989|03/01/2024 20:28:53||7267|1839456504|2298017392
15533|0|13437|03/01/2024 13:34:03||32157|54944055480|154564861104
16582|0|75299|03/01/2024 20:53:07||5813|314061816|370249328
16138|0|39330|03/01/2024 17:45:30||17070|3464144472|4936025648
15189|0|7520|03/01/2024 11:08:45||40875|2109484384|2365017976
16608|0|78553|03/01/2024 21:04:55||5105|4107410136|5160822632
15208|0|85187|03/01/2024 11:18:56|03/01/2024 22:26:08|40032|2828693408|5586662880
16343|0|71628|03/01/2024 19:09:56||12004|3417906792|4180282640
15584|0|33929|03/01/2024 13:56:27||30813|19051119000|24697476416
16139|0|80530|03/01/2024 17:48:42||16878|1833006720|1894097680
16495|0|55803|03/01/2024 20:17:48||7932|249137392|323571176
15669|0|39615|03/01/2024 14:30:49||28751|11472832808|14275813984
16736|0|26853|03/01/2024 21:58:49||1871|21846280|27198504
16080|0|71600|03/01/2024 17:20:25||18575|7204758184|7570098968
16657|0|47991|03/01/2024 21:25:28||3872|13609332040|27876032944
14952|0|41275|03/01/2024 09:24:42||47118|5685629368|5842412416
15190|0|23508|03/01/2024 11:07:14||40966|135669319408|290314569416
15585|0|81599|03/01/2024 13:54:33||30927|11356427544|11830262640
15421|0|90524|03/01/2024 12:43:24||35196|169884224|240426992
16281|0|42647|03/01/2024 18:47:54||13326|4652812480|4931439592
16189|0|63519|03/01/2024 18:06:09||15831|2655945928|3675875776
16190|0|53913|03/01/2024 18:09:40||15620|11944856536|16806082992
15608|0|27053|03/01/2024 14:06:12||30228|5517492808|6993626632
16468|0|55461|03/01/2024 20:05:52||8648|2576276112|3367761640
16344|0|9829|03/01/2024 19:07:39||12141|1187763136|1385921400
15980|0|56154|03/01/2024 16:48:09||20511|1006651008|1391340896
14691|0|18965|03/01/2024 07:37:33||53547|9863390464|11457443208
15422|0|87016|03/01/2024 12:40:51||35349|15751529040|19467023760
15144|0|81904|03/01/2024 10:43:18||42402|9968976216|13334989224
14118|0|10813|03/01/2024 03:37:39||67941|7841088496|9170879224
14593|0|98182|03/01/2024 06:55:12||56088|20603623488|26486202344
16425|0|24466|03/01/2024 19:47:43||9737|668506704|697166480
16517|0|55290|03/01/2024 20:25:54||7446|1536734304|2102234120
15670|0|66591|03/01/2024 14:33:52||28568|4429984248|5843924984
16140|0|16175|03/01/2024 17:40:57||17343|3639590000|5080583144
16172|0|56321|03/01/2024 17:57:52||16328|7764217408|11636346568
15815|0|82244|03/01/2024 15:34:43||24917|7439628560|9652352240
16282|0|59169|03/01/2024 18:41:52||13688|6579836192|7490068000
16496|0|18551|03/01/2024 20:11:28||8312|1170984752|1703847064
15981|0|72603|03/01/2024 16:48:06||20514|847983728|960648488
16257|0|49345|03/01/2024 18:32:09||14271|6470355568|8464568952
15586|0|62443|03/01/2024 13:56:31||30809|3130586088|4351122848
16111|0|16914|03/01/2024 17:33:34||17786|3862304904|4484060192
15035|0|25872|03/01/2024 10:08:55||44465|11262007328|12758248040
14285|0|74794|03/01/2024 04:49:16||63644|135028467232|330590213752
16112|0|79726|03/01/2024 17:39:38||17422|4613394264|5616023368
16683|0|95843|03/01/2024 21:35:38||3262|98382488|135365328
16555|0|47930|03/01/2024 20:45:00||6300|748902568|930481264
15232|0|98824|03/01/2024 11:26:37||39803|9257716200|12393450384
15164|0|26733|03/01/2024 10:59:53||41407|5453497232|5509149656
14214|0|90629|03/01/2024 04:17:25||65555|15108864416|21326828448
16141|0|55895|03/01/2024 17:42:32||17248|2688482400|2748338200
15248|0|34787|03/01/2024 11:33:28||39392|3632105200|3694404192
15882|0|71522|03/01/2024 16:08:47||22873|2020048232|2827964184
14817|0|78069|03/01/2024 08:25:55||50645|4504708648|5478897856
16113|0|54515|03/01/2024 17:35:55||17645|1351268256|1523075192
15037|0|74259|03/01/2024 10:08:23||44497|2875262240|3040265856
15513|0|52004|03/01/2024 13:22:03||32877|26423998984|56819926680
16142|0|12441|03/01/2024 17:49:14||16846|20447112048|55841303072
16082|0|25915|03/01/2024 17:23:08||18412|475708712|668820008
15982|0|18618|03/01/2024 16:46:59||20581|832326344|833708040
15474|0|14275|03/01/2024 13:00:12||34188|494910688|685895008
16758|0|34756|03/01/2024 22:00:26||1774|342649848|419574792
14720|0|26605|03/01/2024 07:49:26||52834|98445492672|261350431600
15326|0|39364|03/01/2024 12:06:40||37400|8871907208|11798571280
14934|0|99645|03/01/2024 09:19:33||47427|7968744080|9067793536
16370|0|32244|03/01/2024 19:17:56||11524|2921085312|3597081384
14536|0|17759|03/01/2024 06:31:53||57487|26580025872|29257603392
15038|0|81939|03/01/2024 10:04:35||44725|2405151800|3143978192
15534|0|18035|03/01/2024 13:35:25||32075|194241128|270635416
16759|0|84865|03/01/2024 22:00:52||1748|36067640|39388696
15535|0|89120|03/01/2024 13:31:50||32290|10515582920|15765005888
14749|0|80337|03/01/2024 07:50:22||52778|33550282360|43794487328
15953|0|48767|03/01/2024 16:32:41||21439|2489741928|2717186408
15609|0|78806|03/01/2024 14:08:56||30064|98496704664|260609302520
16215|0|10047|03/01/2024 18:13:25||15395|5061616696|5852266424
16684|0|25702|03/01/2024 21:33:43||3377|1004219792|1122428104
15798|0|48296|03/01/2024 15:21:46||25694|5828240808|8576261104
15859|0|73922|03/01/2024 15:56:02||23638|1271815112|1707765856
15071|0|62739|03/01/2024 10:16:23||44017|1861624104|2409364112
15327|0|14554|03/01/2024 12:04:12||37548|1616917160|1848702808
16712|0|61330|03/01/2024 21:46:53||2587|5829624|7170624
15740|0|81411|03/01/2024 15:01:51||26889|27941977384|52779394896
15883|0|99359|03/01/2024 16:02:31||23249|17671603600|21959403320
15394|0|90367|03/01/2024 12:35:20||35680|7018334264|8050292960
15741|0|37105|03/01/2024 15:05:18||26682|13377037800|19389962728
15249|0|6960|03/01/2024 11:31:30||39510|98691423896|215152557240
15907|0|30767|03/01/2024 16:17:01||22379|1381034672|1484520192
15108|0|35076|03/01/2024 10:23:21||43599|2189779128|3027010720
15424|0|83370|03/01/2024 12:42:39||35241|104370888528|309648306264
15000|0|22544|03/01/2024 09:45:01||45899|1863923720|2752819152
16609|0|20312|03/01/2024 21:02:11||5269|2135747472|3111310032
15689|0|65677|03/01/2024 14:49:17||27643|2446728816|2469359808
16173|0|22916|03/01/2024 17:58:35||16285|620952384|650908512
14978|0|16674|03/01/2024 09:37:08||46372|4443730920|5832912056
16191|0|16695|03/01/2024 18:03:46||15974|5617271576|6705900760
16610|0|40671|03/01/2024 21:02:42||5238|1089615648|1300716568
16444|0|76609|03/01/2024 19:58:00||9120|2196571192|2588450704
14769|0|35713|03/01/2024 08:06:04||51836|29576547008|35653685384
16556|0|90732|03/01/2024 20:47:54||6126|594956432|789011592
15650|0|28957|03/01/2024 14:27:17||28963|3340877568|3721481216
16283|0|81038|03/01/2024 18:47:13||13367|7170913016|8212765424
14256|0|30624|03/01/2024 04:39:58||64202|6734849688|7707610864
16284|0|15557|03/01/2024 18:43:38||13582|1251893944|1764624264
16406|0|59134|03/01/2024 19:33:23||10597|38765788896|110184735064
16685|0|93680|03/01/2024 21:39:54||3006|82659888|105705528
15109|0|86192|03/01/2024 10:22:43||43637|16091179040|20641253584
16779|0|97925|03/01/2024 22:18:12||708|160278824|207442568
15983|0|23436|03/01/2024 16:49:15||20445|2576478896|2965089552
16737|0|48911|03/01/2024 21:53:40||2180|485733336|542007424
16469|0|58536|03/01/2024 20:08:48||8472|2207961744|2310295592
16497|0|79407|03/01/2024 20:17:52||7928|2092579448|3095965368
16056|0|27884|03/01/2024 17:14:49||18911|1835993696|1006474104
16083|0|39308|03/01/2024 17:24:56||18304|728967464|908148752
16633|0|78689|03/01/2024 21:12:03||4677|4615358896|5597063224
15799|0|74346|03/01/2024 15:29:55||25205|2045708656|2792655520
15651|0|65491|03/01/2024 14:20:43||29357|43683105432|100967301912
15354|0|98489|03/01/2024 12:18:54||36666|13902663424|14082012616
16686|0|64434|03/01/2024 21:33:18||3402|871155760|1267963424
15165|0|6399|03/01/2024 10:52:09||41871|18166236464|23400734040
16286|0|3892|03/01/2024 18:48:01||13319|10072000792|27555117096
16780|0|6662|03/01/2024 22:12:27||1053|552943600|663288760
14841|0|16812|03/01/2024 08:35:38||50062|5007125040|5021835864
15884|0|35461|03/01/2024 16:04:26||23134|3211136872|4403184328
15375|0|71562|03/01/2024 12:26:14||36226|93393076432|232420773536
15192|0|17294|03/01/2024 11:01:33||41307|11947906744|13046166760
16539|0|78684|03/01/2024 20:31:23||7117|1675716008|1863567664
16611|0|44698|03/01/2024 21:01:32||5308|492202648|539613776
16806|0|32459|03/01/2024 22:23:41||379|41803992|43692264
16010|0|62028|03/01/2024 16:57:43||19937|4465824576|5597404936
16807|0|56872|03/01/2024 22:25:49||251|379858376|761185360
15690|0|50061|03/01/2024 14:45:04||27896|5313462872|6181424352
15072|0|83758|03/01/2024 10:15:47||44053|9290268544|10024689872
16658|0|75667|03/01/2024 21:23:54||3966|4367935264|12523370936
16322|0|84762|03/01/2024 18:52:42||13038|1382948120|1496166480
15536|0|73186|03/01/2024 13:36:39||32001|3213247168|4507737672
15610|0|41227|03/01/2024 14:03:39||30381|4609031144|4746543528
14474|0|5515|03/01/2024 06:09:57||58803|172518309280|407575466056
15376|0|90699|03/01/2024 12:22:15||36465|3606280336|4015305560
16287|0|94788|03/01/2024 18:45:15||13485|3766289992|4069891720
16498|0|78335|03/01/2024 20:11:33||8307|737655584|861942912
16713|0|97865|03/01/2024 21:42:19||2861|2733890936|7575836680
14237|0|60882|03/01/2024 04:23:49||65171|92866234736|177735676352
15073|0|21114|03/01/2024 10:10:10||44390|2293519808|2726782696
15954|0|67461|03/01/2024 16:33:37||21383|151315104|167719200
16288|0|9945|03/01/2024 18:44:12||13548|8002964408|11567119488
16687|0|42912|03/01/2024 21:31:05||3535|145688232|176327680
16407|0|74084|03/01/2024 19:37:40||10340|18804140896|41138556760
14752|0|71511|03/01/2024 07:58:46||52274|15469458336|21569371712
14953|0|23395|03/01/2024 09:21:53||47287|1026226616|1193383448
15709|0|47737|03/01/2024 14:53:31||27389|4143424208|5266849712
16408|0|75914|03/01/2024 19:38:44||10276|229375288|306129560
15559|0|86009|03/01/2024 13:46:20||31420|15574509888|18074396248
15560|0|86823|03/01/2024 13:46:30||31410|6769532192|7994534120
16234|0|83405|03/01/2024 18:28:55||14465|6631074872|7415053552
15631|0|4972|03/01/2024 14:14:00||29760|10449185736|12928106744
16289|0|92212|03/01/2024 18:46:28||13412|1682793496|1767341408
15074|0|38393|03/01/2024 10:15:06||44094|15281783144|19039480048
16426|0|79268|03/01/2024 19:42:38||10042|2339863536|2943472328
16470|0|33485|03/01/2024 20:04:01||8759|14743330336|35282851560
16116|0|62744|03/01/2024 17:30:43||17957|2360224632|2984328920
16714|0|70084|03/01/2024 21:49:39||2421|1101912864|1245687544
16808|0|17728|03/01/2024 22:29:41||19|617888|796176
16323|0|47970|03/01/2024 18:51:29||13111|655066704|955389048
16174|0|87954|03/01/2024 17:58:00||16320|3060880608|4099833832
15396|0|32920|03/01/2024 12:30:39||35961|5956928800|7465543160
16409|0|65088|03/01/2024 19:39:32||10228|2053245184|2408722528
16032|0|4535|03/01/2024 17:09:11||19249|25947877808|67349326152
15494|0|73483|03/01/2024 13:16:52||33188|25611934000|13971100080
16033|0|46218|03/01/2024 17:02:07||19673|154354408|182287888
15931|0|65987|03/01/2024 16:26:25||21815|16253256824|41991799848
16410|0|94873|03/01/2024 19:34:03||10557|1464231448|1785430384
15860|0|76428|03/01/2024 15:51:24||23916|7896386880|8365301808
15495|0|9390|03/01/2024 13:12:13||33467|5193854080|7341153400
15127|0|43972|03/01/2024 10:37:35||42745|24434140208|25208604632
15886|0|82516|03/01/2024 16:04:59||23101|7209349936|9072648384
15691|0|25789|03/01/2024 14:40:20||28180|8457509136|10143414056
16345|0|92320|03/01/2024 19:05:28||12272|138574224|181871296
16216|0|66200|03/01/2024 18:10:37||15563|3736021256|4747133560
16445|0|37723|03/01/2024 19:57:36||9144|31002795744|68066550624
16540|0|62249|03/01/2024 20:33:02||7018|3857698704|4015797960
16143|0|13917|03/01/2024 17:43:39||17181|3207425120|3521076944
16346|0|48483|03/01/2024 19:03:26||12394|650124776|677229144
15588|0|42383|03/01/2024 13:53:17||31003|19266623456|23422105552
16612|0|4685|03/01/2024 21:06:26||5014|855754928|938899056
16258|0|17172|03/01/2024 18:31:31||14309|3324335280|4887281968
16347|0|42168|03/01/2024 19:06:21||12219|1048879608|1522681680
16235|0|99120|03/01/2024 18:22:56||14824|10552551000|14391409040
16738|0|21722|03/01/2024 21:50:57||2343|253539544|311849088
15838|0|49278|03/01/2024 15:46:24||24216|3696772176|4611305416
16781|0|87581|03/01/2024 22:18:12||708|58902640|59420192
16057|0|14238|03/01/2024 17:18:47||18673|4954424688|6547246368
16117|0|12956|03/01/2024 17:32:00||17880|7335097920|9133962112
15168|0|22794|03/01/2024 10:56:18||41622|12250505000|13026681144
16715|0|97158|03/01/2024 21:48:25||2495|848426824|975332712
15193|0|23048|03/01/2024 11:02:15||41265|9444228008|13624657312
16782|0|21853|03/01/2024 22:15:31||869|30990616|42275120
15561|0|92824|03/01/2024 13:40:22||31778|40214316400|89761434240
16499|0|98672|03/01/2024 20:13:05||8215|4224541616|5593503536
16290|0|13901|03/01/2024 18:41:01||13739|1715518672|1993531744
15612|0|31852|03/01/2024 14:09:16||30044|4560663216|4948135560
14567|0|39893|03/01/2024 06:47:02||56578|33057999064|78446166784
16783|0|60185|03/01/2024 22:16:39||801|42121176|46473472
16613|0|32354|03/01/2024 21:00:46||5354|1569364912|1573135600
16500|0|64894|03/01/2024 20:18:12||7908|1751613536|1842443288
15563|0|39654|03/01/2024 13:44:25||31535|10671733208|13207182008
16716|0|79668|03/01/2024 21:42:02||2878|295720688|400262200
16144|0|68311|03/01/2024 17:46:32||17008|571891528|768062472
15040|0|38417|03/01/2024 10:08:10||44510|20829220184|16735591456
16557|0|53738|03/01/2024 20:43:14||6406|1223521360|1442559536
16472|0|5442|03/01/2024 20:01:12||8928|17556943328|38834620272
16614|0|11302|03/01/2024 21:04:23||5137|2669967760|3060308280
15209|0|96844|03/01/2024 11:15:46||40454|2510433048|2575846664
15357|0|10803|03/01/2024 12:15:13||36887|2658687904|2722822080
15772|0|31448|03/01/2024 15:10:24||26376|7595248568|8796916968
16615|0|19015|03/01/2024 21:04:31||5129|3396552896|4951384488
14795|0|50746|03/01/2024 08:16:45||51195|7173294576|8818711280
16583|0|62285|03/01/2024 20:55:18||5682|15658793560|30593854952
16217|0|93110|03/01/2024 18:12:10||15470|5511121800|5818144784
16784|0|93403|03/01/2024 22:18:02||718|77703472|78618160
15839|0|36625|03/01/2024 15:41:37||24503|12465448432|12795930744
16760|0|62869|03/01/2024 22:04:34||1526|17438872|18048296
16809|0|62626|03/01/2024 22:20:01||599|10268928|11637792
15589|0|34950|03/01/2024 13:56:00||30840|10384526256|15497660248
15428|0|57945|03/01/2024 12:49:41||34819|25481125112|28486724448
15145|0|30638|03/01/2024 10:41:20||42520|24197876440|29029961992
16518|0|27810|03/01/2024 20:23:30||7590|1065025152|1326941176
15516|0|52043|03/01/2024 13:29:52||32408|2905050560|3692082016
16717|0|95103|03/01/2024 21:44:34||2726|3524125640|7350614608
15590|0|74441|03/01/2024 13:55:09||30891|5641716568|7355912768
16084|0|68984|03/01/2024 17:21:07||18533|62366825144|118431830552
16473|0|44387|03/01/2024 20:04:42||8718|325857248|362694152
15820|0|61060|03/01/2024 15:36:30||24810|9389601664|11729940400
16119|0|4470|03/01/2024 17:30:47||17953|3331495264|4347156320
15821|0|22927|03/01/2024 15:35:10||24890|8734636864|9231718848
15840|0|6154|03/01/2024 15:49:40||24020|4783472928|5296679856
15861|0|86250|03/01/2024 15:50:11||23989|6468559352|8905931224
16739|0|57795|03/01/2024 21:55:55||2045|126754336|146190088
15429|0|74448|03/01/2024 12:45:55||35045|12053667040|15533826336
15908|0|82841|03/01/2024 16:11:36||22704|9679830200|11155283992
14696|0|36682|03/01/2024 07:34:57||53703|7792853936|8553592224
14725|0|4803|03/01/2024 07:44:46||53114|126671213440|257360506480
16584|0|98113|03/01/2024 20:51:04||5936|4111337352|4299396400
15477|0|44803|03/01/2024 13:01:52||34088|48065306104|32236783144
15002|0|8206|03/01/2024 09:49:52||45608|20004322576|22872201032
16558|0|57836|03/01/2024 20:47:25||6155|14489438312|36886147192
16324|0|87579|03/01/2024 18:52:52||13028|1330321312|1649523544
16120|0|57716|03/01/2024 17:39:34||17426|53269130688|115051512408
15041|0|11571|03/01/2024 10:02:08||44872|1731977184|1824409720
16291|0|54472|03/01/2024 18:49:49||13211|6186658144|6383592280
16371|0|60600|03/01/2024 19:16:50||11590|461836632|542023072
15021|0|38775|03/01/2024 09:57:08||45172|128859581176|248835555496
15985|0|36839|03/01/2024 16:42:21||20859|10844490336|13049474728
15887|0|33855|03/01/2024 16:02:49||23231|13727625040|17359271352
16325|0|75669|03/01/2024 18:56:27||12813|19450270424|53552577624
15632|0|3904|03/01/2024 14:13:10||29810|4959877336|5046141832
15517|0|54089|03/01/2024 13:24:02||32758|21025495584|26443744744
15591|0|62816|03/01/2024 13:56:42||30798|10232016832|14863082360
14389|0|16540|03/01/2024 05:29:05||61255|18021668456|25993785288
15146|0|14219|03/01/2024 10:49:32||42028|3865182368|4690875864
14935|0|57735|03/01/2024 09:10:33||47967|4949423032|6862110512
15653|0|38586|03/01/2024 14:23:44||29176|1007961600|1201248416
16519|0|28490|03/01/2024 20:23:22|03/01/2024 22:25:54|7352|1283044344|1726720328
16810|0|28490|03/01/2024 22:26:26||214|12437304|16336504
14981|0|61191|03/01/2024 09:36:54||46386|8979991152|12088345400
16761|0|53326|03/01/2024 22:05:50||1450|246429336|262342408
14915|0|84453|03/01/2024 09:06:14||48226|3959615744|4119728968
15210|0|52563|03/01/2024 11:16:39||40401|2888339760|3960381184
14539|0|90535|03/01/2024 06:31:42||57498|18182801032|21950427232
16085|0|66081|03/01/2024 17:23:08||18412|59277713568|113460272928
16659|0|94787|03/01/2024 21:28:01||3719|7625444072|16106467704
16414|0|54119|03/01/2024 19:33:26||10594|484573552|629562216
15078|0|90057|03/01/2024 10:12:08||44272|13237372456|15907741120
15331|0|27698|03/01/2024 12:02:48||37632|3598995424|4043430984
15272|0|33206|03/01/2024 11:47:43||38537|16131247040|17413695008
15478|0|70213|03/01/2024 13:02:33||34047|5766981080|7652440944
16474|0|50917|03/01/2024 20:06:32||8608|1317665688|1559855576
14753|0|14517|03/01/2024 07:50:36||52764|6427425680|8111766168
15592|0|36760|03/01/2024 13:58:47||30673|5722358056|7975885664
15633|0|41406|03/01/2024 14:14:42||29718|14197372032|19920711824
14820|0|68948|03/01/2024 08:27:11||50569|5847369552|7726296816
15710|0|84564|03/01/2024 14:56:09||27231|4803383104|5004476872
16348|0|67169|03/01/2024 19:07:10||12170|507602696|699154608
15079|0|27999|03/01/2024 10:15:51||44049|14375890360|16217128120
16447|0|47248|03/01/2024 19:59:47||9013|3512000160|5162995936
16688|0|71854|03/01/2024 21:31:22||3518|898381656|1287813816
16718|0|91279|03/01/2024 21:43:01||2819|1312282656|1747828656
14568|0|39360|03/01/2024 06:45:08||56692|6865266560|8088483184
16415|0|41267|03/01/2024 19:38:29||10291|1050886032|1377605928
16559|0|11766|03/01/2024 20:47:52||6128|1046153640|1193037216
16560|0|7757|03/01/2024 20:49:21|03/01/2024 22:24:37|5716|1196028512|1526578472
16145|0|27748|03/01/2024 17:40:18||17382|9125722872|13642097488
15888|0|97311|03/01/2024 16:05:34||23066|36202711384|74553025464
14983|0|42553|03/01/2024 09:36:24||46416|14575841216|19940262712
14668|0|90419|03/01/2024 07:20:00||54600|2376804760|2488317944
16785|0|18158|03/01/2024 22:16:27||813|273906040|275417560
16689|0|32978|03/01/2024 21:38:03||3117|72556056|81033304
16690|0|73600|03/01/2024 21:30:00||3600|484037344|617950088
15593|0|20283|03/01/2024 13:52:48||31032|298776232|427917000
15004|0|63807|03/01/2024 09:46:18||45822|12827009944|13469835312
16086|0|53471|03/01/2024 17:29:13||18047|50307442024|117233116848
16561|0|55148|03/01/2024 20:46:33||6207|1742131872|1841813200
16372|0|63274|03/01/2024 19:16:25||11615|336524264|444538472
15377|0|98428|03/01/2024 12:26:08||36232|11473285872|11704119464
14456|0|96236|03/01/2024 05:58:34||59486|19244790560|20861860080
15654|0|93717|03/01/2024 14:24:13||29147|2625216592|2655944424
15332|0|60097|03/01/2024 12:02:30||37650|4910764112|6694007064
14729|0|33346|03/01/2024 07:46:21||53019|14758679688|15514973888
16501|0|42954|03/01/2024 20:10:32||8368|1242243808|1814006048
16521|0|8613|03/01/2024 20:23:04||7616|890281288|1138992256
15255|0|82194|03/01/2024 11:39:50||39010|925138400|938490376
16087|0|56019|03/01/2024 17:22:40||18440|2100257344|2137152568
16088|0|18270|03/01/2024 17:29:28||18032|25757630960|67644996568
16416|0|43500|03/01/2024 19:36:16||10424|1796416648|2158909576
15692|0|37264|03/01/2024 14:43:01||28019|3655942984|4677272640
15693|0|33390|03/01/2024 14:41:11||28129|8568495384|8954979088
16011|0|79189|03/01/2024 16:58:15||19905|1684253552|2061991456
15129|0|82073|03/01/2024 10:31:51||43089|33147190000|20566691928
16502|0|84127|03/01/2024 20:10:07||8393|978771304|1302786568
15748|0|87607|03/01/2024 15:08:02||26518|5978144712|6612807280
16660|0|72601|03/01/2024 21:21:23||4117|361201232|409089880
16259|0|95675|03/01/2024 18:36:29||14011|1265697224|1366876016
16427|0|43954|03/01/2024 19:44:08||9952|743613536|764182944
16719|0|48931|03/01/2024 21:45:09||2691|167066688|167318528
16386|0|38018|03/01/2024 19:27:32||10948|933087992|1076481984
16059|0|60102|03/01/2024 17:18:50||18670|2930250712|3152495192
15773|0|90954|03/01/2024 15:14:00||26160|3149352008|4606014576
15594|0|89323|03/01/2024 13:57:01||30779|2491634400|3505267896
16811|0|35705|03/01/2024 22:26:25||215|37870592|53340616
15749|0|21906|03/01/2024 15:04:21||26739|3416882368|3801656096
15910|0|77387|03/01/2024 16:18:45||22275|37604659712|76501483432
16448|0|19955|03/01/2024 19:57:59||9121|308041824|316337016
15170|0|21282|03/01/2024 10:55:01||41699|5626430536|7637814480
16192|0|35695|03/01/2024 18:03:26||15994|4747696128|5234489936
15537|0|72301|03/01/2024 13:31:24||32316|275883232|306085088
16762|0|79767|03/01/2024 22:08:28||1292|30935776|40688528
14773|0|57132|03/01/2024 08:06:04||51836|207143557536|423917094080
14843|0|58966|03/01/2024 08:30:12||50388|19540994664|19914366912
16585|0|25392|03/01/2024 20:54:56||5704|1704489936|1996595704
15986|0|26325|03/01/2024 16:42:13||20867|1140412080|1239237144
16193|0|95355|03/01/2024 18:01:06||16134|1175100072|1737056168
14415|0|64575|03/01/2024 05:37:49||60731|30700212152|44585771416
15932|0|27239|03/01/2024 16:21:26||22114|12782303304|16453140088
16260|0|35329|03/01/2024 18:37:27||13953|10800776008|11469449872
16586|0|17356|03/01/2024 20:54:22||5738|553414456|641506104
16691|0|68306|03/01/2024 21:34:10||3350|412389016|563386184
15273|0|84545|03/01/2024 11:48:29||38491|4578129256|6600356408
15081|0|68986|03/01/2024 10:11:17||44323|86199787632|162026783928
14755|0|52327|03/01/2024 07:54:01||52559|10310593264|12491049968
16327|0|6952|03/01/2024 18:52:32||13048|40850631432|93917342688
14984|0|38590|03/01/2024 09:35:56||46444|31305332000|21930352808
15694|0|90800|03/01/2024 14:48:56||27664|5340468144|6377137880
15455|0|90382|03/01/2024 12:51:53||34687|12977567464|17216506440
15430|0|40431|03/01/2024 12:45:27||35073|2493838640|3244995384
16763|0|39713|03/01/2024 22:09:29||1231|5843522160|12632009840
16292|0|16348|03/01/2024 18:45:52||13448|3532763368|3706306608
16449|0|85434|03/01/2024 19:52:42||9438|1099563560|1158950416
15497|0|91313|03/01/2024 13:19:04||33056|6966565816|8470841080
16786|0|45237|03/01/2024 22:14:07||953|19491808|25860336
15480|0|88937|03/01/2024 13:02:54||34026|21048512488|22616347936
14641|0|70307|03/01/2024 07:15:56||54844|177268992728|344038752344
16147|0|45886|03/01/2024 17:49:09|03/01/2024 22:25:40|16591|1784014720|2511974944
16475|0|95683|03/01/2024 20:09:24||8436|444735832|470190328
15518|0|44964|03/01/2024 13:29:53||32407|9505098368|12805795664
15863|0|19376|03/01/2024 15:53:09||23811|9352813640|11032289888
14342|0|82940|03/01/2024 05:01:35||62905|8824852608|12322936088
14595|0|7760|03/01/2024 06:53:39||56181|2724329256|2954025680
16261|0|43370|03/01/2024 18:36:07||14033|800780304|998098344
16194|0|28498|03/01/2024 18:06:22||15818|27148356360|78173627456
14955|0|11534|03/01/2024 09:22:11||47269|18671437088|19771346088
16720|0|21518|03/01/2024 21:42:46||2834|1182532504|1648344000
14731|0|37567|03/01/2024 07:47:10||52970|20556255616|24093471720
16661|0|92546|03/01/2024 21:21:45||4095|61520760|74885768
15211|0|95237|03/01/2024 11:16:35||40405|7130216216|8078008480
15889|0|53404|03/01/2024 16:07:20||22960|2131344952|3159525576
16328|0|60296|03/01/2024 18:50:51||13149|2276511792|3381900848
15171|0|62720|03/01/2024 10:53:38||41782|15479732024|15999658680
16450|0|78972|03/01/2024 19:58:11||9109|1964882448|2197893784
16587|0|67859|03/01/2024 20:52:13||5867|235382048|341322392
16034|0|48607|03/01/2024 17:06:31||19409|1473210792|1763826488
16293|0|85410|03/01/2024 18:40:03||13797|1091234584|1449596032
16812|0|99156|03/01/2024 22:23:39||381|22696768|25419312
15911|0|98210|03/01/2024 16:12:00||22680|1552550496|2138852160
16662|0|83497|03/01/2024 21:22:53||4027|1040553384|1196320432
14756|0|9107|03/01/2024 07:54:25||52535|2410534056|3384330928
15566|0|77491|03/01/2024 13:47:18||31362|1857106760|2458311848
15890|0|35733|03/01/2024 16:08:44||22876|457895616|541111408
16294|0|98856|03/01/2024 18:42:30||13650|10068687896|12878687496
16373|0|86828|03/01/2024 19:11:55||11885|5270028096|6510612280
16089|0|26828|03/01/2024 17:28:54||18066|4247039280|5682541232
14985|0|68031|03/01/2024 09:37:21||46359|9351952408|12902900272
14615|0|65772|03/01/2024 07:09:18||55242|12193656280|14395620224
16616|0|11231|03/01/2024 21:09:29||4831|3694389728|5172741304
15774|0|78128|03/01/2024 15:18:35||25885|5303774480|6658837048
16012|0|28951|03/01/2024 16:50:53||20347|1526898392|1883767704
15822|0|99977|03/01/2024 15:37:02||24778|21465926072|29818968992
16237|0|64878|03/01/2024 18:25:19||14681|4921054840|7123424736
16692|0|6670|03/01/2024 21:33:04||3416|2189857024|2345363632
14617|0|44731|03/01/2024 07:06:54||55386|3385763200|4369507936
15400|0|64456|03/01/2024 12:30:01||35999|14640124416|14978781880
15801|0|67867|03/01/2024 15:29:15||25245|1458451696|1487884256
15841|0|9349|03/01/2024 15:48:12||24108|7337156688|7736966392
15987|0|79990|03/01/2024 16:45:49||20651|7483071264|9483373728
16693|0|19097|03/01/2024 21:31:22||3518|-55688|-71176
16451|0|26277|03/01/2024 19:56:47||9193|1247131504|1682758696
16663|0|9872|03/01/2024 21:20:42||4158|2396875104|3208143464
16013|0|72764|03/01/2024 16:50:37||20363|49905798136|144577808064
14436|0|4771|03/01/2024 05:45:54||60246|951921648|1371913456
15112|0|89278|03/01/2024 10:20:38||43762|15513235352|19354267368
15172|0|8632|03/01/2024 10:57:56||41524|22790723360|28489493264
16329|0|33062|03/01/2024 18:52:28||13052|32788047472|63071634672
16417|0|27279|03/01/2024 19:34:13||10547|684110952|832376632
15802|0|30292|03/01/2024 15:28:27||25293|64590236512|185059489872
16522|0|80603|03/01/2024 20:22:16||7664|164398968|236182184
14986|0|97911|03/01/2024 09:34:24||46536|18534629104|19066839960
15616|0|5529|03/01/2024 14:01:16||30524|8638886136|11546981784
15617|0|68440|03/01/2024 14:00:19||30581|14900929840|14990617560
16349|0|92618|03/01/2024 19:07:28|03/01/2024 22:26:06|11918|1996360720|2082973464
16541|0|94248|03/01/2024 20:30:03||7197|3343803920|3439208288
16634|0|11066|03/01/2024 21:16:23||4417|90017088|122693000
16635|0|21964|03/01/2024 21:15:09||4491|6672714952|17193666360
16588|0|57080|03/01/2024 20:55:53||5647|4017015416|4738346904
15657|0|57413|03/01/2024 14:28:54||28866|1425619280|1864814720
16740|0|45092|03/01/2024 21:53:07||2213|619923208|621261488
16350|0|29526|03/01/2024 19:08:31||12089|204525352|297500896
16295|0|69929|03/01/2024 18:48:05||13315|4623830944|6592738320
16090|0|39905|03/01/2024 17:22:56||18424|6243379656|7317759488
15912|0|97039|03/01/2024 16:13:26||22594|2295597480|2573808416
16296|0|51311|03/01/2024 18:43:57||13563|9778583120|11502878520
15842|0|35168|03/01/2024 15:45:54||24246|57443851552|108562311072
14345|0|59045|03/01/2024 05:01:53||62887|6521559880|7977798152
15302|0|98268|03/01/2024 11:59:54|03/01/2024 22:20:34|37240|1963478456|1984125824
14797|0|77284|03/01/2024 08:16:08||51232|31042819760|31745809880
16061|0|61943|03/01/2024 17:15:10||18890|2217221744|2259487432
16374|0|38350|03/01/2024 19:15:55||11645|1295247488|1345620704
16664|0|38265|03/01/2024 21:25:00||3900|264697752|289374320
14774|0|42570|03/01/2024 08:02:58||52022|9522137640|13131219360
14498|0|61015|03/01/2024 06:12:09||58671|52358909144|118964569016
16375|0|27940|03/01/2024 19:11:55||11885|31566317160|58742840872
14514|0|59942|03/01/2024 06:27:48||57732|19458094968|24004324168
14890|0|58552|03/01/2024 08:54:12||48948|1206508328|1449330584
15538|0|83741|03/01/2024 13:30:52||32348|4806828848|5375213752
16694|0|83215|03/01/2024 21:37:18||3162|1710484088|2445343760
16330|0|69897|03/01/2024 18:50:34||13166|851266944|1168634440
15131|0|56666|03/01/2024 10:34:30||42930|160183281632|401797253848
15042|0|63625|03/01/2024 10:01:30||44910|33167813176|70722953280
15989|0|11654|03/01/2024 16:47:55||20525|4787695928|5655409584
14845|0|86592|03/01/2024 08:39:26||49834|15613661304|17548786432
15913|0|70337|03/01/2024 16:15:43||22457|24191141904|59630838520
14516|0|91832|03/01/2024 06:26:50||57790|5368014880|6323636144
15520|0|43601|03/01/2024 13:21:43||32897|65063500680|122529212496
15892|0|32541|03/01/2024 16:00:27||23373|6864054224|7669050336
16351|0|11314|03/01/2024 19:04:10||12350|18112164192|52261107208
15750|0|48166|03/01/2024 15:00:08||26992|3029787272|3255575232
16617|0|48637|03/01/2024 21:03:01||5219|1345563952|1690441112
15333|0|68764|03/01/2024 12:04:30||37530|18334742216|20506585952
15595|0|94015|03/01/2024 13:53:25||30995|54787179608|131066319944
15083|0|67809|03/01/2024 10:19:56||43804|26416175216|32056351384
16787|0|75327|03/01/2024 22:16:16||824|251865832|167041760
14958|0|34124|03/01/2024 09:25:32|03/01/2024 22:29:03|47011|18401383816|20337964296
15256|0|82616|03/01/2024 11:39:03||39057|2013085976|3015720448
16523|0|31643|03/01/2024 20:28:29||7291|729081264|745277024
15775|0|91568|03/01/2024 15:17:19||25961|5325738896|6526349424
15275|0|64297|03/01/2024 11:43:09||38811|1518824784|1987892240
15865|0|15996|03/01/2024 15:58:50||23470|3051224544|4519180976
14959|0|98783|03/01/2024 09:27:49||46931|6411826864|6815736928
16175|0|76833|03/01/2024 17:58:54||16266|10345413696|11030905224
15713|0|46901|03/01/2024 14:52:15||27465|3372942176|3408077576
16238|0|61352|03/01/2024 18:21:49||14891|6310540320|6485326992
15567|0|64822|03/01/2024 13:41:31||31709|18482812288|27594850912
16476|0|25095|03/01/2024 20:09:54||8406|1298870792|1616177088
16418|0|86732|03/01/2024 19:37:31||10349|1260683312|1885125624
16428|0|35686|03/01/2024 19:43:20||10000|4636673808|5137961176
16218|0|43698|03/01/2024 18:19:38||15022|2809466360|3033584664
15173|0|22801|03/01/2024 10:58:34||41486|16618492688|20438689128
16195|0|43917|03/01/2024 18:00:21||16179|1990988072|2067068032
16562|0|19157|03/01/2024 20:42:48||6432|64321128|72785448
16014|0|12454|03/01/2024 16:52:52||20228|4674375064|6113720536
16262|0|36095|03/01/2024 18:39:08||13852|13133231672|14500137200
15714|0|10401|03/01/2024 14:59:54||27006|12137674472|17920259512
16062|0|8662|03/01/2024 17:18:28||18692|1136448568|1261773048
16764|0|47842|03/01/2024 22:03:27||1593|96687008|104237808
14240|0|14050|03/01/2024 04:21:44||65296|4163518120|5186773424
15990|0|43170|03/01/2024 16:42:30||20850|529140920|788487784
16176|0|58921|03/01/2024 17:57:31||16349|11770123864|13246180456
16636|0|76307|03/01/2024 21:13:23||4597|377507312|503592392
14821|0|94290|03/01/2024 08:25:23||50677|4877493896|5924523384
16148|0|80310|03/01/2024 17:40:09||17391|1415509760|1776305616
15823|0|47886|03/01/2024 15:39:19||24641|174977456|221134864
16637|0|67919|03/01/2024 21:14:09||4551|2420690616|2752055128
16765|0|83641|03/01/2024 22:00:30||1770|9441876872|18673382704
16788|0|91060|03/01/2024 22:18:27||693|200869192|226811760
15933|0|8563|03/01/2024 16:22:33||22047|471660520|562601960
16813|0|49763|03/01/2024 22:29:39||21|12182568|6840296
16665|0|34193|03/01/2024 21:26:59||3781|331841800|367699848
16263|0|72067|03/01/2024 18:30:27||14373|37604361552|71541654040
16695|0|58849|03/01/2024 21:35:57||3243|86863592|97899752
16297|0|91706|03/01/2024 18:40:48||13752|3047203472|3935523336
15359|0|40546|03/01/2024 12:19:07||36653|50269164104|112546433232
16789|0|13713|03/01/2024 22:16:06||834|28034072|33679520
15276|0|21276|03/01/2024 11:49:50||38410|5679440624|8185750848
15893|0|45990|03/01/2024 16:09:52||22808|8472444464|11844968136
15360|0|51323|03/01/2024 12:10:17||37183|3645553216|4251203936
15257|0|24553|03/01/2024 11:36:30||39210|5524627976|8036561888
15934|0|79396|03/01/2024 16:23:18||22002|4117194368|4291604240
16721|0|6089|03/01/2024 21:46:15||2625|74096920|95293912
16741|0|53027|03/01/2024 21:56:44||1996|182661832|193235680
16015|0|36031|03/01/2024 16:56:39||20001|5908954592|8834557056
15824|0|30620|03/01/2024 15:36:01||24839|6875390768|9339965344
15114|0|33055|03/01/2024 10:21:36||43704|14686488536|20826037008
15894|0|9222|03/01/2024 16:07:13||22967|13576464568|15041563488
15234|0|13423|03/01/2024 11:26:12||39828|24893996312|32917169232
15776|0|84025|03/01/2024 15:12:15||26265|14693640816|17174018088
14571|0|59158|03/01/2024 06:41:42||56898|127792378680|269245722016
16742|0|81657|03/01/2024 21:57:53||1927|5960701208|11391497560
16035|0|12811|03/01/2024 17:05:17||19483|46553935816|97084615440
14892|0|94733|03/01/2024 08:50:06||49194|14266833720|16223127056
15914|0|78144|03/01/2024 16:19:22||22238|8107807608|8347937320
16666|0|91772|03/01/2024 21:25:07||3893|561435760|658599216
14873|0|18106|03/01/2024 08:47:08||49372|99380764960|221720251064
16092|0|10391|03/01/2024 17:26:55||18185|1827157016|2007466808
14677|0|78465|03/01/2024 07:29:10||54050|20398572936|25510999360
16696|0|33645|03/01/2024 21:39:38||3022|257096392|291199016
16563|0|18283|03/01/2024 20:40:29||6571|367154320|448429896
15960|0|13857|03/01/2024 16:35:23||21277|114436080|141376688
16240|0|93385|03/01/2024 18:25:08||14692|11798338512|14399834536
16722|0|74530|03/01/2024 21:44:43||2717|323220960|338746352
16589|0|93058|03/01/2024 20:53:15||5805|1788995424|2141295976
16219|0|45404|03/01/2024 18:17:01||15179|705318352|780625584
14988|0|47108|03/01/2024 09:36:07||46433|21003845376|21364310416
16743|0|76141|03/01/2024 21:58:36||1884|254607928|291939576
16590|0|39721|03/01/2024 20:58:27||5493|2880400176|4230073544
16477|0|50981|03/01/2024 20:05:16||8684|25895936464|50976036640
15457|0|4384|03/01/2024 12:57:22||34358|7126950400|7485105816
15403|0|72760|03/01/2024 12:30:38||35962|11288857400|13437176000
16667|0|30812|03/01/2024 21:25:29||3871|655786912|862824960
14894|0|43549|03/01/2024 08:59:27||48633|8066784968|8635759000
15618|0|97623|03/01/2024 14:02:53||30427|13916959848|15403413608
16697|0|22725|03/01/2024 21:31:21||3519|391208584|536144120
15115|0|11020|03/01/2024 10:28:02||43318|61913583480|140049043896
15777|0|57389|03/01/2024 15:11:04||26336|3817273408|5262402128
15277|0|76358|03/01/2024 11:45:12||38688|10701251840|13511206344
14776|0|35573|03/01/2024 08:00:06||52194|13050752600|15138882032
16698|0|46420|03/01/2024 21:34:35||3325|410921768|495032152
16298|0|88768|03/01/2024 18:40:00||13800|7145477600|8597757208
16699|0|70097|03/01/2024 21:36:58||3182|211260800|241335336
16723|0|96071|03/01/2024 21:46:22||2618|1719326792|1897870888
15278|0|9901|03/01/2024 11:42:40||38840|1939253088|1974332832
16388|0|61969|03/01/2024 19:21:50||11290|891929480|973525136
15498|0|84925|03/01/2024 13:17:31||33149|7476901712|8025355040
16724|0|98714|03/01/2024 21:45:51||2649|118784504|161823648
16149|0|28457|03/01/2024 17:48:01||16919|3701792496|4341842960
16618|0|33559|03/01/2024 21:06:46|03/01/2024 22:21:37|4491|4572305752|4796731960
16814|0|33559|03/01/2024 22:22:30||450|48931728|72816144
15458|0|17769|03/01/2024 12:56:41||34399|25061721096|31202132256
16331|0|68101|03/01/2024 18:54:03||12957|2201470320|2815888960
16150|0|23518|03/01/2024 17:47:59||16921|2849867264|3255703288
15235|0|63285|03/01/2024 11:21:00||40140|3913866432|5053369464
16064|0|13770|03/01/2024 17:18:36||18684|1899082240|2155759784
15404|0|85390|03/01/2024 12:31:25||35915|9086774080|11928495016
15825|0|36601|03/01/2024 15:32:14||25066|13659914960|16946173816
14941|0|12393|03/01/2024 09:19:13||47447|7861109280|9583905560
16264|0|36252|03/01/2024 18:38:10||13910|23487213832|58067118248
16241|0|5254|03/01/2024 18:20:53||14947|5768311544|8175402696
16591|0|23557|03/01/2024 20:55:12||5688|2407334928|2970039416
15541|0|41285|03/01/2024 13:31:20||32320|76058696680|209010824632
16524|0|72614|03/01/2024 20:26:35||7405|3638009152|4028098320
16196|0|57847|03/01/2024 18:07:28||15752|33283734088|70288374920
15149|0|80536|03/01/2024 10:41:26||42514|9256795336|13769550896
15698|0|14719|03/01/2024 14:42:32||28048|4420447096|4840276584
16220|0|26226|03/01/2024 18:13:19||15401|16943852104|12771556352
14849|0|31820|03/01/2024 08:39:19||49841|11490695032|15775297880
16542|0|46233|03/01/2024 20:39:08||6652|3555475288|4608729928
16700|0|59358|03/01/2024 21:31:56||3484|1852852984|4810550896
15116|0|46850|03/01/2024 10:20:40||43760|3957429648|5753895920
15133|0|4559|03/01/2024 10:31:11||43129|19215714912|27548525120
16353|0|84582|03/01/2024 19:05:32||12268|6595482424|6713441016
14874|0|32243|03/01/2024 08:48:18||49302|2825869544|3791731384
16265|0|57378|03/01/2024 18:31:59||14281|3044746832|3407732872
14265|0|97008|03/01/2024 04:39:15||64245|16557645072|19656269056
15007|0|71057|03/01/2024 09:43:59||45961|13470987080|14548887416
14961|0|97160|03/01/2024 09:29:59||46801|198066096|274767520
16790|0|10481|03/01/2024 22:13:10||1010|36567424|45120768
16619|0|60703|03/01/2024 21:06:04||5036|13397636520|25801299840
15699|0|72297|03/01/2024 14:40:19||28181|1293138304|1372504704
14393|0|21007|03/01/2024 05:21:07||61733|17506138000|21723330016
16299|0|29388|03/01/2024 18:46:00||13440|1931732536|1981777880
14850|0|55026|03/01/2024 08:36:14||50026|12594863512|12605063392
16791|0|54956|03/01/2024 22:19:04||656|1308637216|3556124808
15826|0|6576|03/01/2024 15:39:48||24612|9555223128|12052795344
15405|0|27843|03/01/2024 12:36:35||35605|63793413256|135854222088
14942|0|78647|03/01/2024 09:18:51||47469|9897812040|14758928456
15117|0|5186|03/01/2024 10:22:45||43635|6269563512|8164441024
16766|0|27004|03/01/2024 22:08:10||1310|92894704|138580976
15915|0|27568|03/01/2024 16:19:55||22205|20084819584|22426908720
15118|0|10940|03/01/2024 10:24:03||43557|8755397624|9204304048
15636|0|96978|03/01/2024 14:15:55||29645|69573980016|154573772416
16151|0|24426|03/01/2024 17:47:42||16938|791363896|1056838752
14395|0|87104|03/01/2024 05:26:35||61405|14545213352|15655675792
16452|0|15088|03/01/2024 19:53:33||9387|3189357080|4429408192
15499|0|17325|03/01/2024 13:17:12||33168|81516403232|152839397896
16453|0|87308|03/01/2024 19:55:56||9244|2258969632|3086193096
15715|0|89016|03/01/2024 14:51:00||27540|6121194224|8992776128
16767|0|50462|03/01/2024 22:03:02||1618|221155480|312816072
15304|0|43894|03/01/2024 11:52:19||38261|4761636616|5420985880
16300|0|89178|03/01/2024 18:45:24||13476|19793785144|45795548656
16036|0|94159|03/01/2024 17:07:35||19345|2265797648|3205879248
16725|0|54623|03/01/2024 21:45:43||2657|841956536|1204695112
14292|0|78200|03/01/2024 04:48:54||63666|19777101344|26957599744
15778|0|69320|03/01/2024 15:13:09||26211|7760460592|10725182520
16668|0|36119|03/01/2024 21:24:31||3929|1200356960|1453363712
16390|0|93094|03/01/2024 19:26:32||11008|2392069416|2392505944
15134|0|27202|03/01/2024 10:39:56||42604|11537989392|15273184848
16638|0|4227|03/01/2024 21:13:59||4561|119588712|166213856
15569|0|13942|03/01/2024 13:47:02||31378|13834551400|17100265600
15673|0|92518|03/01/2024 14:38:22||28298|4161935272|5506887808
16152|0|30353|03/01/2024 17:41:10||17330|38113222968|87201919896
15962|0|51162|03/01/2024 16:35:27||21273|2384180928|2445017888
16093|0|16681|03/01/2024 17:20:04||18596|2513485192|2930599160
16503|0|73079|03/01/2024 20:11:38||8302|9919299664|7998099496
15306|0|18192|03/01/2024 11:53:21||38199|933479176|965601520
16504|0|94145|03/01/2024 20:19:13||7847|4355022856|4465497864
15362|0|57128|03/01/2024 12:13:41||36979|1726616768|1901299152
16639|0|4931|03/01/2024 21:12:02||4678|282787920|383866784
14268|0|80746|03/01/2024 04:39:44||64216|117837784176|311362265736
14922|0|39194|03/01/2024 09:02:39||48441|2755317880|2809573680
15280|0|11739|03/01/2024 11:48:28||38492|1524058104|2024953096
16016|0|46516|03/01/2024 16:51:38||20302|5939372312|8021771528
15963|0|28246|03/01/2024 16:31:45||21495|7681952760|10611519064
15845|0|38175|03/01/2024 15:46:36||24204|9479240800|9893036976
16037|0|45049|03/01/2024 17:05:01||19499|1713056424|2225161320
16177|0|23739|03/01/2024 17:56:43||16397|3607464352|5169953968
16620|0|88454|03/01/2024 21:05:00||5100|1648222840|2252494064
16726|0|72638|03/01/2024 21:43:01||2819|1614110272|2226329928
16815|0|99379|03/01/2024 22:26:33||207|8319536|10421096
16543|0|98086|03/01/2024 20:31:09||7131|3797959376|3952434360
15992|0|16867|03/01/2024 16:47:54||20526|497657168|700748928
15521|0|58910|03/01/2024 13:23:31||32789|20288194136|27781577256
14348|0|28152|03/01/2024 05:08:59||62461|23747318232|30822017352
15500|0|17103|03/01/2024 13:17:30||33150|12006576848|14013390928
15024|0|92649|03/01/2024 09:59:12||45048|14081187824|14362699304
15674|0|28877|03/01/2024 14:33:44||28576|26630850312|16759227760
16592|0|68618|03/01/2024 20:55:13||5687|1268691504|1388055216
16564|0|66656|03/01/2024 20:43:07||6413|674489648|767406504
16454|0|27795|03/01/2024 19:55:29||9271|492966032|706775680
15895|0|88155|03/01/2024 16:02:11||23269|865091248|1283874408
14293|0|48809|03/01/2024 04:42:29||64051|5230951136|7364839640
14852|0|96836|03/01/2024 08:36:52||49988|2301755512|3113507416
16429|0|83954|03/01/2024 19:41:48||10092|878171824|1095085112
16544|0|81606|03/01/2024 20:34:12||6948|1963778760|2335582336
16121|0|64251|03/01/2024 17:36:31||17609|4955476576|5974210216
16197|0|61230|03/01/2024 18:08:52||15668|873217728|1156128576
15044|0|13216|03/01/2024 10:01:34||44906|2708825552|3207984696
16419|0|94384|03/01/2024 19:33:11||10609|680560352|1015763120
16038|0|45665|03/01/2024 17:02:53||19627|550082304|711604960
14895|0|37570|03/01/2024 08:52:23||49057|5917756880|5959721936
16792|0|35354|03/01/2024 22:11:47||1093|37972464|42515136
16178|0|8768|03/01/2024 17:56:08||16432|5355185672|6822438208
16744|0|14051|03/01/2024 21:57:35||1945|103086824|117545544
15700|0|99503|03/01/2024 14:45:00||27900|100350400|116452072
16545|0|5886|03/01/2024 20:35:07||6893|1565260824|2070082128
16455|0|93513|03/01/2024 19:58:40||9080|26721760448|73078096952
16153|0|25749|03/01/2024 17:44:13||17147|2675795104|3961671880
15780|0|69902|03/01/2024 15:12:50||26230|44925932024|113043576064
16793|0|99706|03/01/2024 22:10:39||1161|4286867272|9969628744
16727|0|86493|03/01/2024 21:42:56||2824|140891168|143316904
15935|0|96367|03/01/2024 16:28:59||21661|8067629248|4453153648
15217|0|42416|03/01/2024 11:18:10||40310|14366177032|15364970400
16391|0|56566|03/01/2024 19:23:06||11214|4142461096|4648582296
15236|0|95129|03/01/2024 11:21:18||40122|12675526128|13619047792
16392|0|55492|03/01/2024 19:25:24||11076|12570362384|33003613208
15433|0|78203|03/01/2024 12:43:59||35161|5279510800|7492531520
16301|0|60771|03/01/2024 18:47:00||13380|183900488|261214456
16768|0|23311|03/01/2024 22:05:46||1454|1240929256|3246537856
14482|0|27032|03/01/2024 06:01:46||59294|13898724328|17377142384
14778|0|30328|03/01/2024 08:02:47||52033|111746024904|293310765328
16525|0|68117|03/01/2024 20:22:28||7652|1450108664|1530052784
15522|0|99100|03/01/2024 13:22:30||32850|4405586824|5982424168
14122|0|47818|03/01/2024 03:34:47|03/01/2024 22:24:10|67763|7509823128|8813854440
16430|0|34328|03/01/2024 19:43:20||10000|18251862432|51229694256
16302|0|10616|03/01/2024 18:42:30||13650|10492969448|15518556976
15964|0|21038|03/01/2024 16:39:16||21044|7635642248|11130929552
15282|0|52206|03/01/2024 11:48:35||38485|11822300352|17329341096
16621|0|94043|03/01/2024 21:01:09||5331|427779600|501397016
15196|0|40206|03/01/2024 11:04:07||41153|17034690544|20710301872
16478|0|14620|03/01/2024 20:05:10||8690|1989675936|2352163440
15259|0|24209|03/01/2024 11:32:23||39457|17339420160|19488181944
15381|0|55356|03/01/2024 12:26:05||36235|7325605208|10674882976
16622|0|10398|03/01/2024 21:00:17||5383|1705719728|2521218144
16669|0|26270|03/01/2024 21:21:59||4081|973836264|1373901880
16198|0|25173|03/01/2024 18:04:43||15917|662559504|859265296
15868|0|55392|03/01/2024 15:50:19||23981|1500407096|2233271904
15501|0|58996|03/01/2024 13:15:30||33270|11406032984|14714217664
16701|0|36189|03/01/2024 21:37:20||3160|93077344|104778136
16479|0|86099|03/01/2024 20:02:42||8838|226679792|227500528
16243|0|53891|03/01/2024 18:20:51||14949|1809956104|1964085976
14624|0|59499|03/01/2024 07:08:33||55287|5977695744|8253988552
15085|0|93729|03/01/2024 10:17:31||43949|13311216440|19801416248
15994|0|6555|03/01/2024 16:45:18||20682|2222848224|3095817160
14703|0|50934|03/01/2024 07:39:01||53459|16800427792|19028774192
15621|0|5549|03/01/2024 14:05:27||30273|28717504456|20808878504
15025|0|58407|03/01/2024 09:51:37||45503|7672702088|10772348984
15869|0|50959|03/01/2024 15:58:38||23482|32492109632|96567634848
15462|0|76907|03/01/2024 12:52:02||34678|166340592|221193576
16199|0|60001|03/01/2024 18:04:49||15911|9951656656|11559591624
14647|0|69505|03/01/2024 07:19:51||54609|10258112032|12726144688
16769|0|19793|03/01/2024 22:03:52||1568|5351400|7111656
16355|0|23211|03/01/2024 19:08:16||12104|1271057632|1476176352
15847|0|57110|03/01/2024 15:40:47||24553|5427438928|6742431112
15218|0|27011|03/01/2024 11:10:28||40772|3513021856|4614363184
15622|0|7874|03/01/2024 14:02:53||30427|604577760|628516736
14648|0|30798|03/01/2024 07:16:48||54792|13618555344|20254512512
15570|0|31981|03/01/2024 13:48:16||31304|417002168|482271616
16745|0|69970|03/01/2024 21:57:12||1968|118347016|118405768
15542|0|36694|03/01/2024 13:30:11||32389|10555927360|10610969048
15701|0|35120|03/01/2024 14:46:50||27790|232023908992|159792387336
15435|0|16240|03/01/2024 12:45:21||35079|9449468424|12382777672
16303|0|74769|03/01/2024 18:41:11||13729|6841008832|9353159480
15364|0|97924|03/01/2024 12:14:31||36929|13053858600|13065488040
16040|0|60101|03/01/2024 17:08:18||19302|749628816|1099720816
16268|0|74683|03/01/2024 18:38:42||13878|855062976|878778040
14578|0|16659|03/01/2024 06:44:32||56728|758091000|1003553792
15995|0|23029|03/01/2024 16:41:52||20888|2363320368|2705258488
15260|0|77746|03/01/2024 11:30:17||39583|3084825008|4082409736
16123|0|63534|03/01/2024 17:35:09||17691|2623067984|2707200048
16816|0|15440|03/01/2024 22:29:29||31|19950640|27387304
16640|0|62347|03/01/2024 21:13:02||4618|4504376376|3098916504
16304|0|59260|03/01/2024 18:41:18||13722|1132323976|1641335888
15407|0|63573|03/01/2024 12:38:57||35463|6282698640|8739510288
15827|0|76464|03/01/2024 15:33:28||24992|14211356272|14347322872
16593|0|62004|03/01/2024 20:55:08||5692|5475568336|15504750992
16480|0|47350|03/01/2024 20:03:39||8781|747040672|903774864
16332|0|92467|03/01/2024 18:54:22||12938|893336568|1051066368
16420|0|71418|03/01/2024 19:36:53||10387|28224405224|64058794968
15463|0|31249|03/01/2024 12:54:07||34553|17407403880|22067925520
15010|0|62223|03/01/2024 09:42:57||46023|11782028832|14568614248
16746|0|88436|03/01/2024 21:59:54||1806|324634880|413792552
16356|0|45040|03/01/2024 19:02:43||12437|2531012328|3557110656
16565|0|48242|03/01/2024 20:45:38||6262|1521794376|1743693984
14924|0|24742|03/01/2024 09:05:48||48252|10090298496|10326566256
15088|0|68160|03/01/2024 10:13:59||44161|22806351776|30777238304
14965|0|81178|03/01/2024 09:27:52||46928|2909097096|3677443288
16641|0|46922|03/01/2024 21:13:02||4618|293729160|378019624
15996|0|41602|03/01/2024 16:44:08||20752|52637619464|106691906784
15339|0|27726|03/01/2024 12:04:52||37508|14752706704|21068541096
16770|0|77991|03/01/2024 22:05:17||1483|158488792|166600464
16333|0|94623|03/01/2024 18:51:10||13130|12569348928|16379926632
16566|0|93103|03/01/2024 20:45:35||6265|1188374344|1467009896
16305|0|68011|03/01/2024 18:45:40||13460|164039280|192702416
15676|0|64500|03/01/2024 14:30:12||28788|5663748904|8270061208
14825|0|7343|03/01/2024 08:28:36||50484|14955240104|15500407896
16018|0|35936|03/01/2024 16:55:10||20090|2935723912|3317830112
16376|0|17928|03/01/2024 19:12:30||11850|1528159824|2128714824
16642|0|44196|03/01/2024 21:19:31||4229|712613000|889216160
14350|0|30827|03/01/2024 05:08:37|03/01/2024 22:25:54|62237|1185795288|1205143176
16019|0|70909|03/01/2024 16:51:41||20299|758817192|781304848
16670|0|25324|03/01/2024 21:26:04||3836|403765640|404821416
16594|0|25538|03/01/2024 20:56:21||5619|988074848|1013792080
16431|0|68685|03/01/2024 19:45:53||9847|530397896|725754832
16393|0|4905|03/01/2024 19:21:11||11329|423634088|454680080
16747|0|67195|03/01/2024 21:59:30||1830|63848064|81011896
14704|0|28826|03/01/2024 07:33:34||53786|92088446376|232480649088
16728|0|42284|03/01/2024 21:45:33||2667|116998664|148233608
16526|0|99202|03/01/2024 20:28:07||7313|252207008|322304728
15483|0|23957|03/01/2024 13:05:53||33847|3549288208|3668944576
16505|0|37816|03/01/2024 20:12:49||8231|525549224|749126856
15262|0|8203|03/01/2024 11:34:38||39322|1822177504|2410863056
16643|0|20072|03/01/2024 21:11:42||4698|1650344616|1784853800
16481|0|9616|03/01/2024 20:05:58||8642|567437088|587871416
16155|0|88203|03/01/2024 17:42:42||17238|11524751632|32092810632
16200|0|76728|03/01/2024 18:05:41||15859|5531509920|6896513400
14736|0|38309|03/01/2024 07:42:13||53267|1108522664|1608737072
15090|0|44564|03/01/2024 10:19:47||43813|25064586616|34150946656
15896|0|37345|03/01/2024 16:03:54||23166|6125376272|8151117592
15438|0|13529|03/01/2024 12:47:57||34923|12050291528|18034092712
16506|0|24702|03/01/2024 20:10:37||8363|1265503976|1613473464
15917|0|73157|03/01/2024 16:15:56||22444|3894057320|4233936416
16748|0|73225|03/01/2024 21:59:51||1809|43495400|61386416
15803|0|48168|03/01/2024 15:29:44||25216|4191594688|4208567272
15753|0|59885|03/01/2024 15:06:59||26581|4617121960|6648922704
15308|0|78408|03/01/2024 11:50:05||38395|5003267040|5256117040
15342|0|96138|03/01/2024 12:07:11||37369|2518102136|2593028072
15309|0|26967|03/01/2024 11:51:18||38322|10701802824|12155194352
16377|0|51131|03/01/2024 19:13:48||11772|1092550232|1120831520
16623|0|20752|03/01/2024 21:02:09||5271|12334781496|32310142688
16482|0|40629|03/01/2024 20:02:34||8846|3190513112|3326035024
15659|0|93265|03/01/2024 14:28:05||28915|64135328088|132585489856
15525|0|92304|03/01/2024 13:26:38||32602|23623729696|35433149728
15092|0|93360|03/01/2024 10:10:19||44381|9062005720|12755403624
15804|0|19374|03/01/2024 15:28:55||25265|108404587328|264591402280
14581|0|73511|03/01/2024 06:41:06||56934|19764040992|23529818656
16507|0|82373|03/01/2024 20:15:30||8070|589969760|728792176
15310|0|49835|03/01/2024 11:57:59||37921|2328360624|2962805072
15121|0|75728|03/01/2024 10:21:13||43727|13005452304|13757519656
16817|0|20567|03/01/2024 22:20:23||577|23356144|28581424
16456|0|58841|03/01/2024 19:55:01||9299|13177513528|31797130576
16624|0|51341|03/01/2024 21:01:57||5283|2695007544|2916690048
16432|0|47955|03/01/2024 19:45:55|03/01/2024 22:22:11|9376|965790528|1063558016
16334|0|12307|03/01/2024 18:53:57||12963|653052904|669286344
16394|0|74521|03/01/2024 19:27:52||10928|155196600|181513416
16269|0|48187|03/01/2024 18:39:01||13859|200632432|253752648
16270|0|85389|03/01/2024 18:38:55||13865|3193397384|3674735176
16395|0|40241|03/01/2024 19:22:19||11261|13870233776|31863761488
15717|0|78180|03/01/2024 14:56:31||27209|4794977896|6027801472
15870|0|48119|03/01/2024 15:54:59||23701|78215521368|168386929944
15783|0|28409|03/01/2024 15:15:50||26050|7049241584|8248935504
15965|0|29872|03/01/2024 16:32:37||21443|7237974512|10504304128
