IdSession|IdPSX|IdSubscriber|StartSession|EndSession|Duartion|UpTx|DownTx
6516|0|89706|31/12/2023 16:56:49||45191|1098236888|1486167368
6518|0|14391|31/12/2023 14:37:14||53566|141866526504|346248403552
11161|0|7922|31/12/2023 15:41:57||49683|8557914592|10771805544
13167|0|78614|01/01/2024 03:04:50||8710|1264198216|1434031792
11162|0|48015|31/12/2023 21:14:22||29738|65081512024|187531630648
12768|0|36342|01/01/2024 00:09:03||19257|3555650544|3761541376
13378|0|58567|01/01/2024 04:37:41||3139|1190766336|1568477928
4506|0|96775|31/12/2023 13:58:01||55919|62730024632|183127379472
13272|0|11345|01/01/2024 03:54:23||5737|3301887992|4944574136
6524|0|76996|31/12/2023 18:13:21||40599|4606950312|6222498472
11168|0|26538|31/12/2023 20:35:43||32057|84672296640|202144896848
13239|0|26136|01/01/2024 03:36:58||6782|5795364240|6778691600
6529|0|68950|31/12/2023 18:43:14||38806|9558706928|11336043048
11171|0|91056|31/12/2023 22:20:04||25796|63602988192|142787965328
4512|0|82037|31/12/2023 23:24:46||21914|4746335096|5700080488
12902|0|83726|01/01/2024 01:08:05||15715|1949728304|2490663744
6535|0|44892|31/12/2023 22:24:17||25543|2764712104|3313564232
6536|0|67328|31/12/2023 13:44:56||56704|23194885712|25660901616
6537|0|53764|31/12/2023 14:21:51||54489|7479447616|11030399600
13325|0|16747|01/01/2024 04:15:20||4480|291580352|338386784
6539|0|18190|31/12/2023 14:00:02||55798|163151584400|322685840096
11177|0|81205|31/12/2023 20:09:58||33602|3776419472|5294540472
13353|0|60259|01/01/2024 04:29:49||3611|144765144|193225304
6541|0|74669|31/12/2023 21:25:32||29068|3925480888|4236301816
6544|0|71287|31/12/2023 12:20:49||61751|14986831328|18408431608
12995|0|47680|01/01/2024 01:46:55||13385|6880755872|8918807384
13462|0|53670|01/01/2024 05:09:00||1260|71494352|82107624
13142|0|63503|01/01/2024 02:51:56||9484|632728496|815023016
12854|0|15054|01/01/2024 00:48:40||16880|2775829584|3700286032
4538|0|51756|31/12/2023 12:30:06||61194|12723066440|13524092120
4539|0|46834|31/12/2023 20:51:52||31088|4098698456|5168381288
11185|0|91513|31/12/2023 21:37:02||28378|2338006296|2860641008
11186|0|48067|31/12/2023 16:27:11||46969|2700119192|3640893744
13438|0|37040|01/01/2024 04:51:49||2291|54993456|81091344
11188|0|86150|31/12/2023 12:25:12||61488|18580677440|20207526384
11189|0|46936|31/12/2023 14:28:54||54066|1239316000|1587893200
4541|0|31978|31/12/2023 22:39:47||24613|1484596640|2099825096
12835|0|42572|01/01/2024 00:30:06||17994|6251841816|6652636776
13297|0|43730|01/01/2024 04:02:10||5270|11071473720|24814932448
13326|0|11292|01/01/2024 04:17:53||4327|815239352|815800264
11195|0|88811|31/12/2023 13:54:36||56124|2802468848|4149473840
13253|0|42085|01/01/2024 03:45:27||6273|12091665704|24520804472
12926|0|17602|01/01/2024 01:18:43||15077|4083001872|5363994576
12927|0|58604|01/01/2024 01:16:41||15199|2433820520|2997007176
11201|0|15318|31/12/2023 23:54:58||20102|6206071208|8209273312
13379|0|58443|01/01/2024 04:35:01||3299|106615760|152078536
13123|0|56454|01/01/2024 02:45:47||9853|2381007376|2936370024
13254|0|24107|01/01/2024 03:43:54||6366|406280744|604061272
11206|0|79155|31/12/2023 13:23:07||58013|7879774632|10617680184
11207|0|4497|31/12/2023 14:59:50||52210|77067484736|199951436048
11208|0|24555|31/12/2023 17:08:31||44489|3165735936|3434837848
13409|0|34503|01/01/2024 04:48:16||2504|2177794312|2300774448
11210|0|45897|31/12/2023 13:17:26||58354|23297937592|28465425336
6573|0|93054|31/12/2023 18:09:58||40802|9642465816|12339023480
12952|0|80722|01/01/2024 01:27:07||14573|2519338424|3469963976
6576|0|61298|31/12/2023 22:38:38||24682|6185966680|8886919728
6583|0|25943|31/12/2023 16:12:04||47876|17536926632|20005071656
12968|0|7716|01/01/2024 01:38:46|01/01/2024 05:27:40|13734|3296546600|4813921664
6586|0|47260|31/12/2023 18:27:45||39735|49072281664|133331689144
13463|0|45874|01/01/2024 05:03:28||1592|4507011312|10699744592
13464|0|69315|01/01/2024 05:08:05||1315|89252568|106689952
6588|0|37596|31/12/2023 14:17:19||54761|9609795240|10206938760
12791|0|37321|01/01/2024 00:11:48||19092|2372766296|2663405632
6594|0|16434|31/12/2023 23:27:31||21749|904564672|1009693984
12814|0|83353|01/01/2024 00:22:13||18467|1518085784|2050625672
13124|0|54052|01/01/2024 02:45:26||9874|2600080528|2784210048
13298|0|56883|01/01/2024 04:05:23||5077|226602424|291473400
12903|0|33952|01/01/2024 01:02:20||16060|2515339704|3690572616
13410|0|93308|01/01/2024 04:42:39||2841|285163328|402847952
12904|0|10951|01/01/2024 01:03:50||15970|1330895472|1709916288
13327|0|93644|01/01/2024 04:14:04||4556|909113272|1037338600
11229|0|10594|31/12/2023 14:54:30||52530|9340050472|12352832888
6603|0|93881|31/12/2023 13:03:07||59213|202412498768|427666659352
13255|0|29316|01/01/2024 03:49:55||6005|13086679280|35481358376
13097|0|36558|01/01/2024 02:32:37||10643|4850970288|7275368688
13411|0|84412|01/01/2024 04:40:07||2993|630032888|743303024
12855|0|72024|01/01/2024 00:46:58||16982|2589574472|3605955608
11235|0|57451|31/12/2023 14:47:34||52946|1647660984|2085264712
12792|0|5821|01/01/2024 00:17:40||18740|1997905280|2220335080
13013|0|83136|01/01/2024 01:56:36||12804|10146049080|14746098896
13098|0|37823|01/01/2024 02:39:52||10208|1805675984|2460069680
6611|0|45426|31/12/2023 15:05:32||51868|6558535392|6987404280
4587|0|55584|31/12/2023 17:39:34||42626|15499455200|19419461792
6613|0|15094|31/12/2023 21:29:08||28852|10094139792|10445706560
6614|0|39820|31/12/2023 18:04:11||41149|14202909688|19313579392
13074|0|74181|01/01/2024 02:22:52||11228|820687264|1109400912
11244|0|93506|31/12/2023 12:26:36||61404|6726157784|8724246552
6616|0|84652|31/12/2023 16:53:47||45373|75595067928|163714984496
11245|0|6427|31/12/2023 19:21:25||36515|3401419608|3917881584
11246|0|46454|31/12/2023 21:21:48||29292|12983898744|16020324512
13328|0|85932|01/01/2024 04:16:32||4408|628753536|635865848
11249|0|38734|31/12/2023 19:14:54||36906|10285065800|15193810648
11250|0|36168|31/12/2023 15:02:04||52076|14650219704|21163514240
11251|0|44368|31/12/2023 16:48:46||45674|9525511856|10640565848
12969|0|77350|01/01/2024 01:36:11||14029|2843656304|3013294008
4595|0|4288|31/12/2023 22:10:03||26397|6580673848|6728208640
11254|0|15352|31/12/2023 19:09:38||37222|4202655032|5022683544
12905|0|95649|01/01/2024 01:01:21||16119|7680941584|8282342856
6628|0|40329|31/12/2023 16:07:46||48134|12637540800|18276655904
6629|0|79017|31/12/2023 23:12:21||22659|87421879784|165665114360
13299|0|88045|01/01/2024 04:09:49||4811|339035840|456063608
13465|0|4110|01/01/2024 05:04:48||1512|323664936|430644368
13488|0|71997|01/01/2024 05:14:48||912|6296800|8069704
11262|0|39434|31/12/2023 15:54:51||48909|5623010504|8057324104
6634|0|58424|31/12/2023 18:02:59||41221|45477256056|125115243776
12970|0|36730|01/01/2024 01:38:49||13871|1949542784|2296784816
6637|0|19300|31/12/2023 21:39:22||28238|59361022896|134794041168
4601|0|10205|31/12/2023 14:47:17||52963|6163959920|8583124784
6641|0|36804|31/12/2023 16:49:40||45620|11663913024|15363598880
12971|0|89604|01/01/2024 01:30:33||14367|5358743544|5522755560
13511|0|81514|01/01/2024 05:21:59||481|1302324104|2589953648
12996|0|67697|01/01/2024 01:45:30||13470|13012312160|16747610984
13354|0|5904|01/01/2024 04:22:10||4070|2348037920|2656830912
12928|0|5396|01/01/2024 01:18:25||15095|651970648|775914224
6647|0|58954|31/12/2023 14:36:41||53599|10218463016|13658523368
13273|0|6308|01/01/2024 03:58:31||5489|1554461552|2187149120
12906|0|65668|01/01/2024 01:00:31||16169|2149308256|3047496344
13512|0|56875|01/01/2024 05:23:28||392|703677528|2014002480
13513|0|26509|01/01/2024 05:20:46||554|13191160|18706296
11275|0|95731|31/12/2023 18:21:30||40110|1074506096|1539729736
13514|0|44068|01/01/2024 05:29:08||52|13841120|14953320
13355|0|37431|01/01/2024 04:22:32||4048|1278551368|1587038480
11280|0|96410|31/12/2023 19:00:01||37799|5460249112|7142229768
13143|0|41719|01/01/2024 02:52:34||9446|126864032|151269008
11282|0|47492|31/12/2023 12:14:24||62136|16786796104|19693034816
13014|0|81078|01/01/2024 01:53:33||12987|6943684016|7175966296
13489|0|91299|01/01/2024 05:14:47||913|65964808|94830152
13515|0|36420|01/01/2024 05:20:17||583|139423144|206850784
13466|0|78729|01/01/2024 05:05:05||1495|86230064|107439096
13329|0|82194|01/01/2024 04:16:56||4384|741671648|1103636560
13274|0|91195|01/01/2024 03:57:51||5529|377010592|432668320
13380|0|43035|01/01/2024 04:36:51||3189|241241400|247602992
11291|0|70763|31/12/2023 19:09:22||37238|1909233960|2206588056
12856|0|28032|01/01/2024 00:45:29||17071|7073468560|9057146168
6659|0|22775|31/12/2023 20:11:16||33524|10953299136|15985573400
11295|0|51522|31/12/2023 14:44:47||53113|12167337696|12410210344
12972|0|93299|01/01/2024 01:36:37||14003|985801904|1308559488
6660|0|11625|31/12/2023 17:02:24||44856|107707348440|227615425840
13168|0|39639|01/01/2024 03:00:04||8996|972796816|1242280704
11298|0|40491|31/12/2023 17:26:03||43437|1198852128|1393825824
4624|0|34900|31/12/2023 19:04:40||37520|5262005136|7802578976
6662|0|93145|31/12/2023 20:11:25||33515|16797017136|23360107696
12907|0|8602|01/01/2024 01:06:49||15791|3012686240|4271972640
11301|0|88393|31/12/2023 22:52:29||23851|5711400848|6515958360
6666|0|56267|31/12/2023 18:49:56||38404|1189791304|1198450640
6668|0|77342|31/12/2023 15:56:09||48831|140188110784|276771831984
13356|0|28839|01/01/2024 04:20:57||4143|2528660592|3391892224
12953|0|5018|01/01/2024 01:24:31||14729|1484389728|1738141792
12836|0|99615|01/01/2024 00:31:41||17899|1487143696|2182364736
13125|0|60167|01/01/2024 02:49:54||9606|567090344|675390952
11307|0|97205|31/12/2023 14:02:35||55645|3878065704|4521487920
13220|0|34827|01/01/2024 03:24:17||7543|298857664|309422424
6673|0|23299|31/12/2023 21:43:11||28009|1967900896|2339198712
6674|0|79812|31/12/2023 12:28:27||61293|133092659008|351117195864
11311|0|92893|31/12/2023 21:45:58||27842|1608605312|1806559920
13330|0|81968|01/01/2024 04:18:21||4299|3068464432|4142729128
6677|0|79073|31/12/2023 12:37:35||60745|30551768856|30778841608
6682|0|41402|31/12/2023 12:48:03||60117|5736052872|7027391560
12769|0|70133|01/01/2024 00:09:41||19219|945543600|982591728
12908|0|25099|01/01/2024 01:08:09|01/01/2024 05:23:26|15317|81998928|105797952
11318|0|45806|31/12/2023 15:42:12||49668|60906596592|126916038688
4652|0|17708|31/12/2023 22:59:38||23422|57487424088|152786980064
13169|0|68094|01/01/2024 03:08:17||8503|2193122496|2341892072
4654|0|63188|31/12/2023 22:44:32||24328|7211048144|7919272000
13240|0|83720|01/01/2024 03:34:24||6936|2332980912|3437953936
11324|0|50014|31/12/2023 14:06:09||55431|15467142160|18791805440
11325|0|63542|31/12/2023 19:33:18||35802|5923917136|6324079104
11326|0|15246|31/12/2023 22:01:33||26907|3625817992|4415537576
6691|0|67076|31/12/2023 18:48:10||38510|6081281216|7678477072
6692|0|80461|31/12/2023 21:45:22||27878|1851636120|2112749888
6693|0|88465|31/12/2023 22:13:47||26173|16408756296|24175143160
6694|0|78054|31/12/2023 16:03:04||48416|18088120880|23586312408
13241|0|5871|01/01/2024 03:32:46||7034|1709731728|1932281040
6696|0|74504|31/12/2023 18:52:02||38278|11016014528|14739758424
11328|0|12018|31/12/2023 20:15:19||33281|4251708008|6313736872
13331|0|41928|01/01/2024 04:10:08||4792|2314003064|3012851920
13039|0|18951|01/01/2024 02:01:23||12517|8177419216|10549464752
6703|0|94236|31/12/2023 19:11:03||37137|6264189360|9052423184
6712|0|95563|31/12/2023 16:25:00||47100|3278905064|3356757808
11331|0|47559|31/12/2023 23:37:43||21137|26830292048|79147624440
6715|0|40524|31/12/2023 18:48:30||38490|10864184128|12137389928
11333|0|10590|31/12/2023 13:25:40|01/01/2024 05:27:22|57702|28954859752|34940446248
13516|0|10590|01/01/2024 05:29:05||55|17968264|23854912
13193|0|48287|01/01/2024 03:10:42||8358|145217760|198375272
12858|0|77250|01/01/2024 00:45:10||17090|1895835120|2188680552
13075|0|44624|01/01/2024 02:25:06||11094|436104616|444738320
13490|0|20945|01/01/2024 05:19:09||651|32631184|33951376
12929|0|57494|01/01/2024 01:14:23||15337|35285487544|82964880544
11339|0|46712|31/12/2023 22:02:18||26862|48428639808|98009945280
13439|0|47108|01/01/2024 04:52:16||2264|903986216|1315026800
13491|0|62316|01/01/2024 05:11:00||1140|182227864|256496720
11346|0|92712|31/12/2023 15:33:58||50162|7425625416|8890057208
6730|0|53667|31/12/2023 14:56:53||52387|10675059472|13116476032
13040|0|53984|01/01/2024 02:00:41||12559|6141242160|7063560840
11350|0|10222|31/12/2023 22:29:17||25243|8149453432|10124866408
13100|0|88198|01/01/2024 02:38:42||10278|25013810336|74679161048
4678|0|55879|31/12/2023 23:45:39||20661|7283416752|7762907648
11353|0|79654|31/12/2023 16:08:40||48080|7241169504|8885830856
11354|0|40278|31/12/2023 15:15:57||51243|12122099672|16662127744
11355|0|37451|31/12/2023 13:11:05||58735|7089379664|10324691824
11357|0|83650|31/12/2023 18:54:19||38141|3274656664|4135533472
12882|0|22388|01/01/2024 00:55:28||16472|6377452904|7606251704
12794|0|40855|01/01/2024 00:11:31||19109|2503651584|3228763488
4688|0|18539|31/12/2023 20:04:42|01/01/2024 05:29:12|33870|2517446320|3310204160
11361|0|76563|31/12/2023 17:25:00||43500|4295113312|5435789128
13492|0|55843|01/01/2024 05:17:12||768|49007224|58399400
6740|0|65864|31/12/2023 19:08:59||37261|4181032808|6102794344
12859|0|5262|01/01/2024 00:41:54||17286|19256645128|45723186080
6741|0|98341|31/12/2023 20:21:35|01/01/2024 05:24:21|32566|17423986512|19636945832
11366|0|6290|31/12/2023 20:55:24||30876|3001297664|3086837784
13493|0|55077|01/01/2024 05:10:33||1167|30294952|37417512
11369|0|68698|31/12/2023 22:02:23||26857|4982561712|6563962536
11370|0|20203|31/12/2023 14:38:29||53491|4243540312|5512277272
13412|0|22851|01/01/2024 04:48:38||2482|55270216|78093704
13015|0|85741|01/01/2024 01:59:41||12619|2590211536|2957485928
11375|0|31481|31/12/2023 14:13:51||54969|8195117312|9408267784
12997|0|68217|01/01/2024 01:40:16||13784|4727071024|4820154112
6749|0|53387|31/12/2023 16:07:20||48160|324604192|418352024
13300|0|98712|01/01/2024 04:06:23||5017|4687235840|4711218712
13126|0|63890|01/01/2024 02:40:20||10180|690089064|1015368384
6753|0|57917|31/12/2023 22:17:09||25971|9334179824|13235737648
4703|0|66799|31/12/2023 22:42:38||24442|5271605096|7319311696
12973|0|74290|01/01/2024 01:38:55||13865|1542131232|1934547584
11382|0|19086|31/12/2023 15:29:04||50456|18946804688|22900077152
6756|0|64324|31/12/2023 22:52:05||23875|7351891912|9198333888
13413|0|42912|01/01/2024 04:49:21||2439|108348928|160713528
12954|0|94063|01/01/2024 01:22:46||14834|35597105064|89140202424
6760|0|68387|31/12/2023 14:40:03||53397|115407253392|268456475568
13414|0|72085|01/01/2024 04:45:49||2651|440442400|638435472
4711|0|96532|31/12/2023 23:14:17||22543|6407730064|7851260304
12930|0|97579|01/01/2024 01:13:10||15410|47831178488|92477575328
6763|0|86053|31/12/2023 17:35:39||42861|11241462464|14696150016
11391|0|85963|31/12/2023 15:11:42||51498|9228799040|13596653264
13256|0|41995|01/01/2024 03:45:12||6288|741030760|842741648
13494|0|95660|01/01/2024 05:11:42||1098|748935320|2177642136
13301|0|5362|01/01/2024 04:06:11||5029|1505379416|1890429224
13076|0|66388|01/01/2024 02:21:07||11333|3932217928|4088565480
4717|0|60885|31/12/2023 22:26:44||25396|4621042760|6711431080
13242|0|75205|01/01/2024 03:31:56||7084|2614854248|2904426160
4719|0|66346|31/12/2023 14:26:10||54230|5416000256|7714978240
13357|0|62761|01/01/2024 04:22:50||4030|2695137624|3185784416
13440|0|81795|01/01/2024 04:56:15||2025|46088008|63233880
11402|0|85722|31/12/2023 21:52:36||27444|985286168|1222289992
13077|0|37399|01/01/2024 02:22:10||11270|6859075616|7943566488
13415|0|52886|01/01/2024 04:41:03||2937|4825232960|12021896816
6777|0|96745|31/12/2023 21:28:13||28907|1701384128|2230465968
12909|0|79162|01/01/2024 01:03:00||16020|5214920808|5709846040
6778|0|90846|31/12/2023 13:39:40||57020|15031598912|17988569816
6779|0|41118|31/12/2023 23:52:38||20242|7401361656|9740335968
6781|0|34484|31/12/2023 17:50:32||41968|9906205992|12092994568
13243|0|86837|01/01/2024 03:30:30||7170|1222645208|1333554736
12884|0|7083|01/01/2024 00:53:17||16603|733297920|849078352
6783|0|13087|31/12/2023 19:36:22||35618|5476111104|6737378288
12931|0|59946|01/01/2024 01:18:41||15079|1635835032|2396907504
13302|0|97309|01/01/2024 04:05:58||5042|656340632|917111344
11410|0|50432|31/12/2023 17:53:34||41786|17272777136|19239985560
4734|0|76954|31/12/2023 12:46:26||60214|13384329400|18541275240
11411|0|19469|31/12/2023 16:59:13||45047|3596314200|4652613376
6787|0|15805|31/12/2023 18:04:56||41104|3922468672|5036942088
11414|0|90351|31/12/2023 17:23:32||43588|7096570840|8255402928
12932|0|46467|01/01/2024 01:11:15||15525|220708160|264771136
13332|0|26133|01/01/2024 04:12:45||4635|1990483048|2196847896
4744|0|74481|31/12/2023 19:24:33||36327|12511031088|13915564472
6791|0|64668|31/12/2023 15:22:28||50852|9062184448|9331090608
13381|0|35460|01/01/2024 04:37:59||3121|150684640|152495768
11420|0|67635|31/12/2023 12:45:08||60292|3297234488|4629715000
13358|0|18836|01/01/2024 04:28:40||3680|23822088|31026480
11423|0|81629|31/12/2023 12:51:30||59910|6191310448|7794091656
6797|0|20124|31/12/2023 15:32:38||50242|22227224368|24825019072
13221|0|73978|01/01/2024 03:26:42||7398|785956768|941008856
12816|0|15684|01/01/2024 00:24:07||18353|6057630544|8353627112
12933|0|38203|01/01/2024 01:11:31||15509|239986624|331053672
11427|0|20075|31/12/2023 12:41:24||60516|7589000064|11061099568
6805|0|16200|31/12/2023 16:49:15|01/01/2024 05:22:24|45189|6493687048|8834437912
12974|0|45093|01/01/2024 01:35:52||14048|3294525056|4718958464
11429|0|94273|31/12/2023 14:30:14||53986|5912022256|8507452616
6810|0|11001|31/12/2023 13:30:30||57570|27269522792|29597550680
13222|0|19023|01/01/2024 03:21:47||7693|1256380720|1318435824
6814|0|29867|31/12/2023 16:14:46|01/01/2024 05:27:22|47556|3065227360|4299919616
12975|0|61980|01/01/2024 01:31:14||14326|2572805272|2712111040
11434|0|26430|31/12/2023 16:33:15||46605|1216741392|1344108576
6821|0|59913|31/12/2023 23:09:35||22825|21474769936|23875919424
11435|0|96471|31/12/2023 13:05:43||59057|40065176584|51761609776
13016|0|46857|01/01/2024 01:50:18||13182|3638101808|4818409800
12770|0|65086|01/01/2024 00:08:47||19273|7137121584|9575345688
13303|0|15045|01/01/2024 04:01:08||5332|363143256|383569224
13171|0|99986|01/01/2024 03:03:25||8795|471992200|492722856
13382|0|74678|01/01/2024 04:32:45||3435|249765064|259218928
11443|0|28612|31/12/2023 19:33:18|01/01/2024 05:21:16|35278|8983418176|9893509880
13517|0|28612|01/01/2024 05:21:32||508|61022976|89759096
13101|0|83554|01/01/2024 02:39:36||10224|405965480|458695216
11446|0|69195|31/12/2023 23:09:58||22802|489351224|712407424
11447|0|19964|31/12/2023 15:00:45||52155|173923639248|411626178432
13194|0|40956|01/01/2024 03:12:09||8271|1798893984|1827299400
13078|0|9625|01/01/2024 02:22:03||11277|1102757392|1274867368
12998|0|97664|01/01/2024 01:47:01||13379|5170378544|6911135136
13416|0|9179|01/01/2024 04:45:40||2660|185514704|277788216
6838|0|26300|31/12/2023 13:59:59||55801|10127124752|10789087416
13304|0|15258|01/01/2024 04:00:17||5383|12877356520|30037709432
11454|0|95361|31/12/2023 20:57:05||30775|12593150992|14960048352
13223|0|8386|01/01/2024 03:25:58||7442|2398751920|2895737816
13417|0|32028|01/01/2024 04:47:08||2572|698986008|888972664
13244|0|8061|01/01/2024 03:37:08||6772|1091249408|1444471472
11458|0|62947|31/12/2023 17:41:22||42518|649212216|910504840
6844|0|91512|31/12/2023 16:27:33||46947|4782444432|6842225568
13333|0|39702|01/01/2024 04:12:29||4651|1430959448|1920471592
11462|0|70616|31/12/2023 12:44:36||60324|44817902896|50498906216
11463|0|19835|31/12/2023 17:26:03||43437|1795468136|1955760656
4787|0|78093|31/12/2023 23:25:37||21863|6928598776|8052256424
4792|0|11970|31/12/2023 13:23:16|01/01/2024 05:25:53|57757|4954551176|6392988824
13305|0|4396|01/01/2024 04:00:59||5341|672620192|699300848
13102|0|80612|01/01/2024 02:37:34||10346|562281880|824665576
13195|0|23699|01/01/2024 03:10:10||8390|473176656|647794336
11470|0|50961|31/12/2023 14:10:34||55166|9303486456|10520665192
13275|0|49446|01/01/2024 03:50:51||5949|1205873992|1485217312
6859|0|59256|31/12/2023 18:40:57||38943|13903629536|18301888216
11474|0|85681|31/12/2023 12:41:44||60496|25331075232|33285254224
13383|0|11775|01/01/2024 04:32:28||3452|1525102304|1700736072
13276|0|64846|01/01/2024 03:58:45||5475|1113302000|1256386568
12795|0|95942|01/01/2024 00:19:43||18617|4645140840|6867473104
6866|0|39032|31/12/2023 16:23:47||47173|13069717008|16037512952
13418|0|89291|01/01/2024 04:42:42||2838|-233276496|-263845600
6869|0|5237|31/12/2023 20:12:20|01/01/2024 05:26:29|33249|887021328|1107926192
11482|0|5901|31/12/2023 12:31:49||61091|11330860448|15566561688
11483|0|13853|31/12/2023 22:46:37||24203|4674576072|4827399528
13359|0|16779|01/01/2024 04:24:01||3959|395846568|416450568
11486|0|63156|31/12/2023 21:49:39||27621|708916984|938006888
11487|0|46036|31/12/2023 19:19:49||36611|7113264600|9248416488
6878|0|5650|31/12/2023 16:29:52||46808|4409567832|10286583816
12771|0|19222|01/01/2024 00:06:44||19396|8269492264|9104424832
11489|0|91971|31/12/2023 21:48:29||27691|41562009176|118119754432
6880|0|20661|31/12/2023 19:27:00||36180|4533868736|4708347520
13172|0|25964|01/01/2024 03:03:24||8796|2478021360|2518338064
13053|0|46869|01/01/2024 02:10:11||11989|940129848|1032876160
12976|0|80945|01/01/2024 01:36:39||14001|9611308760|9913769144
12772|0|89642|01/01/2024 00:05:20||19480|687201856|850830424
12934|0|85448|01/01/2024 01:16:28||15212|3796328616|4958120768
13079|0|77911|01/01/2024 02:22:41||11239|4274413968|5558217080
11498|0|21923|31/12/2023 16:04:55||48305|4548125136|6263243920
13054|0|32864|01/01/2024 02:12:36||11844|3478833448|4552052088
12838|0|40115|01/01/2024 00:32:49||17831|738625632|961100944
12796|0|33989|01/01/2024 00:13:37||18983|1970925520|2087316816
11502|0|32738|31/12/2023 23:28:41||21679|2361577800|2903389504
13518|0|13981|01/01/2024 05:29:14||46|1146824|1706528
12861|0|6051|01/01/2024 00:44:30||17130|997487056|1119447056
13519|0|84912|01/01/2024 05:21:26||514|7705768|10517248
13173|0|16505|01/01/2024 03:00:12||8988|451500048|669905312
13495|0|77111|01/01/2024 05:12:30||1050|159514520|189888232
12817|0|51631|01/01/2024 00:27:22||18158|65401688544|122885039872
13334|0|94288|01/01/2024 04:14:27||4533|3411429024|3671597696
11516|0|59450|31/12/2023 15:57:26||48754|6560848976|7193123008
11517|0|6262|31/12/2023 13:15:47||58453|26429450176|32338245864
13080|0|31903|01/01/2024 02:27:39||10941|24770249784|52291473600
12773|0|16868|01/01/2024 00:02:38||19642|5660586000|5824813936
11520|0|53839|31/12/2023 22:17:05||25975|1802574008|2002882992
13224|0|22939|01/01/2024 03:29:15||7245|182749816|192945696
11522|0|45745|31/12/2023 21:23:55||29165|6657146664|18401508128
12886|0|57061|01/01/2024 00:56:20||16420|3392578464|4047843992
11526|0|80025|31/12/2023 14:38:47||53473|15751251144|20103938456
11527|0|93403|31/12/2023 21:40:55||28145|944722632|960182032
13041|0|31700|01/01/2024 02:03:18||12402|543395296|712436776
11531|0|13583|31/12/2023 19:24:36||36324|7543998560|11265846096
11533|0|51519|31/12/2023 22:24:45||25515|3009933744|3448588248
13081|0|19424|01/01/2024 02:20:04||11396|1319150432|1825441160
11535|0|53030|31/12/2023 13:18:47||58273|40905874224|50023225088
13441|0|52547|01/01/2024 04:55:48||2052|420904808|558068224
12887|0|77204|01/01/2024 00:55:15||16485|4944868944|6729218160
11539|0|47458|31/12/2023 14:47:47||52933|3667180240|5304563144
11540|0|47468|31/12/2023 21:22:11||29269|9642888672|12090058160
11541|0|52439|31/12/2023 18:13:16||40604|82381669048|247028991896
6917|0|57468|31/12/2023 20:00:30||34170|17687096256|21891452480
4852|0|53702|31/12/2023 18:38:31||39089|75324739944|203410022648
6921|0|9026|31/12/2023 15:09:23||51637|7251328256|9939104008
13360|0|17099|01/01/2024 04:23:28||3992|5777738968|11442950672
13103|0|87066|01/01/2024 02:33:09||10611|104956528|124362072
11545|0|91262|31/12/2023 14:04:26||55534|14370722344|15091833976
13306|0|28423|01/01/2024 04:04:56||5104|1974218496|2550534976
12818|0|87055|01/01/2024 00:20:36||18564|11625058232|30759897232
11550|0|79312|31/12/2023 19:15:53||36847|2080903704|2765589952
13144|0|94591|01/01/2024 02:58:38||9082|443458224|499249976
11553|0|55328|31/12/2023 14:01:42||55698|8683599008|10659075424
6929|0|12418|31/12/2023 16:56:29||45211|18936281216|21447120832
13196|0|33855|01/01/2024 03:17:58||7922|17642975648|45709357120
13335|0|23810|01/01/2024 04:16:42||4398|587706344|773590176
6934|0|55254|31/12/2023 17:41:51||42489|20251168528|22640985776
6935|0|48002|31/12/2023 20:38:06||31914|2402963648|3352109912
6939|0|17223|31/12/2023 18:34:20||39340|23362981288|25804923600
13467|0|97507|01/01/2024 05:01:10||1730|80140784|115391832
4875|0|11267|31/12/2023 12:14:41||62119|2312511168|2926716784
11564|0|31851|31/12/2023 22:21:31||25709|163180232|219191448
6941|0|36659|31/12/2023 17:24:35||43525|6001404968|6562649936
11565|0|69461|31/12/2023 17:44:03||42357|5730220312|6496344496
12936|0|93127|01/01/2024 01:18:10||15110|3780280704|4920907936
12862|0|77558|01/01/2024 00:44:47||17113|2112825784|2268404776
6948|0|40614|31/12/2023 19:36:36||35604|11525915160|12782394440
13361|0|85672|01/01/2024 04:26:04||3836|2517900760|2805763672
6951|0|12784|31/12/2023 21:28:37||28883|2613768208|3409498560
4888|0|76227|31/12/2023 23:48:24||20496|542006736|747622880
13104|0|58494|01/01/2024 02:30:01|01/01/2024 05:21:17|10276|2642278744|3557260320
11572|0|14568|31/12/2023 22:48:10||24110|6559474032|9057357512
13174|0|8635|01/01/2024 03:02:06||8874|158957544|198521568
11574|0|76281|31/12/2023 16:52:35||45445|14957796064|16643423320
6962|0|72646|31/12/2023 17:08:27||44493|9247078024|12091313784
4899|0|54313|31/12/2023 22:27:17||25363|13881684696|20739223096
13362|0|13499|01/01/2024 04:24:38||3922|296533864|349615088
11578|0|79857|31/12/2023 16:58:41||45079|13289056584|19777416128
13145|0|28225|01/01/2024 02:58:30||9090|274906744|299483312
4902|0|82499|31/12/2023 16:32:55||46625|2804918832|3250291656
12774|0|88257|01/01/2024 00:02:56||19624|62698272264|154590786464
11582|0|10263|31/12/2023 14:10:07||55193|10071681000|11188036168
13105|0|22665|01/01/2024 02:39:53||10207|190656872|243184440
12956|0|26675|01/01/2024 01:20:59||14941|682895584|1011621320
11585|0|10206|31/12/2023 18:04:18||41142|12389143288|15831532192
6969|0|17670|31/12/2023 23:43:42||20778|184632088|271987144
4907|0|50758|31/12/2023 16:37:59||46321|16642183216|19151602728
13384|0|50467|01/01/2024 04:33:51||3369|339463040|439822744
11587|0|59984|31/12/2023 13:50:49||56351|16443158016|21182338520
12999|0|41796|01/01/2024 01:49:03||13257|30749127640|77704998496
11589|0|18578|31/12/2023 21:03:54||30366|107567658912|240035396416
4915|0|67246|31/12/2023 17:09:48||44412|6646537536|7706278000
6974|0|47817|31/12/2023 18:54:44||38116|2336618048|2519532760
13520|0|97540|01/01/2024 05:29:49||11|600568|784320
13307|0|14496|01/01/2024 04:03:33||5187|1775759568|2631074256
4917|0|61418|31/12/2023 16:57:13||45167|1819872024|1920310720
13336|0|76270|01/01/2024 04:13:42||4578|493335336|603426072
13419|0|91336|01/01/2024 04:48:15||2505|321759904|374679120
11598|0|43849|31/12/2023 22:24:21||25539|2396555272|2663999048
6984|0|55154|31/12/2023 23:58:56||19864|1299241168|1401507016
12775|0|80345|01/01/2024 00:08:15||19305|1959144904|2501679192
11601|0|12576|31/12/2023 23:10:38||22762|19277522096|26904777328
11602|0|88798|31/12/2023 12:25:39||61461|11230563304|12696668488
13082|0|87863|01/01/2024 02:27:53||10927|15141930256|39097113792
6993|0|16150|31/12/2023 21:47:12||27768|6387966616|7690441512
11608|0|53899|31/12/2023 20:46:37||31403|684858248|958765552
13042|0|19801|01/01/2024 02:02:08||12472|2895115536|3526369128
13146|0|19071|01/01/2024 02:55:38||9262|1739564920|2008149768
11611|0|59408|31/12/2023 14:37:26||53554|6476268744|8085951416
12863|0|19913|01/01/2024 00:42:34||17246|13555420896|14504915832
6998|0|99904|31/12/2023 13:38:10||57110|30725452016|39771653128
13337|0|74560|01/01/2024 04:15:24||4476|3512652832|4301786192
11615|0|25596|31/12/2023 23:07:32||22948|57444746120|117608584712
13245|0|73583|01/01/2024 03:31:38||7102|1168158936|1327644432
13468|0|87537|01/01/2024 05:06:16||1424|44603776|51050080
12819|0|17717|01/01/2024 00:25:03||18297|15724205016|36823546520
7004|0|77032|31/12/2023 20:16:09||33231|18036222792|21777686720
13197|0|63585|01/01/2024 03:10:55||8345|5888627672|6396442832
7007|0|62125|31/12/2023 18:19:20||40240|155623177472|387937367832
13246|0|77854|01/01/2024 03:35:27||6873|1708168936|2155318608
12797|0|49279|01/01/2024 00:15:30||18870|7554504280|8180296808
13198|0|30280|01/01/2024 03:16:04||8036|2439296864|3049364064
12839|0|68053|01/01/2024 00:32:21||17859|62412081928|128628034744
13469|0|77217|01/01/2024 05:09:39||1221|94714640|122288080
11626|0|27746|31/12/2023 16:57:01||45179|3809574976|5179123064
13338|0|85350|01/01/2024 04:10:31||4769|1855721792|2617131536
11628|0|58233|31/12/2023 12:59:12||59448|28343220816|29263032680
7012|0|3805|31/12/2023 16:18:20||47500|3330406856|4616397960
12937|0|89909|01/01/2024 01:13:31||15389|3963878696|4733548040
13470|0|19688|01/01/2024 05:06:10||1430|58947040|60567768
7016|0|39792|31/12/2023 22:40:33||24567|12328390288|13388970600
12798|0|47169|01/01/2024 00:19:58||18602|55735385792|154058263144
13385|0|52416|01/01/2024 04:39:03||3057|114872816|116555680
7018|0|54160|31/12/2023 19:31:27||35913|16248920128|17712715192
7023|0|34200|31/12/2023 17:47:26||42154|3082262584|4497405176
12957|0|89370|01/01/2024 01:24:23||14737|3791732104|5113023608
7025|0|47747|31/12/2023 19:21:06||36534|4150012248|4815393888
12979|0|55316|01/01/2024 01:30:04||14396|2384540352|2788457080
7028|0|52044|31/12/2023 18:41:55||38885|23307092768|67517074896
11637|0|29712|31/12/2023 19:18:46||36674|729179480|994209144
11639|0|10941|31/12/2023 12:31:09||61131|10228508304|12201386536
11641|0|98338|31/12/2023 15:29:04||50456|2053056056|2356304256
12958|0|64106|01/01/2024 01:25:36||14664|2266083208|2807909216
4977|0|82418|31/12/2023 23:12:41||22639|3635803768|4604562864
4980|0|80719|31/12/2023 20:30:16||32384|23972220752|26199196104
7038|0|67557|31/12/2023 22:07:28||26552|3952782080|5712518224
7039|0|7575|31/12/2023 19:22:17||36463|10766693216|12542941520
11645|0|27975|31/12/2023 13:17:02||58378|26520109304|29354972528
11646|0|41699|31/12/2023 18:22:50||40030|567016952|826753456
12888|0|24334|01/01/2024 00:52:32||16648|2472536336|3192907152
12889|0|66658|01/01/2024 00:54:13||16547|2075064312|2797072016
13199|0|98774|01/01/2024 03:12:56||8224|860585072|1170872944
7046|0|17504|31/12/2023 20:18:20||33100|61696734232|140591811104
7047|0|98298|31/12/2023 19:43:54||35166|7637951352|8284272896
7048|0|97740|31/12/2023 21:38:27||28293|961251432|1128619912
11653|0|56210|31/12/2023 18:42:45||38835|114778025584|282690043144
12864|0|43543|01/01/2024 00:49:26||16834|1895357528|2452528640
11655|0|93664|31/12/2023 17:13:39||44181|5533575448|5622228384
12959|0|34618|01/01/2024 01:26:56||14584|2677797256|2977545136
7055|0|8816|31/12/2023 12:57:52||59528|19224442872|27402686312
11657|0|64143|31/12/2023 20:50:54||31146|14006105256|20182897960
13127|0|67152|01/01/2024 02:47:07||9773|28263243384|70634785712
13496|0|53398|01/01/2024 05:19:32||628|173894960|243970048
11662|0|16017|31/12/2023 18:34:17||39343|16706355848|22064823992
13497|0|30539|01/01/2024 05:19:23||637|4894432|5972992
11665|0|10654|31/12/2023 12:10:01||62399|26420804328|29445502832
12980|0|31332|01/01/2024 01:35:22||14078|2647191624|2969932416
7070|0|49678|31/12/2023 12:07:53||62527|17696595712|25936397008
12890|0|46124|01/01/2024 00:52:44||16636|3289647984|4428303680
13471|0|44762|01/01/2024 05:09:03||1257|51439832|60141032
11670|0|52225|31/12/2023 12:55:28||59672|23305907672|24420480456
11671|0|50238|31/12/2023 21:07:09||30171|12397289520|12743714304
13247|0|42428|01/01/2024 03:33:12||7008|3662797352|4176906120
5008|0|58247|31/12/2023 13:02:51||59229|28144386504|34992214232
13386|0|74526|01/01/2024 04:38:01||3119|1070020440|1281139760
7080|0|26093|31/12/2023 13:57:23|01/01/2024 05:28:27|55864|6513708488|8800830744
13442|0|19436|01/01/2024 04:58:24||1896|421715240|466350624
13128|0|90076|01/01/2024 02:47:14||9766|867695264|1002788432
13106|0|69214|01/01/2024 02:33:07||10613|27079637752|72301182992
13175|0|30835|01/01/2024 03:02:10||8870|65287536|92585544
11682|0|28124|31/12/2023 18:08:19||40901|85901158792|185490469048
11683|0|24162|31/12/2023 13:19:27||58233|8196099408|10238890936
5021|0|53952|31/12/2023 21:45:41||27859|1537396400|1779445864
7099|0|53714|31/12/2023 22:34:28||24932|55826236320|135677156008
13017|0|77148|01/01/2024 01:56:16||12824|4158750496|4694989208
7107|0|34047|31/12/2023 17:11:33||44307|1323097944|1886909408
11688|0|30347|31/12/2023 22:35:48||24852|1855065048|2581710312
13472|0|48874|01/01/2024 05:02:16||1664|6351124696|17701169536
11690|0|18055|31/12/2023 18:37:24||39156|15419265320|17889451280
13200|0|93041|01/01/2024 03:11:12||8328|1911290984|2132652208
13083|0|83129|01/01/2024 02:29:34||10826|1635003224|1856293576
13339|0|70629|01/01/2024 04:19:03||4257|1114470192|1617001448
7115|0|18914|31/12/2023 22:51:09||23931|4220380144|4225095624
11699|0|90512|31/12/2023 23:48:38||20482|6748645880|8576678344
13277|0|71041|01/01/2024 03:50:29||5971|3926149592|5679953088
5039|0|43248|31/12/2023 20:29:05||32455|8734887008|12181345688
11701|0|26199|31/12/2023 20:08:54||33666|10905041152|11082602816
11702|0|56252|31/12/2023 16:28:46||46874|9216161048|11635538136
11703|0|47971|31/12/2023 13:22:18||58062|1446156760|1650863016
7129|0|53064|31/12/2023 14:54:42||52518|18894078520|26539207984
11704|0|29306|31/12/2023 14:33:35||53785|10161872664|10552563776
13473|0|76670|01/01/2024 05:09:53||1207|116330856|160533344
13201|0|29397|01/01/2024 03:16:08||8032|24146819256|64258452912
7134|0|27416|31/12/2023 12:23:14||61606|19172807968|21629095120
11708|0|19123|31/12/2023 13:41:31||56909|1593020912|2276521424
7136|0|48946|31/12/2023 12:12:04||62276|5332751408|6786560656
12981|0|47902|01/01/2024 01:39:00||13860|5377452864|5436297480
7137|0|83921|31/12/2023 17:11:15||44325|11842912616|17675845384
12799|0|53676|01/01/2024 00:18:59||18661|2631113952|2654494096
7141|0|17009|31/12/2023 12:03:29||62791|21312498304|24332730496
13278|0|97470|01/01/2024 03:55:08||5692|314028160|446901264
13107|0|24906|01/01/2024 02:31:26||10714|433158352|522491464
7158|0|36711|31/12/2023 13:49:13||56447|3983236192|4714307080
7162|0|25982|31/12/2023 15:49:58||49202|111750912448|214223189032
11720|0|26819|31/12/2023 12:07:00||62580|3951185624|5839823208
13129|0|78618|01/01/2024 02:41:08||10132|358334440|404353120
11722|0|89748|31/12/2023 22:16:21||26019|96440130584|195074273408
7166|0|83551|31/12/2023 20:09:40||33620|49455922136|122540944400
7168|0|14122|31/12/2023 18:15:02|01/01/2024 05:28:20|40398|3805490440|5198497824
13130|0|23151|01/01/2024 02:43:55||9965|17896828088|47846342288
11725|0|39569|31/12/2023 21:09:56||30004|10559456864|14625194880
13084|0|34668|01/01/2024 02:29:24||10836|2279241032|2575866752
13176|0|30363|01/01/2024 03:07:18||8562|302979504|452633320
11728|0|98196|31/12/2023 22:01:49|01/01/2024 05:28:50|26821|8524962840|11050458216
13018|0|54698|01/01/2024 01:52:17||13063|19184444544|55307244272
12840|0|92508|01/01/2024 00:34:59||17701|843263360|851195032
11736|0|7502|31/12/2023 20:33:26||32194|6020113592|6584731600
12938|0|47511|01/01/2024 01:17:42||15138|3346296392|4827697440
13308|0|93344|01/01/2024 04:04:04||5156|2440687032|2474978584
7185|0|63259|31/12/2023 14:07:27||55353|109713240|133469032
12939|0|99858|01/01/2024 01:19:29||15031|2331312|3226128
13202|0|5329|01/01/2024 03:16:17||8023|3483217392|4589675464
13019|0|79622|01/01/2024 01:56:21||12819|30918271472|68611546280
5103|0|16277|31/12/2023 13:29:20||57640|3759176400|4678394824
13474|0|63116|01/01/2024 05:05:13||1487|205660584|210511512
7188|0|54489|31/12/2023 23:15:26||22474|15920126088|17377644368
11745|0|4814|31/12/2023 13:41:30|01/01/2024 05:24:21|56571|32957007568|46611272432
13521|0|4814|01/01/2024 05:25:58||242|143291472|179330464
13259|0|17550|01/01/2024 03:49:28||6032|3114135576|3174904424
13498|0|49631|01/01/2024 05:18:26||694|16842336|21669024
13309|0|66727|01/01/2024 04:01:21||5319|1236280360|1349692496
5120|0|31810|31/12/2023 21:48:45||27675|3014050960|3952560432
5121|0|30453|31/12/2023 12:13:13||62207|8944265088|10651783976
12865|0|32232|01/01/2024 00:49:41||16819|5350446680|7706106648
12912|0|35516|01/01/2024 01:09:52||15608|1935215776|2666794576
12913|0|31906|01/01/2024 01:05:56||15844|1765066320|2193153672
13055|0|18957|01/01/2024 02:17:43||11537|666363696|778940392
13001|0|51211|01/01/2024 01:42:37||13643|558033272|692489336
11762|0|46986|31/12/2023 14:10:50||55150|2674951304|3909740288
12982|0|23505|01/01/2024 01:30:27||14373|12946392112|12965635648
5129|0|16362|31/12/2023 12:03:23||62797|9720407520|10818746008
11764|0|89361|31/12/2023 23:57:04||19976|398079272|518040368
7203|0|60604|31/12/2023 15:00:17||52183|15530830432|16623705456
5130|0|76590|31/12/2023 14:53:55||52565|5519209576|7185150536
11767|0|18825|31/12/2023 18:38:35||39085|16091143768|23301039992
13387|0|43504|01/01/2024 04:39:20||3040|1169862424|1457331536
13226|0|30577|01/01/2024 03:22:28||7652|8689723800|18970141216
7214|0|84423|31/12/2023 23:20:00||22200|16518204320|22041171432
12892|0|88803|01/01/2024 00:59:40||16220|386467088|420397424
7217|0|98215|31/12/2023 13:00:36||59364|34391520856|49609882200
13248|0|85856|01/01/2024 03:35:54||6846|2829058904|4166065016
7218|0|74749|31/12/2023 13:08:00||58920|7211674608|8960379528
7220|0|87252|31/12/2023 20:40:43||31757|5162436064|6386548424
13310|0|59369|01/01/2024 04:03:50||5170|2653449056|3438696472
7223|0|36663|31/12/2023 17:29:05||43255|8413326752|12614926624
13147|0|14295|01/01/2024 02:51:23||9517|1803805696|1947090472
11777|0|57243|31/12/2023 18:16:53||40387|53021241424|104586895104
11779|0|66095|31/12/2023 12:26:27||61413|14190645496|16847384488
13388|0|80746|01/01/2024 04:36:05||3235|178910128|228248208
11783|0|96534|31/12/2023 16:31:31||46709|16228156720|21726497032
11784|0|27952|31/12/2023 18:42:00||38880|13846227232|15632096696
12820|0|96379|01/01/2024 00:22:54||18426|923809800|1297160592
12940|0|18724|01/01/2024 01:17:57||15123|6276505008|7495320080
13499|0|20125|01/01/2024 05:11:14||1126|156156192|194845696
7233|0|14780|31/12/2023 12:11:00||62340|11069966344|14051562376
13056|0|30922|01/01/2024 02:17:26||11554|661498984|699580336
13148|0|90014|01/01/2024 02:51:47||9493|3971360120|4405811888
11791|0|4593|31/12/2023 17:41:34||42506|38725420560|46038204072
11792|0|16644|31/12/2023 20:48:35||31285|11607566952|12101848856
12776|0|75854|01/01/2024 00:01:43||19697|59542136272|121356361064
7236|0|88091|31/12/2023 12:30:49||61151|1135452064|1384559840
7237|0|91923|31/12/2023 18:49:15||38445|908244816|1210002112
13260|0|26349|01/01/2024 03:46:39||6201|1010133008|1280815816
13203|0|81346|01/01/2024 03:19:04||7856|1214018488|1607554408
12841|0|79078|01/01/2024 00:33:28||17792|4070731136|4706676392
11799|0|23717|31/12/2023 19:35:24||35676|104215199704|310731041168
11800|0|92224|31/12/2023 16:11:33||47907|20237062448|22581558256
13420|0|8148|01/01/2024 04:40:31||2969|498407520|566774840
7254|0|26780|31/12/2023 22:55:21||23679|3395851768|4086566032
7260|0|29153|31/12/2023 18:36:09||39231|3215290904|6655157224
13002|0|60165|01/01/2024 01:47:18||13362|2927371464|3982361176
12866|0|65638|01/01/2024 00:45:30||17070|1696828576|2153153008
13475|0|58684|01/01/2024 05:02:55||1625|14018144|18787776
11808|0|86640|31/12/2023 18:48:17||38503|10230618328|12191200344
12800|0|87848|01/01/2024 00:19:12||18648|3186106784|4498699360
12867|0|22919|01/01/2024 00:48:28||16892|2736415480|3181849200
7270|0|66722|31/12/2023 13:13:28||58592|5968710720|6139482432
11812|0|47552|31/12/2023 16:40:21||46179|97837810168|252760263320
11814|0|78509|31/12/2023 17:06:59||44581|2670744296|2853507656
11817|0|8441|31/12/2023 18:20:18||40182|8506573920|12393254536
13149|0|43396|01/01/2024 02:52:44||9436|883361176|1016142208
11819|0|48689|31/12/2023 22:27:53||25327|71701179280|148416186888
7275|0|36175|31/12/2023 12:23:53||61567|18342327960|23321197192
11820|0|79082|31/12/2023 16:48:59||45661|5347558432|5927237856
13043|0|38222|01/01/2024 02:03:37||12383|4204907536|4489035024
7277|0|21763|31/12/2023 23:37:44||21136|947898784|1299603776
7279|0|54220|31/12/2023 15:26:38||50602|165878246944|384612680856
11823|0|79493|31/12/2023 18:25:27||39873|8751486328|9336229608
7284|0|23876|31/12/2023 22:51:37||23903|3247509848|3262139160
11824|0|66619|31/12/2023 18:30:08||39592|36045511352|93373447368
11825|0|31694|31/12/2023 16:24:11||47149|12990932712|19402905216
13109|0|34127|01/01/2024 02:31:03||10737|6408043792|7739912008
12842|0|62492|01/01/2024 00:39:06|01/01/2024 05:28:09|17343|5532192648|7830181840
11829|0|60248|31/12/2023 14:55:13||52487|116592168320|286047711008
13020|0|78104|01/01/2024 01:55:56||12844|7763548272|9171497776
5206|0|41700|31/12/2023 20:41:11||31729|8580036952|10874799264
7295|0|18066|31/12/2023 23:57:26||19954|30477366936|69461495008
13443|0|42312|01/01/2024 04:54:50||2110|246091136|274599432
11836|0|78636|31/12/2023 20:02:22||34058|3644817920|4258726400
11837|0|81955|31/12/2023 17:47:01||42179|204161576|230381840
7298|0|86179|31/12/2023 20:33:02||32218|95162311360|186596108360
13151|0|38141|01/01/2024 02:52:42||9438|154104560|215962584
11841|0|58373|31/12/2023 21:31:14||28726|2701771536|3190306040
11842|0|67666|31/12/2023 18:21:08||40132|8265540384|12299205112
11844|0|67311|31/12/2023 13:48:37||56483|16518909528|23885635328
13204|0|51364|01/01/2024 03:10:19||8381|2477883536|2857674720
11849|0|38580|31/12/2023 16:43:08||46012|7636081008|9298944800
13057|0|20046|01/01/2024 02:18:24||11496|4524713936|4846839704
11853|0|40916|31/12/2023 18:24:07||39953|3732367304|4673266504
7315|0|71324|31/12/2023 18:29:34||39626|4053623992|4451979480
7317|0|54993|31/12/2023 17:20:56||43744|25675740832|31058083600
5222|0|73198|31/12/2023 14:21:18||54522|6710616632|7705738368
11854|0|37858|31/12/2023 19:32:26||35854|5217453264|6258872944
7323|0|23399|31/12/2023 21:49:24||27636|7212497624|8358993352
12801|0|4618|01/01/2024 00:13:30||18990|52042175592|99452054432
5225|0|11077|31/12/2023 19:34:37||35723|8479736640|11092777296
13340|0|49049|01/01/2024 04:17:04||4376|2584991304|3373769664
7328|0|66256|31/12/2023 13:41:14||56926|23286040952|24148647856
13021|0|56307|01/01/2024 01:57:58||12722|472706896|616935616
11862|0|48135|31/12/2023 12:03:01||62819|22946107992|28798595568
5236|0|88454|31/12/2023 19:54:58||34502|1518568440|1546810232
13152|0|76997|01/01/2024 02:53:08||9412|995796320|1186973600
5238|0|35062|31/12/2023 15:39:37||49823|9486723832|10724754936
13444|0|18927|01/01/2024 04:58:16||1904|1663795880|1914198576
11866|0|44714|31/12/2023 13:49:24||56436|4446109544|6270641160
11867|0|73768|31/12/2023 12:11:13||62327|15303789808|18963615176
11868|0|82867|31/12/2023 19:59:05||34255|36822867864|82858817472
13279|0|43410|01/01/2024 03:59:05||5455|1650726072|2284448168
7342|0|86578|31/12/2023 23:48:29||20491|48939066400|109500955040
12821|0|13803|01/01/2024 00:23:24||18396|280121968|348166952
13205|0|49783|01/01/2024 03:11:42||8298|979926464|1144797984
11879|0|16122|31/12/2023 21:31:06||28734|1188833080|1200662184
7344|0|88096|31/12/2023 17:31:42||43098|13808587488|14812618472
11880|0|4606|31/12/2023 14:40:05||53395|10868118376|11117796912
13280|0|22300|01/01/2024 03:57:42||5538|2189132576|2937151056
11883|0|38214|31/12/2023 14:47:46||52934|7147055368|8205193232
5256|0|49105|31/12/2023 23:46:29||20611|3216973920|3868947560
13177|0|47228|01/01/2024 03:06:47||8593|17674749320|40999978208
13445|0|99768|01/01/2024 04:50:41||2359|127321528|153144464
11887|0|8771|31/12/2023 12:29:19||61241|169563606344|319272513752
7358|0|89046|31/12/2023 13:46:10||56630|8989377136|11095937744
11888|0|59817|31/12/2023 20:17:13||33167|36405200936|40035208088
13476|0|5708|01/01/2024 05:02:04||1676|438240960|584316984
12983|0|21901|01/01/2024 01:35:12||14088|2873321832|4148718064
12894|0|87742|01/01/2024 00:56:48||16392|2439369768|3027779544
13153|0|72337|01/01/2024 02:54:04||9356|1731634928|2082495368
7365|0|63065|31/12/2023 13:59:33||55827|10535343952|11867623640
11896|0|35038|31/12/2023 13:12:58||58622|175335150632|441320809008
5278|0|75731|31/12/2023 12:03:13||62807|10576465288|14670583192
11898|0|13160|31/12/2023 13:38:21||57099|17406419256|21865562360
7375|0|91272|31/12/2023 12:05:27||62673|18327890704|21385708248
11899|0|86394|31/12/2023 16:36:54||46386|6264060824|6506145704
13341|0|90354|01/01/2024 04:18:16||4304|297594008|425379864
11901|0|51005|31/12/2023 17:53:19||41801|7922359096|11278965040
11904|0|20600|31/12/2023 20:21:23||32917|14138617840|17179415696
13131|0|61887|01/01/2024 02:46:15||9825|589100944|717837088
13179|0|82469|01/01/2024 03:00:57||8943|777637304|1019614776
12845|0|65046|01/01/2024 00:37:57||17523|40013245520|109363938552
7384|0|40852|31/12/2023 13:35:10||57290|8321535624|11636784984
13281|0|7986|01/01/2024 03:53:22||5798|1011140960|1150441736
11911|0|75318|31/12/2023 18:59:27||37833|16005622184|18310365592
13058|0|70352|01/01/2024 02:18:21||11499|1591027040|2291381224
11914|0|76632|31/12/2023 14:40:41||53359|22068814856|25674663672
13446|0|58272|01/01/2024 04:54:35||2125|365552360|380955040
7388|0|91313|31/12/2023 12:37:43||60737|36293095312|44876594728
13059|0|92306|01/01/2024 02:14:37||11723|815209512|989184832
12822|0|42589|01/01/2024 00:28:25||18095|1194122672|1439061944
7395|0|59792|31/12/2023 16:42:47||46033|93061428744|258000343792
13228|0|99038|01/01/2024 03:28:23||7297|1559281352|2315168936
11925|0|44391|31/12/2023 20:10:28||33572|4475862432|5720968168
5297|0|58156|31/12/2023 13:47:28||56552|11850974096|15672813984
7399|0|72497|31/12/2023 23:36:24||21216|8285079872|8648248528
7401|0|64453|31/12/2023 16:37:01||46379|2586232224|3299295848
13132|0|53550|01/01/2024 02:47:44||9736|1337951248|1827493896
12942|0|33334|01/01/2024 01:19:48||15012|4580533008|5937247200
13389|0|53450|01/01/2024 04:33:59||3361|209392712|256403800
12895|0|7198|01/01/2024 00:52:14||16666|3522088368|3597320384
13390|0|48755|01/01/2024 04:38:38||3082|132125912|198158888
7405|0|65551|31/12/2023 21:53:52|01/01/2024 05:28:05|27253|3804040344|5420275992
11934|0|88718|31/12/2023 15:15:32||51268|21238289144|23905325704
7406|0|18024|31/12/2023 23:03:04||23216|6288076784|7781586376
11936|0|67178|31/12/2023 16:43:33||45987|64645635144|190697226792
5327|0|20897|31/12/2023 12:53:35||59785|41703570680|47861056096
13447|0|56137|01/01/2024 04:51:43||2297|34407872|35380848
11939|0|68717|31/12/2023 22:45:32||24268|1242981408|1533177840
13005|0|91131|01/01/2024 01:45:31||13469|416033752|517383984
7419|0|74768|31/12/2023 15:28:21||50499|13535974824|18802702648
13448|0|77025|01/01/2024 04:57:50||1930|165463960|193422520
11943|0|52355|31/12/2023 12:15:17||62083|1805555168|2164984184
11944|0|87529|31/12/2023 18:32:20||39460|6418158264|7996759216
7424|0|38509|31/12/2023 20:03:08||34012|3604331480|5190978296
11947|0|77752|31/12/2023 18:35:30||39270|11757915208|16330035152
7427|0|5777|31/12/2023 14:13:05||55015|14959609480|19296472328
11950|0|54759|31/12/2023 22:09:40|01/01/2024 05:26:29|26209|5191097296|5231278160
13522|0|54759|01/01/2024 05:26:43||197|17045560|21678952
13060|0|91721|01/01/2024 02:16:10||11630|1634913992|1661588760
13261|0|68298|01/01/2024 03:47:12||6168|1600055640|2109091576
7444|0|63883|31/12/2023 22:09:26|01/01/2024 05:21:52|25946|704498120|1016434928
7446|0|32567|31/12/2023 14:38:01||53519|9444515976|13851193336
13363|0|19163|01/01/2024 04:23:00||4020|321491736|382815576
13180|0|44413|01/01/2024 03:00:32||8968|1216155648|1685472752
12943|0|67103|01/01/2024 01:13:55||15365|60162167688|139125886720
7453|0|55102|31/12/2023 13:45:57||56643|7325588152|10852764480
13154|0|80867|01/01/2024 02:53:13||9407|1246087736|1586965240
11961|0|66198|31/12/2023 22:05:48||26652|7965712608|10877750928
7455|0|99225|31/12/2023 21:02:43||30437|4434773912|6224071080
13044|0|51298|01/01/2024 02:01:09||12531|1256954512|1809773224
5365|0|57145|31/12/2023 18:30:16||39584|9218781872|10918382856
13342|0|40057|01/01/2024 04:11:01|01/01/2024 05:29:47|4726|3715610296|5203488784
13449|0|39723|01/01/2024 04:50:18||2382|104601520|139426520
11965|0|26795|31/12/2023 15:27:29||50551|3326831976|4443250232
11966|0|80397|31/12/2023 23:08:48||22872|2614227240|3051505296
13312|0|39030|01/01/2024 04:01:02||5338|18941485888|49042472480
13155|0|31381|01/01/2024 02:53:05||9415|1361700480|1468235616
11970|0|33122|31/12/2023 21:21:08||29332|60222259480|114975746944
5380|0|35949|31/12/2023 16:23:27||47193|5947908928|8267335576
7469|0|21827|31/12/2023 12:12:47||62233|6581380136|8159389336
7472|0|51103|31/12/2023 23:28:32||21688|13348389584|15281906808
13262|0|61582|01/01/2024 03:41:35||6505|2709536128|2748474776
13206|0|12816|01/01/2024 03:12:42||8238|11135103408|27210348120
5385|0|69686|31/12/2023 14:48:10||52910|20201928200|28015548424
5386|0|66026|31/12/2023 18:22:05||40075|146160250984|346811772088
11975|0|53935|31/12/2023 18:26:19||39821|18614320016|20441842232
12823|0|63794|01/01/2024 00:28:41||18079|1286617592|1781778712
7477|0|38745|31/12/2023 12:55:09||59691|32850795048|33856531960
5393|0|4467|31/12/2023 17:20:47||43753|7365586392|9786424360
11980|0|66645|31/12/2023 13:22:22||58058|6703896416|9643551296
11981|0|39927|31/12/2023 17:35:17||42883|107340649128|203889072576
7488|0|32294|31/12/2023 20:00:52||34148|5257521856|6698315184
13181|0|58468|01/01/2024 03:05:21||8679|3363145432|3483661656
13421|0|97084|01/01/2024 04:45:11||2689|641404240|827822584
7496|0|97830|31/12/2023 18:03:20||41200|5617818520|7373986616
7499|0|79123|31/12/2023 14:19:15||54645|6248506576|6566733032
13477|0|45765|01/01/2024 05:02:03||1677|68589320|98790216
7504|0|81151|31/12/2023 16:53:09||45411|8764816688|9778726080
13182|0|52373|01/01/2024 03:04:54||8706|615757408|796874304
13364|0|80781|01/01/2024 04:21:30||4110|722558944|939871496
7513|0|52630|31/12/2023 20:06:44||33796|3751329672|4753726352
7514|0|80798|31/12/2023 19:27:16||36164|6359568432|8153318752
13022|0|13029|01/01/2024 01:56:54||12786|1095038928|1316709168
12944|0|4087|01/01/2024 01:12:21||15459|4668965632|6101134992
7515|0|76719|31/12/2023 12:46:33||60207|178713895144|361145499040
7516|0|36934|31/12/2023 19:51:58||34682|13140470520|14961785576
7518|0|53663|31/12/2023 14:48:00||52920|2739595808|3045635632
7522|0|29777|31/12/2023 23:21:25||22115|839377232|1239191872
13085|0|92429|01/01/2024 02:27:58||10922|99363968|121879744
7525|0|44497|31/12/2023 17:08:29||44491|30227243608|41001011168
13282|0|4405|01/01/2024 03:51:21||5919|1050737664|1206179352
7527|0|30797|31/12/2023 22:17:55||25925|3140509368|4366008472
11995|0|93343|31/12/2023 18:49:59||38401|52683322120|140564982208
11997|0|21417|31/12/2023 16:48:47||45673|24208023616|28555946088
12779|0|88205|01/01/2024 00:07:33||19347|2143200296|3128985784
5425|0|26137|31/12/2023 21:54:45||27315|6178744800|8057682240
12001|0|77259|31/12/2023 19:57:42||34338|1920593136|1922099560
7535|0|76870|31/12/2023 19:27:55||36125|8311027224|10127324208
12824|0|11325|01/01/2024 00:20:17||18583|17779819128|48683721712
5427|0|45932|31/12/2023 21:13:33||29787|4451952984|5508088800
7541|0|54879|31/12/2023 15:48:08||49312|12021735800|12830601288
13045|0|28538|01/01/2024 02:00:00||12600|1218886208|1373941256
7542|0|10559|31/12/2023 16:11:03||47937|28410246832|28926708392
5429|0|31407|31/12/2023 17:23:41||43579|10376366824|13950204808
12945|0|55502|01/01/2024 01:18:51||15069|2042870784|2277398880
12005|0|98651|31/12/2023 18:33:04||39416|3696672624|4334529376
13229|0|97289|01/01/2024 03:26:20||7420|4072602248|4281151000
12008|0|5653|31/12/2023 17:43:56||42364|3076231832|4192112776
12009|0|9731|31/12/2023 22:59:26||23434|55411720352|131326051488
7550|0|32366|31/12/2023 12:22:19||61661|214512185272|641941386408
7551|0|60773|31/12/2023 18:53:26||38194|2232841072|2701923096
7555|0|86096|31/12/2023 22:03:57||26763|98576331280|273013437520
12012|0|10021|31/12/2023 18:58:27||37893|253609672|344936240
5440|0|98479|31/12/2023 22:39:27||24633|4875925296|6125570184
12780|0|15671|01/01/2024 00:00:53||19747|7785809928|11043591800
12802|0|13744|01/01/2024 00:16:19||18821|1200227456|1488840224
7558|0|86952|31/12/2023 15:12:04||51476|21867736424|30040494080
5443|0|80900|31/12/2023 19:52:51||34629|4184265832|5667912328
12984|0|48095|01/01/2024 01:38:47||13873|6486288808|9300658448
12017|0|55313|31/12/2023 21:19:49|01/01/2024 05:23:02|28993|2435865592|3363781944
13523|0|55313|01/01/2024 05:23:19||401|35510504|35648432
13249|0|18593|01/01/2024 03:35:37||6863|4069594224|4698344368
13046|0|79106|01/01/2024 02:01:46||12494|788326824|932057496
12022|0|78121|31/12/2023 18:06:07||41033|41526867632|43756503584
7566|0|41018|31/12/2023 21:47:57||27723|941143176|1126011808
12781|0|88853|01/01/2024 00:04:24||19536|1299277472|1528818096
13391|0|50999|01/01/2024 04:32:51||3429|3200932208|4231116648
12026|0|48342|31/12/2023 23:01:40||23300|10974275920|13420040976
12027|0|26118|31/12/2023 15:11:31||51509|8973578640|9028097784
12029|0|79262|31/12/2023 21:13:55||29765|9432019416|10850203016
13392|0|66920|01/01/2024 04:39:57||3003|1584627040|1807898392
13283|0|16861|01/01/2024 03:52:24||5856|386950160|472549552
12985|0|8450|01/01/2024 01:33:27||14193|4262001008|5430356912
12915|0|68623|01/01/2024 01:09:58||15602|5077042184|6142153320
7571|0|76584|31/12/2023 20:21:18||32922|17004169176|19584893488
13207|0|5632|01/01/2024 03:17:50||7930|2163414504|3099847440
13393|0|93398|01/01/2024 04:30:22||3578|1670854128|2436310680
12825|0|6953|01/01/2024 00:26:16||18224|1303241776|1732177880
7574|0|89785|31/12/2023 13:49:16||56444|12865050768|12997396352
13061|0|71600|01/01/2024 02:18:13||11507|637331768|895662416
12041|0|21544|31/12/2023 20:30:47||32353|15603251056|19035013648
13422|0|18513|01/01/2024 04:44:17||2743|-26683704|-27028248
12043|0|15458|31/12/2023 22:03:19||26801|1987272352|2886474904
12044|0|25742|31/12/2023 22:47:30||24150|6820448688|9764281928
13343|0|5573|01/01/2024 04:10:44||4756|1940359272|2045232400
12046|0|35686|31/12/2023 16:43:25||45995|170373533576|453198833616
13394|0|82973|01/01/2024 04:36:42||3198|76507416|82923400
12868|0|69209|01/01/2024 00:48:55||16865|5224614056|5391626344
13023|0|78455|01/01/2024 01:53:22||12998|10311704992|11089345616
12051|0|12626|31/12/2023 14:17:51||54729|1331274424|1988429720
7581|0|51972|31/12/2023 12:24:39||61521|17703119352|23618893096
12053|0|48466|31/12/2023 20:58:52||30668|2644526280|2686827752
12055|0|76481|31/12/2023 16:09:09||48051|20814665480|23455371224
12056|0|47102|31/12/2023 15:55:29||48871|11230990880|12813681712
7588|0|50119|31/12/2023 13:54:00||56160|30199965232|37181667512
13284|0|33434|01/01/2024 03:52:18||5862|1852158056|2033138040
12058|0|84737|31/12/2023 21:28:15||28905|876823160|964991968
7590|0|69231|31/12/2023 16:24:12||47148|19641706616|22617046304
12059|0|83852|31/12/2023 18:27:58||39722|4727376000|6352049064
7591|0|71826|31/12/2023 16:11:44||47896|3570659664|3894201480
12060|0|78405|31/12/2023 22:00:20||26980|122862374896|229493295176
7595|0|54072|31/12/2023 18:45:04||38696|5158382440|6375715792
13395|0|82511|01/01/2024 04:38:12||3108|2018987504|2502585928
7596|0|96073|31/12/2023 21:24:55||29105|997306592|1053682256
7597|0|13012|31/12/2023 17:20:39||43761|105473820504|208429277016
12946|0|20461|01/01/2024 01:13:22||15398|2546033408|3693184160
7598|0|86957|31/12/2023 12:10:49||62351|2065115760|2233006144
12826|0|62538|01/01/2024 00:26:54||18186|665175376|838151656
13524|0|47480|01/01/2024 05:29:52||8|0|0
13365|0|84557|01/01/2024 04:21:14||4126|8859436064|26168333160
13423|0|66334|01/01/2024 04:49:46||2414|5277023704|13853327488
13525|0|73017|01/01/2024 05:22:33||447|1198014592|2318052864
7609|0|76396|31/12/2023 22:49:04|01/01/2024 05:21:34|23550|8389396104|10796168616
12070|0|6302|31/12/2023 23:56:44||19996|3056138000|4022978136
7610|0|78294|31/12/2023 20:33:53||32167|21943902232|26624280864
12072|0|58758|31/12/2023 13:54:24||56136|2836975168|3912942720
7616|0|57706|31/12/2023 23:01:01||23339|47080878744|112654370656
12947|0|17555|01/01/2024 01:14:12||15348|1534853920|2214457944
13208|0|45814|01/01/2024 03:19:29||7831|72267760|85316896
12803|0|97683|01/01/2024 00:14:31||18929|616408264|661384256
12077|0|15140|31/12/2023 13:38:53||57067|10820522184|15116489424
13209|0|26004|01/01/2024 03:15:54||8046|4033971712|4324843328
12804|0|9484|01/01/2024 00:14:56||18904|2713756384|3821228472
5503|0|14177|31/12/2023 16:05:06||48294|8464628752|11937229864
13344|0|17646|01/01/2024 04:19:07||4253|1107006672|1206102672
13110|0|87648|01/01/2024 02:30:41||10759|626369144|732661224
12085|0|7936|31/12/2023 13:53:39||56181|18071082688|21139922200
7624|0|91770|31/12/2023 21:39:16||28244|2282129344|2639332176
12086|0|85504|31/12/2023 15:56:56||48784|28040647456|30488375368
13345|0|45641|01/01/2024 04:12:56||4624|3010186440|3313038144
13396|0|35572|01/01/2024 04:38:19||3101|710208416|741481832
7625|0|50217|31/12/2023 12:15:21||62079|18105695248|21523866424
13450|0|53565|01/01/2024 04:57:56||1924|72290904|107517872
12869|0|24620|01/01/2024 00:47:28||16952|2589333984|3670867864
7628|0|81865|31/12/2023 12:55:06||59694|40186118064|47358725232
13210|0|87989|01/01/2024 03:18:18||7902|1908068896|2096000280
13478|0|33659|01/01/2024 05:03:40||1580|8827440|12047384
13313|0|42216|01/01/2024 04:01:00||5340|1295995072|1527280336
5522|0|59871|31/12/2023 23:02:02||23278|10260585064|13090981488
7637|0|65242|31/12/2023 18:56:38||38002|1541908920|2160625248
12099|0|83574|31/12/2023 19:55:22||34478|160382453864|377428070944
12101|0|59285|31/12/2023 17:30:58||43142|6862698128|9414038752
12102|0|11094|31/12/2023 15:46:02||49438|11883955744|15606276592
7643|0|52873|31/12/2023 15:47:23||49357|11377758704|12397428240
13285|0|20948|01/01/2024 03:55:23||5677|2513721296|2656239792
12896|0|95063|01/01/2024 00:56:49||16391|2975979392|3316497864
7649|0|22626|31/12/2023 19:56:03||34437|4588022544|4741891784
13111|0|7018|01/01/2024 02:38:36||10284|1030217384|1209060512
13451|0|37512|01/01/2024 04:53:14||2206|22470088|29406712
12108|0|35844|31/12/2023 16:44:26||45934|10147359976|10220914496
5541|0|40236|31/12/2023 17:52:10||41870|9414644632|9884757768
7652|0|36211|31/12/2023 17:18:23||43897|873404272|1012750048
13062|0|95626|01/01/2024 02:19:12||11448|1080835592|1181712224
12111|0|44332|31/12/2023 20:26:35||32605|8650031056|11807891056
5549|0|97929|31/12/2023 21:03:46||30374|8878842736|10711711744
13086|0|97644|01/01/2024 02:26:29||11011|2802641952|4134878800
7659|0|66446|31/12/2023 13:52:16||56264|3003307256|4210084272
12118|0|95175|31/12/2023 12:32:13||61067|14566528568|16378609824
12782|0|19965|01/01/2024 00:01:34||19706|2602840440|2699763760
12121|0|36373|31/12/2023 16:41:54||46086|3979196728|4782330328
13112|0|40161|01/01/2024 02:30:27||10773|1123675320|1272115376
7662|0|98472|31/12/2023 23:28:43||21677|9274011952|11172995000
13366|0|68194|01/01/2024 04:23:09||4011|364641832|417348536
12125|0|40634|31/12/2023 19:44:18||35142|428103544|481878960
7667|0|75357|31/12/2023 21:08:21||30099|5525728784|6931590744
12126|0|51641|31/12/2023 15:58:03||48717|112645624032|233794503096
7668|0|82539|31/12/2023 16:17:29||47551|706666288|712378032
12128|0|25379|31/12/2023 14:45:47||53053|3043660104|4499260536
13063|0|7189|01/01/2024 02:15:46||11654|323327312|358888464
12132|0|44695|31/12/2023 12:51:23||59917|24726630496|35330159280
13113|0|13619|01/01/2024 02:37:48||10332|780113568|797411464
7676|0|42042|31/12/2023 19:12:33||37047|2530094792|3577368544
7679|0|81440|31/12/2023 18:29:55||39605|18873854064|26590112776
12870|0|80338|01/01/2024 00:49:04||16856|77877187816|146630236064
12805|0|80111|01/01/2024 00:15:36||18864|2161140616|2899215568
7683|0|75508|31/12/2023 23:14:55||22505|3566532832|3766848784
7684|0|60063|31/12/2023 23:33:02||21418|6675275344|7439451944
13526|0|39548|01/01/2024 05:20:12||588|77321944|95812896
7685|0|56510|31/12/2023 15:37:10||49970|38027099480|39644305680
13211|0|45148|01/01/2024 03:12:30|01/01/2024 05:27:46|8116|2835260176|3121723952
12986|0|62410|01/01/2024 01:34:14||14146|2063266208|2527839192
7690|0|8112|31/12/2023 20:59:50||30610|2770498912|3993045472
7695|0|77834|31/12/2023 18:28:46||39674|2210666264|3046773024
7697|0|37121|31/12/2023 15:44:45||49515|595913688|832526168
5579|0|79657|31/12/2023 13:00:25||59375|49574522832|55896242888
13527|0|82781|01/01/2024 05:28:17||103|9895184|14043328
5585|0|89206|31/12/2023 13:27:19||57761|32150604400|33986694008
7706|0|35946|31/12/2023 15:31:52||50288|7845689856|11495429728
7708|0|48275|31/12/2023 18:20:20||40180|1908341912|2491817240
13024|0|61600|01/01/2024 01:52:24||13056|11334702440|14546138608
12145|0|11799|31/12/2023 15:34:48||50112|5136372376|7090909592
7715|0|91531|31/12/2023 16:09:54||48006|951868752|1107655024
12147|0|42501|31/12/2023 21:19:48||29412|971826840|1397346224
13230|0|83317|01/01/2024 03:26:19||7421|455004432|609723496
5612|0|45343|31/12/2023 12:11:46||62294|26163104744|38539883216
7724|0|89316|31/12/2023 20:51:47||31093|9284000520|11761772496
12150|0|97949|31/12/2023 13:22:44||58036|8987318904|12443933880
7732|0|5341|31/12/2023 22:32:47||25033|6361697944|6780175456
7733|0|50487|31/12/2023 18:12:24||40656|21493955288|25474699264
13250|0|89349|01/01/2024 03:33:24||6996|1244441952|1453318896
13006|0|49346|01/01/2024 01:48:35||13285|1597810376|1821110400
12806|0|22037|01/01/2024 00:11:37||19103|706835136|1000226304
13500|0|33554|01/01/2024 05:16:59||781|1029812344|2453711632
12159|0|15632|31/12/2023 21:36:27||28413|4687789712|4924115488
12160|0|86647|31/12/2023 15:04:31||51929|16062476672|17305195440
7738|0|76334|31/12/2023 18:39:18||39042|14203214096|20463101416
5639|0|65090|31/12/2023 17:39:20||42640|7886695600|9859072176
5641|0|50596|31/12/2023 16:27:55||46925|45351584336|95032332280
7742|0|9643|31/12/2023 21:45:13||27887|39201224|54295912
12783|0|57927|01/01/2024 00:04:14||19546|5014571216|5480884224
12162|0|60474|31/12/2023 18:44:04||38756|5222490696|6672136928
12960|0|93551|01/01/2024 01:26:26||14614|7961445096|9848895312
12871|0|69962|01/01/2024 00:44:53||17107|1668514920|1707715528
13452|0|34171|01/01/2024 04:58:35||1885|122053232|139853856
5648|0|70987|31/12/2023 12:15:56||62044|1905917448|2073653192
12916|0|48315|01/01/2024 01:06:47||15793|1465595168|1947082408
13064|0|89289|01/01/2024 02:11:03||11937|1275282136|1510773424
13025|0|59591|01/01/2024 01:51:03||13137|5805036200|6844802440
13397|0|38001|01/01/2024 04:34:39||3321|1027799976|1435361744
7753|0|53609|31/12/2023 18:51:15||38325|1537885456|2282165208
12961|0|79133|01/01/2024 01:29:12||14448|1692771248|2280684016
7754|0|7346|31/12/2023 23:10:07||22793|1957220840|2139912136
5652|0|4571|31/12/2023 19:54:13||34547|3100697032|3226588088
12827|0|99367|01/01/2024 00:28:07||18113|2075199776|2642513528
13157|0|77547|01/01/2024 02:50:21||9579|266246984|297980192
12176|0|84629|31/12/2023 18:48:33||38487|3129838352|3362727832
12177|0|24235|31/12/2023 15:01:01||52139|2164700696|3186342680
5656|0|18451|31/12/2023 22:15:27||26073|473615216|622328488
13026|0|87040|01/01/2024 01:59:26||12634|7388497056|9645690176
13183|0|69104|01/01/2024 03:03:24||8796|1484131680|1957758712
5660|0|43936|31/12/2023 23:42:46||20834|5627938784|7096327992
12846|0|12308|01/01/2024 00:39:14||17446|4241204904|6266358392
13314|0|31637|01/01/2024 04:01:25||5315|592117272|848457040
12182|0|45869|31/12/2023 21:50:58||27542|1291004224|1344441928
13065|0|12382|01/01/2024 02:13:57||11763|3520342744|3917663776
12897|0|15781|01/01/2024 00:59:25||16235|2586426112|3479473832
13066|0|80543|01/01/2024 02:12:31||11849|9256283680|10944615344
12187|0|46049|31/12/2023 20:33:48||32172|21690401344|21895361232
7770|0|13359|31/12/2023 21:42:11||28069|5187462768|5943462696
13398|0|34436|01/01/2024 04:35:53||3247|584095128|800837568
12917|0|94877|01/01/2024 01:09:55||15605|2590125736|2758934080
13424|0|50421|01/01/2024 04:43:33||2787|1305122288|1558789480
12847|0|8845|01/01/2024 00:37:46||17534|1308179880|1346554760
13184|0|81330|01/01/2024 03:08:51||8469|787525144|977338408
12918|0|44668|01/01/2024 01:01:05||16135|8660541544|9019902744
13251|0|71414|01/01/2024 03:34:27||6933|1231673456|1335160176
7778|0|76454|31/12/2023 23:37:29||21151|8463174272|8719293208
7780|0|32627|31/12/2023 15:36:06||50034|123641360296|318142140936
12807|0|51623|01/01/2024 00:16:34||18806|35530112552|74896766848
5682|0|47605|31/12/2023 17:53:01||41819|9293476688|13065466128
5683|0|40770|31/12/2023 15:47:13||49367|3534060872|4990986992
5684|0|26805|31/12/2023 19:40:36||35364|74387342360|153003773960
7784|0|55774|31/12/2023 23:43:17||20803|6925192696|7456459840
12949|0|30269|01/01/2024 01:13:17||15403|2708304152|3712327920
12828|0|64809|01/01/2024 00:25:58||18242|5312409984|5838335536
7785|0|16287|31/12/2023 16:15:18||47682|13423227456|14999100080
13479|0|23279|01/01/2024 05:04:33||1527|827056096|914514600
7789|0|12117|31/12/2023 23:26:38||21802|3535987096|5056089248
13399|0|99443|01/01/2024 04:30:07||3593|123502784|131440408
12208|0|25855|31/12/2023 23:53:30||20190|38651322624|103393272984
7791|0|62621|31/12/2023 15:48:16||49304|3674731232|4753733152
13231|0|15289|01/01/2024 03:28:45||7275|4264091472|5001496696
12808|0|94231|01/01/2024 00:12:50||19030|4115330368|5793513816
13263|0|38245|01/01/2024 03:47:56||6124|2461905408|2723943816
7797|0|33117|31/12/2023 22:20:26||25774|2168178576|3022423360
5709|0|66355|31/12/2023 18:40:55||38945|1147173840|1608661512
7798|0|92522|31/12/2023 15:11:30||51510|60997240696|158818675984
13185|0|25214|01/01/2024 03:07:12||8568|1563443368|1847657704
7801|0|67205|31/12/2023 14:18:14||54706|6212778840|6944927888
13027|0|73264|01/01/2024 01:55:01||12899|32766900448|62882280984
12216|0|39694|31/12/2023 19:43:28||35192|4330463760|4617292800
7803|0|32313|31/12/2023 12:49:05||60055|24051423920|33055281616
5715|0|81845|31/12/2023 15:29:45||50415|8638391944|10721490440
12217|0|66807|31/12/2023 22:12:54||26226|950645040|1265001592
12218|0|51683|31/12/2023 20:18:56||33064|2058012664|2200768928
13400|0|75998|01/01/2024 04:36:53||3187|666701208|712088984
12222|0|76706|31/12/2023 18:19:59||40201|4655514184|4726379560
12223|0|64939|31/12/2023 23:02:36||23244|1161526016|1300301672
13401|0|34656|01/01/2024 04:36:07||3233|1508611104|1552855184
7814|0|22415|31/12/2023 19:39:25||35435|7068305440|10142662776
7819|0|80160|31/12/2023 14:16:52||54788|8246898880|9863574584
7821|0|42706|31/12/2023 13:02:59||59221|6390671400|8388847552
13367|0|95100|01/01/2024 04:25:06||3894|1134955568|1544001128
7824|0|35133|31/12/2023 13:15:20||58480|2316674816|3337238944
12231|0|71343|31/12/2023 14:50:37||52763|11208728304|16177690000
13286|0|4679|01/01/2024 03:52:52||5828|1985002552|2162530744
7825|0|37455|31/12/2023 19:14:31||36929|2911556200|3246877032
12235|0|72116|31/12/2023 16:17:35||47545|13495317024|14118516712
12236|0|13777|31/12/2023 15:21:30||50910|36425794408|40517555712
13028|0|34410|01/01/2024 01:50:06||13194|1690494752|2051638336
12239|0|26103|31/12/2023 12:51:29||59911|10682743920|12330636112
13346|0|26589|01/01/2024 04:11:58||4682|2132553112|2450491360
13315|0|41229|01/01/2024 04:09:26||4834|1289005200|1722590984
7842|0|70023|31/12/2023 12:30:50||61150|18196598768|19261270416
13158|0|33672|01/01/2024 02:56:55||9185|1306606576|1416426272
13047|0|42392|01/01/2024 02:09:06||12054|1682449568|2264688208
13133|0|66428|01/01/2024 02:47:06||9774|1145629072|1693512600
13134|0|75783|01/01/2024 02:49:04||9656|420292192|433701848
13287|0|70958|01/01/2024 03:57:12||5568|698162944|869219576
13135|0|48155|01/01/2024 02:46:09||9831|579906760|745716592
7847|0|48473|31/12/2023 15:20:02||50998|24619920488|26827101896
5757|0|50353|31/12/2023 16:00:37||48563|12642570648|16759920568
7848|0|68727|31/12/2023 14:41:32||53308|4991968848|7386483144
12785|0|41412|01/01/2024 00:03:48||19572|996809232|1453369328
12259|0|36440|31/12/2023 13:27:32||57748|25210883208|26047219824
7860|0|17773|31/12/2023 23:29:20||21640|36535390520|69381549840
12786|0|91926|01/01/2024 00:03:24||19596|9689385664|10372680560
13425|0|52231|01/01/2024 04:45:00||2700|646487952|934909160
12263|0|91980|31/12/2023 16:30:42||46758|10777300456|14645181928
13426|0|92408|01/01/2024 04:47:00||2580|258854192|294971352
12265|0|64022|31/12/2023 22:01:26||26914|8555055248|12314895432
12267|0|20749|31/12/2023 19:26:28||36212|3847199464|5767962224
13087|0|83600|01/01/2024 02:24:38||11122|765054760|862473976
13029|0|37826|01/01/2024 01:55:32||12868|903680296|1249411024
13159|0|44614|01/01/2024 02:57:41||9139|1887782304|2442560144
13347|0|97815|01/01/2024 04:15:21||4479|863891368|881353928
13030|0|86057|01/01/2024 01:58:14||12706|8085556576|10535650296
13031|0|35317|01/01/2024 01:51:36||13104|1524342096|1545546592
7876|0|80531|31/12/2023 21:38:01||28319|2254014400|2840330232
12276|0|21411|31/12/2023 21:14:09||29751|39103788472|100595041640
13528|0|24262|01/01/2024 05:23:22||398|117229776|122733704
12987|0|83607|01/01/2024 01:32:19||14261|6196604464|8390376424
13136|0|93067|01/01/2024 02:40:24||10176|951813528|1101329632
7879|0|25907|31/12/2023 13:40:58||56942|786138096|821157512
12988|0|9189|01/01/2024 01:31:17||14323|2645331768|3185341040
7886|0|41122|31/12/2023 19:41:18||35322|3665654008|5063185048
7887|0|68955|31/12/2023 18:27:23||39757|1520606584|1913035832
5787|0|25429|31/12/2023 23:24:32||21928|6631326648|13170618344
13067|0|44559|01/01/2024 02:18:03||11517|4811968832|5291029312
13453|0|49018|01/01/2024 04:59:58||1802|107253432|115769960
13048|0|56861|01/01/2024 02:00:54||12546|1228428536|1240832856
12899|0|33950|01/01/2024 00:58:56||16264|2663340472|3859616568
13427|0|53244|01/01/2024 04:42:12||2868|640829600|905574936
12288|0|74855|31/12/2023 15:33:10||50210|56471327344|114683135736
12289|0|85851|31/12/2023 21:10:21||29979|1321143296|1761557384
13008|0|40573|01/01/2024 01:48:39||13281|2842433760|3256833800
5794|0|9180|31/12/2023 18:03:55||41165|17884377656|26037992048
13316|0|61870|01/01/2024 04:00:29||5371|1225019096|1276470928
13114|0|94887|01/01/2024 02:39:10||10250|3474870768|4397063096
7906|0|9124|31/12/2023 15:28:22||50498|5908125816|6962022664
13232|0|28755|01/01/2024 03:29:18||7242|168468136|215113168
7911|0|23060|31/12/2023 16:26:36||47004|11946057712|17676873504
13529|0|38179|01/01/2024 05:20:17||583|733173136|1751938176
12298|0|64648|31/12/2023 14:34:58||53702|14588644288|20576058720
12872|0|91369|01/01/2024 00:48:11||16909|15230197328|22111156784
12300|0|11122|31/12/2023 17:05:34||44666|8936197488|9212938856
12809|0|73115|01/01/2024 00:18:17||18703|48404339456|101832740272
5809|0|64236|31/12/2023 16:57:09||45171|11911305360|13104755024
12303|0|68611|31/12/2023 14:52:34||52646|630921104|637061592
13032|0|62179|01/01/2024 01:51:58||13082|368962968|419295328
13501|0|36055|01/01/2024 05:15:31||869|53044296|54380144
12873|0|99107|01/01/2024 00:48:54||16866|2710131736|3251038312
7922|0|37004|31/12/2023 19:31:42||35898|6542600400|7014037728
12308|0|31918|31/12/2023 17:46:58||42182|8672082984|10104584832
5815|0|13249|31/12/2023 23:27:47||21733|235051864|288653504
12309|0|66796|31/12/2023 17:43:29||42391|11512831480|13998892520
12311|0|87107|31/12/2023 20:02:04||34076|559008368|574398688
12312|0|33922|31/12/2023 20:23:58||32762|5179981912|7572697360
7934|0|61945|31/12/2023 21:35:15||28485|996972816|1347179056
12313|0|21019|31/12/2023 18:10:05||40795|2692464904|3621210528
12963|0|22367|01/01/2024 01:21:30||14910|3980295240|4651438712
12315|0|41484|31/12/2023 12:30:50||61150|10334713936|11788405776
13212|0|13573|01/01/2024 03:12:40||8240|383859896|415856152
13428|0|52834|01/01/2024 04:44:11||2749|236296056|323065832
7943|0|13064|31/12/2023 22:33:55||24965|1270765648|1760728912
13049|0|21657|01/01/2024 02:04:26||12334|3255100560|3407524296
7944|0|6776|31/12/2023 16:09:05||48055|9284209720|12336512392
7947|0|54720|31/12/2023 23:20:28||22172|15118818200|21353201976
13186|0|11675|01/01/2024 03:04:48||8712|379167240|386157632
13233|0|23363|01/01/2024 03:20:58||7742|36017424|53011864
7950|0|15513|31/12/2023 23:58:48||19872|771074304|1053765448
12919|0|6116|01/01/2024 01:00:59||16141|34099381664|95159196272
13317|0|97249|01/01/2024 04:04:04||5156|2148484856|2206054808
12328|0|81508|31/12/2023 18:55:32||38068|122274584488|355245787624
13234|0|4995|01/01/2024 03:27:41||7339|479649384|582994560
13088|0|91092|01/01/2024 02:21:14||11326|22315247776|46892565592
5854|0|16510|31/12/2023 21:54:16||27344|1402814880|1639474120
7959|0|79851|31/12/2023 21:48:09||27711|1544978448|1759131304
12787|0|57918|01/01/2024 00:02:00||19680|5722128216|7784030776
13213|0|7448|01/01/2024 03:18:23||7897|432307272|585245408
5860|0|42719|31/12/2023 12:03:32||62788|11643504768|11972026840
13368|0|94252|01/01/2024 04:25:07||3893|974148568|1113068808
13214|0|7790|01/01/2024 03:11:24||8316|24237427856|54080760536
7972|0|92645|31/12/2023 18:17:34||40346|67655823504|152337670056
12341|0|21385|31/12/2023 21:32:36||28644|1160256632|1626996416
12342|0|93211|31/12/2023 17:49:00||42060|2066774520|2244645504
12344|0|31268|31/12/2023 13:46:22||56618|12580758576|16341552688
7980|0|46653|31/12/2023 13:10:43||58757|10703687416|12741012176
5873|0|92205|31/12/2023 12:13:18||62202|7333872408|8276654072
12349|0|53567|31/12/2023 20:20:24||32976|18781509808|22485029296
13318|0|35563|01/01/2024 04:05:34||5066|262628120|357246704
5874|0|73152|31/12/2023 14:07:45||55335|11317133552|15347514816
12350|0|70666|31/12/2023 21:53:00||27420|58775144936|114428861312
5878|0|59731|31/12/2023 20:56:30||30810|2523848480|3020057056
13502|0|33515|01/01/2024 05:12:06||1074|104111640|154766752
7995|0|74606|31/12/2023 15:21:03|01/01/2024 05:26:40|50737|1990385088|2878108816
7996|0|57472|31/12/2023 17:42:56||42424|8705253088|11457067920
12356|0|76991|31/12/2023 13:09:53||58807|15181411544|16467048624
7997|0|6993|31/12/2023 15:27:28||50552|14018489808|16831815016
13264|0|86831|01/01/2024 03:47:31||6149|1847308632|2739529776
5886|0|31003|31/12/2023 17:08:07||44513|4600112760|4617345912
13319|0|16612|01/01/2024 04:09:56||4804|1217980152|1438212680
8007|0|74187|31/12/2023 13:58:57||55863|1786842112|1922181016
13429|0|78514|01/01/2024 04:42:47||2833|295053656|423479632
12788|0|45128|01/01/2024 00:06:23||19417|889027112|1070677280
13265|0|63120|01/01/2024 03:42:05||6475|1562124408|1817231912
12364|0|36837|31/12/2023 12:58:09||59511|4245113112|6263114808
5899|0|37896|31/12/2023 21:08:36||30084|66092594232|151267721344
13089|0|13244|01/01/2024 02:29:42||10818|1178905344|1701874360
12368|0|86624|31/12/2023 18:06:58||40982|26831851544|32538841624
13137|0|15751|01/01/2024 02:41:42||10098|2627793992|3188470240
13454|0|99474|01/01/2024 04:59:02||1858|163458936|207958904
8025|0|95015|31/12/2023 13:54:10||56150|33666150448|47622156720
12372|0|16348|31/12/2023 22:14:22||26138|4645406432|6874876856
12373|0|38202|31/12/2023 20:37:49||31931|4584896056|4711343776
13369|0|86930|01/01/2024 04:27:42||3738|152498680|192582704
8036|0|70057|31/12/2023 18:09:50||40810|22982940976|29984319376
12375|0|13532|31/12/2023 12:51:19||59921|4471642056|4900989912
8037|0|6034|31/12/2023 23:13:56||22564|28083372688|83975692072
8038|0|20821|31/12/2023 13:51:03||56337|5021700408|6553138112
13288|0|50814|01/01/2024 03:51:19||5921|1253438904|1864485768
8040|0|27721|31/12/2023 15:29:21||50439|5713584512|7252590168
12874|0|5765|01/01/2024 00:41:24||17316|4459695688|6146047216
8043|0|19910|31/12/2023 13:00:41||59359|24179937880|31177110880
13402|0|17337|01/01/2024 04:30:20||3580|13449212376|29204804120
12383|0|31368|31/12/2023 17:32:05||43075|18165586496|19196399768
13090|0|51345|01/01/2024 02:25:45||11055|35838671960|105908886904
12385|0|81962|31/12/2023 22:49:20||24040|566728744|607336264
12386|0|16546|31/12/2023 13:48:44||56476|7678910656|8293584440
13370|0|42103|01/01/2024 04:23:11||4009|4243266984|4488559584
13009|0|93153|01/01/2024 01:42:49||13631|17637387552|19690233112
8045|0|79354|31/12/2023 14:16:30||54810|9485452920|11660964176
8047|0|79205|31/12/2023 14:43:41||53179|13822045680|14021628648
13160|0|61026|01/01/2024 02:54:11||9349|948451616|1233579768
12390|0|58580|31/12/2023 13:35:50||57250|9110864752|10476667360
13403|0|37488|01/01/2024 04:38:30||3090|2106095976|2839091744
12394|0|46027|31/12/2023 12:12:28||62252|1037904448|1262661216
12395|0|79910|31/12/2023 23:46:10||20630|10071322456|14411118648
12396|0|76117|31/12/2023 21:56:49||27191|2608981048|2707084096
13455|0|67192|01/01/2024 04:59:17||1843|47307920|57151304
13033|0|85331|01/01/2024 01:53:58||12962|1071908816|1476162528
8055|0|91954|31/12/2023 13:06:43||58997|4719412840|4907497648
13115|0|95533|01/01/2024 02:38:44||10276|1155154424|1502928920
13215|0|10483|01/01/2024 03:12:04||8276|255794888|338665280
5947|0|7562|31/12/2023 23:04:55||23105|69824858304|132575013688
13266|0|20316|01/01/2024 03:49:09||6051|2149077584|2575919728
12405|0|89149|31/12/2023 23:15:57||22443|3909806704|5325953264
13116|0|13155|01/01/2024 02:38:03||10317|1508008880|1800565128
8061|0|73860|31/12/2023 19:43:21||35199|8662566216|10401741920
12407|0|40447|31/12/2023 19:08:34||37286|6894801928|9072103240
12408|0|80970|31/12/2023 23:59:55||19805|296401592|314984272
8065|0|20961|31/12/2023 19:57:47||34333|25439382632|28755065568
12989|0|87297|01/01/2024 01:37:44||13936|12971345848|19315987200
13289|0|91648|01/01/2024 03:53:44||5776|716062368|986563904
8072|0|70904|31/12/2023 21:33:27||28593|1937959752|2170927112
12412|0|42629|31/12/2023 20:07:20||33760|15754706720|19542461232
5957|0|89944|31/12/2023 20:32:55||32225|11438919728|12697516816
8075|0|74426|31/12/2023 15:56:41||48799|4895986568|5008567088
12414|0|9648|31/12/2023 15:00:21||52179|23245090784|32551464032
12415|0|84422|31/12/2023 12:44:20||60340|26023742984|30508320048
8079|0|17698|31/12/2023 13:05:00||59100|7562561456|10734296232
13068|0|29032|01/01/2024 02:15:01||11699|836794456|1121224880
12900|0|72304|01/01/2024 00:50:01||16799|5037183280|5975434496
12420|0|29286|31/12/2023 13:39:54||57006|14432142744|15413084504
12421|0|25252|31/12/2023 16:04:07||48353|716433696|756264504
13503|0|57805|01/01/2024 05:17:41||739|22380992|24337976
13348|0|46825|01/01/2024 04:17:12||4368|3294460376|3861331112
5972|0|45755|31/12/2023 17:38:45||42675|1889764232|2304796720
8098|0|59905|31/12/2023 14:30:13||53987|16778651808|20189326344
13161|0|98961|01/01/2024 02:55:48||9252|481755176|579188968
13430|0|5139|01/01/2024 04:43:39||2781|285765032|339667312
12990|0|26265|01/01/2024 01:35:11||14089|6347866384|8053712920
12848|0|54206|01/01/2024 00:33:18||17802|35388962128|100975609248
12810|0|17617|01/01/2024 00:10:04||19196|1252164136|1623229120
12439|0|29622|31/12/2023 17:29:45||43215|42071899904|80927522128
12440|0|64031|31/12/2023 17:08:41||44479|9704790424|11962528000
12441|0|80400|31/12/2023 22:53:45||23775|10976325176|11309258032
8112|0|30036|31/12/2023 19:07:08||37372|12058761968|14201220288
13035|0|15599|01/01/2024 01:57:28||12752|3994722896|4613680272
5985|0|64766|31/12/2023 18:43:25||38795|8577297512|11167890536
8113|0|69277|31/12/2023 18:53:10||38210|3973338672|4764506280
12443|0|36269|31/12/2023 19:58:08||34312|25267279992|65261172448
8114|0|96433|31/12/2023 20:56:04||30836|7505083496|8042943880
13036|0|51162|01/01/2024 01:52:35||13045|827112864|975453624
13162|0|78865|01/01/2024 02:53:48||9372|965737544|1307419864
8120|0|53850|31/12/2023 18:46:58||38582|4615756744|4926126560
5990|0|94004|31/12/2023 22:11:43||26297|5546729672|8063353496
12991|0|36684|01/01/2024 01:34:23||14137|6481310120|8113052272
13456|0|59349|01/01/2024 04:56:05||2035|223778952|323172840
13290|0|7740|01/01/2024 03:54:24||5736|1854041688|2514743024
12450|0|95245|31/12/2023 16:17:57||47523|43659745600|116603505280
12451|0|9538|31/12/2023 23:37:29||21151|2953849824|3666077784
12452|0|68258|31/12/2023 12:51:37||59903|4856654648|6088835456
13267|0|71449|01/01/2024 03:48:42||6078|2567642648|3555631944
8128|0|36306|31/12/2023 20:42:01||31679|4138966872|4316453776
5999|0|82096|31/12/2023 16:44:50||45910|8347719856|8921333792
12456|0|62132|31/12/2023 19:12:35||37045|80091875408|157906309672
12830|0|81191|01/01/2024 00:27:49||18131|1180611360|1676047616
12459|0|22160|31/12/2023 14:29:50||54010|19679588344|28785981776
13480|0|6889|01/01/2024 05:08:45||1275|120746104|129920352
12920|0|15723|01/01/2024 01:04:31||15929|538853448|586006800
13091|0|44681|01/01/2024 02:25:59||11041|401944000|456010040
12464|0|99991|31/12/2023 13:40:11||56989|22243764792|25983147760
8138|0|80716|31/12/2023 15:25:47||50653|7261478384|10756896184
12468|0|70438|31/12/2023 21:50:29||27571|4899970416|5665629256
12469|0|92768|31/12/2023 19:11:03||37137|3828784416|4048418680
12811|0|21659|01/01/2024 00:19:23||18637|2312498120|2820049168
13138|0|55659|01/01/2024 02:46:15||9825|39003232|49204880
12473|0|67040|31/12/2023 18:14:05||40555|11839695168|13067570392
13530|0|35747|01/01/2024 05:20:30||570|917798512|2314751480
12477|0|16246|31/12/2023 23:59:40||19820|1734037744|2217214104
12479|0|78184|31/12/2023 20:21:03||32937|20898046432|23724221776
8147|0|96811|31/12/2023 21:14:55||29705|409010192|544325712
12482|0|66990|31/12/2023 16:25:33||47067|14329444792|15498292696
8154|0|22215|31/12/2023 15:11:44||51496|15080817840|21414546224
12485|0|36740|31/12/2023 19:56:01||34439|10311841040|10695489544
8155|0|19323|31/12/2023 16:06:55||48185|921602344|979410360
12486|0|8753|31/12/2023 18:16:20||40420|15293610192|20448149816
13371|0|31406|01/01/2024 04:29:38||3622|1706023600|2229837944
13320|0|89681|01/01/2024 04:00:32||5368|3049144200|3599910168
8161|0|9025|31/12/2023 18:45:34||38666|39290306760|88945324448
8164|0|31306|31/12/2023 15:10:12||51588|13805592168|16227393680
13321|0|55717|01/01/2024 04:06:09||5031|74486992|74773656
13372|0|84376|01/01/2024 04:22:51||4029|670779888|699411504
12812|0|81877|01/01/2024 00:10:22||19178|20627537984|59807764384
13117|0|52658|01/01/2024 02:36:17||10423|1180412248|1664087472
8172|0|73643|31/12/2023 23:28:37||21683|149810520|217813352
12494|0|64590|31/12/2023 14:11:11||55129|101753009056|257038061864
13457|0|34494|01/01/2024 04:56:45||1995|846645144|1146168208
12964|0|83241|01/01/2024 01:28:16||14504|9189675824|9445947456
6044|0|89454|31/12/2023 13:05:17||59083|24128339896|26981022792
12498|0|59647|31/12/2023 19:11:42||37098|2045415280|2096526624
8174|0|5022|31/12/2023 19:35:28||35672|16396731112|22933160192
12499|0|61365|31/12/2023 18:53:58||38162|1735723488|2285642936
12950|0|18924|01/01/2024 01:13:02||15418|6190532704|7942413040
12502|0|87573|31/12/2023 18:55:08||38092|567997288|653943216
12503|0|94031|31/12/2023 15:17:05||51175|17165210688|25179973000
6049|0|29761|31/12/2023 23:59:54||19806|1507941056|2117774184
8186|0|6017|31/12/2023 16:07:30||48150|15515479232|21777242824
13404|0|32116|01/01/2024 04:33:09||3411|7888739896|20541219424
13187|0|19991|01/01/2024 03:00:47||8953|323200344|435899096
12507|0|38696|31/12/2023 23:27:17||21763|9730635424|13100694952
8196|0|54838|31/12/2023 17:36:45||42795|7485051528|8367506592
12951|0|25123|01/01/2024 01:19:44||15016|836286896|1151797000
12510|0|75397|31/12/2023 16:31:48||46692|6863108232|9005369208
13268|0|88311|01/01/2024 03:44:52||6308|340676352|428240400
13481|0|73341|01/01/2024 05:01:02||1738|131610584|142031184
13139|0|79100|01/01/2024 02:43:48||9972|818999032|990598720
12515|0|62211|31/12/2023 13:30:57||57543|774716408|1038473648
6062|0|37917|31/12/2023 13:26:39||57801|3277717072|3742812560
12516|0|18631|31/12/2023 23:07:15||22965|14861167872|15643395288
8208|0|51882|31/12/2023 20:37:00||31980|13433711320|35870872808
8211|0|70247|31/12/2023 15:00:43||52157|13228742200|18297250904
13118|0|84445|01/01/2024 02:30:50||10750|362685248|542051480
12518|0|22049|31/12/2023 21:03:49||30371|7465121072|8360555664
13405|0|94344|01/01/2024 04:38:17||3103|698685216|795982872
8219|0|64944|31/12/2023 16:31:31||46709|5586384616|7499641264
13322|0|46691|01/01/2024 04:00:03||5397|162379664|201699888
12521|0|28019|31/12/2023 16:58:10||45110|7110622568|10066498120
12831|0|56599|01/01/2024 00:26:47||18193|38616808864|85706724952
12523|0|37373|31/12/2023 15:03:11||52009|11426749824|11592415792
12524|0|97429|31/12/2023 19:43:16||35204|589098280|657283848
12525|0|60264|31/12/2023 17:48:44||42076|32550196296|39935703168
13406|0|67781|01/01/2024 04:31:38||3502|565956272|787058288
12849|0|54164|01/01/2024 00:35:31||17669|4920605608|6709796864
12529|0|52200|31/12/2023 17:55:14||41686|30223505160|37926765576
12922|0|41071|01/01/2024 01:02:49||16031|36001534104|107947640368
6079|0|98646|31/12/2023 14:01:08||55732|17396543776|25966201296
13119|0|75387|01/01/2024 02:35:25||10475|42022192|42859112
12875|0|24707|01/01/2024 00:43:44||17176|752874208|932907344
13120|0|25888|01/01/2024 02:36:12||10428|648981528|818370384
6081|0|66263|31/12/2023 22:59:45||23415|7602779664|10743802232
13431|0|32552|01/01/2024 04:47:14||2566|205798680|272242864
12538|0|33163|31/12/2023 14:00:14||55786|833802264|1036763608
6086|0|36369|31/12/2023 13:02:52||59228|2269727160|2689803296
13504|0|86567|01/01/2024 05:12:37||1043|24671608|24707632
13252|0|81769|01/01/2024 03:32:14||7066|2859543464|4217472704
12542|0|65054|31/12/2023 19:40:26||35374|3692020512|5508279592
8239|0|45501|31/12/2023 19:24:21||36339|4966232872|6800295616
13482|0|87768|01/01/2024 05:01:56||1684|130313032|137001912
8242|0|56819|31/12/2023 23:52:57||20223|1193050400|1476402432
12544|0|9574|31/12/2023 18:28:47||39673|13826747856|20416369520
8245|0|29642|31/12/2023 15:42:17||49663|11076359504|16207114864
6096|0|13123|31/12/2023 15:09:33||51627|129697869384|261651836928
13483|0|82896|01/01/2024 05:04:06||1554|45977792|66090952
13505|0|51131|01/01/2024 05:10:43||1157|41608936|45041704
8248|0|46136|31/12/2023 20:38:43||31877|8319556576|11936059464
13010|0|55840|01/01/2024 01:46:47||13393|42807099264|122773049712
13163|0|60186|01/01/2024 02:52:22||9458|341511824|356119224
13484|0|42894|01/01/2024 05:04:02||1558|407592856|584558048
12553|0|71258|31/12/2023 14:37:26||53554|9430491920|10054283432
12554|0|13115|31/12/2023 19:24:15||36345|1178398232|1706577360
12876|0|11468|01/01/2024 00:47:10||16970|3093760056|3719228392
12965|0|56421|01/01/2024 01:25:31||14669|3755509040|4434173640
8257|0|29937|31/12/2023 14:19:55||54605|21908198736|25411466472
8258|0|14573|31/12/2023 15:05:36||51864|4660583040|6449905976
13407|0|52530|01/01/2024 04:35:49||3251|57400696|76632816
8262|0|18427|31/12/2023 21:46:49||27791|387989840|519109512
13216|0|67719|01/01/2024 03:11:18||8322|1544059584|1778553776
13292|0|42183|01/01/2024 03:53:12||5808|11810365856|30426888192
13531|0|90576|01/01/2024 05:20:10||590|34621600|35765048
13069|0|92744|01/01/2024 02:15:26||11674|3235882904|3822690256
12565|0|78367|31/12/2023 22:40:08||24592|4767731120|6600476504
13349|0|40836|01/01/2024 04:13:32||4588|1246251840|1288442272
13373|0|77531|01/01/2024 04:28:57||3663|455769584|457387880
12570|0|13502|31/12/2023 23:02:32||23248|7879225664|11288518104
12571|0|70648|31/12/2023 14:00:33||55767|12270057840|13502314640
12877|0|78985|01/01/2024 00:49:58||16802|10082018680|11681566072
8273|0|10430|31/12/2023 15:09:49||51611|14209416240|17287447624
13485|0|15270|01/01/2024 05:07:14||1366|617783624|627783816
8283|0|87710|31/12/2023 23:21:25||22115|7856786656|10010538400
8284|0|37084|31/12/2023 16:51:07||45533|7612841152|10968549576
13293|0|72914|01/01/2024 03:51:27||5913|1197826672|1405199880
13374|0|68752|01/01/2024 04:26:50||3790|4203248768|4812479312
13011|0|75203|01/01/2024 01:44:29||13531|718265904|870231456
8286|0|36241|31/12/2023 21:18:31||29489|2383475864|3197629288
13217|0|39666|01/01/2024 03:19:05||7855|8703335312|20644576824
12583|0|57944|31/12/2023 23:09:39||22821|8101632120|8673166088
12584|0|29502|31/12/2023 20:33:56||32164|9491154776|9948243280
8293|0|50985|31/12/2023 20:16:23||33217|15557290048|16844265104
13094|0|58105|01/01/2024 02:29:06||10854|523948200|571722744
12586|0|64665|31/12/2023 23:12:26||22654|6487969056|8404799824
12587|0|67711|31/12/2023 15:12:39||51441|106538738664|254948456896
12878|0|87332|01/01/2024 00:42:43||17237|5728926840|7439825664
6144|0|64641|31/12/2023 23:52:02||20278|1499113336|2193235528
12589|0|24588|31/12/2023 12:41:40|01/01/2024 05:24:18|60158|27942138296|39311465184
13532|0|24588|01/01/2024 05:24:51||309|110838600|111009280
12590|0|78895|31/12/2023 17:48:50||42070|6549213416|7154858056
13037|0|21029|01/01/2024 01:55:52||12848|1178747776|1492791920
13506|0|7952|01/01/2024 05:11:32||1108|459111472|1307546368
8308|0|51101|31/12/2023 12:54:40||59720|9897044728|11285001928
13458|0|81927|01/01/2024 04:50:01||2399|2385919392|2975872912
12594|0|67642|31/12/2023 12:41:50||60490|10062666280|13832186752
12595|0|53932|31/12/2023 16:23:10||47210|13074004480|18672930560
12596|0|75426|31/12/2023 15:49:53||49207|5115606672|6784394200
12923|0|67078|01/01/2024 01:02:08||16072|1339175656|1783620592
8313|0|27868|31/12/2023 21:55:19||27281|6423885048|8931455440
13507|0|39764|01/01/2024 05:17:00||780|167033304|215223192
12832|0|24758|01/01/2024 00:20:41||18559|1345847384|1639546824
12601|0|46427|31/12/2023 23:38:59||21061|1056328544|1197258416
12602|0|46327|31/12/2023 17:58:34||41486|18901267976|24297433056
6159|0|3821|31/12/2023 21:54:08||27352|542512368|684595568
13323|0|72535|01/01/2024 04:06:13||5027|1572635520|2296764976
12605|0|80629|31/12/2023 16:23:04||47216|8663657032|9836261952
13324|0|29735|01/01/2024 04:04:03||5157|1578976992|1902792584
13188|0|98576|01/01/2024 03:00:02||8998|14256487144|32653427392
13269|0|91467|01/01/2024 03:42:43||6437|391077232|579014480
8323|0|71024|31/12/2023 17:59:06||41454|24120804528|34191479600
12609|0|70524|31/12/2023 23:54:01||20159|8343775392|10065623288
12610|0|61837|31/12/2023 19:02:48||37632|1119299592|1168637608
13432|0|46046|01/01/2024 04:44:33||2727|159658936|209699760
13433|0|64035|01/01/2024 04:41:44||2896|31224760|39968680
8333|0|45196|31/12/2023 22:30:41||25159|2558104080|2878372056
8336|0|64584|31/12/2023 20:41:41||31699|21184854536|21681535256
13164|0|52880|01/01/2024 02:55:36||9264|1818909792|2129819520
6178|0|28727|31/12/2023 18:10:32||40768|25412824800|30394448984
13121|0|36475|01/01/2024 02:39:38||10222|200049208|268535312
13375|0|49082|01/01/2024 04:22:43||4037|193079160|198396568
12618|0|67100|31/12/2023 23:40:12||20988|3845942944|4776991728
13165|0|27428|01/01/2024 02:59:49||9011|532059016|606398680
12621|0|10415|31/12/2023 17:58:47||41473|18155227016|24488092480
12623|0|24511|31/12/2023 15:24:56||50704|74193965960|194293885592
8343|0|23614|31/12/2023 23:20:41||22159|1252877104|1831586976
12625|0|90888|31/12/2023 20:38:41||31879|10663503320|11584364656
6193|0|77767|31/12/2023 12:04:38||62722|14042869008|14350142792
8352|0|53799|31/12/2023 20:11:16||33524|28983659336|56144565464
13095|0|91756|01/01/2024 02:20:00||11400|3405936448|4722792928
13294|0|74999|01/01/2024 03:58:53||5467|1571722880|1612905912
13508|0|18035|01/01/2024 05:15:18||882|41500072|51381744
8357|0|55229|31/12/2023 21:49:14||27646|4637940664|5298054136
8362|0|98481|31/12/2023 15:45:18||49482|50044382440|142622889048
12813|0|87755|01/01/2024 00:15:35||18865|391065648|473897776
12966|0|44204|01/01/2024 01:21:14||14926|44836694064|122472198192
12637|0|9229|31/12/2023 16:23:36||47184|3063628864|3484619072
13218|0|29954|01/01/2024 03:19:39||7821|646199264|839411392
8373|0|71274|31/12/2023 22:49:17|01/01/2024 05:28:24|23947|6675050296|9105375824
12640|0|4388|31/12/2023 18:32:37|01/01/2024 05:20:13|38856|5493462144|6204517488
13533|0|4388|01/01/2024 05:20:57||543|85591512|87592576
12642|0|4039|31/12/2023 21:09:19||30041|41495086112|97446916912
13295|0|75143|01/01/2024 03:53:22||5798|14732024232|27824975752
13189|0|33082|01/01/2024 03:06:28||8612|15227531008|34906837840
6204|0|98324|31/12/2023 12:38:16||60704|16649635944|16673396136
13459|0|58708|01/01/2024 04:57:19||1961|279136656|321734040
12646|0|4646|31/12/2023 20:05:19||33881|10707591720|13009435992
12647|0|93764|31/12/2023 23:55:18||20082|6408002784|8229504096
12648|0|68114|31/12/2023 23:44:02||20758|1587364304|1991160776
8389|0|32503|31/12/2023 12:33:49||60971|12546397864|16078831000
12651|0|18146|31/12/2023 19:36:24||35616|2728592176|2769261520
13235|0|31421|01/01/2024 03:24:29||7531|1102063192|1107993920
12653|0|16859|31/12/2023 18:34:45||39315|3928147688|4112672704
8393|0|69677|31/12/2023 15:40:48||49752|11048786824|12343492408
13236|0|83232|01/01/2024 03:25:47||7453|3030011256|4522241128
8396|0|42004|31/12/2023 18:30:38|01/01/2024 05:24:22|39224|6276695448|6733679080
12657|0|4860|31/12/2023 19:42:48||35232|4575739024|6689827016
13350|0|58021|01/01/2024 04:19:56||4204|1065040600|1266033344
12833|0|97500|01/01/2024 00:26:48||18192|3498705400|3794954272
12660|0|43612|31/12/2023 16:34:48||46512|8985899592|9515990224
12661|0|57039|31/12/2023 13:47:22||56558|27463653104|38412421440
13408|0|26901|01/01/2024 04:35:42||3258|66379576|83622816
13351|0|12844|01/01/2024 04:14:53||4507|310325928|437227456
12879|0|84397|01/01/2024 00:43:25||17195|4449451704|4498241816
8402|0|61450|31/12/2023 18:53:15||38205|2536529760|3187815232
13237|0|27506|01/01/2024 03:27:48||7332|141831528|154505848
8403|0|50701|31/12/2023 13:06:10||59030|11397676368|16235465976
6235|0|7644|31/12/2023 23:56:56||19984|3001596088|3384547952
8404|0|63728|31/12/2023 17:50:09||41991|19403305944|23462523336
6238|0|75589|31/12/2023 23:27:53||21727|3601983488|4723635784
12670|0|55178|31/12/2023 17:07:49||44531|8353348040|10697804856
12671|0|4923|31/12/2023 17:23:21||43599|2210733456|2333035840
6243|0|51907|31/12/2023 21:47:05||27775|2662207728|2840080688
13122|0|29591|01/01/2024 02:36:39||10401|3262498904|4791372952
13070|0|22666|01/01/2024 02:17:58||11522|302905192|428275720
12675|0|28838|31/12/2023 23:03:40||23180|39407487096|107380502120
13376|0|35529|01/01/2024 04:27:00||3780|9314248856|20622450240
12678|0|15694|31/12/2023 12:41:56||60484|7598166032|7923052888
12924|0|22722|01/01/2024 01:04:28||15932|4365615656|4963027080
13190|0|87689|01/01/2024 03:01:23||8917|694412888|735909776
12682|0|61680|31/12/2023 22:44:51||24309|2174823480|2945115784
13434|0|5157|01/01/2024 04:48:17||2503|1180269176|3352116496
12686|0|5553|31/12/2023 19:42:44||35236|8489499376|9182298856
13052|0|4204|01/01/2024 02:09:35||12025|2559170952|3476084928
8427|0|8950|31/12/2023 21:03:54||30366|85932634856|206181965240
8432|0|40197|31/12/2023 19:52:52||34628|2386226024|3323565848
8433|0|32901|31/12/2023 20:33:09||32211|7454332224|10966959512
13296|0|24682|01/01/2024 03:57:12||5568|894331288|955494368
8437|0|75676|31/12/2023 17:18:58||43862|14442703136|21602588448
13071|0|50762|01/01/2024 02:15:59||11641|33154754920|94983770336
6255|0|11079|31/12/2023 20:37:35||31945|10099045032|14892080352
13140|0|24608|01/01/2024 02:49:49||9611|21665848464|59258757656
12693|0|55704|31/12/2023 23:07:48||22932|19806908072|29035304056
13486|0|94745|01/01/2024 05:00:07||1793|63592496|68206824
12695|0|28591|31/12/2023 16:18:42||47478|49348090848|109996438712
12880|0|56295|01/01/2024 00:48:16||16904|1495126888|2219607208
8441|0|91538|31/12/2023 23:42:47||20833|2294035664|2329871640
13435|0|29541|01/01/2024 04:43:39||2781|168858912|241569184
6260|0|22019|31/12/2023 19:16:57||36783|520607608|583209608
6263|0|7297|31/12/2023 20:44:30||31530|12614495984|18730759808
8449|0|71126|31/12/2023 22:12:24||26256|6326608472|7034903528
8452|0|7288|31/12/2023 13:07:03||58977|22116548872|27102450376
12701|0|38071|31/12/2023 15:37:09||49971|137775408440|359819425584
13270|0|52973|01/01/2024 03:45:19||6281|826972448|978463736
13191|0|86370|01/01/2024 03:07:12||8568|1748572968|1992663656
13038|0|79054|01/01/2024 01:54:00||12960|22902415680|47076014560
6274|0|68988|31/12/2023 17:01:08|01/01/2024 05:29:10|44882|123832005216|291354394512
12967|0|25230|01/01/2024 01:26:05||14635|29316107936|87830629920
12709|0|56533|31/12/2023 14:08:37||55283|3448772208|4474404120
13012|0|23549|01/01/2024 01:47:19||13361|2075992424|2087592744
12993|0|90901|01/01/2024 01:39:35||13825|5293876432|6791704840
13436|0|69165|01/01/2024 04:46:16||2624|404692648|421546560
8470|0|57912|31/12/2023 19:39:16|01/01/2024 05:25:16|35160|9371225480|10603064024
12717|0|56928|31/12/2023 20:02:51||34029|1588800072|1883484488
13072|0|10055|01/01/2024 02:12:31||11849|3059643640|3102384976
8475|0|33173|31/12/2023 19:24:38||36322|7078221016|7796195016
12720|0|5686|31/12/2023 23:25:52||21848|11969245424|13040354760
13437|0|78157|01/01/2024 04:49:06||2454|72232856|86082136
12722|0|24424|31/12/2023 23:16:24||22416|5102213792|5694000376
12723|0|30678|31/12/2023 14:47:29||52951|17775167944|21649180776
12724|0|40536|31/12/2023 21:46:51||27789|2180638824|2546403040
13192|0|55678|01/01/2024 03:04:22||8738|2235743112|2484194880
13271|0|77006|01/01/2024 03:44:52||6308|735611688|974735304
12730|0|85942|31/12/2023 20:35:56||32044|10973209080|11525678536
8486|0|8218|31/12/2023 12:12:35||62245|9769333912|11710862752
12994|0|99421|01/01/2024 01:33:59||14161|3945395608|4017726728
13141|0|82233|01/01/2024 02:41:01||10139|87526464|126039312
13096|0|84504|01/01/2024 02:24:53||11107|1079860000|1300686632
8488|0|16378|31/12/2023 21:53:12||27408|952867104|1039168496
8490|0|99657|31/12/2023 20:21:21||32919|25087198528|25724918528
8493|0|35452|31/12/2023 18:15:32||40468|16879702672|19144904144
12790|0|45996|01/01/2024 00:02:24||19656|49566175072|112572240984
13460|0|69042|01/01/2024 04:50:48||2352|9595800|12944512
12739|0|74383|31/12/2023 23:52:53||20227|5761977760|8373385968
13509|0|5867|01/01/2024 05:15:50||850|743640|955864
13166|0|86139|01/01/2024 02:59:53||9007|427941392|533561168
12853|0|17166|01/01/2024 00:39:00||17460|2375842208|3166846560
8503|0|23519|31/12/2023 13:15:56||58444|20143317288|27515987112
6312|0|83895|31/12/2023 21:09:21||30039|1555444440|1858680576
12746|0|41951|31/12/2023 16:22:51||47229|14714646032|16249455528
13377|0|93926|01/01/2024 04:20:04||4196|3046734472|3179815072
13461|0|13135|01/01/2024 04:51:50||2290|2171261168|2348398648
13487|0|88827|01/01/2024 05:08:12||1308|2354301792|6650458240
13510|0|54902|01/01/2024 05:17:56||724|172389624|214255656
8516|0|74319|31/12/2023 14:49:01||52859|2452474560|3057266344
13073|0|76409|01/01/2024 02:16:34||11606|529769144|706288872
6320|0|21833|31/12/2023 14:10:54||55146|12616131160|18076729384
12752|0|39733|31/12/2023 13:45:06||56694|10722173872|11354738000
12753|0|52399|31/12/2023 19:01:44||37696|12290898112|14679426472
12754|0|4936|31/12/2023 19:59:10||34250|4706158048|6800321584
8525|0|66019|31/12/2023 21:09:54||30006|1471963528|2019888736
8526|0|51702|31/12/2023 18:49:43||38417|22446401064|32011078640
6333|0|95288|31/12/2023 16:58:17||45103|5188610272|7181018456
12758|0|47706|31/12/2023 17:30:45||43155|3146718208|3750525408
12881|0|98864|01/01/2024 00:42:16||17264|31069612760|71015122232
12761|0|21481|31/12/2023 21:33:10||28610|3421468600|3971220976
13534|0|96453|01/01/2024 05:20:23||577|29209592|29981672
6336|0|39401|31/12/2023 22:00:59||26941|11060256552|11907202272
12901|0|96555|01/01/2024 00:50:35||16765|395438232|452859560
13352|0|36037|01/01/2024 04:16:20||4420|10171796496|21015036936
13238|0|23532|01/01/2024 03:27:48||7332|1798196416|2049493456
8540|0|93620|31/12/2023 20:36:56||31984|6337708752|6411188744
