IdSession|IdPSX|IdSubscriber|StartSession|EndSession|Duartion|UpTx|DownTx
26113|0|37974|06/01/2024 15:10:31||49769|24563016376|31420241624
26423|0|56609|06/01/2024 17:11:30||42510|146219191912|316088621240
26561|0|6516|06/01/2024 18:10:15||38985|6634436608|7120207760
26712|0|87799|06/01/2024 19:26:14||34426|2758151936|3905355560
27061|0|77688|06/01/2024 21:40:30||26370|1210000880|1333450088
26016|0|62355|06/01/2024 14:32:22||52058|83860911832|164489660664
27588|0|53666|07/01/2024 01:41:47||11893|44334370368|96226030752
26017|0|80501|06/01/2024 14:38:10||51710|4691154584|6970001384
25784|0|74669|06/01/2024 13:02:43||57437|5158597168|7126528744
27340|0|55450|06/01/2024 23:56:19||18221|2130672120|2413653392
27621|0|45253|07/01/2024 01:54:33||11127|1984539008|2138795032
27666|0|96559|07/01/2024 02:18:49||9671|3050364936|4463270768
27341|0|77661|06/01/2024 23:52:29||18451|1014214848|1487725520
28034|0|68238|07/01/2024 04:30:39||1761|476818040|579477568
26713|0|41083|06/01/2024 19:26:44||34396|51651221080|101111374680
26738|0|25839|06/01/2024 19:37:02||33778|4394216376|5775364040
27589|0|85282|07/01/2024 01:47:47||11533|2044166200|2713453048
28004|0|42228|07/01/2024 04:21:32||2308|353372080|386613832
27796|0|54570|07/01/2024 03:00:02||7198|14515888536|29990361504
28056|0|87485|07/01/2024 04:45:13||887|2134441216|4957325296
28057|0|22313|07/01/2024 04:43:00||1020|2465451808|6240824576
25677|0|36265|06/01/2024 12:15:15||60285|6616093504|7858347168
28080|0|35261|07/01/2024 04:59:54||6|0|0
27384|0|8960|07/01/2024 00:14:56||17104|223419336|301680408
27476|0|83585|07/01/2024 00:58:21||14499|11268407568|12841942480
27015|0|89716|06/01/2024 21:21:14||27526|8093044688|8383970456
26400|0|13652|06/01/2024 17:00:05||43195|15819422472|17826500160
27959|0|56849|07/01/2024 04:04:33||3327|1964557544|2461469408
26269|0|60741|06/01/2024 16:13:18||46002|4881504344|5160759832
27907|0|47789|07/01/2024 03:47:30||4350|830916040|1148276096
27342|0|45696|06/01/2024 23:54:01||18359|178815024|184694784
26971|0|17166|06/01/2024 21:12:34||28046|45883168088|102675467032
27210|0|18892|06/01/2024 22:59:29||21631|7923135464|9669927528
26357|0|77886|06/01/2024 16:41:55||44285|11087260120|12596583616
26379|0|86402|06/01/2024 16:53:21||43599|75117099384|182864296984
27477|0|59587|07/01/2024 00:53:07||14813|674458720|707037840
27816|0|69235|07/01/2024 03:13:00||6420|175840496|258550808
27797|0|27723|07/01/2024 03:01:07||7133|192983432|216940360
26688|0|6916|06/01/2024 19:18:00||34920|5964645368|8734736576
27798|0|30336|07/01/2024 03:03:39||6981|1547652056|1641345632
27773|0|54404|07/01/2024 02:56:59||7381|567021552|746996688
26054|0|94047|06/01/2024 14:53:05||50815|11983772792|13770375168
26358|0|85646|06/01/2024 16:48:11||43909|6770822720|8451442120
27448|0|37317|07/01/2024 00:47:23||15157|2526700112|3767170520
27983|0|68624|07/01/2024 04:17:38||2542|2104453952|2249026848
26802|0|37529|06/01/2024 20:02:38||32242|50003536632|146844996216
27774|0|42806|07/01/2024 02:55:58||7442|1514834312|1744199200
25524|0|61794|06/01/2024 11:12:27||64053|5176836096|7175644584
26829|0|5419|06/01/2024 20:16:10||31430|930215648|1301251568
27168|0|93337|06/01/2024 22:37:21||22959|13925073080|18321177360
28035|0|71383|07/01/2024 04:38:19||1301|517830744|670341288
28005|0|73710|07/01/2024 04:29:13||1847|392906808|396556088
26001|0|23638|06/01/2024 14:25:36||52464|6187683128|6755118536
25657|0|76483|06/01/2024 12:00:09||61191|2725776928|3430526656
26689|0|23220|06/01/2024 19:18:18||34902|4791466584|6912703112
27726|0|30847|07/01/2024 02:34:14||8746|4130782096|5750160856
27847|0|21813|07/01/2024 03:20:09||5991|8979856560|20112086944
27449|0|44839|07/01/2024 00:44:39||15321|1776878064|2174948968
27960|0|96132|07/01/2024 04:06:18||3222|491306136|493813472
27520|0|41896|07/01/2024 01:14:18||13542|5618459240|8365469000
26665|0|43101|06/01/2024 19:05:48||35652|3462325304|3628956016
27062|0|5259|06/01/2024 21:48:23||25897|1356143312|1472415960
27499|0|26698|07/01/2024 01:09:26||13834|43012610856|111481292000
25787|0|96233|06/01/2024 13:04:00||57360|264955473848|510898175240
27450|0|97799|07/01/2024 00:46:33||15207|3062847440|3374127640
27451|0|38204|07/01/2024 00:41:44||15496|2288722920|2512750760
25918|0|39037|06/01/2024 13:53:41||54379|9432601000|12464470256
26830|0|85701|06/01/2024 20:11:42||31698|10578357184|13763050832
27188|0|35155|06/01/2024 22:48:54||22266|1085025432|1090121376
27878|0|5357|07/01/2024 03:39:54||4806|815570928|872501616
27424|0|58783|07/01/2024 00:32:59||16021|1111223768|1240725736
27817|0|5731|07/01/2024 03:12:09||6471|15567358048|38864577096
26056|0|76792|06/01/2024 14:57:40||50540|2843561072|5653290608
26623|0|22791|06/01/2024 18:49:50||36610|8388847992|10036999720
26666|0|64480|06/01/2024 19:09:23||35437|9615329392|12903786432
27699|0|60137|07/01/2024 02:23:04||9416|9533678192|28201261624
27818|0|35390|07/01/2024 03:14:55||6305|442433528|557284184
26948|0|55333|06/01/2024 21:03:24||28596|8380789320|8957885848
27478|0|40685|07/01/2024 00:58:35||14485|73386656|96699432
27521|0|20349|07/01/2024 01:13:56||13564|1261742720|1733247648
27361|0|25130|07/01/2024 00:08:57||17463|1646438224|2416983720
26857|0|43797|06/01/2024 20:22:37||31043|10692571528|15160663896
27038|0|17452|06/01/2024 21:38:39||26481|5754635752|8126730864
26690|0|34064|06/01/2024 19:11:33||35307|4435176576|6439876496
28036|0|64295|07/01/2024 04:37:20||1360|1111164544|1158096976
27479|0|51526|07/01/2024 00:50:26||14974|736265792|753221336
26563|0|70042|06/01/2024 18:18:17||38503|2539243112|3023465752
27819|0|96155|07/01/2024 03:16:42||6198|376624080|428846768
26307|0|46044|06/01/2024 16:24:56||45304|2854247392|2887534616
27362|0|18447|07/01/2024 00:02:36||17844|29437988576|66589119168
25631|0|60049|06/01/2024 11:59:30||61230|30971042944|36841989576
26975|0|13992|06/01/2024 21:14:31||27929|5423597064|6904976232
27385|0|51438|07/01/2024 00:10:12||17388|8549512712|10507046784
27727|0|94557|07/01/2024 02:39:57||8403|22603707768|58642529248
27936|0|68009|07/01/2024 03:57:20||3760|694082792|848516968
27343|0|82791|06/01/2024 23:57:35||18145|10660973760|11781198080
27571|0|27374|07/01/2024 01:37:06||12174|5941882120|6579514664
27099|0|48759|06/01/2024 22:07:07||24773|2413689456|2504933632
26094|0|68039|06/01/2024 15:09:13||49847|20602620416|27989848576
27622|0|59795|07/01/2024 01:51:19||11321|778836776|936903040
25415|0|47486|06/01/2024 10:27:21|07/01/2024 04:58:06|66645|13231561360|15786559504
28081|0|47486|07/01/2024 04:59:47||13|2429920|2650480
26272|0|26986|06/01/2024 16:13:27||45993|1338072520|1374424520
26588|0|96277|06/01/2024 18:26:19||38021|5179065072|5475220560
26242|0|72607|06/01/2024 16:08:26||46294|13681933136|19077007608
27253|0|62190|06/01/2024 23:13:50||20770|4704259984|6906766480
27299|0|83091|06/01/2024 23:31:20||19720|751024904|782582192
27300|0|35621|06/01/2024 23:39:10||19250|90087704136|63267862824
27879|0|71416|07/01/2024 03:31:29||5311|1602070920|1683729912
27880|0|98717|07/01/2024 03:35:14||5086|413018104|517825704
27079|0|89833|06/01/2024 21:53:32||25588|5499198200|7130571232
26380|0|10721|06/01/2024 16:54:42||43518|13228995456|16567959184
27590|0|91314|07/01/2024 01:47:47||11533|1556464384|1633900416
26976|0|33410|06/01/2024 21:16:48||27792|73912632136|214949265416
27775|0|79031|07/01/2024 02:52:31||7649|97738640|144359912
27591|0|6383|07/01/2024 01:40:28||11972|9035193600|11566629528
27480|0|79718|07/01/2024 00:50:18||14982|198737936|202056560
25460|0|86051|06/01/2024 10:46:34||65606|7289849952|7948964712
28082|0|20433|07/01/2024 04:53:14||406|19632|21336
27669|0|34585|07/01/2024 02:16:22||9818|388247384|561620064
27750|0|59314|07/01/2024 02:49:06||7854|199706552|204383528
27848|0|83578|07/01/2024 03:29:16||5444|849971624|1210932768
27363|0|36494|07/01/2024 00:08:42||17478|5019001840|5501380688
27776|0|27550|07/01/2024 02:59:53||7207|2148768000|2425887656
26977|0|25520|06/01/2024 21:15:26||27874|56273183432|117178863752
27344|0|60709|06/01/2024 23:57:34||18146|448373256|470166336
28006|0|14653|07/01/2024 04:27:44||1936|121180112|134828712
27644|0|29371|07/01/2024 02:03:24||10596|161555616|208414192
26338|0|84110|06/01/2024 16:34:25||44735|7783696216|9150358224
27364|0|47537|07/01/2024 00:03:26||17794|1339052280|1928578672
27729|0|90469|07/01/2024 02:33:57||8763|543660000|549664440
27645|0|33870|07/01/2024 02:06:24||10416|1849311280|1865627888
27386|0|93506|07/01/2024 00:15:56||17044|703547936|865958352
25788|0|83926|06/01/2024 13:05:41||57259|20775963688|29970627984
26381|0|64718|06/01/2024 16:50:05||43795|9175929360|11160588072
26425|0|10105|06/01/2024 17:10:21||42579|14647666000|18948111320
26340|0|92558|06/01/2024 16:39:23||44437|16265049592|19370390960
26667|0|98900|06/01/2024 19:01:37||35903|13071276960|17053641600
27799|0|26789|07/01/2024 03:08:11||6709|10947345616|28405203832
27273|0|47184|06/01/2024 23:23:54||20166|3983269440|5828302736
27170|0|30969|06/01/2024 22:30:44||23356|4042153848|5292312768
27452|0|37938|07/01/2024 00:42:55||15425|1638353456|1763923720
26218|0|40573|06/01/2024 15:54:51||47109|4153636960|5435847496
27274|0|33467|06/01/2024 23:26:37||20003|491089664|541477200
27961|0|78745|07/01/2024 04:04:03||3357|1998284488|2287192328
27592|0|5194|07/01/2024 01:47:57||11523|26019897688|68203930488
25743|0|9725|06/01/2024 12:42:56||58624|6934682592|9018737320
26476|0|73845|06/01/2024 17:35:07||41093|9035210568|11096929384
27171|0|27068|06/01/2024 22:32:42||23238|11624375328|13323075176
27751|0|44729|07/01/2024 02:41:31||8309|455954752|678819672
27100|0|10326|06/01/2024 22:02:32||25048|69619960208|145430273904
26533|0|46454|06/01/2024 18:05:56||39244|4802057472|5607644352
25790|0|6884|06/01/2024 13:03:21||57399|9103607400|12322737200
27040|0|5370|06/01/2024 21:35:04||26696|87558283664|175866768536
26715|0|16276|06/01/2024 19:23:27||34593|6763083560|7720540816
27101|0|71970|06/01/2024 22:01:41||25099|6855338936|6947241920
27425|0|11383|07/01/2024 00:32:58||16022|595626960|886153160
26879|0|94862|06/01/2024 20:34:32||30328|983510384|1403073856
27593|0|77556|07/01/2024 01:48:34||11486|1330858584|1762866152
27800|0|28712|07/01/2024 03:04:39||6921|2697983112|2776216464
27016|0|59764|06/01/2024 21:27:07|07/01/2024 04:52:59|26752|42166017408|100571368296
28083|0|59764|07/01/2024 04:54:47||313|582049352|1615863296
27254|0|89175|06/01/2024 23:18:59||20461|19712178000|25895589104
26978|0|31271|06/01/2024 21:17:55||27725|40232558528|30610758752
27144|0|27336|06/01/2024 22:24:45||23715|2685765488|3677304976
25476|0|60295|06/01/2024 10:54:09|07/01/2024 04:51:45|64656|29944694240|34547837808
28084|0|60295|07/01/2024 04:53:32||388|255002368|365418360
26097|0|88989|06/01/2024 15:07:41||49939|20479373232|22902706344
26646|0|88728|06/01/2024 18:55:09||36291|9409854408|12353711728
26309|0|57284|06/01/2024 16:21:13||45527|6487179440|7576794288
27820|0|25121|07/01/2024 03:13:24||6396|605259472|657953152
27821|0|34312|07/01/2024 03:11:42||6498|2124487016|2760880496
27102|0|30933|06/01/2024 22:09:13|07/01/2024 04:53:34|24261|1843845784|2127914416
28085|0|30933|07/01/2024 04:55:11||289|22479280|24457472
27017|0|62267|06/01/2024 21:28:22||27098|2680561968|2710356504
27255|0|16816|06/01/2024 23:18:14||20506|7285763456|9610738728
26624|0|52955|06/01/2024 18:42:09||37071|922717776|1099412944
26832|0|55584|06/01/2024 20:19:54||31206|11387928192|14967285344
27670|0|99171|07/01/2024 02:13:19||10001|11077284800|33018140176
27594|0|41802|07/01/2024 01:41:10||11930|2113155928|2433331280
27777|0|99295|07/01/2024 02:51:09||7731|205668832|291605840
27822|0|33320|07/01/2024 03:19:37||6023|666434120|952905008
27937|0|10493|07/01/2024 03:54:38||3922|749217040|905234264
27778|0|92343|07/01/2024 02:55:57||7443|133165224|179979056
27522|0|67316|07/01/2024 01:10:12||13788|3016845760|3634091632
27453|0|85531|07/01/2024 00:49:35||15025|1350617352|1362356936
26039|0|92469|06/01/2024 14:40:45||51555|6146343200|6950205432
26949|0|24715|06/01/2024 21:04:26||28534|3139990832|3481731488
27823|0|34605|07/01/2024 03:15:28||6272|10628264264|27050990432
27671|0|77033|07/01/2024 02:11:02||10138|872729232|1181938240
26275|0|85924|06/01/2024 16:16:42||45798|11938478272|15556576144
27881|0|57855|07/01/2024 03:37:15||4965|1368049960|1614405912
27962|0|98490|07/01/2024 04:02:39||3441|644648232|864704744
25579|0|6957|06/01/2024 11:35:21||62679|189659265728|390046341272
27824|0|13791|07/01/2024 03:12:47||6433|25890474736|49320613568
26668|0|4122|06/01/2024 19:00:07||35993|115990411008|278173408976
27301|0|55411|06/01/2024 23:33:53||19567|314284016|366783576
27103|0|64821|06/01/2024 22:00:52||25148|4155295936|4242039080
26739|0|88644|06/01/2024 19:31:03||34137|6835026696|8702566584
26880|0|77054|06/01/2024 20:31:44||30496|42568458304|33072802152
25863|0|44361|06/01/2024 13:39:57||55203|8799526408|12964833168
27672|0|18094|07/01/2024 02:13:57||9963|4659604912|5909616808
28007|0|10634|07/01/2024 04:27:33||1947|168835472|171499640
25635|0|10027|06/01/2024 11:51:53||61687|482233664|620775640
27126|0|7843|06/01/2024 22:17:18||24162|68595626368|159803095120
26979|0|94737|06/01/2024 21:12:49||28031|7879199920|9906226144
28058|0|91117|07/01/2024 04:48:02||718|14227272|19589128
27595|0|7959|07/01/2024 01:40:38||11962|32350322272|64261719080
27427|0|70850|07/01/2024 00:37:32||15748|2190981728|2344830960
27365|0|48207|07/01/2024 00:02:00||17880|6162895872|7502839600
28008|0|91375|07/01/2024 04:25:48||2052|511082504|698845592
27231|0|75481|06/01/2024 23:01:09||21531|13579098608|13971108208
27623|0|87249|07/01/2024 01:55:55||11045|6135732968|6177123040
27673|0|67468|07/01/2024 02:10:29||10171|2035475616|2201469536
27320|0|55223|06/01/2024 23:49:33||18627|9690978632|12029346048
26534|0|56756|06/01/2024 18:05:51||39249|1370379592|1418184288
28059|0|47090|07/01/2024 04:42:54||1026|117968280|162129368
28086|0|80555|07/01/2024 04:54:39||321|4111336|5074768
28060|0|86419|07/01/2024 04:45:25||875|-3862648|-4871624
26981|0|86414|06/01/2024 21:13:32||27988|6635654456|6669612688
27700|0|69115|07/01/2024 02:29:53||9007|36338472|43800688
27500|0|6280|07/01/2024 01:07:14||13966|3254935712|4803787392
27408|0|46819|07/01/2024 00:20:12||16788|831969928|904645656
26742|0|17534|06/01/2024 19:35:01||33899|9294817800|9710664184
27801|0|54065|07/01/2024 03:04:56||6904|1003634072|1277685368
27082|0|63283|06/01/2024 21:59:17||25243|27045585080|21248000176
26692|0|83443|06/01/2024 19:16:57||34983|2771243040|3298717248
25614|0|89997|06/01/2024 11:45:29||62071|137037654880|330678932896
26567|0|32170|06/01/2024 18:15:34||38666|150820233096|378254854128
26382|0|69672|06/01/2024 16:57:55||43325|10192940568|13788185904
26905|0|52341|06/01/2024 20:43:40||29780|1900682656|2586715112
26243|0|19540|06/01/2024 16:07:17||46363|21011804136|22813126328
26517|0|96145|06/01/2024 17:58:08||39712|1644365800|1773442120
26764|0|52059|06/01/2024 19:45:00||33300|97320807392|206487468376
27701|0|33806|07/01/2024 02:22:50||9430|2650847480|3171764440
25582|0|39888|06/01/2024 11:30:37||62963|7020493144|10498391704
26148|0|43637|06/01/2024 15:29:26||48634|13605923152|15007101928
26859|0|18993|06/01/2024 20:22:47||31033|13528060024|19300975840
27624|0|70576|07/01/2024 01:52:51||11229|5396917896|4040447824
26535|0|21573|06/01/2024 18:06:41||39199|13461725056|15765787256
27501|0|42861|07/01/2024 01:06:26||14014|808971992|1116032904
27802|0|93139|07/01/2024 03:04:55||6905|23969672|33333728
27190|0|21463|06/01/2024 22:43:10||22610|3582925040|5344293032
27730|0|97429|07/01/2024 02:38:00||8520|821224712|961845784
27066|0|64769|06/01/2024 21:40:09||26391|35849160|36933944
27803|0|64277|07/01/2024 03:02:52||7028|258139224|259569488
26342|0|42083|06/01/2024 16:37:21||44559|78301425736|234654941952
25478|0|73608|06/01/2024 10:52:19||65261|27266848008|36389113392
26933|0|98838|06/01/2024 20:56:59||28981|13433037160|16846164912
28037|0|53581|07/01/2024 04:30:08||1792|88358472|129134352
27067|0|55477|06/01/2024 21:46:03||26037|2059191264|2722211512
27674|0|21733|07/01/2024 02:13:39||9981|26744916688|64040580784
27387|0|85876|07/01/2024 00:15:09||17091|1809570576|2449855752
27211|0|39458|06/01/2024 22:56:29||21811|9109656536|10446232272
27275|0|7944|06/01/2024 23:23:38||20182|13638920808|17834264472
27752|0|86917|07/01/2024 02:41:49||8291|222796192|305196064
27572|0|9119|07/01/2024 01:31:55||12485|7139263664|8909959704
27454|0|77862|07/01/2024 00:47:51||15129|2276367632|3023368488
25583|0|59960|06/01/2024 11:33:48||62772|14563631904|15772412152
27675|0|82926|07/01/2024 02:16:22||9818|870006664|912530528
27083|0|97187|06/01/2024 21:59:54||25206|136011920|174300304
26448|0|63427|06/01/2024 17:25:19||41681|2243380152|3288499760
26220|0|26030|06/01/2024 15:55:14||47086|16409777712|24592350720
27276|0|71810|06/01/2024 23:25:24||20076|1502527120|1804229432
26276|0|25089|06/01/2024 16:13:53||45967|10943144592|15943385968
26765|0|73296|06/01/2024 19:44:06||33354|81727695408|157721695192
25980|0|57084|06/01/2024 14:11:52||53288|9698596488|12815201328
27173|0|3894|06/01/2024 22:38:04||22916|5405339328|6536758344
27753|0|16386|07/01/2024 02:44:39||8121|337431288|471606792
27233|0|57579|06/01/2024 23:08:03|07/01/2024 04:50:44|20561|48237468880|101153854560
27388|0|40130|07/01/2024 00:15:45||17055|142178400|165736680
25864|0|85510|06/01/2024 13:32:59||55621|17657128920|19797954256
27409|0|31738|07/01/2024 00:20:31||16769|497540920|710445272
27234|0|79796|06/01/2024 23:07:52||21128|3961954512|4131708696
25681|0|95146|06/01/2024 12:19:01||60059|43678440|59573112
26099|0|51155|06/01/2024 15:06:42||49998|1816858416|1850240328
27908|0|28470|07/01/2024 03:43:10||4610|705528456|770257816
27596|0|12313|07/01/2024 01:44:37||11723|10796503008|13796321584
28009|0|64019|07/01/2024 04:20:17||2383|190248504|273425952
28087|0|30099|07/01/2024 04:50:04||596|42905232|44208776
27963|0|87230|07/01/2024 04:09:37||3023|2308627440|2854759848
25637|0|93774|06/01/2024 11:52:42||61638|15078731912|18439371904
28010|0|40487|07/01/2024 04:26:51||1989|1135992232|1660453072
27754|0|91362|07/01/2024 02:41:44||8296|191953400|267051768
28011|0|36677|07/01/2024 04:27:02||1978|63735608|70195584
27779|0|40270|07/01/2024 02:52:47||7633|1084093952|1282742704
26833|0|37491|06/01/2024 20:11:45||31695|1441682816|1483241000
27128|0|21264|06/01/2024 22:13:32||24388|2901472856|4162423288
27597|0|56903|07/01/2024 01:46:51||11589|5286330936|6237842752
27389|0|98192|07/01/2024 00:16:25||17015|30409261200|83183356664
26950|0|68857|06/01/2024 21:05:32||28468|86551032936|185602272064
27129|0|34817|06/01/2024 22:18:33||24087|7037343408|9063517864
27850|0|26763|07/01/2024 03:25:11||5689|272161008|390298824
26983|0|95397|06/01/2024 21:14:20||27940|3042657544|3447144120
27755|0|74214|07/01/2024 02:40:49||8351|1783509784|2010665792
27756|0|41711|07/01/2024 02:41:15||8325|774971264|1021984368
27984|0|89625|07/01/2024 04:19:56||2404|390502000|566678952
26806|0|76903|06/01/2024 20:05:23||32077|7049859496|8281116968
26312|0|42738|06/01/2024 16:24:46||45314|1745970816|2266877712
25792|0|55048|06/01/2024 13:02:55||57425|9995067072|10768217760
27068|0|57316|06/01/2024 21:48:59||25861|7764091064|9358331432
27041|0|27439|06/01/2024 21:38:48||26472|5677892408|7568082896
26648|0|21299|06/01/2024 18:52:31||36449|3145193152|3932865880
28088|0|99802|07/01/2024 04:58:46||74|3125992|3422672
25323|0|20340|06/01/2024 09:49:48||69012|17311291536|22945721920
27851|0|97176|07/01/2024 03:27:26||5554|1523297192|2206040936
27277|0|86893|06/01/2024 23:21:18||20322|4195351336|5323961016
26882|0|64535|06/01/2024 20:37:33||30147|5019822656|5234672416
26670|0|90151|06/01/2024 19:06:15||35625|9688158152|14530540024
27455|0|96448|07/01/2024 00:43:27||15393|5063921720|5806502248
27882|0|36110|07/01/2024 03:30:56||5344|387755432|513052224
27084|0|96996|06/01/2024 21:57:16||25364|5985951744|7627190776
26497|0|10821|06/01/2024 17:42:34||40646|17661925768|23975896184
27130|0|81524|06/01/2024 22:14:55||24305|69817006432|206725539312
25865|0|48388|06/01/2024 13:32:27||55653|9543322336|11695419632
27524|0|79735|07/01/2024 01:12:40||13640|37090040|40207696
27780|0|71230|07/01/2024 02:57:47||7333|582677040|586362160
27020|0|20804|06/01/2024 21:25:27||27273|6151134648|7360978992
27428|0|69728|07/01/2024 00:37:54||15726|1970528352|2128062896
28038|0|76684|07/01/2024 04:32:35||1645|1861560496|1068198840
26003|0|88869|06/01/2024 14:25:11||52489|6228773920|6403044256
26649|0|86916|06/01/2024 18:56:17||36223|8035636216|11813067360
27105|0|31414|06/01/2024 22:03:38||24982|6554996608|6800601448
27574|0|67864|07/01/2024 01:34:53||12307|134652968|134935328
25560|0|61739|06/01/2024 11:29:32||63028|3200156480|4180976432
27883|0|70053|07/01/2024 03:39:45||4815|377393504|390076680
26174|0|91452|06/01/2024 15:32:06||48474|8314808376|10273675832
27985|0|51410|07/01/2024 04:13:58||2762|352204080|423629064
27147|0|21591|06/01/2024 22:23:22||23798|3460900832|3614001240
26718|0|66319|06/01/2024 19:25:28||34472|47607551168|25697551872
27909|0|69724|07/01/2024 03:45:21||4479|921073968|952605608
26835|0|82161|06/01/2024 20:19:54||31206|50737180216|32793498792
27625|0|20365|07/01/2024 01:57:42||10938|1899837104|2539901216
28012|0|65216|07/01/2024 04:29:47||1813|1203644968|1307596064
26788|0|76536|06/01/2024 19:51:57||32883|2538426320|3630144264
26383|0|5022|06/01/2024 16:50:23||43777|77065023152|173868151248
26120|0|4076|06/01/2024 15:14:48||49512|166481322560|393291341160
27456|0|86912|07/01/2024 00:48:38||15082|2219486248|3171375952
26836|0|59193|06/01/2024 20:10:51||31749|16121388728|20423727728
27174|0|95892|06/01/2024 22:36:10||23030|7597617488|11010817096
27482|0|87236|07/01/2024 00:57:07||14573|1722661496|2034751888
28089|0|14216|07/01/2024 04:51:12||528|151419528|190757544
28090|0|94244|07/01/2024 04:56:11||229|23903496|31681032
27235|0|50648|06/01/2024 23:02:34||21446|55460059248|158056766824
27647|0|65854|07/01/2024 02:04:08||10552|5741904464|6778235168
26590|0|69690|06/01/2024 18:23:33||38187|4705270592|5230963024
27626|0|58138|07/01/2024 01:50:26||11374|799567672|1061156840
26935|0|90465|06/01/2024 20:51:43||29297|33685794056|93239157256
27648|0|44230|07/01/2024 02:09:38||10222|1214741872|1253713264
26278|0|95327|06/01/2024 16:10:39||46161|5898177760|3986304552
27702|0|68548|07/01/2024 02:28:46||9074|2630261536|3937428864
27732|0|63740|07/01/2024 02:32:47||8833|2779859968|3265956512
28061|0|37636|07/01/2024 04:42:28||1052|148067808|153694216
25723|0|68233|06/01/2024 12:36:32||59008|21328176528|21766847168
26518|0|7309|06/01/2024 17:59:56||39604|113439861760|234982365688
27964|0|91417|07/01/2024 04:09:39||3021|1027157088|1516875848
26671|0|55305|06/01/2024 19:08:25||35495|2432735104|2601729064
28039|0|51811|07/01/2024 04:33:47||1573|2846045096|6480924288
27106|0|65020|06/01/2024 22:09:47||24613|7042694856|7495353880
26019|0|90478|06/01/2024 14:30:52||52148|15497778272|19776572624
27303|0|62835|06/01/2024 23:33:23||19597|1910929384|2548429136
27733|0|80460|07/01/2024 02:35:48||8652|1717875840|2351224272
25660|0|60476|06/01/2024 12:06:52||60788|21605847048|24687593616
27390|0|63560|07/01/2024 00:13:38||17182|1603453528|1734991464
27757|0|27227|07/01/2024 02:43:19||8201|618395928|619857480
27965|0|6879|07/01/2024 04:01:42||3498|877848368|1080925896
27321|0|80258|06/01/2024 23:49:14||18646|2556853880|2587082696
27021|0|87313|06/01/2024 21:24:45||27315|4387511544|4713969608
28091|0|72139|07/01/2024 04:55:20||280|29522856|42533928
27627|0|47934|07/01/2024 01:52:47||11233|9138643040|5317694672
27483|0|29227|07/01/2024 00:59:20||14440|18845128|22716912
26279|0|57621|06/01/2024 16:17:56||45724|810659400|941751936
27107|0|21811|06/01/2024 22:08:51||24669|2002550952|2228718424
26907|0|11099|06/01/2024 20:48:59||29461|2357556752|2729671832
27852|0|6911|07/01/2024 03:21:52||5888|3876204432|2650233256
27304|0|45514|06/01/2024 23:34:36||19524|1040630456|1052601144
27677|0|7366|07/01/2024 02:16:12||9828|21398099128|44666366568
26570|0|41385|06/01/2024 18:18:45||38475|7220082528|7671005032
26519|0|69945|06/01/2024 17:53:45||39975|34972833304|50844975680
26695|0|6427|06/01/2024 19:17:27||34953|1482067992|1792432576
27410|0|53873|07/01/2024 00:22:52||16628|1368671008|1954659008
27392|0|71946|07/01/2024 00:13:44||17176|1714061912|2375503480
26625|0|47809|06/01/2024 18:47:18||36762|1401849032|1518555760
27429|0|48705|07/01/2024 00:39:11||15649|10124292344|10667399432
27575|0|93935|07/01/2024 01:33:40||12380|8224493976|11721390880
27305|0|70819|06/01/2024 23:34:02||19558|604872144|703333624
26936|0|64286|06/01/2024 20:58:30||28890|15254035080|15689344904
26571|0|75798|06/01/2024 18:14:08||38752|16564822664|16670047248
27069|0|56440|06/01/2024 21:49:49||25811|2483691512|3644581888
27938|0|87270|07/01/2024 03:52:58||4022|33178792|42465816
27939|0|45445|07/01/2024 03:52:16||4064|5956492008|16682281376
27986|0|19406|07/01/2024 04:12:26||2854|474138992|524291632
27884|0|57415|07/01/2024 03:35:51||5049|582847448|828513536
27525|0|86546|07/01/2024 01:13:53||13567|2020091832|2792840056
27322|0|82423|06/01/2024 23:47:49||18731|8107347504|9847856896
27940|0|80650|07/01/2024 03:50:37||4163|1123278952|1332123200
26222|0|87024|06/01/2024 15:53:47||47173|11088644968|11141997384
25724|0|3992|06/01/2024 12:30:03||59397|21267155080|30489641728
26540|0|57089|06/01/2024 18:05:05||39295|15423801344|19083746144
27430|0|50307|07/01/2024 00:36:12||15828|323375632|460835992
26908|0|36401|06/01/2024 20:47:53||29527|13225104168|18581600608
27910|0|22879|07/01/2024 03:48:41||4279|623193968|656919360
26672|0|13835|06/01/2024 19:08:38||35482|2891552776|3552035768
27598|0|24183|07/01/2024 01:44:27||11733|8036746984|10576550720
28040|0|41731|07/01/2024 04:34:05||1555|51502264|52723616
26427|0|93921|06/01/2024 17:16:13||42227|34013133080|41239972184
27758|0|13972|07/01/2024 02:45:46||8054|37076592|40980448
27649|0|73294|07/01/2024 02:07:12||10368|2335836408|3133231296
26245|0|54615|06/01/2024 16:09:25||46235|17020750200|19267193680
28062|0|45025|07/01/2024 04:48:53||667|56929360|67694752
27257|0|22056|06/01/2024 23:16:44||20596|9611980752|11231492912
26246|0|73120|06/01/2024 16:02:35||46645|10011376240|14705571288
27306|0|5401|06/01/2024 23:39:39||19221|37084378704|78485408696
26451|0|6561|06/01/2024 17:29:28||41432|26336300288|29203414680
26572|0|51065|06/01/2024 18:17:02||38578|21748384872|23470515792
27212|0|44253|06/01/2024 22:53:37||21983|4030544080|5783460480
26101|0|43310|06/01/2024 15:08:25||49895|8714289200|12480420248
27547|0|24372|07/01/2024 01:24:17||12943|1930587224|2032441920
26745|0|56185|06/01/2024 19:31:07|07/01/2024 04:53:49|33762|120882920824|229619623344
27527|0|53832|07/01/2024 01:17:37||13343|6897309704|7713337384
27911|0|28135|07/01/2024 03:46:29||4411|2466031616|3001711448
27548|0|85209|07/01/2024 01:26:09||12831|4959708192|6091718480
27457|0|97025|07/01/2024 00:49:10||15050|4997730328|6094814296
28041|0|57478|07/01/2024 04:39:19||1241|581692784|665718992
27367|0|83204|07/01/2024 00:02:29||17851|2212786432|2601010848
27307|0|64290|06/01/2024 23:38:00||19320|924591072|1355822944
26951|0|36075|06/01/2024 21:08:21||28299|1348242656|1597095496
27431|0|99286|07/01/2024 00:38:07||15713|5173325800|5184148656
26719|0|88834|06/01/2024 19:27:08||34372|6189499344|6374934616
25924|0|41389|06/01/2024 13:50:17||54583|140732379448|321913233872
26478|0|92674|06/01/2024 17:33:07||41213|9920669448|13242075568
27781|0|82437|07/01/2024 02:59:07||7253|399692992|457764528
27393|0|35393|07/01/2024 00:18:44||16876|429458944|643228944
26720|0|6812|06/01/2024 19:22:50||34630|7463121072|8835779264
25796|0|94644|06/01/2024 13:09:04||57056|14000593680|14186568592
26452|0|98465|06/01/2024 17:28:29||41491|36069998896|37661130992
26885|0|82855|06/01/2024 20:30:15||30585|21276944800|26236896856
25981|0|5372|06/01/2024 14:19:09||52851|12370631640|16424793616
26223|0|37387|06/01/2024 15:52:31||47249|2785054480|3796885192
25394|0|25393|06/01/2024 10:16:44||67396|36810893232|48485565736
27108|0|95133|06/01/2024 22:06:22||24818|845549888|1040605808
28013|0|39092|07/01/2024 04:28:09||1911|184094672|209685696
26123|0|46481|06/01/2024 15:13:39||49581|32144582352|44293067112
25847|0|18337|06/01/2024 13:23:44||56176|29561565536|37879919288
27966|0|80114|07/01/2024 04:07:59||3121|223269736|279951448
27678|0|86587|07/01/2024 02:14:53||9907|1539087384|1652365576
27734|0|49972|07/01/2024 02:34:48||8712|1825862944|2447911088
27411|0|13402|07/01/2024 00:26:43||16397|2110272440|2760592272
26200|0|98102|06/01/2024 15:46:51||47589|8486530248|11959211344
27458|0|64318|07/01/2024 00:44:14||15346|32929184344|78480354904
27941|0|98867|07/01/2024 03:50:22||4178|126189376|150550288
27109|0|9408|06/01/2024 22:09:17||24643|3907710368|4152799296
27735|0|98219|07/01/2024 02:35:39||8661|894141624|1327208560
25769|0|23312|06/01/2024 12:56:21||57819|103094772280|191784845088
25957|0|87341|06/01/2024 14:09:08||53452|3685292600|4093982112
27528|0|20031|07/01/2024 01:11:48||13692|1684553160|1887568776
27599|0|43037|07/01/2024 01:48:55||11465|3825985056|4184831208
27368|0|16393|07/01/2024 00:03:45||17775|692335952|803936040
27912|0|44799|07/01/2024 03:45:22||4478|1690126456|2395785400
26006|0|73988|06/01/2024 14:25:47||52453|184402174648|344788939336
26837|0|82514|06/01/2024 20:17:31||31349|4482660456|4606627464
26696|0|82779|06/01/2024 19:13:22||35198|1386292152|2032128072
27529|0|98097|07/01/2024 01:16:25||13415|5707910008|7619157264
26225|0|24060|06/01/2024 15:53:10||47210|1127463192|1577475848
27369|0|11651|07/01/2024 00:02:14||17866|1212995152|1407471632
26808|0|94247|06/01/2024 20:01:11||32329|4783452176|5423916680
26651|0|87489|06/01/2024 18:56:29||36211|3331195000|4437004592
27853|0|74631|07/01/2024 03:28:16||5504|15733564448|37622786720
26628|0|90503|06/01/2024 18:49:17||36643|9806074968|14254533120
27148|0|94561|06/01/2024 22:23:35||23785|14000217432|15186405232
27022|0|17532|06/01/2024 21:29:23||27037|2218750112|3265123088
26453|0|98547|06/01/2024 17:22:12|07/01/2024 04:54:47|41555|705067800|897767144
28092|0|98547|07/01/2024 04:56:20||220|8594712|9177880
27502|0|77479|07/01/2024 01:09:34||13826|3258237464|4556437896
27885|0|66715|07/01/2024 03:39:28||4832|5828219832|3562417608
28063|0|33890|07/01/2024 04:45:53||847|389688240|540486632
27759|0|93283|07/01/2024 02:47:13||7967|350320032|371957792
25726|0|57796|06/01/2024 12:37:10||58970|12214580328|12443976304
26177|0|3862|06/01/2024 15:38:23||48097|3998735760|5236619184
27258|0|91395|06/01/2024 23:16:55||20585|1619403984|1753473120
27346|0|86841|06/01/2024 23:57:35||18145|89969184|90961352
27347|0|76372|06/01/2024 23:50:54||18546|2202436048|2473948888
27886|0|92396|07/01/2024 03:31:58||5282|432021888|486700280
27175|0|65096|06/01/2024 22:31:09||23331|7961132240|9445936744
25529|0|57543|06/01/2024 11:14:01||63959|47120376880|47825161096
27149|0|54758|06/01/2024 22:21:10||23930|3978844088|4468555920
27783|0|37695|07/01/2024 02:54:55||7505|210921760|216380608
27703|0|88082|07/01/2024 02:20:44||9556|846994504|1167831888
25563|0|53942|06/01/2024 11:21:04||63536|29122629784|33319777600
26747|0|23710|06/01/2024 19:37:43||33737|12459274296|14453189216
26697|0|89187|06/01/2024 19:16:10||35030|2731984536|3253327224
27237|0|73332|06/01/2024 23:04:13||21347|7398915088|7547945096
26124|0|62677|06/01/2024 15:19:39||49221|4720051800|5475427856
28014|0|93299|07/01/2024 04:25:44||2056|128387568|154598024
26838|0|63108|06/01/2024 20:11:43|07/01/2024 04:56:42|31499|5920231976|8640255936
26809|0|13049|06/01/2024 20:08:22||31898|20193208616|24565775128
27679|0|14844|07/01/2024 02:17:50||9730|2009724552|2303460152
26652|0|57589|06/01/2024 18:57:56||36124|2506651320|2731443224
27760|0|29962|07/01/2024 02:46:49||7991|7191682976|5683313064
27576|0|51746|07/01/2024 01:32:23||12457|2596383840|2822622568
27459|0|15805|07/01/2024 00:44:18||15342|2752373032|3367169960
27854|0|78214|07/01/2024 03:28:53||5467|6494130304|14015117640
27736|0|97040|07/01/2024 02:36:22||8618|128070288|161582320
26910|0|34384|06/01/2024 20:48:18||29502|1603597752|2315971800
26228|0|6143|06/01/2024 15:54:24||47136|16490628816|17188423680
27913|0|93065|07/01/2024 03:47:50||4330|8152874704|17610524344
27987|0|85296|07/01/2024 04:12:33||2847|1641008088|2442603776
27600|0|88911|07/01/2024 01:48:56||11464|26836004488|78740800912
26313|0|91423|06/01/2024 16:27:14||45166|9086275816|11865941872
27504|0|93087|07/01/2024 01:08:37||13883|2470079832|2811410584
27460|0|50286|07/01/2024 00:48:17||15103|2659304568|3040534112
27680|0|79156|07/01/2024 02:15:49||9851|704894600|793707856
27737|0|77493|07/01/2024 02:36:19||8621|747161840|983328280
26361|0|58102|06/01/2024 16:44:24||44136|1003586368|1241853648
28015|0|99181|07/01/2024 04:20:30||2370|369425888|482918624
27804|0|33153|07/01/2024 03:07:03||6777|1412785016|2000412208
26653|0|81041|06/01/2024 18:55:07||36293|4425321568|4650833864
26481|0|7558|06/01/2024 17:33:28||41192|11853467760|13291204456
27942|0|51755|07/01/2024 03:53:07||4013|13425676792|25690766904
27628|0|93848|07/01/2024 01:58:42||10878|551140264|577439936
27825|0|55126|07/01/2024 03:17:39||6141|28192073320|67468963256
25928|0|98240|06/01/2024 13:55:26||54274|68505419720|145112656000
26887|0|38598|06/01/2024 20:30:30||30570|4940755936|6675925760
27394|0|51344|07/01/2024 00:18:48||16872|2220879936|2592148112
26699|0|72617|06/01/2024 19:13:25||35195|5200447688|7452568424
26522|0|91669|06/01/2024 17:58:20||39700|10380096472|11506450168
26700|0|99020|06/01/2024 19:18:21||34899|103922231568|220618569424
26315|0|97371|06/01/2024 16:26:15||45225|941210936|1284977624
27967|0|47709|07/01/2024 04:04:26||3334|2329184|3292616
27704|0|85520|07/01/2024 02:23:27||9393|4076380088|11050270688
27461|0|79305|07/01/2024 00:47:21||15159|3744236192|4089448200
27914|0|91634|07/01/2024 03:44:43||4517|372468336|551501480
27395|0|12052|07/01/2024 00:14:21||17139|2433537400|3140132264
27279|0|39240|06/01/2024 23:27:46||19934|5184323272|6360835672
26021|0|13720|06/01/2024 14:35:17||51883|13331826336|16864031144
27738|0|41453|07/01/2024 02:32:10||8870|261603336|329579904
26810|0|75345|06/01/2024 20:07:30|07/01/2024 04:58:59|31889|37028669688|37089393832
26988|0|15742|06/01/2024 21:14:58||27902|5641013720|6512986576
27577|0|89377|07/01/2024 01:37:24||12156|4323097840|5360124624
25422|0|25899|06/01/2024 10:20:14||67186|6116798848|6583406496
27280|0|92029|06/01/2024 23:24:02||20158|4113202824|4990342552
26102|0|29236|06/01/2024 15:01:11||50329|15376601712|18293474832
26862|0|77649|06/01/2024 20:27:18||30762|33763650528|20192866728
26482|0|71455|06/01/2024 17:38:10||40910|16572687664|20340985208
26749|0|16196|06/01/2024 19:39:55||33605|11517680784|14597929488
26750|0|72586|06/01/2024 19:31:19||34121|102296356072|283513600752
27887|0|66485|07/01/2024 03:34:59||5101|994930168|1213333960
27213|0|48112|06/01/2024 22:52:28||22052|4801752176|6597890512
27761|0|95564|07/01/2024 02:48:19||7901|1644712368|1921726184
27915|0|81304|07/01/2024 03:49:59||4201|1231003360|1808858304
26362|0|13627|06/01/2024 16:46:15|07/01/2024 04:59:30|43995|7708082136|8832074776
27462|0|58968|07/01/2024 00:42:13||15467|7115170568|7520802768
27943|0|55543|07/01/2024 03:50:26||4174|379924216|520862504
27463|0|49985|07/01/2024 00:48:12||15108|14086072096|26167394840
26789|0|33239|06/01/2024 19:53:04||32816|2592482808|3597685144
27412|0|29163|07/01/2024 00:20:38||16762|1542948480|2223797136
26629|0|61581|06/01/2024 18:40:01||37199|721691088|1078910360
27888|0|87943|07/01/2024 03:36:08||5032|11411980904|27432630808
26202|0|10817|06/01/2024 15:41:33||47907|24979233912|25965824104
27192|0|84015|06/01/2024 22:43:16||22604|2297918280|3427684056
28016|0|26203|07/01/2024 04:29:53||1807|248234376|258693120
27549|0|91413|07/01/2024 01:22:00||13080|1986324456|2968052216
26179|0|91252|06/01/2024 15:33:43||48377|10804735304|16074594120
26410|0|58992|06/01/2024 17:02:31||43049|1337089016|1607325888
28093|0|48037|07/01/2024 04:58:34||86|5556664|7426088
26251|0|66806|06/01/2024 16:03:44||46576|15666856376|20635161776
27530|0|18801|07/01/2024 01:14:20||13540|11984783536|12819387424
26721|0|58654|06/01/2024 19:29:13||34247|95847413728|254811955504
26229|0|83444|06/01/2024 15:58:06||46914|3770364640|4285859904
26252|0|5526|06/01/2024 16:03:21||46599|18563091032|23213013144
27629|0|7096|07/01/2024 01:54:54||11106|9639301080|10166995584
27042|0|3879|06/01/2024 21:38:56||26464|6884808136|9391063104
26483|0|43049|06/01/2024 17:33:41||41179|55088306712|41511548328
27193|0|91320|06/01/2024 22:48:02||22318|8082242776|10024764808
27705|0|86364|07/01/2024 02:29:29||9031|2360177616|2669413944
26673|0|63244|06/01/2024 19:03:27||35793|6534259536|7903078728
28064|0|84700|07/01/2024 04:43:57||963|138963032|168265072
27968|0|43307|07/01/2024 04:09:30||3030|8333744360|20008154936
27855|0|62485|07/01/2024 03:27:29||5551|888167408|1099123584
27601|0|64240|07/01/2024 01:44:30||11730|7859696536|8437600152
26456|0|11819|06/01/2024 17:25:04||41696|1056731072|1170813008
28042|0|47177|07/01/2024 04:39:00||1260|128456584|187592504
25849|0|51283|06/01/2024 13:28:44||55876|3579173992|4647559032
27988|0|48358|07/01/2024 04:10:21||2979|643554248|689350824
28094|0|34693|07/01/2024 04:56:43||197|18422288|21696296
26500|0|52740|06/01/2024 17:40:26||40774|5482526504|7532596432
27550|0|10788|07/01/2024 01:28:54||12666|38632898992|95808204056
27805|0|56085|07/01/2024 03:01:35||7105|386994776|397371160
28043|0|37466|07/01/2024 04:33:58||1562|82950600|118047496
28044|0|93545|07/01/2024 04:33:51||1569|493491864|666848392
27916|0|60316|07/01/2024 03:47:34||4346|1487317352|2038247160
25532|0|55761|06/01/2024 11:15:35||63865|206982533448|446196970248
28065|0|84826|07/01/2024 04:40:30||1170|101740072|140594584
27323|0|77115|06/01/2024 23:43:17||19003|1759256032|2128008504
27348|0|56414|06/01/2024 23:53:32||18388|329292552|492171712
26022|0|69735|06/01/2024 14:35:50||51850|7521712208|9561007376
26610|0|50506|06/01/2024 18:32:24||37656|2966472432|3665284736
27043|0|94648|06/01/2024 21:35:55||26645|4157252048|4171763760
26769|0|7824|06/01/2024 19:47:08||33172|13097037456|17023836272
26575|0|85659|06/01/2024 18:14:54||38706|680781720|868017312
27432|0|60821|07/01/2024 00:36:35||15805|1218160096|1235527112
27630|0|76230|07/01/2024 01:50:13||11387|4583760760|5249958344
27762|0|37427|07/01/2024 02:43:20||8200|211432864|250922792
26125|0|9300|06/01/2024 15:18:19||49301|9861018104|13099846616
27551|0|69790|07/01/2024 01:27:04||12776|2522136120|2906811200
27856|0|67505|07/01/2024 03:27:21||5559|3937069760|9937223920
26043|0|41850|06/01/2024 14:46:24||51216|3242809336|4863633912
27433|0|40103|07/01/2024 00:34:04||15956|2129901992|2263625384
25905|0|18851|06/01/2024 13:48:45||54675|2391876464|3309950264
27739|0|55006|07/01/2024 02:37:20||8560|734678352|858953640
26911|0|52977|06/01/2024 20:46:11||29629|3008539120|3606737384
26751|0|49389|06/01/2024 19:30:05||34195|2372816160|2677926168
27150|0|90604|06/01/2024 22:29:17||23443|6115731632|8506320648
26611|0|10372|06/01/2024 18:34:56||37504|8798307280|9497164112
26612|0|57109|06/01/2024 18:30:35||37765|7400317200|10481874776
27260|0|85899|06/01/2024 23:15:17||20683|1226386880|1327028720
27506|0|61807|07/01/2024 01:04:12||14148|313086488|410945536
26285|0|73648|06/01/2024 16:15:10||45890|7283520616|7855257944
27889|0|95204|07/01/2024 03:31:32||5308|22141680|28767584
27308|0|40578|06/01/2024 23:38:36||19284|1140079240|1378878040
27826|0|33020|07/01/2024 03:13:04||6416|1353955160|1816794480
26990|0|81219|06/01/2024 21:12:48||28032|506622640|605532888
28017|0|30647|07/01/2024 04:20:42||2358|2403272256|2922218008
26023|0|62807|06/01/2024 14:39:16||51644|3894308088|5662563648
27706|0|74728|07/01/2024 02:23:39||9381|454958128|675707128
27349|0|9006|06/01/2024 23:54:28||18332|3662521256|4620441664
27784|0|92661|07/01/2024 02:54:31||7529|766748528|990885304
26888|0|14526|06/01/2024 20:39:18||30042|13308868664|14401080664
27602|0|90068|07/01/2024 01:44:40||11720|4196344048|4708455360
28045|0|41286|07/01/2024 04:31:02||1738|709672528|974674120
27413|0|46783|07/01/2024 00:21:47||16693|1258421344|1329557144
26839|0|74143|06/01/2024 20:15:53||31447|7491767824|7617793192
27740|0|14784|07/01/2024 02:39:04||8456|532115256|539849416
26952|0|15140|06/01/2024 21:06:31||28409|10086593216|14639342184
25799|0|73320|06/01/2024 13:06:42||57198|12208474752|17173690096
27827|0|81360|07/01/2024 03:13:34||6386|13187875792|28746625184
26752|0|28987|06/01/2024 19:33:36||33984|31062860824|84797128640
25618|0|32456|06/01/2024 11:45:31|07/01/2024 04:50:16|61485|12162644872|16285413488
27969|0|50031|07/01/2024 04:09:26||3034|2593087952|3007839320
27578|0|91944|07/01/2024 01:37:39||12141|2957343984|4140338104
27372|0|89679|07/01/2024 00:04:48||17712|3132800352|4526904040
27890|0|91899|07/01/2024 03:33:14||5206|35481744|41661944
27917|0|72403|07/01/2024 03:47:33||4347|236454712|285715000
26991|0|19178|06/01/2024 21:11:05||28135|167081472|248385072
27485|0|10537|07/01/2024 00:54:54||14706|1348274016|1604733912
27707|0|40603|07/01/2024 02:22:10||9470|1215287168|1251349168
27891|0|26748|07/01/2024 03:35:51||5049|1518739784|1691778816
26953|0|61221|06/01/2024 21:08:50||28270|3928919968|4377433344
27133|0|20659|06/01/2024 22:18:37||24083|852609304|1189413104
25870|0|89958|06/01/2024 13:39:48||55212|4397140912|5424665216
27857|0|74715|07/01/2024 03:27:22||5558|449750408|486453552
27214|0|13277|06/01/2024 22:54:57||21903|1771844240|2628575232
27989|0|63578|07/01/2024 04:18:40||2480|4431937528|8465792368
27373|0|53452|07/01/2024 00:07:08||17572|3932945616|4978740456
27044|0|35773|06/01/2024 21:32:12||26868|1902754048|2796558648
27238|0|86994|06/01/2024 23:07:20||21160|5395799200|5858019920
27414|0|44184|07/01/2024 00:25:45||16455|1015129880|1203657272
27681|0|50071|07/01/2024 02:18:08||9712|4828033696|5088277288
28066|0|77085|07/01/2024 04:42:38||1042|1172266160|2384151464
27682|0|99342|07/01/2024 02:17:01||9779|4859728680|6544917784
27507|0|95449|07/01/2024 01:04:35||14125|7427495616|7691832536
26387|0|33874|06/01/2024 16:55:02||43498|5649830048|5933433384
27828|0|83628|07/01/2024 03:15:57||6243|1831369296|2523417168
27309|0|51188|06/01/2024 23:33:48||19572|1486331576|1768988080
28067|0|33654|07/01/2024 04:49:22||638|269416272|279618504
26157|0|93708|06/01/2024 15:25:54|07/01/2024 04:53:24|48450|10655437704|10835430808
27552|0|70282|07/01/2024 01:22:26||13054|4493499616|5248766360
25773|0|72619|06/01/2024 12:58:46||57674|152906013216|330875564744
27239|0|45898|06/01/2024 23:08:28||21092|28000178800|20341267720
25751|0|49538|06/01/2024 12:48:13||58307|12689859280|14597317936
27858|0|75420|07/01/2024 03:24:03||5757|2088316072|1567220352
26316|0|53235|06/01/2024 16:29:00||45060|33368827264|73735788216
27683|0|25757|07/01/2024 02:13:48||9972|14433202104|33919549024
28095|0|6099|07/01/2024 04:57:21||159|578144|664832
27806|0|93704|07/01/2024 03:05:58||6842|487895168|637695680
27465|0|62081|07/01/2024 00:43:14||15406|23240423816|14158031400
26770|0|98961|06/01/2024 19:45:29||33271|15293239552|21091953328
27829|0|12671|07/01/2024 03:10:09||6591|414037624|454799720
27651|0|43443|07/01/2024 02:03:49||10571|203951392|220329688
27652|0|14586|07/01/2024 02:04:51||10509|1215830624|1617545160
27763|0|64866|07/01/2024 02:48:00||7920|84721552|113988880
27830|0|98312|07/01/2024 03:17:54||6126|742475040|974516856
27396|0|64198|07/01/2024 00:10:47||17353|6034696648|7798074144
26104|0|38338|06/01/2024 15:07:42||49938|8784222144|10910385000
27194|0|26752|06/01/2024 22:49:02||22258|9703376064|11061197824
26129|0|49374|06/01/2024 15:11:09||49731|22429298912|30561597664
26954|0|96692|06/01/2024 21:09:35||28225|6006121424|8556190520
27434|0|20797|07/01/2024 00:39:44||15616|4400983896|4702086768
26286|0|45454|06/01/2024 16:12:25||46055|103515594144|292442650544
26430|0|35027|06/01/2024 17:18:17||42103|1880595040|2097834168
28068|0|92786|07/01/2024 04:41:33||1107|267195416|293554392
26754|0|15993|06/01/2024 19:31:03||34137|11393712488|14287845856
27990|0|36213|07/01/2024 04:10:45||2955|746356040|957341264
27374|0|25911|07/01/2024 00:05:37||17663|7106999264|7528910104
27112|0|7858|06/01/2024 22:05:43||24857|84794743824|163434539584
27261|0|66956|06/01/2024 23:15:29||20671|5595990568|6607561568
26812|0|80078|06/01/2024 20:00:09||32391|2513844896|3652316568
27708|0|46180|07/01/2024 02:29:29||9031|1923430112|1955394112
28018|0|98373|07/01/2024 04:28:00||1920|179318048|208392832
27970|0|7703|07/01/2024 04:05:14||3286|1628112656|2233188536
27262|0|64906|06/01/2024 23:17:34||20546|58058480480|120166419704
27284|0|59622|06/01/2024 23:21:32||20308|12176615720|13466796176
26791|0|36498|06/01/2024 19:55:54||32646|4522741528|6175895128
27375|0|65716|07/01/2024 00:03:48||17772|1916679032|2137293864
27807|0|64889|07/01/2024 03:07:03||6777|1109853016|1132289432
28046|0|20427|07/01/2024 04:39:45||1215|149102160|157299536
27134|0|39330|06/01/2024 22:10:56||24544|2492365168|3132592168
26771|0|78553|06/01/2024 19:45:59||33241|16428440016|18943952792
27533|0|85187|07/01/2024 01:16:25||13415|942553648|2443835056
26992|0|71628|06/01/2024 21:15:13||27887|5719567472|6897298424
27684|0|33929|07/01/2024 02:18:46||9674|2164193632|2612317176
25534|0|80530|06/01/2024 11:16:11||63829|5251168224|5699232512
27466|0|24083|07/01/2024 00:46:24||15216|411790448|467361496
26792|0|75433|06/01/2024 19:56:52||32588|17255302640|18792653576
26544|0|47638|06/01/2024 18:03:59||39361|15124665472|19566984968
27553|0|92076|07/01/2024 01:25:50||12850|6959993160|8339119464
28019|0|26853|07/01/2024 04:23:34||2186|428750056|431829648
27177|0|39760|06/01/2024 22:38:50||22870|2116386168|2138878872
26288|0|27053|06/01/2024 16:17:09||45771|4174010448|5851668136
26159|0|82153|06/01/2024 15:28:35||48685|20658898032|30110310248
27324|0|87016|06/01/2024 23:41:54||19086|5959713392|6919515872
26913|0|37108|06/01/2024 20:43:24||29796|1712217456|1769336728
27831|0|80005|07/01/2024 03:15:16||6284|842212272|979740472
27892|0|24466|07/01/2024 03:35:17||5083|386678896|502129152
27944|0|55290|07/01/2024 03:54:50||3910|996056016|1150476760
26591|0|66591|06/01/2024 18:20:15||38385|15719965944|19098598768
26345|0|41634|06/01/2024 16:38:11||44509|4633302928|4969900656
27971|0|33949|07/01/2024 04:01:30||3510|526072456|630285792
27195|0|25872|06/01/2024 22:45:00||22500|6357599240|9092685800
26655|0|74794|06/01/2024 18:56:40||36200|59742493272|163384992400
26755|0|14344|06/01/2024 19:34:56||33904|9244921560|9533298456
27580|0|95843|07/01/2024 01:30:36||12564|793118736|927350416
27945|0|47930|07/01/2024 03:50:20||4180|3510640672|2454985552
27151|0|47501|06/01/2024 22:27:07||23573|8585009352|8982776008
27398|0|26733|07/01/2024 00:13:51||17169|557664088|693598016
27135|0|53099|06/01/2024 22:13:09||24411|1318066256|1643806504
26813|0|60524|06/01/2024 20:09:59||31801|10927892944|12105944136
27581|0|71522|07/01/2024 01:38:53||12067|1369577520|1786210344
26135|0|83793|06/01/2024 15:16:01||49439|21553369424|31257429960
27152|0|78328|06/01/2024 22:28:34||23486|60355291848|174998857240
28069|0|54413|07/01/2024 04:41:18||1122|105233584|110487872
25667|0|68537|06/01/2024 12:00:11||61189|25403846944|33830591944
26939|0|10110|06/01/2024 20:51:35||29305|10863583392|15075164552
27946|0|52004|07/01/2024 03:53:59||3961|3783065792|7129463352
27653|0|30630|07/01/2024 02:01:26||10714|3758421912|4986397288
27859|0|73835|07/01/2024 03:28:43||5477|287735896|404194184
26593|0|78433|06/01/2024 18:22:43||38237|10202686320|10375212232
28020|0|75025|07/01/2024 04:25:03||2097|873176160|936515368
26864|0|95706|06/01/2024 20:29:51||30609|663301160|751780432
27631|0|29712|07/01/2024 01:52:33||11247|3140768328|3370127104
27114|0|87945|06/01/2024 22:08:07||24713|4485207312|4782943232
28021|0|48746|07/01/2024 04:24:46||2114|486775240|613925696
28022|0|12922|07/01/2024 04:29:06||1854|65915712|71577592
27918|0|32244|07/01/2024 03:44:56||4504|1718195024|2083819248
27947|0|12082|07/01/2024 03:55:40||3860|69921496|74846576
26914|0|51161|06/01/2024 20:41:39||29901|7008442872|7242193568
26160|0|48767|06/01/2024 15:27:47||48733|4286997152|4381833208
26501|0|72896|06/01/2024 17:43:29||40591|26065785208|26241947488
27893|0|38388|07/01/2024 03:31:14||5326|2112245544|2165473512
28096|0|48296|07/01/2024 04:55:43||257|1616240|2388016
27764|0|61330|07/01/2024 02:40:41||8359|10954832|11174496
27467|0|90367|07/01/2024 00:45:57||15243|1864850416|2782147112
26995|0|26390|06/01/2024 21:18:05||27715|4982473104|5657283656
28097|0|22544|07/01/2024 04:56:13||227|558016|572520
26841|0|26628|06/01/2024 20:18:12||31308|8010963760|8316715696
26632|0|28393|06/01/2024 18:45:32||36868|111776505744|251440960360
27045|0|16695|06/01/2024 21:38:09||26511|12029323728|12111831776
27832|0|40671|07/01/2024 03:18:32||6088|151062808|193354600
26996|0|35713|06/01/2024 21:16:13||27827|5223300744|6721815200
27508|0|90732|07/01/2024 01:00:38||14362|1642269416|2314601344
25934|0|31251|06/01/2024 13:54:14||54346|4106645936|4449105928
27972|0|34754|07/01/2024 04:05:30||3270|535468968|686632464
27310|0|15557|06/01/2024 23:38:27||19293|1340099624|1808862080
27487|0|93680|07/01/2024 00:52:45||14835|3635842672|5249551216
26814|0|34412|06/01/2024 20:07:50||31930|2467489256|2839605800
26940|0|10342|06/01/2024 20:56:59||28981|64782703208|181891596536
26431|0|97925|06/01/2024 17:14:33||42327|6084474488|8918242160
25830|0|29649|06/01/2024 13:13:19||56801|92732116400|274463326608
27325|0|58536|06/01/2024 23:48:58||18662|3088309672|4544710776
28070|0|79407|07/01/2024 04:49:48||612|415592272|553688664
27919|0|73069|07/01/2024 03:42:44||4636|507910240|678997352
27973|0|27884|07/01/2024 04:03:25||3395|318792760|174562192
27025|0|39308|06/01/2024 21:20:59||27541|938233344|1236471672
27046|0|78689|06/01/2024 21:37:38||26542|4550313488|5639893552
27196|0|74346|06/01/2024 22:42:12||22668|2359326576|2874143672
27136|0|65491|06/01/2024 22:13:29||24391|47754737984|125324251232
27153|0|98489|06/01/2024 22:21:02||23938|11734726360|16160194144
27765|0|64434|07/01/2024 02:49:52||7808|634699656|639801824
27216|0|3892|06/01/2024 22:56:52||21788|20897495288|51212244384
26253|0|19079|06/01/2024 16:07:06||46374|70524604792|55368545384
26415|0|71562|06/01/2024 17:09:20||42640|106779587968|284155527768
27860|0|12088|07/01/2024 03:22:17||5863|1222409960|1275209552
25935|0|40681|06/01/2024 13:52:40||54440|38212544856|22150207824
27554|0|78684|07/01/2024 01:29:16||12644|2099766344|2860979232
27197|0|84330|06/01/2024 22:45:42||22458|6366340520|6411036192
27786|0|41706|07/01/2024 02:52:16||7664|140363216|190588144
27326|0|56872|06/01/2024 23:43:05||19015|17657688016|50263654536
28047|0|82127|07/01/2024 04:37:51||1329|718587656|870296864
26756|0|55644|06/01/2024 19:37:56||33724|5840414416|7925844584
27787|0|40283|07/01/2024 02:50:17||7783|471645960|546276096
27311|0|50061|06/01/2024 23:35:05||19495|3354431120|3603603832
27264|0|75667|06/01/2024 23:15:02||20698|27629811872|68274822384
27741|0|88332|07/01/2024 02:30:25||8975|927357264|930781752
26320|0|73186|06/01/2024 16:20:36||45564|4926326232|6831060888
27709|0|41227|07/01/2024 02:22:08||9472|1476286936|1865999696
26843|0|11781|06/01/2024 20:11:07||31733|10229863152|14965217608
25831|0|42205|06/01/2024 13:10:12||56988|7321472808|7512444456
25483|0|96286|06/01/2024 10:55:31||65069|24307041400|34599351400
27555|0|94788|07/01/2024 01:21:25||13115|5971047040|7869656088
26793|0|78335|06/01/2024 19:52:44||32836|4017168304|5768098272
27198|0|60882|06/01/2024 22:41:11||22729|37672083296|71701899048
27265|0|96892|06/01/2024 23:18:43||20477|4683572312|6226255144
25936|0|42912|06/01/2024 13:58:41||54079|4005226536|5033618512
26071|0|93168|06/01/2024 14:50:58||50942|22777651584|26284464392
27266|0|46995|06/01/2024 23:14:34||20726|438872440|476159264
26366|0|90959|06/01/2024 16:44:08||44152|14388047448|17778922448
27861|0|31000|07/01/2024 03:22:53||5827|9008824120|23270010912
27655|0|23395|07/01/2024 02:05:35|07/01/2024 04:58:33|10378|259308392|325849296
28098|0|23395|07/01/2024 04:59:22||38|1672480|1979696
26025|0|34953|06/01/2024 14:34:14||51946|18910991512|22330764224
26321|0|75914|06/01/2024 16:22:50||45430|756803928|917271776
27920|0|86009|07/01/2024 03:40:38||4762|4994003304|5090621872
27436|0|86823|07/01/2024 00:39:49||15611|481040920|612813960
27468|0|79268|07/01/2024 00:48:01||15119|5861836504|6692045176
26727|0|85291|06/01/2024 19:24:21||34539|989447568|1363153392
26595|0|70084|06/01/2024 18:29:47||37813|13643034944|18353068776
27416|0|14266|07/01/2024 00:28:28|07/01/2024 04:52:17|15829|1338330416|1852999296
25648|0|17728|06/01/2024 11:56:49||61391|3295762888|4704074888
26915|0|47970|06/01/2024 20:44:40||29720|3947512896|5188667784
26072|0|74386|06/01/2024 14:51:33||50907|5464799768|7939969344
26844|0|32920|06/01/2024 20:15:08||31492|5384261792|7185568368
27137|0|4535|06/01/2024 22:11:00||24540|46509081128|110672134760
27632|0|77756|07/01/2024 01:56:05||11035|2457340272|2726417528
26545|0|89551|06/01/2024 18:07:09||39171|17537669232|21974926856
27138|0|13907|06/01/2024 22:19:17||24043|200828592|221147488
26916|0|61110|06/01/2024 20:42:58||29822|9061702592|9222496688
27921|0|65987|07/01/2024 03:48:34||4286|3888009232|11089226032
27070|0|94873|06/01/2024 21:44:30||26130|5675228528|7785467592
27991|0|76428|07/01/2024 04:12:47||2833|836449592|1065120728
26614|0|9390|06/01/2024 18:38:53||37267|7732073440|11274080176
27833|0|43972|07/01/2024 03:15:32||6268|2545892880|2740041272
28071|0|82516|07/01/2024 04:46:56||784|315664992|391061672
25330|0|99134|06/01/2024 09:43:17||69403|13110813656|19377731200
25450|0|22741|06/01/2024 10:32:32||66448|15701191472|17639466400
27217|0|46086|06/01/2024 22:52:13||22067|889240632|1052643112
27808|0|27932|07/01/2024 03:04:46||6914|882011568|1217800656
25909|0|48483|06/01/2024 13:46:00||54840|1301095912|1326022832
26046|0|69341|06/01/2024 14:47:25||51155|8881451680|9051023312
27376|0|43934|07/01/2024 00:02:46||17834|9099517616|10252881456
27862|0|32336|07/01/2024 03:27:11||5569|1473302872|1884691008
26615|0|35699|06/01/2024 18:38:41||37279|1864303232|2640245144
27350|0|42383|06/01/2024 23:51:49||18491|8939244176|12624660304
28023|0|70346|07/01/2024 04:25:28||2072|423128792|485953912
27090|0|4685|06/01/2024 21:56:54||25386|2431690392|2475524672
27922|0|84443|07/01/2024 03:43:21||4599|429012416|497291896
26460|0|42168|06/01/2024 17:26:33||41607|12647295784|13257598040
26580|0|61132|06/01/2024 18:15:58||38642|5739238992|6888943600
26546|0|59806|06/01/2024 18:06:28||39212|11545900768|14018052136
26997|0|64838|06/01/2024 21:17:50||27730|40683572632|118109665520
26346|0|23892|06/01/2024 16:36:17||44623|8543332736|8789154472
26291|0|21722|06/01/2024 16:16:07||45833|3580258080|4613981752
26757|0|14009|06/01/2024 19:39:57||33603|5165848216|6688368848
27154|0|61125|06/01/2024 22:26:59||23581|2636718008|3000985888
27047|0|87581|06/01/2024 21:33:20||26800|490609008|618333528
27556|0|12956|07/01/2024 01:27:16||12764|2868793760|4281847272
27710|0|43609|07/01/2024 02:26:05||9235|609791272|870641552
27026|0|81020|06/01/2024 21:28:35||27085|5239798344|7736335592
27766|0|30280|07/01/2024 02:44:19||8141|489359200|661361952
26616|0|92824|06/01/2024 18:38:08||37312|49814104440|97423485344
27767|0|54461|07/01/2024 02:48:01||7919|2263337920|2804008864
26136|0|92593|06/01/2024 15:18:41||49279|13133013504|16164862624
27923|0|35495|07/01/2024 03:48:27||4293|333141024|480837568
27469|0|98672|07/01/2024 00:42:49||15431|6614159544|7422115880
28072|0|21866|07/01/2024 04:47:12||768|30877536|18049304
28073|0|39893|07/01/2024 04:44:13||947|616076056|1153513056
25937|0|60185|06/01/2024 13:57:11||54169|17664315608|19783669560
27948|0|98573|07/01/2024 03:52:11||4069|838920488|1047621592
27992|0|20093|07/01/2024 04:14:11||2749|785506192|806784104
27178|0|64894|06/01/2024 22:35:59||23041|7426506736|8870732344
27924|0|68311|07/01/2024 03:40:17||4783|200913040|260378776
27287|0|71535|06/01/2024 23:26:36||20004|9921330232|11787954456
26184|0|50341|06/01/2024 15:30:44||48556|12690212168|16085398344
27437|0|53738|07/01/2024 00:30:57||16143|2074541384|2977405936
27199|0|24447|06/01/2024 22:42:54||22626|62151150168|179677492256
28048|0|99612|07/01/2024 04:34:35||1525|246248776|299610640
27241|0|5708|06/01/2024 23:04:28||21332|4075661128|5181474480
27603|0|18160|07/01/2024 01:48:46||11474|37605566256|84637114792
26845|0|17446|06/01/2024 20:11:56||31684|4937281936|5041434400
27604|0|11860|07/01/2024 01:47:56||11524|2246504936|2603702416
25851|0|35826|06/01/2024 13:25:41|07/01/2024 04:59:23|56022|6093934008|7920989344
27489|0|45386|07/01/2024 00:52:31||14849|2576235256|3348669200
27155|0|19015|06/01/2024 22:20:27||23973|5400461312|5583295520
27686|0|27679|07/01/2024 02:10:33||10167|3828726152|4206712040
25873|0|57591|06/01/2024 13:34:53||55507|33642832160|35073676264
25624|0|45373|06/01/2024 11:40:15||62385|2642895272|3897259848
26432|0|57945|06/01/2024 17:14:10||42350|19406390712|23456170416
27417|0|52043|07/01/2024 00:25:27||16473|1782845408|2388332368
27049|0|95103|06/01/2024 21:31:08||26932|36622401656|91135710544
27863|0|64459|07/01/2024 03:27:44||5536|162720224|236186224
27925|0|68984|07/01/2024 03:45:12||4488|19540461408|36770855824
26073|0|34272|06/01/2024 14:56:17||50623|18516601136|20467271656
27534|0|4470|07/01/2024 01:17:48||13332|2836799880|3323521096
27438|0|10085|07/01/2024 00:38:30||15690|2597547256|2940088800
27834|0|86250|07/01/2024 03:15:25||6275|1476048424|1922798688
26866|0|57795|06/01/2024 20:27:09||30771|669896976|972628136
27810|0|43550|07/01/2024 03:07:38||6742|903856808|1093265600
26206|0|7412|06/01/2024 15:45:18||47682|4251021408|5127970672
27835|0|82841|07/01/2024 03:14:11||6349|2775974584|3743366584
27811|0|39394|07/01/2024 03:07:01||6779|686342712|771663792
26847|0|4803|06/01/2024 20:19:48||31212|59890041736|152597055344
26293|0|98113|06/01/2024 16:19:51||45609|7410401248|10710159440
27351|0|8206|06/01/2024 23:59:35||18025|9786232672|13327876848
27894|0|98608|07/01/2024 03:37:15||4965|561587224|621682208
26678|0|57836|06/01/2024 19:04:27||35733|67667134808|137046131248
27633|0|87579|07/01/2024 01:55:08||11092|543072832|565619088
27949|0|11571|07/01/2024 03:54:23||3937|362756432|440366480
27788|0|54472|07/01/2024 02:55:29||7471|1396862568|1477884848
26917|0|56631|06/01/2024 20:49:00||29460|10512982752|12473822992
26635|0|89760|06/01/2024 18:49:12||36648|5526406136|6131499888
27418|0|36839|07/01/2024 00:20:04||16796|2318709832|2410221384
27606|0|75669|07/01/2024 01:45:56||11644|21216388272|48504844208
26918|0|4484|06/01/2024 20:49:30||29430|3310002952|3472509000
28074|0|62816|07/01/2024 04:41:02||1138|549125800|765544968
27179|0|16540|06/01/2024 22:32:58||23222|7839560824|8663284216
27864|0|24602|07/01/2024 03:29:43||5417|340460992|419374368
27895|0|57735|07/01/2024 03:34:48||5112|292435080|344523368
27313|0|34214|06/01/2024 23:32:47||19633|5848258328|7911892952
27490|0|93820|07/01/2024 00:58:15||14505|5615222472|6313142704
27974|0|45796|07/01/2024 04:06:53||3187|757601728|805960520
28099|0|95116|07/01/2024 04:50:46||554|150291816|201443488
26919|0|28106|06/01/2024 20:45:36||29664|66769129960|126143334328
27327|0|61191|06/01/2024 23:43:39||18981|7731812312|9449329336
26504|0|53326|06/01/2024 17:48:04||40316|5165039816|6341133272
26138|0|45059|06/01/2024 15:13:54||49566|2892430864|3778190032
25649|0|52563|06/01/2024 11:51:31||61709|10877166480|13752352976
27742|0|7998|07/01/2024 02:31:18||8922|2487527632|2905843992
28049|0|66081|07/01/2024 04:34:36||1524|4960736936|13583591208
28024|0|54119|07/01/2024 04:22:47||2233|746254832|898324200
27491|0|30404|07/01/2024 00:58:47||14473|1867775824|2251931280
26849|0|91976|06/01/2024 20:16:15||31425|8963190224|10119544248
28025|0|61717|07/01/2024 04:25:35||2065|359891424|369391888
27180|0|27698|06/01/2024 22:35:32||23068|3848375264|5406065488
27509|0|70213|07/01/2024 01:01:33||14307|2142941328|2626279880
27812|0|30781|07/01/2024 03:05:58||6842|113696920|119421504
27157|0|36760|06/01/2024 22:26:59||23581|8835177640|9678049864
26295|0|29228|06/01/2024 16:11:23||46117|7967108768|9833531424
26433|0|60581|06/01/2024 17:14:15||42345|6612326848|8295108672
26920|0|8169|06/01/2024 20:49:21||29439|21582108288|23251392568
26941|0|78279|06/01/2024 20:57:34||28946|7116077720|7764499752
26107|0|72481|06/01/2024 15:01:47||50293|11951844696|13192228608
27399|0|68948|07/01/2024 00:16:28||17012|1166104816|1293854592
28100|0|31189|07/01/2024 04:53:44||376|49211760|63186576
27200|0|91279|06/01/2024 22:47:59||22321|5751221840|7796005424
27419|0|39360|07/01/2024 00:27:48||16332|1570915424|1702666168
27219|0|41267|06/01/2024 22:56:34||21806|1353538224|1440794800
27768|0|27595|07/01/2024 02:42:52||8228|1140533088|1628159736
27535|0|53468|07/01/2024 01:14:06||13554|42221890560|91679687056
27896|0|94316|07/01/2024 03:38:41||4879|2444163328|2638421120
27510|0|72700|07/01/2024 01:04:38||14122|4907245048|5143393664
27558|0|27748|07/01/2024 01:22:46||13034|6141370616|6552456088
26370|0|97311|06/01/2024 16:44:50||44110|60148603168|152655566296
25877|0|42553|06/01/2024 13:33:06||55614|23899915800|26851705800
27000|0|88746|06/01/2024 21:19:13||27647|4038051288|4817149592
27289|0|32978|06/01/2024 23:20:49||20351|3298193088|3921177736
27400|0|16744|07/01/2024 00:13:13||17207|1889911576|2734616496
27352|0|52807|06/01/2024 23:57:29||18151|5779833272|6931571312
26108|0|73600|06/01/2024 15:00:54||50346|14409686488|20985540736
27711|0|24156|07/01/2024 02:29:49||9011|2177968520|3051223272
27029|0|23425|06/01/2024 21:27:14||27166|63715574176|130426124664
27290|0|33275|06/01/2024 23:23:58||20162|2526318688|3165873520
26076|0|99107|06/01/2024 14:57:55||50525|2768721256|2828465256
27897|0|34884|07/01/2024 03:32:07||5273|1778923640|1862402904
27975|0|75722|07/01/2024 04:08:37||3083|279538856|336225952
27607|0|77345|07/01/2024 01:42:12||11868|8365359952|10258834280
26868|0|35459|06/01/2024 20:29:30||30630|1537706840|1739576040
27898|0|52141|07/01/2024 03:34:49|07/01/2024 04:50:13|4524|352325824|371138720
28101|0|52141|07/01/2024 04:51:27||513|11166688|16200960
27268|0|22701|06/01/2024 23:16:38||20602|5229279488|6406669616
27657|0|75547|07/01/2024 02:05:20|07/01/2024 04:58:56|10416|662122264|714396528
27837|0|53471|07/01/2024 03:13:29||6391|22385173720|43101639328
28075|0|13654|07/01/2024 04:44:12||948|254456992|381438456
25962|0|51319|06/01/2024 14:01:27||53913|18448073648|22123526376
27559|0|72926|07/01/2024 01:24:04||12956|736589408|771551224
27536|0|98428|07/01/2024 01:14:34||13526|4109594344|4951660984
27420|0|52904|07/01/2024 00:27:03||16377|2065141232|3001562544
26619|0|93717|06/01/2024 18:31:21||37719|8493608224|11579805656
27492|0|36448|07/01/2024 00:54:21||14739|6637471264|8154108776
25987|0|5416|06/01/2024 14:16:55||52985|11944898912|15218734624
26820|0|75895|06/01/2024 20:00:46||32354|80740569512|179777775864
27950|0|33346|07/01/2024 03:57:27||3753|870046920|1181531544
25963|0|84585|06/01/2024 14:09:40||53420|146955670448|311785659768
27159|0|76496|06/01/2024 22:26:15||23625|10135036888|10173071224
27421|0|8613|07/01/2024 00:26:21||16419|678173504|777210824
27687|0|56019|07/01/2024 02:19:18||9642|220426312|241376824
27160|0|71391|06/01/2024 22:27:11||23569|2307599640|2699891376
27608|0|18270|07/01/2024 01:42:07||11873|19984864832|43296572616
26620|0|84629|06/01/2024 18:39:40||37220|2143536088|3055930704
26049|0|43500|06/01/2024 14:45:16||51284|11163338376|15478401368
28050|0|62527|07/01/2024 04:38:17||1303|1523912504|4296764360
25755|0|22991|06/01/2024 12:43:40||58580|181145542920|363523550184
26962|0|6376|06/01/2024 21:00:54||28746|7282739128|7402577600
27560|0|48108|07/01/2024 01:28:19||12701|7336935936|8452571304
26207|0|79189|06/01/2024 15:49:56||47404|4683238080|5594108192
27470|0|70009|07/01/2024 00:42:38||15442|8185748504|10097048528
27926|0|86389|07/01/2024 03:49:19||4241|900036616|1082659096
26185|0|71014|06/01/2024 15:36:24||48216|13012018688|17141033064
25356|0|55177|06/01/2024 09:52:14||68866|10864382968|13601811392
27927|0|87607|07/01/2024 03:42:06||4674|1405378048|1914110632
27865|0|72601|07/01/2024 03:25:36||5664|1092215336|1206877192
26507|0|13824|06/01/2024 17:41:25||40715|18253289512|24231836568
27537|0|98663|07/01/2024 01:12:14||13666|5114947288|6886962544
25806|0|61005|06/01/2024 13:05:53||57247|6780933104|7868488912
27899|0|89323|07/01/2024 03:34:44||5116|137837584|199648328
27002|0|35705|06/01/2024 21:14:50||27910|5435851544|6956675584
27688|0|42723|07/01/2024 02:10:02||10198|1124283040|1148823992
26869|0|21906|06/01/2024 20:28:42||30678|5773473240|6173612272
27838|0|77387|07/01/2024 03:16:47||6193|10753217600|31663011288
26325|0|19955|06/01/2024 16:21:53||45487|4440415232|5356557040
27328|0|72301|06/01/2024 23:46:32||18808|38607856|39523304
26597|0|35567|06/01/2024 18:20:29||38371|38365136992|40370829808
25426|0|38967|06/01/2024 10:26:11||66829|42648862552|43801103896
27789|0|28380|07/01/2024 02:55:40||7460|1238124928|1648876360
26796|0|46466|06/01/2024 19:58:50||32470|3607264432|4642906296
27561|0|68077|07/01/2024 01:21:20||13120|17935043512|51673555768
27003|0|58966|06/01/2024 21:16:28||27812|8805859432|11315559224
27401|0|50446|07/01/2024 00:15:05||17095|4438927400|4757609488
27291|0|25604|06/01/2024 23:29:46||19814|38960072400|77794668512
26508|0|26325|06/01/2024 17:42:28||40652|7471461800|9201869696
28076|0|64575|07/01/2024 04:49:04||656|560141992|737332016
26077|0|96247|06/01/2024 14:54:21||50739|6922813976|7876233408
27993|0|62292|07/01/2024 04:15:20||2680|24663680|26035768
27004|0|32468|06/01/2024 21:14:53||27907|17256503920|12509393680
27609|0|35329|07/01/2024 01:46:52||11588|7838320568|9873156608
26891|0|48439|06/01/2024 20:35:34||30266|23194470936|26674273512
26892|0|39373|06/01/2024 20:31:50||30490|6201226456|6318313752
27471|0|11043|07/01/2024 00:49:07||15053|1768539728|2366378848
27329|0|68306|06/01/2024 23:47:12||18768|1554791864|1563477032
26235|0|32108|06/01/2024 15:59:58||46802|5072164336|6347254640
26921|0|6952|06/01/2024 20:48:02||29518|109793215408|244155813464
27634|0|71648|07/01/2024 01:54:25||11135|4321468000|4835921864
26773|0|94709|06/01/2024 19:41:37||33503|467616048|615932328
27900|0|16348|07/01/2024 03:38:15||4905|1738861728|2333206816
27839|0|57503|07/01/2024 03:11:59||6481|1272571080|1772247664
27562|0|7251|07/01/2024 01:24:27||12933|18016030912|34357874024
25756|0|46611|06/01/2024 12:48:16||58304|6720631968|7227799992
26850|0|39968|06/01/2024 20:11:13||31727|2188710400|2208833072
27353|0|37225|06/01/2024 23:58:49||18071|1196349144|1785849072
27743|0|85434|07/01/2024 02:31:41||8899|590485656|615213424
26349|0|15099|06/01/2024 16:39:21||44439|1853114440|2466042208
27928|0|91313|07/01/2024 03:46:47||4393|927713144|1112513432
26775|0|45237|06/01/2024 19:45:41||33259|2230651088|2500424808
25452|0|68634|06/01/2024 10:35:03||66297|5221185736|5363164864
26657|0|64101|06/01/2024 18:57:16||36164|602616496|624098136
27511|0|95683|07/01/2024 01:08:52||13868|391371496|416154496
27512|0|19376|07/01/2024 01:03:42||14178|13439222328|9413395712
27563|0|34682|07/01/2024 01:25:43||12857|2810818360|3121324224
27689|0|28349|07/01/2024 02:15:19||9881|1857622928|1945143456
27538|0|7760|07/01/2024 01:16:34||13406|814099216|1115631120
27901|0|38542|07/01/2024 03:36:02||5038|1321961416|1494217160
27539|0|21040|07/01/2024 01:13:14||13606|4175048904|4365322608
27583|0|62620|07/01/2024 01:36:33||12207|3206368760|3878457328
26465|0|78994|06/01/2024 17:24:23||41737|79717910424|196996709888
26078|0|12359|06/01/2024 14:57:58||50522|12732230152|16965114128
25626|0|28498|06/01/2024 11:42:52||62228|129935837272|252478620952
27902|0|92104|07/01/2024 03:31:19||5321|41012816|59564424
28026|0|88450|07/01/2024 04:26:45||1995|156628376|211924616
26509|0|90225|06/01/2024 17:41:55||40685|11573214976|11937087072
26141|0|22823|06/01/2024 15:14:04||49556|13297529272|14496119944
27690|0|28176|07/01/2024 02:15:23||9877|62722355496|50803912216
25595|0|30265|06/01/2024 11:32:04||62876|13090978000|18026957688
28051|0|92546|07/01/2024 04:31:01||1739|352673712|363660168
25853|0|95237|06/01/2024 13:28:07||55913|7446741928|8390867184
27117|0|26922|06/01/2024 22:06:28||24812|164150392|204035008
27929|0|31543|07/01/2024 03:49:05||4255|540731904|701107432
27071|0|61686|06/01/2024 21:47:54||25926|8424085704|10534270872
27903|0|78972|07/01/2024 03:39:51||4809|1501131048|1678042592
26208|0|39025|06/01/2024 15:41:51||47889|12588955840|13394036992
26705|0|14541|06/01/2024 19:17:21||34959|613930832|833657880
25943|0|12056|06/01/2024 13:56:51||54189|8406468448|11518408840
25651|0|57247|06/01/2024 11:59:59||61201|161575799824|337199069048
26797|0|28438|06/01/2024 19:56:04||32636|8586652176|11373806984
27840|0|13774|07/01/2024 03:18:30||6090|420835456|471938912
27866|0|85410|07/01/2024 03:23:03||5817|843036176|1015591752
27181|0|99156|06/01/2024 22:31:12||23328|1711178000|2060981032
27610|0|98210|07/01/2024 01:40:36||11964|2334761512|2703975616
27659|0|80363|07/01/2024 02:06:35||10405|602984448|684055184
27813|0|9107|07/01/2024 03:02:03||7077|445894136|458318360
27712|0|54339|07/01/2024 02:22:53||9427|6653627656|17587700704
26393|0|4054|06/01/2024 16:59:30||43230|12097397264|13679639968
27790|0|28518|07/01/2024 02:59:06||7254|2312307240|3304001120
27930|0|77491|07/01/2024 03:48:13||4307|131792048|164748976
26776|0|21392|06/01/2024 19:41:47||33493|634775280|799135560
26729|0|35733|06/01/2024 19:23:55||34565|335063160|403327720
26922|0|98856|06/01/2024 20:45:18||29682|20161102960|23748625192
27814|0|7143|07/01/2024 03:03:01||7019|662061456|849120664
27841|0|44658|07/01/2024 03:12:18||6462|459240464|491549936
26143|0|86828|06/01/2024 15:16:57||49383|27806133904|32454846048
26680|0|37861|06/01/2024 19:07:48||35532|2951611880|3011149392
26894|0|68031|06/01/2024 20:37:13||30167|12163951016|12582306040
27242|0|65772|06/01/2024 23:02:31||21449|4493269952|5076291504
27611|0|85011|07/01/2024 01:46:12||11628|2613512808|3097797512
27051|0|11231|06/01/2024 21:36:41||26599|12150549672|12649290672
27005|0|44893|06/01/2024 21:12:01||28079|809231976|814645208
27867|0|95872|07/01/2024 03:23:32||5788|1043953896|1525982448
26420|0|44731|06/01/2024 17:09:22||42638|1880041960|1888420552
25807|0|58029|06/01/2024 13:09:52||57008|6173149352|8670677672
27713|0|81072|07/01/2024 02:21:33||9507|543480776|598194272
27744|0|9349|07/01/2024 02:32:11||8869|631927104|869061096
26681|0|79990|06/01/2024 19:07:47||35533|13981953176|18728782296
27439|0|13737|07/01/2024 00:35:11||15889|3775852792|4503913984
27660|0|19087|07/01/2024 02:08:52||10268|14471322928|39888638136
27714|0|94461|07/01/2024 02:25:40||9260|2672687384|3487910232
26526|0|19097|06/01/2024 17:51:00||40140|11789048|12696760
27379|0|72764|07/01/2024 00:09:08||17452|50459405008|121666035192
27612|0|89879|07/01/2024 01:43:51||11769|24440915808|62702975016
27031|0|98621|06/01/2024 21:25:40||27260|1360240320|1722813816
26050|0|89278|06/01/2024 14:47:02||51178|18444659520|22149485104
27635|0|61032|07/01/2024 01:56:52||10988|6813977584|8470134960
26394|0|7199|06/01/2024 16:58:59||43261|6437995904|9077158304
27976|0|22188|07/01/2024 04:05:36||3264|335692392|352505112
27220|0|30292|06/01/2024 22:59:28||21632|57683020432|170565153744
27745|0|80603|07/01/2024 02:38:24||8496|626815808|652629904
27613|0|97911|07/01/2024 01:44:07||11753|12061542400|12209620184
27931|0|73668|07/01/2024 03:40:58||4742|1639873448|1927508792
27161|0|5529|06/01/2024 22:25:32||23668|15427792704|16448837912
26327|0|68440|06/01/2024 16:23:15||45405|17207782472|24104655840
27139|0|43678|06/01/2024 22:16:56||24184|4672491472|5901973160
26051|0|16948|06/01/2024 14:41:53||51487|11291629624|13364953032
27715|0|65210|07/01/2024 02:27:45||9135|365272064|490307472
25880|0|83558|06/01/2024 13:31:57||55683|31641905384|37864046200
27201|0|90872|06/01/2024 22:45:13||22487|7248737112|9943809160
27584|0|11066|07/01/2024 01:34:27||12333|789630072|1058819216
27636|0|57080|07/01/2024 01:50:42||11358|8859682264|10670479880
26923|0|66317|06/01/2024 20:49:21||29439|11475677048|15381097760
26963|0|29753|06/01/2024 21:02:17||28663|10278673792|12414926264
27118|0|57413|06/01/2024 22:08:28||24692|1789698144|2277382224
27791|0|10338|07/01/2024 02:50:44||7756|166201904|193041736
26466|0|79350|06/01/2024 17:24:09||41751|6218174120|7275061856
27091|0|71539|06/01/2024 21:50:24||25776|303846944|365980768
27716|0|9206|07/01/2024 02:25:36||9264|310426208|444787328
26490|0|75279|06/01/2024 17:39:45||40815|12509434624|12943647208
26186|0|69929|06/01/2024 15:30:31||48569|21685267392|29561779264
26163|0|97039|06/01/2024 15:20:02||49198|3060645536|3655688504
26395|0|59045|06/01/2024 16:59:11||43249|4893314368|5175534584
26467|0|88489|06/01/2024 17:21:40||41900|18400005688|24520815440
25598|0|38170|06/01/2024 11:30:12||62988|8559684920|12735731968
27119|0|86032|06/01/2024 22:01:41||25099|3538749800|3605205032
27183|0|38350|06/01/2024 22:33:16||23204|2129369616|2744087112
28027|0|52489|07/01/2024 04:25:35||2065|1980801792|2076622160
27221|0|83051|06/01/2024 22:59:52||21608|596243272|845542552
27330|0|38265|06/01/2024 23:42:45||19035|693978560|738045384
27513|0|22671|07/01/2024 01:03:20||14200|46220332280|88646887024
26798|0|96090|06/01/2024 19:55:18||32682|6252856776|6325935232
27585|0|15906|07/01/2024 01:31:38||12502|33256768904|76858398896
27994|0|20383|07/01/2024 04:12:22||2858|2020085440|2358342664
28102|0|59942|07/01/2024 04:53:10||410|130081784|170494328
26297|0|58552|06/01/2024 16:18:02||45718|861564784|1140228128
27977|0|73325|07/01/2024 04:00:20||3580|411333248|555240472
25989|0|90642|06/01/2024 14:16:44||52996|2885371264|3161510000
27203|0|10527|06/01/2024 22:41:24||22716|5742324672|7411518240
26621|0|91752|06/01/2024 18:31:05||37735|14348593192|16609874144
26778|0|63625|06/01/2024 19:40:38||33562|30382358440|60410625944
26870|0|11654|06/01/2024 20:26:30|07/01/2024 04:59:08|30758|7621283712|8389246968
28103|0|11654|07/01/2024 04:59:54||6|0|0
27792|0|80192|07/01/2024 02:51:51||7689|888819824|1118907816
25965|0|11466|06/01/2024 14:05:31||53669|5597362280|6915377872
26372|0|86592|06/01/2024 16:43:46||44174|4717807408|6585397896
26759|0|70337|06/01/2024 19:33:21||33999|29519134592|82280490008
27204|0|33681|06/01/2024 22:45:06||22494|13775278680|18069727296
26779|0|43601|06/01/2024 19:45:58||33242|46744001816|102107548512
26396|0|64323|06/01/2024 16:52:21||43659|4462867424|4858159016
25854|0|53508|06/01/2024 13:25:57|07/01/2024 04:57:31|55894|15021075216|21751291688
28104|0|53508|07/01/2024 04:58:39||81|25229280|26599712
27661|0|47866|07/01/2024 02:02:40||10640|1478978872|1629883760
27691|0|48166|07/01/2024 02:14:52||9908|1376251384|2003727792
27614|0|88561|07/01/2024 01:40:40||11960|460198560|525128808
27541|0|14153|07/01/2024 01:11:18||13722|8127484584|11607302520
27380|0|68764|07/01/2024 00:02:57||17823|8190122088|10937208400
26548|0|85454|06/01/2024 18:00:15||39585|65086798768|35967906608
27793|0|53519|07/01/2024 02:59:38||7222|89704208|93773704
27542|0|40656|07/01/2024 01:13:38||13582|8518611736|9053675312
27868|0|23651|07/01/2024 03:28:54||5466|8330814304|21317286048
25837|0|67809|06/01/2024 13:19:34||56426|24400895496|26586229832
26033|0|30443|06/01/2024 14:30:46|07/01/2024 04:53:07|51741|2997166208|3951033768
28105|0|30443|07/01/2024 04:54:59||301|4946072|6410192
27995|0|9807|07/01/2024 04:13:53||2767|1717463696|2279487376
27662|0|87025|07/01/2024 02:07:23||10357|1185158752|1278263744
26780|0|34124|06/01/2024 19:41:15||33525|11850118904|16472988264
28052|0|31643|07/01/2024 04:31:15||1725|376196712|445363552
26639|0|23103|06/01/2024 18:49:54||36606|51142015352|134791583272
27140|0|98783|06/01/2024 22:16:54||24186|1154970264|1433516256
26871|0|87315|06/01/2024 20:29:24||30636|1073153384|1267466008
26436|0|37926|06/01/2024 17:13:46||42374|10421875448|11055190928
26397|0|65288|06/01/2024 16:52:12||43668|70353103944|44104040648
27006|0|76833|06/01/2024 21:15:56||27844|4907653504|6071323024
27494|0|76108|07/01/2024 00:59:35||14425|6616268264|7913194008
27543|0|29837|07/01/2024 01:11:56||13684|2488527656|2909663464
25732|0|86732|06/01/2024 12:31:53||59287|12106156256|17379691360
26298|0|72404|06/01/2024 16:15:58||45842|5112501248|7399504336
27996|0|27751|07/01/2024 04:18:36||2484|881964256|1172505008
27718|0|9849|07/01/2024 02:21:45||9495|393510880|581240672
25777|0|70242|06/01/2024 12:53:16||58004|5810236592|4526268184
28077|0|51334|07/01/2024 04:43:49||971|499157080|615162648
27719|0|23676|07/01/2024 02:24:08||9352|2171081352|2383603992
27092|0|43917|06/01/2024 21:50:48||25752|2086673488|2169569368
27331|0|19157|06/01/2024 23:43:09||19011|89429712|117971920
27692|0|12454|07/01/2024 02:19:02||9658|2636814936|3234186776
26437|0|65470|06/01/2024 17:10:39||42561|13175308720|15129844768
27637|0|8662|07/01/2024 01:51:54||11286|775809288|902706104
27978|0|35937|07/01/2024 04:02:23||3457|2634153624|3165793648
26398|0|54314|06/01/2024 16:52:24||43656|35487249008|28964387400
26527|0|26784|06/01/2024 17:59:18|07/01/2024 04:56:37|39439|28393292080|28716911560
27052|0|89835|06/01/2024 21:33:44||26776|32791546464|77747372224
27932|0|86941|07/01/2024 03:43:37||4583|781945872|790493168
27120|0|58921|06/01/2024 22:03:36||24984|8091714592|11929456880
27842|0|65423|07/01/2024 03:15:02||6298|796646792|867433488
26422|0|94290|06/01/2024 17:01:47||43093|4619155280|6351991848
27869|0|80310|07/01/2024 03:25:10||5690|665057776|688633800
27951|0|67919|07/01/2024 03:54:55||3905|637679336|834063240
28028|0|53841|07/01/2024 04:25:34||2066|3181946880|3293464480
26469|0|83641|06/01/2024 17:26:52||41588|108844785552|295891488384
26258|0|51236|06/01/2024 16:01:44||46696|6991275760|7993930096
27514|0|83949|07/01/2024 01:07:06||13974|5405974808|5517343296
27243|0|32098|06/01/2024 23:00:10||21590|2005674536|2261706360
26898|0|66006|06/01/2024 20:36:59||30181|16409756296|9779967632
27720|0|3865|07/01/2024 02:25:25||9275|583037392|695754624
26034|0|90491|06/01/2024 14:30:43||52157|2227030888|2562422752
25882|0|94482|06/01/2024 13:38:30||55290|7905963080|10070247024
26760|0|13713|06/01/2024 19:36:49||33791|7491666080|11209805176
27314|0|21276|06/01/2024 23:31:23||19717|3334845144|3412809776
27293|0|45990|06/01/2024 23:20:22||20378|10077061480|11397530464
27997|0|10910|07/01/2024 04:17:37||2543|911794448|1150801928
26872|0|29694|06/01/2024 20:25:19||30881|11811568592|16705659992
27244|0|58591|06/01/2024 23:09:07||21053|7025411024|9079085392
27093|0|73872|06/01/2024 21:58:52||25268|2323810696|3076444224
27163|0|51043|06/01/2024 22:27:16||23564|2754413240|3645105712
25883|0|31608|06/01/2024 13:32:13||55667|76930724664|197232191376
27072|0|13423|06/01/2024 21:44:06||26154|8564501216|8705394840
25990|0|84025|06/01/2024 14:15:04||53096|15912448016|18074441440
27564|0|12811|07/01/2024 01:22:19||13061|35844254672|68068544616
28106|0|94733|07/01/2024 04:51:53||487|25088424|25440576
26853|0|43877|06/01/2024 20:14:36||31524|4325979752|5096172616
26511|0|78144|06/01/2024 17:45:00||40500|11944546968|15815476832
26899|0|91772|06/01/2024 20:30:25||30575|3530431488|4164747336
27315|0|19018|06/01/2024 23:37:53||19327|789957136|1138653376
26328|0|8224|06/01/2024 16:24:34||45326|6124488464|8305306496
26373|0|18106|06/01/2024 16:43:01||44219|93753672672|217518633584
26470|0|50805|06/01/2024 17:21:26||41914|10722856560|12339824856
26942|0|78465|06/01/2024 20:58:32||28888|8927129624|12385252032
25991|0|33645|06/01/2024 14:11:38||53302|6372838848|6465838120
26082|0|42604|06/01/2024 14:55:01||50699|9699743832|9996145408
27693|0|74470|07/01/2024 02:16:08||9832|3763371696|4099286088
25672|0|26143|06/01/2024 12:06:49||60791|25147947480|37618273488
27402|0|93385|07/01/2024 00:17:36||16944|2503340336|3123099056
27094|0|45404|06/01/2024 21:57:32||25348|1454713752|1608597664
26964|0|47108|06/01/2024 21:03:52||28568|10097644368|12446984320
26471|0|29307|06/01/2024 17:26:05||41635|4749590576|5004571904
27222|0|34139|06/01/2024 22:50:52||22148|346524248|475782912
27223|0|59210|06/01/2024 22:55:18||21882|3178468752|4077757056
27565|0|22725|07/01/2024 01:25:19||12881|3534651688|5177366160
27694|0|57389|07/01/2024 02:17:41||9739|608762392|727365472
27843|0|24844|07/01/2024 03:19:57||6003|6409527496|5051544728
27095|0|35573|06/01/2024 21:52:33||25647|3904807624|5124298528
27615|0|73063|07/01/2024 01:41:15|07/01/2024 04:50:31|11356|5876568424|8326730744
28107|0|73063|07/01/2024 04:50:54||546|291871248|366859272
27952|0|88768|07/01/2024 03:51:51||4089|572022688|664970384
26732|0|31350|06/01/2024 19:24:42||34518|39432845304|83957444080
27053|0|34348|06/01/2024 21:35:41||26659|6977865184|9215048176
27904|0|87365|07/01/2024 03:32:11||5269|755832848|961224792
26187|0|6217|06/01/2024 15:36:52||48188|9060360312|11376466112
27844|0|79245|07/01/2024 03:13:55||6365|1112005456|1259172344
27054|0|9901|06/01/2024 21:37:37||26543|1401701400|2060133880
26583|0|61969|06/01/2024 18:14:35||38725|10325451744|11189335664
26035|0|62224|06/01/2024 14:34:07||51953|5984455176|7528584816
27870|0|98714|07/01/2024 03:29:41||5419|1289614616|1765551680
27208|0|5505|06/01/2024 22:48:11||22309|11785960816|14562401744
25695|0|33559|06/01/2024 12:11:18||60522|18002260712|25980384824
26144|0|17769|06/01/2024 15:14:41||49519|33053846088|48578064880
26965|0|70705|06/01/2024 21:00:16||28784|10322367176|11626453808
26552|0|73018|06/01/2024 18:05:28||39272|1592715432|2357415448
25653|0|39214|06/01/2024 11:59:45||61215|16771369640|23452920632
27871|0|85390|07/01/2024 03:22:20||5860|954199392|1353472616
27515|0|78489|07/01/2024 01:03:09||14211|2800853064|3723520856
27472|0|37890|07/01/2024 00:42:55||15425|1242668304|1252433568
26943|0|36252|06/01/2024 20:55:40||29060|51642930352|121824373184
28029|0|83596|07/01/2024 04:23:34||2186|468920616|689098232
27381|0|5254|07/01/2024 00:00:58||17942|8381981168|11156461888
26873|0|23557|06/01/2024 20:20:33|07/01/2024 04:56:18|30945|7612183960|8667295288
28053|0|43098|07/01/2024 04:31:55||1685|254181864|328053104
26492|0|41285|06/01/2024 17:35:50||41050|107443159624|201410546208
26926|0|72614|06/01/2024 20:47:16||29564|11320736136|16858375176
27638|0|60855|07/01/2024 01:53:35||11185|8572903928|10443703720
27074|0|98932|06/01/2024 21:44:26||26134|11787049856|14448047240
27953|0|33752|07/01/2024 03:56:24||3816|531564352|755200336
26528|0|46850|06/01/2024 17:59:01||39659|4766232008|7070941136
27746|0|47619|07/01/2024 02:37:49||8531|156622280|184464912
27184|0|30968|06/01/2024 22:39:41||22819|2756463080|3555358104
26874|0|63548|06/01/2024 20:26:07||30833|27554093832|22380474736
27141|0|84582|06/01/2024 22:16:37||24203|4301032176|5574172832
27422|0|30617|07/01/2024 00:24:02||16558|735973760|874739368
26553|0|12842|06/01/2024 18:09:37||39023|8704096768|11290130016
26822|0|5490|06/01/2024 20:09:55||31805|5458932032|6558715064
27617|0|43844|07/01/2024 01:42:14||11866|4901206792|5744103128
27794|0|71057|07/01/2024 02:52:07||7673|605278520|764843352
27979|0|18438|07/01/2024 04:01:09||3531|219581744|312552552
27663|0|60703|07/01/2024 02:06:24||10416|25764105192|50952890504
26682|0|81412|06/01/2024 19:07:12||35568|7083316536|8337725832
27695|0|21007|07/01/2024 02:19:16||9644|4007705792|5598013904
26085|0|15792|06/01/2024 14:54:14||50746|93963100656|183005062696
26823|0|22179|06/01/2024 20:05:25||32075|3913917536|4693549640
27294|0|15877|06/01/2024 23:23:47||20173|16239728936|12233954240
27121|0|54956|06/01/2024 22:05:00||24900|53463109808|115898320592
28108|0|27843|07/01/2024 04:56:32||208|283598304|548942512
27872|0|78647|07/01/2024 03:21:56||5884|564404168|796580712
27664|0|5186|07/01/2024 02:09:27||10233|941279568|1369005120
27980|0|46905|07/01/2024 04:03:13||3407|745227616|936043192
27998|0|96978|07/01/2024 04:12:45||2835|6827595888|13752766448
26709|0|24426|06/01/2024 19:16:15||35025|619936800|894212912
27954|0|98002|07/01/2024 03:55:03||3897|114334000|118181776
27586|0|11827|07/01/2024 01:36:57||12183|22018838720|50060649728
26967|0|17325|06/01/2024 21:09:45||28215|72582122384|198339560856
27873|0|87441|07/01/2024 03:25:15||5685|5080231896|7413001016
26927|0|49136|06/01/2024 20:49:07||29453|2817308136|3403750168
27403|0|86861|07/01/2024 00:13:38||17182|816518376|1184357368
27270|0|50462|06/01/2024 23:15:21||20679|4635002968|4682506560
27747|0|9151|07/01/2024 02:34:12||8748|1614186944|2079798960
28030|0|94159|07/01/2024 04:23:32||2188|1722786280|2057269144
27443|0|54623|07/01/2024 00:37:11||15769|1492100536|1938269640
25968|0|78200|06/01/2024 14:09:18||53442|11656765976|13959297248
27874|0|48966|07/01/2024 03:29:45||5415|725650928|849204592
27225|0|69320|06/01/2024 22:59:31||21629|7446378088|11091951448
25887|0|36119|06/01/2024 13:35:04||55496|15081345072|16228254976
27404|0|72432|07/01/2024 00:14:35||17125|373682168|480963328
27721|0|93094|07/01/2024 02:28:05||9115|2169071016|2245670584
26263|0|13942|06/01/2024 16:09:50||46210|60590924008|45305501016
26166|0|43304|06/01/2024 15:24:16||48944|11158835992|16705672296
26683|0|18959|06/01/2024 19:02:47||35833|8843371936|12535529256
27770|0|47552|07/01/2024 02:43:50||8170|404647760|555697928
27696|0|74235|07/01/2024 02:16:12||9828|156399216|191787016
26167|0|63732|06/01/2024 15:27:33||48747|19635983944|21349099008
27875|0|46516|07/01/2024 03:29:04||5456|2815654096|3122713808
28031|0|28246|07/01/2024 04:26:19||2021|582710416|834279824
27185|0|38175|06/01/2024 22:33:53||23167|5242487968|6881343744
25945|0|11997|06/01/2024 13:54:09||54351|5307956304|5687959640
27697|0|45049|07/01/2024 02:19:21|07/01/2024 04:51:20|9119|1210864616|1582531864
28109|0|45049|07/01/2024 04:52:24||456|14571504|16511304
26087|0|79283|06/01/2024 14:51:00||50940|2022935984|2368018872
28032|0|9410|07/01/2024 04:29:44||1816|139701120|143039496
28078|0|72638|07/01/2024 04:42:28||1052|649544104|650435136
27955|0|73304|07/01/2024 03:56:00||3840|13078335080|35046736352
26733|0|15025|06/01/2024 19:28:59||34261|8720852168|11226256936
27333|0|52975|06/01/2024 23:42:09||19071|4419530432|4537155776
26734|0|16867|06/01/2024 19:28:25||34295|2037017512|2892354056
26493|0|14926|06/01/2024 17:37:25||40955|12778553480|16768289664
26554|0|87069|06/01/2024 18:00:50||39550|95117586472|225599677352
26824|0|99310|06/01/2024 20:09:34||31826|3939694368|5249633288
27007|0|47772|06/01/2024 21:14:44||27916|3524361800|4941853232
26601|0|35837|06/01/2024 18:22:51||38229|9232675864|11568689080
27423|0|28152|07/01/2024 00:25:34||16466|2418669136|2438109384
27566|0|17103|07/01/2024 01:24:10||12950|3033358232|4200836520
27567|0|7336|07/01/2024 01:26:33||12807|3637963656|4076013096
25386|0|36939|06/01/2024 10:04:15||68145|3192835120|3905785816
27295|0|27795|06/01/2024 23:29:16||19844|647617744|686571400
26555|0|11424|06/01/2024 18:08:39||39081|9673789408|11280641112
25858|0|66456|06/01/2024 13:20:44||56356|19874009672|26096719488
27248|0|4621|06/01/2024 23:01:38||21502|4862393312|7154259440
27056|0|64251|06/01/2024 21:39:46||26414|1563980296|1942917976
26641|0|61230|06/01/2024 18:44:50||36910|2224941296|3148454880
27665|0|13216|07/01/2024 02:04:52||10508|1379807648|1997894056
25994|0|89980|06/01/2024 14:19:08||52852|40280472|53757400
26928|0|9840|06/01/2024 20:40:56||29944|21640411136|27216358904
26354|0|37570|06/01/2024 16:33:52|07/01/2024 04:53:51|44399|8186024088|8560489464
28110|0|37570|07/01/2024 04:55:38||262|43501520|47591432
27568|0|35354|07/01/2024 01:25:39||12861|1824053816|1991238176
27639|0|8768|07/01/2024 01:55:00||11100|6431569328|8074129272
26088|0|43189|06/01/2024 14:56:06||50634|2276062920|2801116056
27296|0|49596|06/01/2024 23:28:54||19866|31913774944|59666772424
27748|0|30949|07/01/2024 02:31:40||8900|1162064984|1540266736
26642|0|99503|06/01/2024 18:45:41||36859|529674664|613401064
27446|0|20921|07/01/2024 00:34:04||15956|3980489416|4779806528
27227|0|40021|06/01/2024 22:51:26||22114|4181145808|5503629104
27008|0|19237|06/01/2024 21:15:42||27858|1598943624|1735689448
28111|0|21312|07/01/2024 04:53:38||382|12216600|15124104
27771|0|93513|07/01/2024 02:40:29||8371|30392518112|88242499136
27249|0|30427|06/01/2024 23:05:49||21251|277805304|288152792
26189|0|85539|06/01/2024 15:35:56||48244|70361588880|201334082352
25972|0|13461|06/01/2024 14:01:07||53933|1558685456|1938832928
26355|0|54040|06/01/2024 16:39:24||44436|16249193352|20493822824
26238|0|63148|06/01/2024 15:53:15||47205|12527576984|14784586880
26929|0|86493|06/01/2024 20:41:58||29882|2947130280|4300166680
27334|0|30089|06/01/2024 23:40:09||19191|7434633920|4662944848
27164|0|56566|06/01/2024 22:20:45||23955|5815020344|6844332008
25889|0|94111|06/01/2024 13:33:01||55619|32750129392|38895681440
27142|0|78203|06/01/2024 22:14:43||24317|4174504400|5163064664
26584|0|77620|06/01/2024 18:17:34||38546|8741986472|9768085176
27165|0|39120|06/01/2024 22:27:33||23547|5724964192|5773956144
27335|0|60771|06/01/2024 23:49:36||18624|1189492520|1215780024
27999|0|62245|07/01/2024 04:16:34||2606|1487261504|1710871112
27474|0|27032|07/01/2024 00:43:25||15395|3323846944|3607689760
27122|0|30846|06/01/2024 22:07:44||24736|9282884112|10211066376
28054|0|94286|07/01/2024 04:37:59||1321|588817272|668810408
27228|0|68117|06/01/2024 22:56:20||21820|7294564656|10370698408
27956|0|50600|07/01/2024 03:57:31||3749|451090152|464396488
27618|0|47967|07/01/2024 01:43:19||11801|5940394728|8269652552
28000|0|10616|07/01/2024 04:10:34||2966|3011297784|3421959688
27845|0|84226|07/01/2024 03:15:28||6272|508822752|713859536
26442|0|21038|06/01/2024 17:19:17||42043|11744152560|13928372744
27010|0|9203|06/01/2024 21:13:03||28017|4077371432|5219657800
26968|0|94043|06/01/2024 21:06:48||28392|711541672|1038978528
27722|0|35035|07/01/2024 02:28:40||9080|221586968|266921864
26089|0|27215|06/01/2024 14:54:38||50722|2665064072|3354220000
26945|0|24209|06/01/2024 20:54:29||29131|17859295592|26451541608
26855|0|55356|06/01/2024 20:13:21||31599|6119857672|7791205336
26399|0|29905|06/01/2024 16:50:49||43751|12029583488|14603406632
27517|0|26270|07/01/2024 01:02:51||14229|2227291848|2804884128
27057|0|25173|06/01/2024 21:31:19||26921|403399856|431554808
27905|0|85501|07/01/2024 03:31:16||5324|10726568264|26845542592
27336|0|55392|06/01/2024 23:47:39||18741|741276496|926278024
27545|0|53891|07/01/2024 01:17:36||13344|592577608|610853952
27981|0|47323|07/01/2024 04:03:49||3371|287468984|386086088
25674|0|93729|06/01/2024 12:02:44||61036|12898970536|18715817784
27640|0|48804|07/01/2024 01:57:59||10921|8917333008|7203781104
26783|0|6555|06/01/2024 19:42:19||33461|3537697264|3667622104
27075|0|5549|06/01/2024 21:48:51||25869|32099805832|22845492880
27250|0|28133|06/01/2024 23:04:59||21301|4426135016|5233530168
27034|0|57257|06/01/2024 21:20:58||27542|2087643320|2970383968
27795|0|60001|07/01/2024 02:58:33||7287|456997712|474692352
26334|0|34397|06/01/2024 16:22:06||45474|4194445768|5233172464
27251|0|69505|06/01/2024 23:06:09||21231|7844859664|9410143584
25413|0|26638|06/01/2024 10:15:49||67451|11896036688|13582311168
27957|0|22311|07/01/2024 03:51:50||4090|1658687736|1877639120
27035|0|16239|06/01/2024 21:28:34||27086|8047326248|9474812824
28001|0|16033|07/01/2024 04:16:17||2623|1841534784|2480826440
27297|0|31981|06/01/2024 23:26:27||20013|404869096|442552176
25892|0|69970|06/01/2024 13:31:23||55717|12978686128|13518525784
28002|0|79714|07/01/2024 04:19:07||2453|115187384|157623048
27958|0|33279|07/01/2024 03:57:10||3770|887213040|1185467096
26090|0|16240|06/01/2024 14:52:18||50862|12435978624|13487758872
27723|0|14104|07/01/2024 02:20:14||9586|1635391464|2271076304
27906|0|66255|07/01/2024 03:34:11||5149|414726328|576732272
27316|0|39885|06/01/2024 23:30:32||19768|62682569976|138949127528
26356|0|92044|06/01/2024 16:31:33||44907|14039246232|16165413976
27876|0|17848|07/01/2024 03:21:47||5893|7231864440|5335065080
27642|0|16659|07/01/2024 01:58:10||10910|207994464|214859728
27123|0|14117|06/01/2024 22:06:35||24805|4195257968|6081278104
26878|0|15440|06/01/2024 20:24:09||30951|22146583008|30707642592
27619|0|57444|07/01/2024 01:47:13||11567|12835080528|27341161912
27012|0|62347|06/01/2024 21:16:59||27781|22450729176|12726432072
25974|0|89490|06/01/2024 14:01:11||53929|5070019128|5913778536
27982|0|38818|07/01/2024 04:02:30||3450|685377888|915010520
27317|0|46314|06/01/2024 23:37:33||19347|44879572968|93319032936
27447|0|63573|07/01/2024 00:33:38||15982|27736049640|15474517624
27382|0|62004|07/01/2024 00:06:30||17610|13082443248|29377348912
27643|0|89959|07/01/2024 01:54:16||11144|23175136304|43802366904
26826|0|47350|06/01/2024 20:00:59||32341|5504840504|6559500944
27076|0|92467|06/01/2024 21:48:03||25917|1173941336|1558735744
26930|0|71418|06/01/2024 20:48:52||29468|86277410056|210977430832
27337|0|4556|06/01/2024 23:43:18||19002|1919744776|2385342312
27229|0|88436|06/01/2024 22:58:37||21683|6937664424|7883332384
26663|0|3869|06/01/2024 18:55:45||36255|2907775752|3505050320
26530|0|82717|06/01/2024 17:57:23||39757|16447320016|17672702080
27933|0|48242|07/01/2024 03:48:17||4303|1009229728|1258465920
26785|0|81178|06/01/2024 19:45:31||33269|36520521048|29399435504
27724|0|10376|07/01/2024 02:20:34||9566|789196496|1182112104
27338|0|64229|06/01/2024 23:41:22||19118|11306384|14783960
27518|0|70548|07/01/2024 01:04:24||14136|7972007984|8700043936
27772|0|27726|07/01/2024 02:48:43||7877|4209756216|5429980464
27934|0|33542|07/01/2024 03:40:20||4780|1198628688|1306659888
28079|0|77991|07/01/2024 04:40:17||1183|603896800|626523672
26559|0|93103|06/01/2024 18:01:00||39540|13380410064|19799167192
26685|0|66892|06/01/2024 19:09:53||35407|35368389552|74756282104
25998|0|59854|06/01/2024 14:11:26||53314|24539243760|29662483760
25716|0|64500|06/01/2024 12:22:43||59837|18882487144|21047758720
26376|0|82808|06/01/2024 16:40:34||44366|7908532088|9060928968
27698|0|33809|07/01/2024 02:16:32||9808|1190405440|1645595840
27587|0|35936|07/01/2024 01:37:48||12132|9373362640|11831471592
27569|0|97715|07/01/2024 01:29:46||12614|393737552|559232744
27059|0|44196|06/01/2024 21:32:31||26849|3637730920|4218763888
27496|0|68685|07/01/2024 00:51:39||14901|1688012608|1822069712
27725|0|4905|07/01/2024 02:25:02||9298|619628344|822339944
26827|0|67195|06/01/2024 20:02:24||32256|1879245616|2454764792
25948|0|28826|06/01/2024 13:58:05||54115|110843310344|239470297888
26711|0|42284|06/01/2024 19:18:44||34876|1624572960|2303664224
27475|0|60607|07/01/2024 00:49:08||15052|2901321032|3874892592
28003|0|99202|07/01/2024 04:16:46||2594|95040776|122889456
27186|0|52151|06/01/2024 22:36:56||22984|2512912456|3575757616
27318|0|16794|06/01/2024 23:38:09||19311|1994137416|2924611120
25573|0|23957|06/01/2024 11:26:11||63229|1925745768|2091033496
26377|0|8203|06/01/2024 16:47:05||43975|1409435640|1530892944
25860|0|65834|06/01/2024 13:22:50||56230|11791279536|14626343256
27815|0|45922|07/01/2024 03:04:13||6947|70215784|103913464
27143|0|85647|06/01/2024 22:19:03||24057|77510524768|149071877872
27620|0|9616|07/01/2024 01:48:27||11493|1463659704|2129983168
26531|0|71492|06/01/2024 17:59:49||39611|8073052224|10240898608
28055|0|76728|07/01/2024 04:37:02||1378|795117072|1149265664
27877|0|38309|07/01/2024 03:25:25||5675|81171616|90299528
26495|0|84637|06/01/2024 17:36:31||41009|869331680|1026150424
25605|0|82147|06/01/2024 11:37:40||62540|3435536264|4356815480
27271|0|83760|06/01/2024 23:13:17||20803|24922305432|17487085184
26603|0|7807|06/01/2024 18:20:57||38343|17942315960|24555010944
27935|0|88656|07/01/2024 03:48:58||4262|946501312|999142960
27383|0|78408|07/01/2024 00:03:10||17810|901646520|1214956432
26969|0|96138|06/01/2024 21:00:30||28770|3034437568|3253784472
26000|0|16496|06/01/2024 14:13:05||53215|10830219824|14554603160
27846|0|96516|07/01/2024 03:14:53||6307|17339110792|47041614480
26496|0|73511|06/01/2024 17:35:12||41088|11565447104|15586219360
26762|0|76492|06/01/2024 19:32:19||34061|143196200|205827296
25949|0|72068|06/01/2024 13:51:20||54520|8915453336|9582952688
28033|0|43350|07/01/2024 04:27:32||1948|554333840|556787192
27339|0|49479|06/01/2024 23:49:01||18659|7544711488|5180071944
26302|0|10088|06/01/2024 16:14:15||45945|42862270680|27751505056
27098|0|96799|06/01/2024 21:57:19||25361|4719783672|6679632688
27497|0|49984|07/01/2024 00:58:59||14461|5200929096|5309730360
26169|0|51341|06/01/2024 15:21:08||49132|11995910344|13688855504
26801|0|48178|06/01/2024 19:55:33||32667|8938516736|10018802856
27037|0|47955|06/01/2024 21:25:30||27270|1277616856|1545443800
27272|0|48187|06/01/2024 23:10:43||20957|1249654984|1723332464
25606|0|97663|06/01/2024 11:38:57||62463|13649350256|19827035920
26586|0|96482|06/01/2024 18:19:17||38443|3491956928|4371788200
26947|0|97466|06/01/2024 20:54:26||29134|2669470696|2787177032
27546|0|48119|07/01/2024 01:15:10||13490|44728018576|95378130304
27319|0|29409|06/01/2024 23:30:45||19755|10246930112|12114970432
26645|0|29872|06/01/2024 18:42:44||37036|17254893336|21853068584
