IdSession|IdPSX|IdSubscriber|StartSession|EndSession|Duartion|UpTx|DownTx
17482|0|74301|04/01/2024 03:15:47||2053|125380016|155835816
16094|0|80035|03/01/2024 17:39:39||36621|3691181856|4392251896
16124|0|87799|03/01/2024 17:48:01||36119|6566917392|9270217936
16201|0|68512|03/01/2024 18:10:50||34750|3482132008|5170328568
16508|0|85070|03/01/2024 20:23:31|04/01/2024 03:45:18|26507|2572690720|3210780544
17545|0|77688|04/01/2024 03:33:56||964|174993240|183336720
15484|0|50870|03/01/2024 13:19:36||52224|23185227656|27185706360
16879|0|53666|03/01/2024 23:03:18||17202|71769634360|149470091560
16433|0|82652|03/01/2024 19:56:46||28394|6730043544|7199260976
15937|0|59125|03/01/2024 16:37:57||40323|129981112|164819432
16920|0|86264|03/01/2024 23:22:25||16055|3678547408|3976427888
16837|0|18826|03/01/2024 22:44:22||18338|25553804232|74511392648
17546|0|77661|04/01/2024 03:37:06||774|62900176|77850528
16396|0|77027|03/01/2024 19:39:47||29413|1193100704|1678431448
17314|0|68238|04/01/2024 02:03:08||6412|1898929024|2025852016
17212|0|77463|04/01/2024 01:26:33||8607|2687119528|3099122392
17185|0|43777|04/01/2024 01:18:43||9077|15575184984|32619276296
16306|0|79536|03/01/2024 18:52:26||32254|579721696|776045864
16671|0|42228|03/01/2024 21:34:27||22533|3187869320|3354641072
15439|0|38260|03/01/2024 12:57:10||53570|10630598504|14055429664
15409|0|22313|03/01/2024 12:40:45||54555|114865763080|266682784680
14990|0|36265|03/01/2024 09:44:32||65128|7225215704|9720351176
17213|0|35261|04/01/2024 01:27:50||8530|1890167928|2045992232
16125|0|8960|03/01/2024 17:48:57||36063|6293087920|6456521248
16567|0|59205|03/01/2024 20:53:44||24976|66731797272|174716628496
17434|0|75051|04/01/2024 02:50:55||3545|76238048|82559952
16509|0|73342|03/01/2024 20:26:18||26622|4438211752|6388823032
16595|0|13652|03/01/2024 21:09:05||24055|6777668112|7303416064
15365|0|17166|03/01/2024 12:22:21||55659|117170691072|271300687752
16818|0|62627|03/01/2024 22:37:08||18772|11395461240|24564514592
14877|0|18892|03/01/2024 08:54:14||68146|19757500008|25843754528
15544|0|25368|03/01/2024 13:49:24||50436|17648919064|18101750704
15122|0|77886|03/01/2024 10:32:29||62251|15222045592|21329007640
15466|0|24952|03/01/2024 13:03:09||53211|18185644456|19928913664
17410|0|77120|04/01/2024 02:49:57||3603|237255848|246394328
16943|0|88167|03/01/2024 23:38:12||15108|5934283768|6023857136
15639|0|33912|03/01/2024 14:24:16||48344|12101750408|17831048128
17028|0|93219|04/01/2024 00:11:07||13133|1246163584|1439629408
15718|0|70465|03/01/2024 15:06:37||45803|36713685840|44209822072
16458|0|6916|03/01/2024 20:08:45||27675|9600813568|10230133480
17053|0|57595|04/01/2024 00:25:56||12244|784984984|1173027824
16397|0|94047|03/01/2024 19:32:59||29821|2684787384|3872460224
15719|0|92628|03/01/2024 15:04:32||45928|22152790080|25295477520
16961|0|96811|03/01/2024 23:47:39||14541|421306432|508107384
16729|0|68624|03/01/2024 21:50:25||21575|3447849016|3553975624
15938|0|68329|03/01/2024 16:35:47||40453|4402889064|5420082944
16095|0|57230|03/01/2024 17:39:01||36659|9343061048|11409056664
17054|0|53757|04/01/2024 00:28:52||12068|309686136|387838144
16546|0|37529|03/01/2024 20:44:48||25512|68682863832|144059153768
17229|0|42806|04/01/2024 01:33:38||8182|1130726184|1355579000
17547|0|61794|04/01/2024 03:34:25||935|91717712|91967128
17132|0|11120|04/01/2024 00:56:39||10401|2891215752|3121901488
15312|0|49253|03/01/2024 12:00:16||56984|5164655720|6774250320
17520|0|73710|04/01/2024 03:29:16||1244|118355744|158769792
17386|0|23638|04/01/2024 02:37:08||4372|588808144|792054664
16944|0|30847|03/01/2024 23:39:36||15024|6942071056|9350894032
16984|0|21813|03/01/2024 23:52:08||14272|22590776328|58663955792
16962|0|96132|03/01/2024 23:44:22||14738|1506755824|1535780832
17576|0|41896|04/01/2024 03:40:42||558|266761080|295832168
16921|0|43101|03/01/2024 23:23:11||16009|4983935952|5462132568
15504|0|26698|03/01/2024 13:21:30||52110|171126561728|385074039672
16644|0|42098|03/01/2024 21:22:34||23246|804028952|976434600
16857|0|96233|03/01/2024 22:59:04||17456|58768665232|152414659200
17577|0|16048|04/01/2024 03:40:47||553|192587232|270361112
17435|0|38204|04/01/2024 02:56:08||3232|227720968|269111304
16179|0|39037|03/01/2024 18:08:06||34914|6067020336|9053764472
16963|0|85701|03/01/2024 23:49:23||14437|1374846320|2020647928
15722|0|37480|03/01/2024 15:00:19||46181|12259894288|12907747256
16203|0|35155|03/01/2024 18:18:59||34261|2803190936|3715986632
17186|0|82492|04/01/2024 01:15:37||9263|2278194120|3117365472
16702|0|5357|03/01/2024 21:47:02||21778|1462981144|2179511680
17133|0|85076|04/01/2024 00:57:01||10379|2361060576|2822155448
16964|0|58783|03/01/2024 23:49:30||14430|9215304888|10929248600
15623|0|42801|03/01/2024 14:10:59||49141|10937355848|12868552976
16066|0|5731|03/01/2024 17:23:41||37579|92768179816|176172606304
17109|0|99136|04/01/2024 00:42:58||11222|3404861912|3753669000
16157|0|87164|03/01/2024 17:59:56||35404|8265606776|11566691408
16421|0|81147|03/01/2024 19:43:49||29171|1800495872|2484490896
17158|0|22791|04/01/2024 01:04:55||9905|898486144|1266567632
16422|0|64480|03/01/2024 19:43:31||29189|16084316504|18286520592
15873|0|60137|03/01/2024 16:04:50||42310|43467569760|102227486520
15723|0|98982|03/01/2024 15:00:06||46194|15575770208|18349906856
16307|0|56049|03/01/2024 18:50:55||32345|4775861536|4950473520
15049|0|82031|03/01/2024 10:13:27||63393|40408016048|49629315016
17290|0|40685|04/01/2024 01:59:53||6607|34083400|45055392
16126|0|34515|03/01/2024 17:40:39||36561|2570727096|3563593552
16838|0|89500|03/01/2024 22:46:25||18215|5765920776|7324335704
16795|0|17160|03/01/2024 22:28:09||19311|3361406016|4882414104
15545|0|59576|03/01/2024 13:48:02||50518|18897358984|24901512864
17159|0|25130|04/01/2024 01:06:03||9837|1230451480|1762570424
16858|0|53073|03/01/2024 22:54:01||17759|16047540760|18534357416
16436|0|5792|03/01/2024 19:55:56||28444|9367168784|10495100536
17358|0|59735|04/01/2024 02:23:32||5188|11191201288|26711961536
15485|0|66732|03/01/2024 13:19:27||52233|7515211080|7526124864
16730|0|51526|03/01/2024 21:54:39||21321|1963841304|2734740224
15966|0|84546|03/01/2024 16:47:21||39759|2321884944|3186347216
16645|0|46044|03/01/2024 21:21:17||23323|1542537576|1840824112
17029|0|18447|04/01/2024 00:10:32||13168|23778174624|52881483920
16731|0|60049|03/01/2024 21:55:22||21278|3407499392|3849712344
15756|0|59631|03/01/2024 15:15:52||45248|16664412720|18219437648
16568|0|13992|03/01/2024 20:51:32||25108|8226701136|11549524864
14899|0|94557|03/01/2024 09:00:05||67795|195072396984|414219451480
16437|0|98839|03/01/2024 19:53:20||28600|37372555032|102970147160
16819|0|80435|03/01/2024 22:38:14||18706|2755269208|2902456800
16096|0|82791|03/01/2024 17:38:58|04/01/2024 03:45:07|36369|11988141304|15166848360
17578|0|82791|04/01/2024 03:45:37||263|98131696|118265416
17339|0|48759|04/01/2024 02:13:56||5764|1381857320|1726628008
15919|0|11546|03/01/2024 16:20:44||41356|2063168552|2516101464
16527|0|31579|03/01/2024 20:36:29||26011|3009521432|3779686880
17030|0|90960|04/01/2024 00:19:58||12602|1359078368|1897124336
16438|0|68039|03/01/2024 19:50:22||28778|5081780208|6247760744
17387|0|61684|04/01/2024 02:31:11||4729|1350895704|1571801456
17483|0|47486|04/01/2024 03:15:57||2043|171284720|256612656
17521|0|96277|04/01/2024 03:27:40||1340|153706008|213867712
17388|0|67555|04/01/2024 02:39:12||4248|227622432|244497000
16922|0|23998|03/01/2024 23:20:50||16150|5067977808|5245726760
16598|0|83091|03/01/2024 21:01:24||24516|1369441560|1704614280
16484|0|35621|03/01/2024 20:16:50||27190|47802821152|101384797480
17230|0|87798|04/01/2024 01:37:00||7980|2658557872|3650307520
16158|0|71416|03/01/2024 17:51:45||35895|11365229472|11658533992
17055|0|49043|04/01/2024 00:24:50||12310|287655984|322384664
16625|0|6758|03/01/2024 21:15:31||23669|16106069824|18344218808
16423|0|98717|03/01/2024 19:43:31||29189|3580864424|4636314336
15467|0|89833|03/01/2024 13:05:29|04/01/2024 03:45:30|52801|25465856016|33191204184
17579|0|89833|04/01/2024 03:45:47||253|177320456|178132088
15703|0|28960|03/01/2024 14:54:16||46544|128901653528|251582988960
17160|0|47510|04/01/2024 01:04:10||9950|18744060672|46839037600
16881|0|91314|03/01/2024 23:05:40||17060|2064262200|3084457296
15028|0|95998|03/01/2024 10:00:13||64187|16087813344|16748740480
16966|0|79031|03/01/2024 23:49:14||14446|2015218024|2281680728
16485|0|73049|03/01/2024 20:14:01||27359|47663540696|122699549872
15967|0|34585|03/01/2024 16:48:47||39673|5733081464|6156269608
16672|0|31706|03/01/2024 21:38:55||22265|2299604200|2871785736
17315|0|83578|04/01/2024 02:03:47||6373|619737256|685900352
17359|0|29747|04/01/2024 02:29:05||4855|152350512|155776976
15177|0|16928|03/01/2024 11:03:58||60362|16159636360|17364100464
17214|0|63513|04/01/2024 01:29:06||8454|1716816808|2081455960
15486|0|78240|03/01/2024 13:14:43||52517|35994731504|37485519096
17340|0|89332|04/01/2024 02:17:51||5529|3134590184|3186391584
16067|0|31462|03/01/2024 17:27:18||37362|9418362680|12153472192
16923|0|60709|03/01/2024 23:21:27||16113|3663579352|3908905056
17436|0|47537|04/01/2024 02:52:04||3476|86547944|124451680
14926|0|93506|03/01/2024 09:16:09||66831|7919968408|10090863832
17187|0|83926|04/01/2024 01:12:34||9446|2217047408|3269714200
17389|0|7040|04/01/2024 02:31:13||4727|626277784|880403864
17360|0|75383|04/01/2024 02:21:33||5307|2130400016|2713222000
17231|0|64718|04/01/2024 01:38:26||7894|2027620072|2606397872
16859|0|92558|03/01/2024 22:51:56||17884|7739235360|9738879616
17291|0|78522|04/01/2024 01:57:41||6739|250182760|365621064
17232|0|22043|04/01/2024 01:33:14||8206|13500729968|35287969568
16749|0|72641|03/01/2024 22:07:21||20559|3986865744|5624970136
17188|0|31782|04/01/2024 01:17:33||9147|33022279352|84311081944
16359|0|30969|03/01/2024 19:16:33||30807|1290778592|1317950040
16646|0|37938|03/01/2024 21:27:16||22964|845531672|1074168184
17316|0|36991|04/01/2024 02:07:44||6136|4204618792|4375415056
17341|0|40573|04/01/2024 02:13:28||5792|687397656|930549728
17134|0|92118|04/01/2024 00:50:08||10792|2251995728|2648421880
17233|0|33467|04/01/2024 01:38:32||7888|107622504|118986016
16882|0|79751|03/01/2024 23:01:12||17328|47835711368|93468714976
15385|0|9725|03/01/2024 12:30:02||55198|5339678024|6164937952
16703|0|51146|03/01/2024 21:40:44||22156|3001838552|3278165984
16272|0|73845|03/01/2024 18:45:51||32649|3223074656|4694502960
16985|0|10326|03/01/2024 23:51:45||14295|36775453152|90394497440
17457|0|27764|04/01/2024 03:05:15||2685|195973528|273803048
17056|0|77364|04/01/2024 00:26:01||12239|2506628176|3387832744
17361|0|79621|04/01/2024 02:29:52||4808|34964112|41568248
17390|0|6884|04/01/2024 02:36:00||4440|597765536|749785888
17081|0|5370|04/01/2024 00:39:32||11428|38593065976|73544200800
16946|0|71970|03/01/2024 23:30:17||15583|2957768216|3439313912
16924|0|94862|03/01/2024 23:27:34||15746|674931920|804506240
16570|0|49723|03/01/2024 20:51:39||25101|74698072496|172538380824
15806|0|59764|03/01/2024 15:35:02||44098|104686276888|240883634552
17391|0|66215|04/01/2024 02:32:25||4655|3757959624|4113830944
16900|0|74337|03/01/2024 23:11:13||16727|8669297352|9971501280
17189|0|57284|04/01/2024 01:17:52||9128|2841431528|3363092120
16528|0|75625|03/01/2024 20:39:51||25809|12953862656|15893625944
16043|0|88799|03/01/2024 17:11:53||38287|6092850768|6719759984
16796|0|16548|03/01/2024 22:23:59||19561|5217004336|5307843160
15574|0|60360|03/01/2024 13:54:42||50118|18406428144|26493003496
16360|0|34528|03/01/2024 19:12:29||31051|7095473872|10078768240
16274|0|34312|03/01/2024 18:44:06||32754|14045403088|14665342144
17005|0|37157|04/01/2024 00:02:53||13627|2403611096|2576720792
15968|0|95796|03/01/2024 16:44:14||39946|3636983384|5050344840
17266|0|55584|04/01/2024 01:40:29||7771|3739962888|3986213024
17162|0|47771|04/01/2024 01:04:55||9905|848356384|1185873688
16947|0|29673|03/01/2024 23:35:13||15287|55938770760|132175664368
15829|0|3991|03/01/2024 15:42:23||43657|17663438784|18857797208
17292|0|17145|04/01/2024 01:56:38||6802|3500356808|4654452360
16797|0|99295|03/01/2024 22:26:15||19425|2651463160|2766522016
16160|0|77356|03/01/2024 17:59:44||35416|7335306400|7981483256
16599|0|10493|03/01/2024 21:00:32||24568|4615266240|5063290544
16571|0|92343|03/01/2024 20:50:33||25167|5394864504|5452008848
16647|0|15500|03/01/2024 21:26:08||23032|2235312040|2980806936
15288|0|53701|03/01/2024 11:51:10||57530|2642005600|3219379672
16205|0|70269|03/01/2024 18:13:51||34569|50497837544|116189938024
16461|0|27619|03/01/2024 20:00:38||28162|4259043680|4523770192
15221|0|85531|03/01/2024 11:24:15||59145|2670935320|2748713984
15626|0|91247|03/01/2024 14:12:32||49048|15678959104|16308278496
16901|0|24715|03/01/2024 23:19:13||16247|806257576|1106659176
17235|0|89665|04/01/2024 01:33:19||8201|2924799944|3429486144
15575|0|83901|03/01/2024 13:51:15||50325|6892216640|7789956336
16820|0|38820|03/01/2024 22:39:39||18621|7031152624|10022024640
15874|0|85924|03/01/2024 16:06:03||42237|15505303872|16867516216
17437|0|57855|04/01/2024 02:54:58||3302|307630856|323047432
15760|0|59348|03/01/2024 15:11:40||45500|5126352088|7142398248
15317|0|24261|03/01/2024 12:01:11||56929|80521473992|57667481200
17057|0|4122|04/01/2024 00:24:42||12318|29642475056|86863168608
17438|0|55411|04/01/2024 02:56:57||3183|275931480|327576920
16309|0|54025|03/01/2024 18:55:41||32059|5201476456|7174197664
16925|0|70699|03/01/2024 23:20:48||16152|867855736|1045023992
16069|0|91683|03/01/2024 17:24:38||37522|3464730616|5084248360
16798|0|64821|03/01/2024 22:23:27||19593|3484023088|3993967392
17362|0|29923|04/01/2024 02:25:52||5048|138400480|172560992
17342|0|33548|04/01/2024 02:14:01||5759|1051368168|1099765888
16486|0|77054|03/01/2024 20:17:33||27147|42937733824|27062274880
16529|0|41962|03/01/2024 20:31:28||26312|7824025448|10927270280
17110|0|40282|04/01/2024 00:48:34||10886|22705531568|61073596744
16600|0|9422|03/01/2024 21:03:49||24371|11194389544|12985372304
17190|0|23222|04/01/2024 01:15:33||9267|2902963080|3532504000
17111|0|10634|04/01/2024 00:44:17||11143|983751944|1110925344
17031|0|37519|04/01/2024 00:17:27||12753|3118632088|3758159832
16967|0|94737|03/01/2024 23:45:34||14666|2571582128|2890895776
16530|0|73573|03/01/2024 20:31:32||26308|3940598104|5684750672
16206|0|63746|03/01/2024 18:16:47||34393|2886224840|4031325168
16601|0|70850|03/01/2024 21:05:45||24255|1757512712|1799361536
16379|0|91375|03/01/2024 19:24:43||30317|1474862400|1856501064
16275|0|60347|03/01/2024 18:48:15||32505|506047144|714276704
16531|0|50840|03/01/2024 20:37:33||25947|7810278616|9753155840
17392|0|47727|04/01/2024 02:39:00||4260|3161403552|3701885512
16098|0|66665|03/01/2024 17:37:52||36728|20170350920|24465626616
15641|0|82493|03/01/2024 14:29:18||48042|39466273008|32053132424
17548|0|97929|04/01/2024 03:35:17||883|85092616|103914744
16221|0|93246|03/01/2024 18:20:46||34154|15715795688|17843118152
16100|0|98062|03/01/2024 17:35:31||36869|6757898120|7070331096
16101|0|86419|03/01/2024 17:30:11||37189|426044944|456940640
16000|0|86414|03/01/2024 16:56:08||39232|5316711408|6210476896
17082|0|41752|04/01/2024 00:32:32||11848|1312299032|1522784096
17163|0|85231|04/01/2024 01:07:09||9771|1512560216|2183609816
17267|0|6280|04/01/2024 01:41:01||7739|3241457888|3300798000
16311|0|6125|03/01/2024 18:58:35||31885|2410919848|3004128944
16968|0|54065|03/01/2024 23:45:59||14641|3576726408|4859634904
15786|0|89997|03/01/2024 15:27:13||44567|95490188848|243464367360
16548|0|32170|03/01/2024 20:41:09||25731|112817087504|226678937928
17317|0|92953|04/01/2024 02:08:20||6100|2416028592|3009767984
16926|0|91907|03/01/2024 23:27:27||15753|726779056|869601568
16549|0|53819|03/01/2024 20:40:02||25798|158568319392|86327304784
16772|0|43289|03/01/2024 22:14:35||20125|6299082464|7773287232
16222|0|69672|03/01/2024 18:29:02||33658|16300668760|24331394456
16022|0|17109|03/01/2024 17:00:10||38990|1308323504|1883748928
17484|0|19540|04/01/2024 03:11:17||2323|981082400|1426854064
15057|0|34910|03/01/2024 10:19:52||63008|9646580568|9828735152
17343|0|33806|04/01/2024 02:14:42||5718|2071743576|2654994184
14929|0|70485|03/01/2024 09:15:55||66845|4097953216|5327827384
15682|0|18993|03/01/2024 14:46:38||47002|14739930432|20674941600
16487|0|68794|03/01/2024 20:10:29||27571|4595342712|6098994584
17032|0|67613|04/01/2024 00:10:47||13153|1174940752|1217476616
15943|0|84995|03/01/2024 16:34:37||40523|155664848|223596432
16381|0|93139|03/01/2024 19:22:57||30423|124728432|143556480
15644|0|69571|03/01/2024 14:23:52||48368|1032425376|1399298480
17006|0|61774|04/01/2024 00:08:30||13290|5869728040|7912097568
16969|0|84827|03/01/2024 23:42:22||14858|93058677096|54394142256
16883|0|96461|03/01/2024 23:07:56||16924|36784467160|82401836056
17215|0|84902|04/01/2024 01:29:37||8423|2064020224|2557187600
15468|0|26593|03/01/2024 13:03:52||53168|36394274312|49470106000
17363|0|42083|04/01/2024 02:20:52||5348|11313098056|24098239272
15549|0|35841|03/01/2024 13:40:17||50983|13272830272|15326247984
16800|0|58236|03/01/2024 22:27:24||19356|4711614720|5608988608
16705|0|73608|03/01/2024 21:43:32||21988|1917613360|2785295072
16244|0|98838|03/01/2024 18:31:59||33481|17218077088|20267166872
16207|0|83536|03/01/2024 18:16:04||34436|17763386400|25101470272
17411|0|53581|04/01/2024 02:44:09||3951|354670928|414385056
17458|0|55477|04/01/2024 03:04:40||2720|381369408|391454216
15851|0|43832|03/01/2024 15:56:14||42826|23869044208|28430830520
17344|0|89274|04/01/2024 02:10:38||5962|781695312|908348608
17135|0|81050|04/01/2024 00:56:41||10399|678068400|965358592
15032|0|44132|03/01/2024 10:02:37||64043|16658637256|18879200360
16382|0|35604|03/01/2024 19:26:11||30229|37115204080|27707000376
17268|0|9119|04/01/2024 01:47:04||7376|7596471040|9512496504
17293|0|59960|04/01/2024 01:58:09||6711|4026909120|4235068848
17459|0|42655|04/01/2024 03:01:28||2912|625258848|753846688
17033|0|82926|04/01/2024 00:14:36||12924|984173768|1035498384
16245|0|42845|03/01/2024 18:33:05||33415|8811141000|9342134720
16750|0|97187|03/01/2024 22:01:43||20897|157607464|199062696
16626|0|49992|03/01/2024 21:18:35||23485|30876141800|77729430872
16312|0|26169|03/01/2024 18:59:01||31859|49008844728|139692596880
16440|0|49965|03/01/2024 19:59:09||28251|5648417640|5817139152
16733|0|71810|03/01/2024 21:52:43||21437|1409451384|2092281784
15368|0|41825|03/01/2024 12:25:38||55462|26430503256|27289737248
16572|0|26405|03/01/2024 20:56:08||24832|7180650712|8318772792
15876|0|57084|03/01/2024 16:01:02||42538|8686781792|9035283672
14808|0|43846|03/01/2024 08:25:57||69843|10738015216|12971590552
16573|0|42803|03/01/2024 20:56:28||24812|1424320584|2111980784
17216|0|57579|04/01/2024 01:20:15||8985|17437482536|44068898360
15185|0|83617|03/01/2024 11:06:30||60210|9645523760|14159295760
15727|0|95146|03/01/2024 15:09:01||45659|45581760|54496680
16441|0|17382|03/01/2024 19:57:53||28327|7609964952|10866708672
16002|0|89695|03/01/2024 16:59:27||39033|5173680888|6426678048
17460|0|12313|04/01/2024 03:02:02||2878|448068760|590146952
16627|0|64019|03/01/2024 21:19:41||23419|3396510048|3516534248
17580|0|30099|04/01/2024 03:46:59||181|10168632|13746592
16550|0|19792|03/01/2024 20:49:38||25222|18454780424|26400022824
16223|0|93774|03/01/2024 18:26:31||33809|9076979560|11551375712
17236|0|48678|04/01/2024 01:36:24||8016|2154186136|2430442256
16337|0|40487|03/01/2024 19:06:17||31423|10157451208|11383089960
16773|0|21002|03/01/2024 22:12:49||20231|2752239744|3134503008
17294|0|56994|04/01/2024 01:55:21||6879|709454888|750365480
15603|0|62169|03/01/2024 14:02:06||49674|13669117128|13708972440
16902|0|98192|03/01/2024 23:15:16||16484|31622657888|93101459216
15899|0|34817|03/01/2024 16:17:18||41562|6089032952|7656838712
15604|0|26763|03/01/2024 14:02:34||49646|4675046952|6535243288
17164|0|69971|04/01/2024 01:08:46||9674|728244432|784821952
17084|0|22732|04/01/2024 00:31:28||11912|1011124272|1385917504
16551|0|57927|03/01/2024 20:48:30||25290|6701408168|7481036672
17085|0|83656|04/01/2024 00:33:25||11795|2348470816|2717667632
16970|0|57316|03/01/2024 23:49:13||14447|3480798792|4831862168
17439|0|27439|04/01/2024 02:57:02||3178|171063440|255681192
15762|0|21299|03/01/2024 15:11:26||45514|2798578608|2898614984
17412|0|35952|04/01/2024 02:45:08||3892|189825400|246997968
17034|0|97176|04/01/2024 00:11:04||13136|384983624|431893856
16801|0|86893|03/01/2024 22:20:29||19771|3465856960|3505867416
16181|0|64535|03/01/2024 18:01:08||35332|5338247240|6820671520
17295|0|49115|04/01/2024 01:58:23||6697|622470384|847326272
16971|0|96996|03/01/2024 23:46:29||14611|3681772512|4642306192
17364|0|10821|04/01/2024 02:26:31||5009|844761816|1179314488
17549|0|56399|04/01/2024 03:30:32||1168|476183392|479317736
15808|0|48388|03/01/2024 15:32:00||44280|10456492088|13198346888
15446|0|79735|03/01/2024 12:58:57||53463|168684664|230908712
16928|0|71230|03/01/2024 23:28:11||15709|1859403008|1960446992
17165|0|93857|04/01/2024 01:08:05||9715|5927036848|6196694968
17007|0|11355|04/01/2024 00:07:06||13374|704122512|822797936
15156|0|20804|03/01/2024 10:51:33||61107|17894519392|17935906232
16751|0|19271|03/01/2024 22:06:53||20587|3187173176|4478753896
16384|0|8331|03/01/2024 19:26:51||30189|651970040|808959648
17269|0|65972|04/01/2024 01:45:50||7450|1195253880|1753618936
17345|0|59898|04/01/2024 02:16:37||5603|16648254992|35178383064
16802|0|52713|03/01/2024 22:21:15||19725|8563074208|9495406840
16224|0|26450|03/01/2024 18:26:19||33821|3303476856|3465580616
15944|0|88869|03/01/2024 16:37:13||40367|2088915704|2831349888
16803|0|48843|03/01/2024 22:20:56||19744|572511952|616414624
17086|0|11544|04/01/2024 00:31:42||11898|2572938272|3004953816
17087|0|31822|04/01/2024 00:39:22||11438|2046626440|2552892928
16986|0|92390|03/01/2024 23:54:10||14150|472585912|648409576
17270|0|84094|04/01/2024 01:49:18||7242|4429336104|6305382504
16774|0|84539|03/01/2024 22:17:55||19925|1832880360|2554518816
15923|0|35194|03/01/2024 16:24:04||41156|3701010296|4966730976
16884|0|6013|03/01/2024 23:05:31||17069|3334451088|3438660976
16462|0|91452|03/01/2024 20:08:07||27713|6698923840|6725973040
17393|0|51410|04/01/2024 02:38:27||4293|172714160|213034648
17296|0|21591|04/01/2024 01:56:26||6814|3119729400|3265712488
16648|0|66319|03/01/2024 21:25:18||23082|14745231120|15654922576
17346|0|69724|04/01/2024 02:10:04||5996|516480424|685343872
16225|0|54673|03/01/2024 18:28:54||33666|6332436808|7138515584
16103|0|82161|03/01/2024 17:30:51||37149|27356449648|34360303384
15790|0|20365|03/01/2024 15:27:00||44580|10464248712|11124062384
16821|0|97428|03/01/2024 22:38:56||18664|8268540032|11036309024
16182|0|92706|03/01/2024 18:00:34||35366|99205284240|197389990416
15833|0|5022|03/01/2024 15:46:54||43386|71094947640|209930110016
16822|0|73313|03/01/2024 22:33:23||18997|11553028376|15406859984
17271|0|95892|04/01/2024 01:47:06||7374|1954880024|2022262984
17485|0|87236|04/01/2024 03:14:04||2156|241626568|286330072
15809|0|14216|03/01/2024 15:38:29||43891|37586005952|56287670192
17237|0|94244|04/01/2024 01:33:17||8203|1262738624|1371012024
16073|0|50648|03/01/2024 17:29:46||37214|151041505720|294151342800
16574|0|65854|03/01/2024 20:55:14||24886|13531520976|15441871808
17365|0|14086|04/01/2024 02:29:12||4848|2137844816|2242909440
16129|0|7012|03/01/2024 17:40:36||36564|7612475360|8230608960
16775|0|59647|03/01/2024 22:11:08||20332|2437516832|3145000424
16490|0|88486|03/01/2024 20:17:33||27147|8539689424|10798589984
16706|0|69690|03/01/2024 21:49:19||21641|1357789960|1805757824
16649|0|90465|03/01/2024 21:25:47||23053|25663879880|73627175864
16363|0|35015|03/01/2024 19:16:51||30789|5993019240|6798442784
17035|0|44230|04/01/2024 00:11:02||13138|1472666464|1678918688
17440|0|59761|04/01/2024 02:57:48||3132|111805736|132987200
16004|0|35479|03/01/2024 16:58:09||39111|7165679800|9692158776
17166|0|63687|04/01/2024 01:09:45||9615|2071823592|2906369696
17008|0|37636|04/01/2024 00:02:08||13672|2947758888|3342108456
17318|0|67432|04/01/2024 02:03:06||6414|3041251328|3826874456
17088|0|78976|04/01/2024 00:34:10||11750|3183880448|4158447168
17113|0|82427|04/01/2024 00:46:16||11024|8176741352|17281266208
16804|0|65020|03/01/2024 22:29:30||19230|7411226992|11047219696
16046|0|90478|03/01/2024 17:13:11||38209|7980485656|11636496400
16104|0|63560|03/01/2024 17:36:37||36803|17215817224|21650890776
16533|0|25048|03/01/2024 20:39:06||25854|7737459888|8119190160
15763|0|27227|03/01/2024 15:13:35||45385|3969687096|5241215896
17413|0|70487|04/01/2024 02:45:59||3841|193026664|226891560
17136|0|6879|04/01/2024 00:56:05||10435|1575418832|2195997856
16511|0|98417|03/01/2024 20:20:35||26965|8947786800|11687656160
17319|0|52678|04/01/2024 02:06:23||6217|3671014152|4922239376
16277|0|70323|03/01/2024 18:40:10||32990|1829166064|2459400392
16400|0|76076|03/01/2024 19:32:40||29840|4587388232|6565914720
17486|0|72139|04/01/2024 03:11:21||2319|199201656|208450880
16972|0|75947|03/01/2024 23:47:14||14566|545895280|706549416
16163|0|29227|03/01/2024 17:54:35||35725|56646688|78993896
16512|0|88959|03/01/2024 20:23:33||26787|3341491440|3501854808
17394|0|21811|04/01/2024 02:30:51||4749|347060960|362374176
15972|0|6911|03/01/2024 16:41:11||40129|22329102704|13363154128
16513|0|7366|03/01/2024 20:29:29||26431|60375657416|146334876064
17273|0|41385|04/01/2024 01:47:21||7359|1920415616|2207398768
16025|0|42847|03/01/2024 17:00:25||38975|7731279776|8792691952
17274|0|25541|04/01/2024 01:46:45||7395|3643008832|4048470920
15646|0|5332|03/01/2024 14:21:59||48481|9114696032|13503593296
15387|0|53873|03/01/2024 12:32:00||55080|25692120080|28468615488
15835|0|90953|03/01/2024 15:49:04||43256|14009883320|19768335216
15704|0|47809|03/01/2024 14:51:32||46708|4127274928|5788967816
16164|0|11854|03/01/2024 17:50:00||36000|8357049360|12172869200
17114|0|28891|04/01/2024 00:49:50||10810|986329944|1086849408
16401|0|48705|03/01/2024 19:35:56||29644|12418468144|18372185768
16840|0|75798|03/01/2024 22:40:22||18578|4597689936|5720483320
16904|0|88888|03/01/2024 23:14:35||16525|344135984|424421272
15388|0|46043|03/01/2024 12:32:30||55050|4800828784|6370214456
17137|0|97660|04/01/2024 00:58:55||10265|508837328|632099800
17167|0|57415|04/01/2024 01:09:59||9601|1430819416|1946941216
17550|0|86546|04/01/2024 03:39:23||637|67391792|90926144
16707|0|82423|03/01/2024 21:49:39||21621|3345040152|3541318680
16708|0|70417|03/01/2024 21:47:31||21749|38784640864|113570011904
16226|0|3992|03/01/2024 18:26:15||33825|14664620288|15887165200
17297|0|72308|04/01/2024 01:52:18||7062|20432318784|40529733664
16491|0|57089|03/01/2024 20:15:30||27270|11077143056|16059171328
16402|0|50307|03/01/2024 19:35:40||29660|1611675800|1952773240
17347|0|36401|04/01/2024 02:11:40||5900|1428833208|2007590672
15489|0|83725|03/01/2024 13:16:38||52402|8714854504|9013152736
17115|0|76155|04/01/2024 00:47:04||10976|290459088|340882736
14862|0|13835|03/01/2024 08:46:54||68586|4725766704|5996161208
15946|0|52676|03/01/2024 16:36:10||40430|9095271456|11593040760
16005|0|27504|03/01/2024 16:51:53||39487|5047169008|7391430328
15291|0|41731|03/01/2024 11:59:33||57027|3491890048|3803077888
17009|0|57612|04/01/2024 00:08:19||13301|2899802424|2973746888
17238|0|73294|04/01/2024 01:31:04||8336|1440686600|1973539304
16885|0|70544|03/01/2024 23:04:27||17133|5267839832|6025075896
16443|0|91970|03/01/2024 19:54:53||28507|3687798904|5089779784
17089|0|19697|04/01/2024 00:39:02||11458|3605095920|4211349456
17168|0|30656|04/01/2024 01:00:55||10145|127669728|146034984
17522|0|53832|04/01/2024 03:21:52||1688|463069096|559440352
17487|0|28135|04/01/2024 03:13:42||2178|162747648|224122280
15729|0|97025|03/01/2024 15:09:24||45636|15981087920|19699431392
17461|0|57478|04/01/2024 03:06:58||2582|928240576|1265408160
17116|0|83204|04/01/2024 00:42:59||11221|1367290344|1989488760
15730|0|36075|03/01/2024 15:00:54||46146|977057192|1313037792
17239|0|82079|04/01/2024 01:33:56||8164|4578554152|5588820384
17523|0|99286|04/01/2024 03:25:40||1460|228872392|342410760
16105|0|88834|03/01/2024 17:31:59||37081|9339370384|10941908296
16673|0|22708|03/01/2024 21:30:30||22770|5013930552|6669447536
16752|0|61623|03/01/2024 22:08:15||20505|716010448|971274792
16492|0|35393|03/01/2024 20:12:30||27450|22095161808|25915175560
16753|0|84162|03/01/2024 22:06:45||20595|310035432|353192960
16929|0|6812|03/01/2024 23:28:51||15669|2565944080|3298673688
17441|0|98465|04/01/2024 02:51:05||3535|583168136|657420040
17581|0|82855|04/01/2024 03:41:11||529|232865312|247719272
15062|0|14459|03/01/2024 10:15:57|04/01/2024 03:49:46|63229|5358399304|5938964184
17524|0|25393|04/01/2024 03:21:07||1733|1155815336|1168232136
15158|0|32548|03/01/2024 10:56:24||60816|14788981680|15809069224
15416|0|95133|03/01/2024 12:43:51||54369|1922462672|2596476728
15902|0|39092|03/01/2024 16:13:18||41802|4509576992|6142187200
17462|0|30816|04/01/2024 03:05:56||2644|339286408|454539952
16734|0|62682|03/01/2024 21:52:42||21438|1842389184|2187385520
16948|0|18337|03/01/2024 23:32:25||15455|9954506328|13374603592
17463|0|80114|04/01/2024 03:09:08||2452|79984616|86507072
16247|0|39283|03/01/2024 18:34:51||33309|600528792|619293320
17117|0|86587|04/01/2024 00:46:27||11013|226088000|263574488
16841|0|49972|03/01/2024 22:48:41||18079|4783470824|6368434200
16535|0|38043|03/01/2024 20:39:31||25829|4361716368|4502881496
15348|0|98102|03/01/2024 12:13:31||56189|9900562184|14749788888
16279|0|64851|03/01/2024 18:49:09||32451|997468584|1410964216
17414|0|64318|04/01/2024 02:44:21||3939|6582633104|16534292784
16842|0|38044|03/01/2024 22:44:47||18313|72904382976|169188185392
17058|0|34584|04/01/2024 00:26:41||12199|389757296|539687200
16006|0|40613|03/01/2024 16:57:54||39126|6975756624|7664078200
14903|0|61298|03/01/2024 09:02:09||67671|6030790496|7709702656
15925|0|92001|03/01/2024 16:20:24||41376|9076748720|12866788680
17090|0|80405|04/01/2024 00:30:38||11962|993602184|1439179936
16465|0|23312|03/01/2024 20:07:04||27776|49913719096|100813116528
16973|0|16883|03/01/2024 23:48:54||14466|318320976|441888568
17551|0|99463|04/01/2024 03:34:16||944|163630968|171867672
16824|0|19240|03/01/2024 22:36:49||18791|5229645976|6427083480
17298|0|11225|04/01/2024 01:51:57||7083|8435827280|8761104224
17525|0|20031|04/01/2024 03:22:08||1672|93893800|103509488
17526|0|58846|04/01/2024 03:25:05||1495|298720976|320840440
17059|0|95178|04/01/2024 00:26:10||12230|426474936|607242544
16577|0|75554|03/01/2024 20:52:51||25029|2024701760|3036807136
16466|0|18018|03/01/2024 20:01:19||28121|51794491504|120009170024
16248|0|54462|03/01/2024 18:31:35||33505|3623754376|4122619368
17488|0|14136|04/01/2024 03:12:40||2240|628226968|728564784
17299|0|90193|04/01/2024 01:56:25||6815|2386062864|3165678640
17348|0|50551|04/01/2024 02:14:15||5745|2329110608|3322580376
15686|0|73988|03/01/2024 14:40:45||47355|164405861528|336831570688
17036|0|82779|04/01/2024 00:15:28||12872|613007712|655009784
16280|0|61768|03/01/2024 18:40:01|04/01/2024 03:42:22|32541|11116787728|15592887768
17240|0|65673|04/01/2024 01:39:16||7844|7511062416|9983964320
17241|0|61990|04/01/2024 01:30:00||8400|3131046224|4313698080
16754|0|53244|03/01/2024 22:05:31||20669|6157732768|6443542896
17489|0|9030|04/01/2024 03:14:43||2117|130446672|164837096
16930|0|20167|03/01/2024 23:26:16||15824|10458700368|13663155376
16249|0|93252|03/01/2024 18:30:01||33599|9033141888|11662551952
17300|0|74631|04/01/2024 01:51:52||7088|20405662944|41478228688
16843|0|82321|03/01/2024 22:47:16||18164|10460386568|13322013008
16250|0|90503|03/01/2024 18:35:06||33294|15368882152|17416057672
16931|0|94561|03/01/2024 23:28:25||15695|6607524864|8083224088
17349|0|52819|04/01/2024 02:17:32||5548|1099336536|1452203784
17582|0|71680|04/01/2024 03:42:48||432|258346824|279658392
16132|0|17532|03/01/2024 17:43:53||36367|6526894576|7379938584
15577|0|98547|03/01/2024 13:54:14||50146|1157083000|1485650416
15792|0|7726|03/01/2024 15:23:37||44783|3343553456|4701769616
16735|0|66715|03/01/2024 21:55:58||21242|587342664|852689552
16184|0|33890|03/01/2024 18:05:01||35099|4236014008|5434671984
15926|0|22979|03/01/2024 16:27:06||40974|243107440|310475624
17464|0|93283|04/01/2024 03:02:04||2876|159151408|231402040
15269|0|57796|03/01/2024 11:47:19||57761|7142263848|10506726112
16228|0|83858|03/01/2024 18:21:44||34096|3406503472|3486974632
15687|0|76372|03/01/2024 14:46:54||46986|7925873920|9457077160
16755|0|24050|03/01/2024 22:01:49||20891|59375717304|124882846184
17010|0|92396|04/01/2024 00:02:19||13661|558046848|756728960
17442|0|52485|04/01/2024 02:56:13||3227|247569264|312995080
15974|0|41079|03/01/2024 16:40:24||40176|7310785624|9024555704
16047|0|52091|03/01/2024 17:13:52||38168|1938667336|2465473696
14971|0|54758|03/01/2024 09:37:24||65556|17358256480|19424994112
15975|0|37695|03/01/2024 16:44:39||39921|2966948272|3219041000
17217|0|88082|04/01/2024 01:24:03||8757|1334995320|1548977832
17242|0|95089|04/01/2024 01:39:28||7832|5322447872|5401681936
16365|0|35424|03/01/2024 19:14:46||30914|3334885504|4577260544
17037|0|69994|04/01/2024 00:16:35||12805|164308168|217958552
16628|0|60799|03/01/2024 21:14:16||23744|49464674488|107985803872
16229|0|40142|03/01/2024 18:20:45||34155|68759398896|136655391360
17490|0|89187|04/01/2024 03:16:57||1983|19127936|24776296
17491|0|62677|04/01/2024 03:15:46||2054|152528408|190153464
16987|0|26214|03/01/2024 23:54:34||14126|23258179208|64337097048
16652|0|49925|03/01/2024 21:21:22||23318|2613285096|3467423568
17366|0|57589|04/01/2024 02:28:39||4881|233696808|319128088
17275|0|51746|04/01/2024 01:49:13||7247|999313136|1292147144
16886|0|25861|03/01/2024 23:02:10||17270|4306449688|4665329824
15836|0|15805|03/01/2024 15:47:44||43336|10203508744|13042597168
15296|0|78214|03/01/2024 11:52:27||57453|57303046008|122393745032
17552|0|97040|04/01/2024 03:35:41||859|86482888|87781144
15793|0|87395|03/01/2024 15:29:26||44434|2115770808|2588758280
17553|0|37693|04/01/2024 03:32:43||1037|183777008|229424808
16536|0|34384|03/01/2024 20:36:40||26000|1328510776|1370559248
17415|0|85296|04/01/2024 02:47:39||3741|451675304|525425352
17554|0|26294|04/01/2024 03:36:54||786|63302864|72257984
16185|0|88911|03/01/2024 18:00:54||35346|91771560800|225372407600
17492|0|91423|04/01/2024 03:15:19||2081|48617664|70198440
16949|0|93087|03/01/2024 23:34:40||15320|6350325832|7380705888
16932|0|50286|03/01/2024 23:28:05||15715|7427172736|11092742184
16537|0|79156|03/01/2024 20:30:41||26359|2845250480|4041299424
16674|0|77493|03/01/2024 21:33:58||22562|749492704|816422672
15531|0|15261|03/01/2024 13:36:37||51203|5683713152|7480793464
16629|0|58102|03/01/2024 21:16:24||23616|861925744|958729496
17276|0|43201|04/01/2024 01:44:13||7547|4749683928|5824722776
17350|0|36627|04/01/2024 02:16:21||5619|5261450824|13378912880
16602|0|45750|03/01/2024 21:06:35||24205|10166766648|14846017256
16212|0|33153|03/01/2024 18:17:19||34361|17594596240|21737565320
17351|0|81041|04/01/2024 02:18:41||5479|178338304|205420888
15767|0|7558|03/01/2024 15:11:07||45533|15812103216|19572043328
15705|0|86597|03/01/2024 14:56:15||46425|12669352472|18044808616
16603|0|93848|03/01/2024 21:09:14||24046|615047184|791814088
17138|0|60463|04/01/2024 00:55:55||10445|3654169232|5068206432
16076|0|55126|03/01/2024 17:29:35||37225|132543253208|395015877752
16166|0|38598|03/01/2024 17:52:18||35862|5032560832|6415453208
17443|0|72617|04/01/2024 02:53:04||3416|106052296|157734592
17444|0|91669|04/01/2024 02:50:16||3584|349613040|439701696
17301|0|99020|04/01/2024 01:59:47||6613|15846196096|46988329880
16675|0|79305|03/01/2024 21:34:10||22550|930519424|1281060712
16106|0|23636|03/01/2024 17:36:17||36823|4051892256|5394608536
17395|0|12052|04/01/2024 02:33:41||4579|525881816|681015024
17367|0|93907|04/01/2024 02:22:49||5231|81244408|116637272
17445|0|41453|04/01/2024 02:52:57||3423|404491896|472488016
15879|0|28624|03/01/2024 16:00:25||42575|13860431736|20485001696
16339|0|15742|03/01/2024 19:06:54||31386|7317909152|9022307096
16579|0|25899|03/01/2024 20:53:32||24988|1111659816|1210407376
16676|0|92029|03/01/2024 21:38:10||22310|525695352|682298424
17091|0|71455|04/01/2024 00:33:50||11770|2109725560|2193292704
16367|0|16196|03/01/2024 19:19:23||30637|9742547168|10052495272
15532|0|72586|03/01/2024 13:32:56||51424|162718626728|449732917592
15812|0|66485|03/01/2024 15:30:04||44396|7092243176|8211305808
16887|0|50442|03/01/2024 23:08:56||16864|3201153728|4679626232
16167|0|48112|03/01/2024 17:57:45||35535|10502804336|14436507608
17038|0|95564|04/01/2024 00:13:50||12970|3119592320|3164376584
16186|0|81304|03/01/2024 18:05:50||35050|25159030272|34007650072
16653|0|55543|03/01/2024 21:25:51||23049|2814695352|3157796168
16049|0|33239|03/01/2024 17:17:06||37974|2605246960|3824706096
17368|0|61581|04/01/2024 02:22:26||5254|194982176|269259496
15227|0|38182|03/01/2024 11:29:13||58847|23269921000|24349582400
17321|0|87943|04/01/2024 02:08:11||6109|10955477992|29181827520
17322|0|32575|04/01/2024 02:06:24||6216|968051200|1138123824
17243|0|4296|04/01/2024 01:34:46||8114|2942207320|3641243720
17060|0|91413|04/01/2024 00:25:36||12264|590253784|791487320
16252|0|51087|03/01/2024 18:37:41||33139|13181121952|15351110664
17527|0|5238|04/01/2024 03:22:44||1636|463235768|510291224
15351|0|58992|03/01/2024 12:12:15||56265|2066090640|2123861296
15977|0|48037|03/01/2024 16:40:15||40185|2883180336|3512548144
16494|0|22758|03/01/2024 20:13:14||27406|2610496272|3098024784
16253|0|66806|03/01/2024 18:30:51||33549|12303806728|14506434536
16403|0|18801|03/01/2024 19:37:39||29541|13780891488|13930236144
16051|0|71739|03/01/2024 17:14:04||38156|150752418176|298814347064
15509|0|27134|03/01/2024 13:21:21||52119|36491194528|39528696968
15733|0|69771|03/01/2024 15:06:11||45829|4730391616|7018511760
15950|0|93577|03/01/2024 16:36:58|04/01/2024 03:40:36|39818|2544936512|3382911600
17583|0|93577|04/01/2024 03:41:10||530|220296392|294111520
17039|0|32044|04/01/2024 00:12:26||13054|4778575928|5636784056
16168|0|7096|03/01/2024 17:51:51||35889|20041103608|20980594968
17465|0|3879|04/01/2024 03:00:50||2950|131279408|149839984
16825|0|91320|03/01/2024 22:33:19||19001|7303836848|7839006104
17555|0|51709|04/01/2024 03:38:00||720|56798880|66044464
17493|0|61527|04/01/2024 03:16:22||2018|60703504|69739680
16776|0|67176|03/01/2024 22:14:19||20141|9371462384|9955617168
16845|0|64240|03/01/2024 22:41:25||18515|5778323336|6977326960
16988|0|67487|03/01/2024 23:56:41||13999|10261974512|14169571624
16133|0|47177|03/01/2024 17:49:01||36059|10595673512|14507496912
17169|0|38992|04/01/2024 01:07:30||9750|3681951792|4138764232
17277|0|3804|04/01/2024 01:47:09||7371|1452384504|1593921592
16933|0|25364|03/01/2024 23:28:29||15691|22279765496|55948919592
16606|0|34693|03/01/2024 21:03:03||24417|7629806760|8348083096
16861|0|52740|03/01/2024 22:54:37||17723|2362463856|3245417800
16077|0|56085|03/01/2024 17:22:20||37660|8922445584|12617584816
15734|0|28674|03/01/2024 15:08:10||45710|9830249896|11423702888
17369|0|51998|04/01/2024 02:22:40||5240|2129657872|2776250928
17012|0|93545|04/01/2024 00:09:29||13231|314056776|448201944
17528|0|84826|04/01/2024 03:25:58||1442|397942152|462127448
15188|0|30851|03/01/2024 11:05:02||60298|2503731736|3290177328
17061|0|56414|04/01/2024 00:23:40||12380|204413544|293301664
16169|0|69735|03/01/2024 17:58:00||35520|9660762888|10831438288
17092|0|40655|04/01/2024 00:32:40||11840|765523136|1020825016
17118|0|76230|04/01/2024 00:46:49||10991|1853157952|2488772400
16385|0|7655|03/01/2024 19:28:02||30118|11117217080|16106899544
15735|0|9300|03/01/2024 15:08:45||45675|9926981288|12294481664
16170|0|71821|03/01/2024 17:58:01||35519|5538527360|7847260160
16580|0|67505|03/01/2024 20:59:42||24618|26900810584|58258101320
15736|0|36103|03/01/2024 15:08:33||45687|14276702736|17946310192
16009|0|40103|03/01/2024 16:58:09|04/01/2024 03:48:45|39036|9231435296|13498885520
15737|0|55006|03/01/2024 15:01:52||46088|2633210176|3360081008
15979|0|74918|03/01/2024 16:40:28||40172|21862721272|30155326416
16677|0|64751|03/01/2024 21:30:19||22781|9287287616|10581008152
15581|0|59285|03/01/2024 13:52:04||50276|1801816176|1808110960
16826|0|10372|03/01/2024 22:33:25||18995|5240816240|6977490568
16654|0|38989|03/01/2024 21:27:32||22948|999285768|1187854896
17396|0|87346|04/01/2024 02:38:22||4298|43686864|57003784
16214|0|95204|03/01/2024 18:15:42||34458|138724872|142141672
17494|0|75736|04/01/2024 03:15:30||2070|493018432|706128840
15321|0|30647|03/01/2024 12:05:01||56699|22018154600|27316441856
15903|0|26361|03/01/2024 16:11:37||41903|6830465448|10175453024
17323|0|74728|04/01/2024 02:09:19||6041|4449571560|4731794800
16905|0|67503|03/01/2024 23:17:50||16330|7103358896|8424965496
15374|0|37021|03/01/2024 12:25:42||55458|10233155512|10708222072
17324|0|74143|04/01/2024 02:02:43||6437|2229509968|2564120768
15554|0|14784|03/01/2024 13:47:39||50541|9833651952|12762789424
15472|0|4530|03/01/2024 13:02:54||53226|10121582056|12884077904
17370|0|52587|04/01/2024 02:27:22||4958|2361390720|6225218256
16862|0|72622|03/01/2024 22:55:38||17662|1968185992|2009920176
16974|0|91944|03/01/2024 23:40:12||14988|3066328016|3925974792
15707|0|89679|03/01/2024 14:55:47||46453|7901528816|9590952176
15927|0|91899|03/01/2024 16:26:37||41003|527433136|607098080
16515|0|72403|03/01/2024 20:29:48||26412|1117040480|1243861048
16368|0|60110|03/01/2024 19:18:48||30672|6270417968|8915649832
16777|0|10537|03/01/2024 22:17:27||19953|1312564080|1366936688
15796|0|40603|03/01/2024 15:22:04||44876|9864276392|11501395696
16581|0|86607|03/01/2024 20:59:05||24655|49121880424|137781578888
16340|0|38040|03/01/2024 19:03:31||31589|6679751016|8130939896
17191|0|66220|04/01/2024 01:17:09||9171|3011811560|3920258696
16906|0|89958|03/01/2024 23:14:57||16503|1439689336|1923226496
16319|0|39802|03/01/2024 18:54:00||32160|3098648024|4021759304
17093|0|87588|04/01/2024 00:33:58||11762|7780265112|5019680360
17371|0|4106|04/01/2024 02:24:26||5134|9877142304|22806311832
16989|0|31901|03/01/2024 23:53:35||14185|1046436944|1219554952
16679|0|4867|03/01/2024 21:32:31||22649|25770785664|16628724920
17495|0|86994|04/01/2024 03:17:43||1937|568175312|668506728
15582|0|99342|03/01/2024 13:54:09||50151|19046563656|26345618648
17244|0|14558|04/01/2024 01:37:46||7934|2448048424|2508769720
15452|0|49933|03/01/2024 12:59:06||53454|6126634424|7994792624
16778|0|33874|03/01/2024 22:12:00||20280|4012494056|5949657456
17416|0|7030|04/01/2024 02:46:55||3785|6866685360|17694558424
16863|0|51188|03/01/2024 22:57:39||17541|1258792248|1802142200
17325|0|95931|04/01/2024 02:01:52||6488|195467728|220333680
16136|0|45898|03/01/2024 17:45:22||36278|6945304960|10010997472
15769|0|49538|03/01/2024 15:13:41||45379|7383084744|10794808432
16632|0|75420|03/01/2024 21:12:40||23840|8458395472|5620935384
17326|0|37349|04/01/2024 02:01:05||6535|26639996768|57665820520
17372|0|37992|04/01/2024 02:20:31||5369|589926224|874435376
17584|0|53235|04/01/2024 03:45:10||290|277736952|593159544
17040|0|93704|04/01/2024 00:19:52||12608|322502496|391320472
17373|0|62081|04/01/2024 02:24:17||5143|8939445416|6191045992
17529|0|98961|04/01/2024 03:26:49||1391|913549976|1073853104
17556|0|14586|04/01/2024 03:30:37||1163|195310208|251152560
16137|0|98312|03/01/2024 17:41:05||36535|5388776880|7218841920
16607|0|64198|03/01/2024 21:05:43||24257|9954712712|11478460024
15556|0|95348|03/01/2024 13:44:13||50747|22634595248|25156431552
16680|0|54205|03/01/2024 21:36:12||22428|2228327512|2393658704
16171|0|38338|03/01/2024 17:54:42||35718|8040888928|8540344928
16254|0|73062|03/01/2024 18:32:01||33479|16455752768|18632093856
16232|0|26752|03/01/2024 18:26:00||33840|15046586888|22294100272
16656|0|45454|03/01/2024 21:26:45||22995|77166786824|158007467800
16757|0|34760|03/01/2024 22:01:37||20903|3812771200|5061348408
15353|0|54849|03/01/2024 12:17:15||55965|21661292880|31687272616
17417|0|36213|04/01/2024 02:41:13||4127|441498928|539456760
15607|0|21135|03/01/2024 14:09:18||49242|6925387464|8399298336
17278|0|58204|04/01/2024 01:48:55||7265|1053305784|1439260680
16711|0|66956|03/01/2024 21:48:35||21685|3258866840|4346084120
16320|0|76400|03/01/2024 18:55:48||32052|3952410032|5487417688
16030|0|80078|03/01/2024 17:08:31||38489|3616218544|5256799792
16681|0|17919|03/01/2024 21:37:58||22322|7050901440|7853107728
17352|0|80717|04/01/2024 02:12:05||5875|12231175648|27190376800
15952|0|56250|03/01/2024 16:36:22||40418|1452445632|2076247056
16682|0|16471|03/01/2024 21:36:41||22399|7038303384|7563072984
17530|0|98373|04/01/2024 03:26:59||1381|211644032|276927584
15163|0|22040|03/01/2024 10:51:51||61089|9675055080|10306912648
16538|0|17110|03/01/2024 20:31:10||26330|8650123808|9396008472
17466|0|59622|04/01/2024 03:05:48||2652|1216062024|1223427944
17418|0|36498|04/01/2024 02:42:25||4055|159540112|219784360
16233|0|36976|03/01/2024 18:26:27||33813|16637091792|23165808400
16079|0|65716|03/01/2024 17:24:36||37524|7263947520|9638113688
15533|0|13437|03/01/2024 13:34:03||51357|133249688952|255003733360
16582|0|75299|03/01/2024 20:53:07||25013|1766978144|2594269536
17467|0|39330|04/01/2024 03:08:13||2507|151430032|173540416
15189|0|7520|03/01/2024 11:08:45|04/01/2024 03:45:00|59775|1815457760|2603557656
17041|0|85187|04/01/2024 00:15:18||12882|821513072|1615778632
16343|0|71628|03/01/2024 19:09:56||31204|7705940328|10189118560
16139|0|80530|03/01/2024 17:48:42||36078|3805602848|3808711920
16495|0|55803|03/01/2024 20:17:48||27132|2413023072|2958743976
15669|0|39615|03/01/2024 14:30:49||47951|21662528360|25214282984
16736|0|26853|03/01/2024 21:58:49||21071|729811600|981356424
17302|0|72960|04/01/2024 01:52:03||7077|1270966032|1476429000
16907|0|23508|03/01/2024 23:14:52||16508|44227392896|122954135024
15585|0|81599|03/01/2024 13:54:33||50127|9621603720|13894430144
17245|0|90524|04/01/2024 01:32:36||8244|32392912|44908376
17397|0|63519|04/01/2024 02:33:25||4595|1912331152|2094945128
16975|0|53913|03/01/2024 23:42:27||14853|5016730160|5674319448
15608|0|27053|03/01/2024 14:06:12||49428|5873879200|6257082592
16468|0|55461|03/01/2024 20:05:52||27848|5799945704|7344201120
16934|0|9829|03/01/2024 23:28:30||15690|2527323632|3348159960
17279|0|18965|04/01/2024 01:46:46||7394|3041640088|4418020104
16888|0|87016|03/01/2024 23:05:39||17061|8900000328|9443676704
16951|0|10813|03/01/2024 23:32:42||15438|2505325896|3424812400
16425|0|24466|03/01/2024 19:47:43||28937|2969699776|3494873856
17468|0|93018|04/01/2024 03:02:24||2856|140995112|144311600
17469|0|55290|04/01/2024 03:03:25||2795|397530336|424088424
16140|0|16175|03/01/2024 17:40:57||36543|11923847920|16919783648
16172|0|56321|03/01/2024 17:57:52||35528|17620195904|21018766072
15815|0|82244|03/01/2024 15:34:43||44117|11936558416|12697883088
16282|0|59169|03/01/2024 18:41:52||32888|9099429520|11477371152
16496|0|18551|03/01/2024 20:11:28||27512|6380056896|8475101744
15981|0|72603|03/01/2024 16:48:06||39714|3463885712|3663472664
16257|0|49345|03/01/2024 18:32:09||33471|7882684976|10327667752
15586|0|62443|03/01/2024 13:56:31||50009|4131550256|4630041096
16111|0|16914|03/01/2024 17:33:34||36986|6884658896|7421860496
16112|0|79726|03/01/2024 17:39:38|04/01/2024 03:40:48|36070|10455124016|13689864432
16683|0|95843|03/01/2024 21:35:38||22462|1074369144|1511499072
16555|0|47930|03/01/2024 20:45:00||25500|2712882424|3438426512
16141|0|55895|03/01/2024 17:42:32||36448|12087104248|13536230072
15248|0|34787|03/01/2024 11:33:28||58592|3514253824|4130635568
15882|0|71522|03/01/2024 16:08:47||42073|3814444992|4244728296
17419|0|78069|04/01/2024 02:42:18||4062|300836232|451098016
16113|0|54515|03/01/2024 17:35:55||36845|3557699056|4470049488
15037|0|74259|03/01/2024 10:08:23||63697|3597569104|4753799784
15513|0|52004|03/01/2024 13:22:03||52077|37517925592|79032197408
16142|0|12441|03/01/2024 17:49:14||36046|58118957424|157013033424
17139|0|74991|04/01/2024 00:53:55||10565|3092024232|3598228144
17219|0|25915|04/01/2024 01:23:12||8808|644183984|719960072
16864|0|30630|03/01/2024 22:59:09||17451|5529201744|7754267104
17327|0|13046|04/01/2024 02:04:16||6344|3246635824|3306901384
16848|0|73835|03/01/2024 22:41:07||18533|514129432|728243048
16992|0|78433|03/01/2024 23:53:49||14171|748480392|788066576
17496|0|75025|04/01/2024 03:18:17||1903|616084736|770012296
15982|0|18618|03/01/2024 16:46:59||39781|2664686248|3010517920
15474|0|14275|03/01/2024 13:00:12||53388|4708425008|5370851528
17328|0|34756|04/01/2024 02:05:36||6264|821946616|1018397960
16865|0|43904|03/01/2024 22:59:36||17424|10234080264|12214379432
14934|0|99645|03/01/2024 09:19:33|04/01/2024 03:42:22|66169|7834676912|9671807320
17353|0|48746|04/01/2024 02:17:27||5553|1544099656|1591101616
17329|0|12922|04/01/2024 02:01:07||6533|294599664|294936616
16936|0|12082|03/01/2024 23:24:12||15948|238152800|282335488
17220|0|84358|04/01/2024 01:21:36||8904|3290100032|3482109072
17094|0|17759|04/01/2024 00:34:17||11743|1944409664|2025976736
16759|0|84865|03/01/2024 22:00:52||20948|1736066720|2516046912
17192|0|89120|04/01/2024 01:14:28||9332|2882618352|2969840432
15953|0|48767|03/01/2024 16:32:41||40639|2501481976|2663863328
17095|0|78806|04/01/2024 00:34:40||11720|37124340552|106436176600
16684|0|25702|03/01/2024 21:33:43||22577|7716085528|8371243392
15798|0|48296|03/01/2024 15:21:46||44894|19215527288|19756561680
15859|0|73922|03/01/2024 15:56:02||42838|4609550152|4639812264
16712|0|61330|03/01/2024 21:46:53||21787|206983896|241519888
16866|0|90367|03/01/2024 22:51:41||17899|4254573200|4270023928
15741|0|37105|03/01/2024 15:05:18||45882|24993617440|31617138712
15249|0|6960|03/01/2024 11:31:30||58710|142310471088|316993187448
17420|0|30767|04/01/2024 02:41:37||4103|201255872|201545952
17193|0|35076|04/01/2024 01:17:54||9126|444145744|631125176
15424|0|83370|03/01/2024 12:42:39||54441|194458836416|459162990720
16609|0|20312|03/01/2024 21:02:11||24469|6714848664|8655429592
15689|0|65677|03/01/2024 14:49:17||46843|2507140384|2753562984
16173|0|22916|03/01/2024 17:58:35||35485|964901736|1070295016
17470|0|16674|04/01/2024 03:06:20||2620|96395320|127781792
16191|0|16695|03/01/2024 18:03:46||35174|17310606848|20878850856
16610|0|40671|03/01/2024 21:02:42||24438|4339846648|6406126608
17398|0|90732|04/01/2024 02:38:58||4262|360250160|423006080
15650|0|28957|03/01/2024 14:27:17||48163|9488324008|12474849424
16283|0|81038|03/01/2024 18:47:13||32567|20313200496|23105239512
16284|0|15557|03/01/2024 18:43:38||32782|3086891232|4206261320
17171|0|59134|04/01/2024 01:05:33||9867|59950549784|124016816800
17042|0|40511|04/01/2024 00:14:10||12950|4844211800|5218148696
16685|0|93680|03/01/2024 21:39:54||22206|1316838408|1620184216
17557|0|86192|04/01/2024 03:39:37||623|291806584|350537424
17119|0|34412|04/01/2024 00:41:37||11303|565376568|728797072
16779|0|97925|03/01/2024 22:18:12||19908|3529769456|4839888120
15983|0|23436|03/01/2024 16:49:15||39645|7511123360|8721694680
17246|0|29649|04/01/2024 01:33:59||8161|11932365328|33255163912
16737|0|48911|03/01/2024 21:53:40||21380|2073261048|2318452728
16497|0|79407|03/01/2024 20:17:52||27128|9476660944|14133942208
17194|0|73069|04/01/2024 01:10:51||9549|1741534072|1945659856
17063|0|15102|04/01/2024 00:26:25||12215|25394385848|62144745560
16083|0|39308|03/01/2024 17:24:56||37504|1426919312|1792780584
16633|0|78689|03/01/2024 21:12:03||23877|9524733632|9697002368
15799|0|74346|03/01/2024 15:29:55||44405|2303712528|2892113784
17195|0|98973|04/01/2024 01:14:52||9308|455886528|521761600
17096|0|98489|04/01/2024 00:37:27||11553|2708348288|2772822952
17120|0|48741|04/01/2024 00:45:47||11053|2032143336|2216687712
16686|0|64434|03/01/2024 21:33:18||22602|1891598320|2804968240
16952|0|6399|03/01/2024 23:30:50||15550|7246695896|8664586656
16286|0|3892|03/01/2024 18:48:01||32519|19875501560|54168046776
16780|0|6662|03/01/2024 22:12:27||20253|8672413112|10373582160
16908|0|16812|03/01/2024 23:14:06||16554|2289868376|2429322664
15884|0|35461|03/01/2024 16:04:26||42334|5155533744|6248676544
17221|0|19079|04/01/2024 01:20:25||8975|14908758776|10675667744
15192|0|17294|03/01/2024 11:01:33||60507|13883174344|15243462128
16539|0|78684|03/01/2024 20:31:23||26317|4170261664|4495584920
17497|0|44698|04/01/2024 03:11:16||2324|177143832|251206520
17498|0|69485|04/01/2024 03:15:33||2067|368242592|403079560
16806|0|32459|03/01/2024 22:23:41||19579|309570648|342647664
16849|0|62028|03/01/2024 22:43:17||18403|7166617768|8220585632
16807|0|56872|03/01/2024 22:25:49||19451|31401879808|68465662720
17303|0|56746|04/01/2024 01:53:11||7009|819305672|989497456
17471|0|50061|04/01/2024 03:07:50||2530|720511792|831071504
17558|0|83758|04/01/2024 03:33:41||979|123950312|163789312
16658|0|75667|03/01/2024 21:23:54||23166|20917257656|61363855656
15536|0|73186|03/01/2024 13:36:39||51201|11838166968|12935306616
15610|0|41227|03/01/2024 14:03:39||49581|5658756856|7465636384
15376|0|90699|03/01/2024 12:22:15||55665|5237993352|5299153816
17559|0|42205|04/01/2024 03:38:47||673|75854808|90560544
17222|0|94788|04/01/2024 01:20:22||8978|5591928368|5810486464
16498|0|78335|03/01/2024 20:11:33||27507|3457742248|4785302608
16713|0|97865|03/01/2024 21:42:19||22061|28000194448|59528897784
15073|0|21114|03/01/2024 10:10:10||63590|2755514456|2827438488
17472|0|67461|04/01/2024 03:07:56||2524|7811240|10167888
16687|0|42912|03/01/2024 21:31:05||22735|1005456632|1287665016
17446|0|93168|04/01/2024 02:51:40||3500|632773232|784557928
16407|0|74084|03/01/2024 19:37:40||29540|70348898336|162217613880
14953|0|23395|03/01/2024 09:21:53||66487|5268556016|6962511896
15709|0|47737|03/01/2024 14:53:31||46589|9610022224|13767013672
16408|0|75914|03/01/2024 19:38:44||29476|905988112|1350623616
17499|0|26218|04/01/2024 03:11:39||2301|163103512|196971696
17043|0|86009|04/01/2024 00:11:24||13116|723849592|956475488
16234|0|83405|03/01/2024 18:28:55||33665|8927465232|8929159952
17531|0|79268|04/01/2024 03:21:52||1688|636982336|848651984
16470|0|33485|03/01/2024 20:04:01||27959|41268703136|102412263096
17585|0|62744|04/01/2024 03:40:06||594|123340664|142534928
16850|0|55486|03/01/2024 22:40:15||18585|3038809848|3951314616
16714|0|70084|03/01/2024 21:49:39||21621|7136803928|8280455800
16808|0|17728|03/01/2024 22:29:41||19219|1330650320|1816083096
16323|0|47970|03/01/2024 18:51:29||32311|2172140232|2349302352
16174|0|87954|03/01/2024 17:58:00||35520|7693330824|9228263784
17304|0|32920|04/01/2024 01:53:59||6961|2771428312|2916728736
16409|0|65088|03/01/2024 19:39:32||29428|11437865456|14665730520
16032|0|4535|03/01/2024 17:09:11||38449|57469142456|170212182224
15494|0|73483|03/01/2024 13:16:52||52388|35651962376|23675693824
17560|0|46218|04/01/2024 03:38:26||694|18509016|27753256
17247|0|65987|04/01/2024 01:35:02||8098|6610928832|17133958224
16410|0|94873|03/01/2024 19:34:03||29757|12158823208|13788987920
17421|0|76428|04/01/2024 02:49:35||3625|672061992|774218016
15495|0|9390|03/01/2024 13:12:13||52667|9004254672|12421523536
15691|0|25789|03/01/2024 14:40:20||47380|10958657632|12807369256
17121|0|92320|04/01/2024 00:41:28||11312|343894896|490266880
17532|0|98009|04/01/2024 03:24:07||1553|698104272|1024456040
17533|0|67216|04/01/2024 03:29:20||1240|288322712|371496864
16445|0|37723|03/01/2024 19:57:36||28344|101246952576|223843554944
16540|0|62249|03/01/2024 20:33:02||26218|13550066808|16523087032
16977|0|19738|03/01/2024 23:40:10||14990|1545785856|1785844560
17422|0|22741|04/01/2024 02:46:37||3803|251087560|259038992
16346|0|48483|03/01/2024 19:03:26||31594|1682100440|2037114432
17044|0|53107|04/01/2024 00:15:00||12900|30570116080|70732623136
17015|0|6966|04/01/2024 00:08:55||13265|30661559008|83899404248
15588|0|42383|03/01/2024 13:53:17||50203|18494350648|25734434600
16612|0|4685|03/01/2024 21:06:26||24214|1181872416|1414153680
17586|0|28941|04/01/2024 03:41:41||499|87821616|131156392
16258|0|17172|03/01/2024 18:31:31||33509|8727035936|8937405592
16347|0|42168|03/01/2024 19:06:21||31419|3351630128|4180723376
16235|0|99120|03/01/2024 18:22:56||34024|26474257920|29016507056
16738|0|21722|03/01/2024 21:50:57||21543|862376944|1290929128
16117|0|12956|03/01/2024 17:32:00||37080|11409860976|14281973600
16953|0|81020|03/01/2024 23:32:55||15425|2897958064|3337750088
16715|0|97158|03/01/2024 21:48:25||21695|6759877336|9413707008
16909|0|23048|03/01/2024 23:11:55||16685|6093152200|7252317056
16782|0|21853|03/01/2024 22:15:31||20069|2795708904|3004983968
15561|0|92824|03/01/2024 13:40:22||50978|68188383240|152815825784
17423|0|75069|04/01/2024 02:45:55||3845|49372192|68789488
16869|0|35495|03/01/2024 22:56:49||17591|1404834304|1912532528
16851|0|98672|03/01/2024 22:48:11||18109|8416623400|11156932704
16290|0|13901|03/01/2024 18:41:01||32939|2242951680|3149766216
17424|0|31852|04/01/2024 02:45:39||3861|644603712|920811392
16783|0|60185|03/01/2024 22:16:39||20001|12942237744|16228798760
16613|0|32354|03/01/2024 21:00:46||24554|3411376568|4944184872
17280|0|64894|04/01/2024 01:48:28||7292|3503577576|4512475480
17223|0|45060|04/01/2024 01:22:39||8841|2393120712|2744273536
15563|0|39654|03/01/2024 13:44:25||50735|18499637440|21555482960
16716|0|79668|03/01/2024 21:42:02||22078|1714900840|2295788920
17374|0|38417|04/01/2024 02:25:43||5057|2962731920|1613252832
17196|0|53738|04/01/2024 01:12:01||9479|1678789336|1895682648
16472|0|5442|03/01/2024 20:01:12||28128|62091079424|120341445840
17375|0|99612|04/01/2024 02:20:15||5385|999772864|1089249544
16614|0|11302|03/01/2024 21:04:23|04/01/2024 03:46:01|24098|12176634000|13996610328
15209|0|96844|03/01/2024 11:15:46||59654|2939520872|4401328144
15357|0|10803|03/01/2024 12:15:13||56087|3514909504|5166360376
15772|0|31448|03/01/2024 15:10:24||45576|18886547464|20902868248
16615|0|19015|03/01/2024 21:04:31||24329|16803055192|18960749144
17500|0|4734|04/01/2024 03:12:13||2267|1101582912|1208203488
16583|0|62285|03/01/2024 20:55:18||24882|72840269688|161773626112
16217|0|93110|03/01/2024 18:12:10||34670|11438718064|16768764760
17561|0|49696|04/01/2024 03:30:41||1159|344517872|364846576
16993|0|93403|03/01/2024 23:57:07||13973|713504824|978538608
15839|0|36625|03/01/2024 15:41:37||43703|16967936704|19830600704
17399|0|45373|04/01/2024 02:38:06||4314|196343960|234929816
17501|0|80466|04/01/2024 03:10:36||2364|312543416|337232176
16809|0|62626|03/01/2024 22:20:01||19799|1479401080|1520684088
17248|0|98794|04/01/2024 01:31:01||8339|1451874008|1692887472
17197|0|34950|04/01/2024 01:11:01||9539|2110328560|2998426776
15428|0|57945|03/01/2024 12:49:41||54019|40409663488|44137253400
15145|0|30638|03/01/2024 10:41:20||61720|34495944048|43681570192
16518|0|27810|03/01/2024 20:23:30||26790|7056194648|10118570112
16978|0|52043|03/01/2024 23:40:37||14963|1177304168|1504842872
15590|0|74441|03/01/2024 13:55:09||50091|6347160744|6501298536
17425|0|64459|04/01/2024 02:47:21||3759|58586104|87141200
16084|0|68984|03/01/2024 17:21:07||37733|129667047712|340870233584
16994|0|44360|03/01/2024 23:55:23||14077|20417391688|11514866744
17534|0|44387|04/01/2024 03:29:47||1213|94967216|107370288
17426|0|22927|04/01/2024 02:44:57||3903|876925432|944341048
17447|0|6154|04/01/2024 02:55:08||3292|143308536|195561280
15861|0|86250|03/01/2024 15:50:11||43189|10529038920|11539200536
16739|0|57795|03/01/2024 21:55:55||21245|319104152|397138400
17249|0|34596|04/01/2024 01:33:06||8214|2562441096|2850408344
17281|0|74448|04/01/2024 01:47:37||7343|4905818496|6496147960
16870|0|39394|03/01/2024 22:55:23||17677|3889791912|5251506480
17562|0|22156|04/01/2024 03:33:56||964|2486884784|5221845512
16827|0|36682|03/01/2024 22:33:02||19018|4034258936|4343172616
17535|0|4803|04/01/2024 03:21:31||1709|4368764456|10459901000
15477|0|44803|03/01/2024 13:01:52||53288|64087771760|52175699760
16871|0|29749|03/01/2024 22:51:29||17911|24072224392|64835624720
16558|0|57836|03/01/2024 20:47:25||25355|55358567496|117827835864
17198|0|57716|04/01/2024 01:12:10||9470|23087484816|55289302672
16872|0|11571|03/01/2024 22:55:17||17683|1363180528|1390978496
16291|0|54472|03/01/2024 18:49:49||32411|6376208952|8654879024
17354|0|56631|04/01/2024 02:10:21||5979|1984311752|2945433464
16371|0|60600|03/01/2024 19:16:50||30790|918043800|1113842584
15985|0|36839|03/01/2024 16:42:21||40059|11074204696|12663553960
17448|0|33855|04/01/2024 02:58:28||3092|245551640|308511712
17563|0|51521|04/01/2024 03:34:20||940|465762728|582173504
16325|0|75669|03/01/2024 18:56:27||32013|50163996904|139859517088
17064|0|4484|04/01/2024 00:25:57||12243|1383067664|1702840472
15632|0|3904|03/01/2024 14:13:10||49010|8718101512|10092956440
15591|0|62816|03/01/2024 13:56:42||49998|19210536848|22104430712
16954|0|55005|03/01/2024 23:39:19||15041|1126046096|1389917376
17305|0|14219|04/01/2024 01:56:53||6787|441765160|561714744
16873|0|57735|03/01/2024 22:55:39||17661|2158072120|3164870096
17016|0|93820|04/01/2024 00:02:56||13624|4545800088|5969958056
17097|0|38586|04/01/2024 00:38:05||11515|550461624|568513112
16810|0|28490|03/01/2024 22:26:26||19414|4194743024|5119190944
16955|0|28587|03/01/2024 23:31:32||15508|187186024|200198352
17449|0|35091|04/01/2024 02:51:37||3503|213381672|305921520
17282|0|61191|04/01/2024 01:45:11||7489|4762952816|5437759736
17473|0|53326|04/01/2024 03:05:43||2657|262921784|393321208
17331|0|5803|04/01/2024 02:02:54||6426|660508136|906897728
17065|0|41544|04/01/2024 00:27:49||12131|28838792|31754112
15210|0|52563|03/01/2024 11:16:39|04/01/2024 03:42:19|59140|6778515400|6855597568
17587|0|52563|04/01/2024 03:43:29||391|6748456|7626040
16085|0|66081|03/01/2024 17:23:08||37612|97615117368|199626678496
17564|0|94787|04/01/2024 03:37:55||725|1417741784|4230494064
16414|0|54119|03/01/2024 19:33:26||29794|1610585272|2364717752
15078|0|90057|03/01/2024 10:12:08||63472|19309001880|22527449080
17400|0|24453|04/01/2024 02:33:16||4604|254206208|265609664
16874|0|9336|03/01/2024 22:56:07||17633|9448338376|13294088344
15331|0|27698|03/01/2024 12:02:48||56832|3453366008|3584922120
15272|0|33206|03/01/2024 11:47:43||57737|16051959048|18914759232
15478|0|70213|03/01/2024 13:02:33||53247|6548230584|7789541560
17172|0|50917|04/01/2024 01:05:55||9845|2078856328|2663243616
17066|0|30781|04/01/2024 00:24:50||12310|204991568|289360400
15592|0|36760|03/01/2024 13:58:47||49873|13768150824|15268854144
15633|0|41406|03/01/2024 14:14:42||48918|22377557616|28806620584
17140|0|60581|04/01/2024 00:53:16||10604|1994094832|2537396408
17536|0|8169|04/01/2024 03:22:25||1655|1242955504|1294398000
17045|0|17619|04/01/2024 00:14:24||12936|1049043472|1389098088
17588|0|68948|04/01/2024 03:40:20||580|79218216|89884864
15710|0|84564|03/01/2024 14:56:09||46431|8052920512|9976896136
16348|0|67169|03/01/2024 19:07:10||31370|2193374656|2479079192
17122|0|27999|04/01/2024 00:47:55||10925|1462327864|1611819392
16447|0|47248|03/01/2024 19:59:47||28213|13401166432|14541275696
16415|0|41267|03/01/2024 19:38:29||29491|2184751528|2226834064
17565|0|11766|04/01/2024 03:37:13||767|99821336|113782728
16828|0|94316|03/01/2024 22:36:21||18819|7544578888|11211713368
15888|0|97311|03/01/2024 16:05:34||42266|49724228240|138951795080
16938|0|85267|03/01/2024 23:25:56||15844|3604213448|4256322312
16852|0|90419|03/01/2024 22:47:38||18142|420313456|431728008
17589|0|61182|04/01/2024 03:41:40||500|64139952|79915768
16785|0|18158|03/01/2024 22:16:27||20013|5799932904|6236015256
16689|0|32978|03/01/2024 21:38:03||22317|1696848976|2207845984
17284|0|83108|04/01/2024 01:48:38||7282|2322455728|2930840512
16690|0|73600|03/01/2024 21:30:00||22800|2444104640|2608789024
17017|0|60085|04/01/2024 00:02:03||13677|584482072|628548368
17098|0|60363|04/01/2024 00:37:52||11528|246927128|279243896
17173|0|44099|04/01/2024 01:08:25||9695|438229752|623670984
17018|0|22701|04/01/2024 00:02:09||13671|585541648|812841440
16086|0|53471|03/01/2024 17:29:13||37247|118019229848|246680470760
16561|0|55148|03/01/2024 20:46:33||25407|4594671488|5864863136
17099|0|10213|04/01/2024 00:35:11||11689|672190552|932429456
16890|0|63274|03/01/2024 23:00:43||17357|2107618056|3082544704
15654|0|93717|03/01/2024 14:24:13||48347|4210240896|4322962264
17590|0|36448|04/01/2024 03:44:09||351|255416008|266263448
17450|0|60097|04/01/2024 02:59:12||3048|112641960|153433648
17250|0|33346|04/01/2024 01:36:08||8032|1734131360|2168404176
16501|0|42954|03/01/2024 20:10:32||27568|4507183336|5691317584
16521|0|8613|03/01/2024 20:23:04||26816|5196112496|6273482480
16416|0|43500|03/01/2024 19:36:16||29624|7136868600|10542260864
15692|0|37264|03/01/2024 14:43:01||47219|6729213840|9630288544
17251|0|62527|04/01/2024 01:33:46||8174|13513157832|28334641272
15693|0|33390|03/01/2024 14:41:11||47329|16152301192|16446740320
17502|0|79189|04/01/2024 03:14:01||2159|126155856|167842440
17019|0|70009|04/01/2024 00:04:05||13555|2044328032|2159587168
17537|0|55177|04/01/2024 03:21:49||1691|400995872|449753992
16502|0|84127|03/01/2024 20:10:07||27593|6628481424|7888229256
15748|0|87607|03/01/2024 15:08:02||45718|16140291384|21220168576
16660|0|72601|03/01/2024 21:21:23||23317|838736800|849109752
17332|0|95675|04/01/2024 02:08:46||6074|393769904|431305504
16427|0|43954|03/01/2024 19:44:08||29152|7351982776|7459808456
16719|0|48931|03/01/2024 21:45:09||21891|437592208|544764024
16059|0|60102|03/01/2024 17:18:50||37870|8559360568|8989694120
16829|0|39327|03/01/2024 22:34:51||18909|30426132048|74828128856
15773|0|90954|03/01/2024 15:14:00||45360|6993407488|8384132440
17401|0|61005|04/01/2024 02:36:40||4400|472273056|560716408
15594|0|89323|03/01/2024 13:57:01||49979|5277145440|5489666360
16811|0|35705|03/01/2024 22:26:25||19415|8393867032|9853119472
15910|0|77387|03/01/2024 16:18:45||41475|63210904688|156237694632
17199|0|21282|04/01/2024 01:15:36||9264|1179460104|1430621168
17427|0|35695|04/01/2024 02:42:04||4076|1122999064|1531362488
15537|0|72301|03/01/2024 13:31:24||51516|254685008|256983712
16911|0|38967|03/01/2024 23:17:19||16361|12198143376|17905882992
16762|0|79767|03/01/2024 22:08:28||20492|1851976120|2235016488
17355|0|68077|04/01/2024 02:16:04||5636|15946367920|33541365552
17451|0|25392|04/01/2024 02:55:58||3242|57105040|71599424
16193|0|95355|03/01/2024 18:01:06||35334|4045175680|5154841320
16891|0|82476|03/01/2024 23:08:07||16913|3731369520|4024200296
16260|0|35329|03/01/2024 18:37:27||33153|11862267464|16037903008
16586|0|17356|03/01/2024 20:54:22||24938|2026262400|2084427968
15273|0|84545|03/01/2024 11:48:29||57691|11777063728|17367621760
17200|0|48001|04/01/2024 01:14:26||9334|4838412504|12438959736
15081|0|68986|03/01/2024 10:11:17||63523|87985655720|257014285896
16956|0|52327|03/01/2024 23:31:57||15483|5356333976|7784908960
16327|0|6952|03/01/2024 18:52:32||32248|96399912896|232820553512
17376|0|38590|04/01/2024 02:22:17||5263|3583369432|2862664504
15694|0|90800|03/01/2024 14:48:56||46864|10152204800|11003951832
17175|0|90382|04/01/2024 01:07:31||9749|2555240280|3172553912
15430|0|40431|03/01/2024 12:45:27||54273|7347293232|8008107248
17285|0|63445|04/01/2024 01:48:56||7264|3455215704|4756246368
16763|0|39713|03/01/2024 22:09:29||20431|79563586456|175261491048
16292|0|16348|03/01/2024 18:45:52||32648|7015043784|8250504288
17566|0|46611|04/01/2024 03:32:47||1033|64010072|83603408
16449|0|85434|03/01/2024 19:52:42||28638|3786197592|3914027376
15497|0|91313|03/01/2024 13:19:04||52256|7544071112|9290686512
16786|0|45237|03/01/2024 22:14:07||20153|1125693824|1329452792
17067|0|70307|04/01/2024 00:22:28||12452|33063767984|73233621936
17452|0|45886|04/01/2024 02:51:04||3536|382899144|528561568
16475|0|95683|03/01/2024 20:09:24||27636|793359168|850918576
15518|0|44964|03/01/2024 13:29:53||51607|15285359064|17507935432
17402|0|19376|04/01/2024 02:37:35||4345|158460280|204531640
16261|0|43370|03/01/2024 18:36:07||33233|2204195920|2876144952
17474|0|12359|04/01/2024 03:04:52||2708|337578128|491233560
16194|0|28498|03/01/2024 18:06:22||35018|62153799552|176215079144
16875|0|12270|03/01/2024 22:53:25||17795|1512341176|2060212616
17538|0|92170|04/01/2024 03:21:28||1712|222243192|292406800
16830|0|11534|03/01/2024 22:38:19||18701|6498104968|6779533216
16720|0|21518|03/01/2024 21:42:46||22034|5931210512|8731716840
17068|0|37567|04/01/2024 00:22:33||12447|2647157392|2998810064
16661|0|92546|03/01/2024 21:21:45||23295|1637966200|2168142920
17100|0|26922|04/01/2024 00:30:59||11941|28065688|28864416
17503|0|31543|04/01/2024 03:17:08||1972|75903080|81604600
15889|0|53404|03/01/2024 16:07:20||42160|4742280664|5750347912
17504|0|93993|04/01/2024 03:15:16||2084|1260832224|1778996664
16328|0|60296|03/01/2024 18:50:51||32349|4092841912|5935039632
16450|0|78972|03/01/2024 19:58:11||28309|7414863088|8290857152
16587|0|67859|03/01/2024 20:52:13||25067|2002319888|2624334032
16034|0|48607|03/01/2024 17:06:31||38609|3167754632|3714110832
16293|0|85410|03/01/2024 18:40:03||32997|1981173056|2867652328
16812|0|99156|03/01/2024 22:23:39||19581|1444963328|1447617832
15911|0|98210|03/01/2024 16:12:00||41880|2557405888|3151697544
16662|0|83497|03/01/2024 21:22:53||23227|1651166808|2279447344
15566|0|77491|03/01/2024 13:47:18||50562|1859236432|2015908504
17505|0|35733|04/01/2024 03:15:33||2067|15432856|21526184
16294|0|98856|03/01/2024 18:42:30||32850|12838937936|13231695008
17252|0|44658|04/01/2024 01:32:39||8241|517327536|703417432
16373|0|86828|03/01/2024 19:11:55||31085|11059667808|16049975216
17201|0|26828|04/01/2024 01:18:48||9072|2738014976|3630565896
17377|0|37861|04/01/2024 02:22:57||5223|226473000|295450712
17123|0|65772|04/01/2024 00:43:50||11170|2446974000|3363023152
17591|0|54961|04/01/2024 03:40:47||553|607294064|1377622720
16995|0|90163|03/01/2024 23:58:30||13890|168132296|168577448
17124|0|4256|04/01/2024 00:49:32||10828|3181006304|3353209048
16616|0|11231|03/01/2024 21:09:29||24031|19495856248|24706433248
16012|0|28951|03/01/2024 16:50:53||39547|2517305376|2531556056
17141|0|64878|04/01/2024 00:52:02||10678|2208915864|2756648256
16831|0|10802|03/01/2024 22:32:41||19039|84909699448|179194687648
17506|0|13764|04/01/2024 03:18:05||1915|442775152|564384312
17142|0|26572|04/01/2024 00:54:56||10504|2053534912|3048431680
15801|0|67867|03/01/2024 15:29:15||44445|2307252208|2815565912
15841|0|9349|03/01/2024 15:48:12||43308|12347719064|14407074464
17202|0|13737|04/01/2024 01:18:52||9068|4102526952|4776141344
17176|0|19097|04/01/2024 01:02:12||10068|3123584|4232616
16451|0|26277|03/01/2024 19:56:47||28393|5400034792|5525841440
16663|0|9872|03/01/2024 21:20:42||23358|5809185848|6043764328
16013|0|72764|03/01/2024 16:50:37||39563|128498194512|281840546784
17203|0|89278|04/01/2024 01:12:51||9429|4027119848|5631768360
16996|0|61032|03/01/2024 23:56:39||14001|878099496|1222390864
17403|0|8632|04/01/2024 02:38:31||4289|814046560|971095560
16329|0|33062|03/01/2024 18:52:28||32252|59071762744|159241416832
16417|0|27279|03/01/2024 19:34:13||29747|2495266216|3314929216
15802|0|30292|03/01/2024 15:28:27||44493|119094959784|337839738568
16522|0|80603|03/01/2024 20:22:16||26864|3942802784|4039273400
14986|0|97911|03/01/2024 09:34:24||65736|22601751800|32515376280
15616|0|5529|03/01/2024 14:01:16||49724|11479528680|13302438512
15617|0|68440|03/01/2024 14:00:19||49781|14967573632|18241150992
16541|0|94248|03/01/2024 20:30:03||26397|15642382136|17291217008
16634|0|11066|03/01/2024 21:16:23||23617|1209823968|1332226704
16635|0|21964|03/01/2024 21:15:09||23691|27502697992|57183546424
16912|0|57080|03/01/2024 23:16:26||16414|10840379416|12099880184
15657|0|57413|03/01/2024 14:28:54||48066|4262094304|5086793040
17253|0|79350|04/01/2024 01:37:34||7946|1457033096|2102253080
17378|0|90190|04/01/2024 02:27:08||4972|2102620448|2971682328
16295|0|69929|03/01/2024 18:48:05||32515|5958797040|8159288952
16090|0|39905|03/01/2024 17:22:56||37624|20525950704|23048553688
15912|0|97039|03/01/2024 16:13:26||41794|2874089848|3135704032
15842|0|35168|03/01/2024 15:45:54||43446|105012449600|198903234592
17507|0|98268|04/01/2024 03:13:18||2202|129118080|140924120
16913|0|21100|03/01/2024 23:14:03||16557|238107872|250459320
14797|0|77284|03/01/2024 08:16:08||70432|29811100768|34316419016
17379|0|61943|04/01/2024 02:25:17||5083|4334794808|5619419232
17254|0|82954|04/01/2024 01:33:07||8213|413692600|464155216
16664|0|38265|03/01/2024 21:25:00||23100|728979864|740477544
17404|0|42570|04/01/2024 02:31:40||4700|160716816|221715776
17143|0|14794|04/01/2024 00:54:18||10542|2180875816|2308286400
17204|0|21427|04/01/2024 01:15:01||9299|538562736|794873472
17475|0|93911|04/01/2024 03:09:31||2429|473416192|621759504
17224|0|59942|04/01/2024 01:24:30||8730|2310915672|3013803488
14890|0|58552|03/01/2024 08:54:12||68148|1438052928|1529700904
16981|0|9532|03/01/2024 23:46:04||14636|2694111800|3240951616
17405|0|83741|04/01/2024 02:32:36||4644|100131832|137593976
16914|0|83215|03/01/2024 23:14:16||16544|9131065632|13172779784
17333|0|43461|04/01/2024 02:06:57||6183|84097856|97032008
16330|0|69897|03/01/2024 18:50:34||32366|1558121328|1659484696
17428|0|8618|04/01/2024 02:43:26||3994|218813552|307963648
15989|0|11654|03/01/2024 16:47:55||39725|7127620352|10081736112
17380|0|48068|04/01/2024 02:25:17||5083|246575064|339999072
15913|0|70337|03/01/2024 16:15:43||41657|60741706104|112896125384
17069|0|91832|04/01/2024 00:29:25||12035|462713320|552357752
15892|0|32541|03/01/2024 16:00:27||42573|8226526472|10516450784
17177|0|8523|04/01/2024 01:00:50||10150|284063672|364753352
17021|0|53508|04/01/2024 00:03:57||13563|3933588032|4836151672
16351|0|11314|03/01/2024 19:04:10||31550|50820198200|120796688488
17225|0|87992|04/01/2024 01:27:51||8529|101353400|146174616
15750|0|48166|03/01/2024 15:00:08||46192|4969173048|5955284504
16617|0|48637|03/01/2024 21:03:01||24419|3213418816|4477358800
15595|0|94015|03/01/2024 13:53:25||50195|113184271880|224333370064
15083|0|67809|03/01/2024 10:19:56||63004|38145624320|40081403912
17429|0|9807|04/01/2024 02:47:52||3728|212717168|226920168
17287|0|57856|04/01/2024 01:40:41||7759|3508613664|4392588280
16787|0|75327|03/01/2024 22:16:16||20024|7401757368|5259267864
17144|0|34124|04/01/2024 00:56:04||10436|5103318216|5116992216
15256|0|82616|03/01/2024 11:39:03||58257|3859507592|4991870856
16523|0|31643|03/01/2024 20:28:29||26491|3460800192|5065433488
15775|0|91568|03/01/2024 15:17:19||45161|11474655208|13817731512
17381|0|23103|04/01/2024 02:21:06||5334|9612315568|21463294608
17070|0|37926|04/01/2024 00:22:14||12466|3654979352|4500084072
16175|0|76833|03/01/2024 17:58:54||35466|24161315616|24343366680
17178|0|46901|04/01/2024 01:08:52||9668|1111224336|1165999024
16238|0|61352|03/01/2024 18:21:49||34091|11456180872|13588834920
15567|0|64822|03/01/2024 13:41:31||50909|44790050888|45623049520
16476|0|25095|03/01/2024 20:09:54||27606|7363299792|9030270296
16833|0|29837|03/01/2024 22:39:20||18640|2497899672|3672606280
16418|0|86732|03/01/2024 19:37:31||29549|5882894288|7431334368
16428|0|35686|03/01/2024 19:43:20||29200|8443591232|12361949680
16939|0|35235|03/01/2024 23:20:53||16147|1463838024|1987808104
15173|0|22801|03/01/2024 10:58:34||60686|16494000976|18955456528
16195|0|43917|03/01/2024 18:00:21||35379|6725743144|7410874496
16562|0|19157|03/01/2024 20:42:48||25632|259325784|373764104
17567|0|12454|04/01/2024 03:33:41||979|109298584|134741136
16262|0|36095|03/01/2024 18:39:08||33052|36820182736|20649122728
16998|0|32872|03/01/2024 23:56:21||14019|31943951072|82387717072
16062|0|8662|03/01/2024 17:18:28||37892|1696168248|2132307984
16764|0|47842|03/01/2024 22:03:27||20793|1775026520|1800229040
15990|0|43170|03/01/2024 16:42:30||40050|962633456|1095137376
16957|0|58921|03/01/2024 23:39:50||15010|4790393224|6333163800
17179|0|35182|04/01/2024 01:03:55||9965|2208496376|2216800824
17406|0|76307|04/01/2024 02:37:31||4349|209759168|259860976
17255|0|84882|04/01/2024 01:38:27||7893|369991584|513894728
16148|0|80310|03/01/2024 17:40:09||36591|5615652104|6510313128
15823|0|47886|03/01/2024 15:39:19||43841|274164624|347990104
16637|0|67919|03/01/2024 21:14:09||23751|8109024488|10878153496
17205|0|53841|04/01/2024 01:10:56||9544|15005450904|17950134376
16765|0|83641|03/01/2024 22:00:30||20970|92025751480|199081207424
16788|0|91060|03/01/2024 22:18:27||19893|7263576160|8971053864
17180|0|51236|04/01/2024 01:03:39||9981|1944032672|2761859712
16813|0|49763|03/01/2024 22:29:39||19221|10489510872|5658462776
16665|0|34193|03/01/2024 21:26:59||22981|1131079056|1603784008
16263|0|72067|03/01/2024 18:30:27||33573|70439418088|159325245712
17407|0|58849|04/01/2024 02:39:43||4217|259125232|272832296
17071|0|74201|04/01/2024 00:27:38||12142|677553880|843155848
17430|0|3865|04/01/2024 02:48:41||3679|163650344|220378384
16834|0|90491|03/01/2024 22:30:17||19183|402633840|494421296
16297|0|91706|03/01/2024 18:40:48||32952|4599477336|4844209696
17382|0|63678|04/01/2024 02:24:21||5139|1305702816|1943876552
15359|0|40546|03/01/2024 12:19:07||55853|85399834864|162704482448
16789|0|13713|03/01/2024 22:16:06||20034|6931456768|7912416024
17145|0|21276|04/01/2024 00:56:18||10422|2837847104|3812291656
15893|0|45990|03/01/2024 16:09:52||42008|20592298392|22477565424
15360|0|51323|03/01/2024 12:10:17||56383|1442999560|2137618848
16940|0|29694|03/01/2024 23:28:41||15679|6302586888|8930195392
17476|0|24553|04/01/2024 03:04:37||2723|98932240|130284328
15934|0|79396|03/01/2024 16:23:18||41202|7636715152|8476321184
16721|0|6089|03/01/2024 21:46:15||21825|1052399968|1248422856
16741|0|53027|03/01/2024 21:56:44||21196|1231749928|1384691688
17146|0|36031|04/01/2024 00:56:17||10423|1851538128|1895081704
15824|0|30620|03/01/2024 15:36:01||44039|16089067560|18102014224
15114|0|33055|03/01/2024 10:21:36||62904|30358484024|44602757672
17334|0|9222|04/01/2024 02:02:33||6447|3614933440|4001217872
17147|0|84025|04/01/2024 00:54:39||10521|6765386552|8804014904
16742|0|81657|03/01/2024 21:57:53||21127|43620500152|123778951880
16035|0|12811|03/01/2024 17:05:17||38683|81022618144|214847590272
17256|0|94733|04/01/2024 01:34:49||8111|3591126576|4277876768
16915|0|78144|03/01/2024 23:14:26||16534|8216082256|8620744640
16666|0|91772|03/01/2024 21:25:07||23093|2099717344|3134776728
16999|0|42604|03/01/2024 23:56:22||14018|2811199856|3257408976
16563|0|18283|03/01/2024 20:40:29||25771|823534192|965855720
16916|0|13857|03/01/2024 23:10:40||16760|317770888|470615152
16240|0|93385|03/01/2024 18:25:08||33892|19737218592|23055235960
16589|0|93058|03/01/2024 20:53:15||25005|5205675400|6443950424
16219|0|45404|03/01/2024 18:17:01||34379|1601434768|1838780720
16743|0|76141|03/01/2024 21:58:36||21084|2905814464|3604873936
16477|0|50981|03/01/2024 20:05:16||27884|63005976432|168084212128
17206|0|59210|04/01/2024 01:16:23||9217|1089884944|1353764112
17048|0|53423|04/01/2024 00:14:27||12933|569121728|621275568
17101|0|80075|04/01/2024 00:37:07||11573|345325960|353308312
17508|0|97623|04/01/2024 03:19:28||1832|126263656|132926712
16917|0|22725|03/01/2024 23:17:25||16355|4553386200|4559104640
15777|0|57389|03/01/2024 15:11:04||45536|9284488096|13909458360
17226|0|76358|04/01/2024 01:24:26||8734|2412063816|3572919896
16698|0|46420|03/01/2024 21:34:35||22525|4048334008|4083614536
16298|0|88768|03/01/2024 18:40:00||33000|9005261848|9357857384
16699|0|70097|03/01/2024 21:36:58||22382|1489569720|2039233520
16723|0|96071|03/01/2024 21:46:22||21818|4738781608|6017565792
17049|0|53564|04/01/2024 00:14:45||12915|1408882896|1977423240
15278|0|9901|03/01/2024 11:42:40||58040|7903545192|8937193104
17539|0|61969|04/01/2024 03:21:18||1722|731699224|876008056
17257|0|84925|04/01/2024 01:37:12||7968|2183655664|2246623800
16958|0|62224|03/01/2024 23:38:16||15104|2791083536|3037016400
17477|0|98714|04/01/2024 03:09:43||2417|136184752|165435104
17258|0|49186|04/01/2024 01:37:56||7924|1335402032|1473271568
16814|0|33559|03/01/2024 22:22:30||19650|5057630448|5927816888
15458|0|17769|03/01/2024 12:56:41||53599|36071280768|37557147008
16331|0|68101|03/01/2024 18:54:03||32157|2740434224|3668897120
17050|0|73018|04/01/2024 00:19:47||12613|261413592|360255104
16150|0|23518|03/01/2024 17:47:59||36121|8414631744|12297269632
17431|0|85390|04/01/2024 02:40:31||4169|1226118408|1656662352
15825|0|36601|03/01/2024 15:32:14||44266|18230976992|26255784800
16264|0|36252|03/01/2024 18:38:10||33110|41753585664|124115945976
17181|0|5254|04/01/2024 01:09:32||9628|2717747480|3760182224
16591|0|23557|03/01/2024 20:55:12||24888|6233154880|8030165256
17356|0|43098|04/01/2024 02:16:26||5614|1291237504|1620379320
15541|0|41285|03/01/2024 13:31:20||51520|125018405728|331713586864
16524|0|72614|03/01/2024 20:26:35||26605|12705572288|14474809560
17148|0|16285|04/01/2024 00:58:10||10310|2104350936|2831017288
16196|0|57847|03/01/2024 18:07:28||34952|51254777968|124532584976
16220|0|26226|03/01/2024 18:13:19||34601|41095759512|23643897224
16941|0|98932|03/01/2024 23:23:44||15976|6186663408|6589353616
17509|0|31820|04/01/2024 03:18:44||1876|482839992|707695024
16542|0|46233|03/01/2024 20:39:08||25852|15588011376|19542911392
17149|0|59358|04/01/2024 00:56:13||10427|8228074968|18116522400
17568|0|46850|04/01/2024 03:34:14||946|140556264|152004896
17510|0|4559|04/01/2024 03:14:22||2138|180848832|208389768
17022|0|30968|04/01/2024 00:07:27||13353|293134216|399694944
16353|0|84582|03/01/2024 19:05:32||31468|9821735576|13664898392
14874|0|32243|03/01/2024 08:48:18||68502|7678854440|8253802240
16265|0|57378|03/01/2024 18:31:59||33481|3364613728|4899717272
16876|0|65049|03/01/2024 22:58:07||17513|8489920160|9662683144
17308|0|95342|04/01/2024 01:54:55||6905|2999024336|3760346416
17023|0|97160|04/01/2024 00:01:39||13701|54985112|69225160
16790|0|10481|03/01/2024 22:13:10||20210|4496947280|6498381824
16619|0|60703|03/01/2024 21:06:04||24236|66691222800|124736880288
16918|0|21007|03/01/2024 23:17:58||16322|10148264864|11178396912
17259|0|17485|04/01/2024 01:34:02||8158|21947490624|57342932808
16299|0|29388|03/01/2024 18:46:00||32640|5894893480|6527765168
15826|0|6576|03/01/2024 15:39:48||43812|17907379040|22960716936
15405|0|27843|03/01/2024 12:36:35||54805|78442825600|204097233304
17073|0|78647|04/01/2024 00:24:16||12344|1061142120|1554083736
16766|0|27004|03/01/2024 22:08:10||20510|2588691464|3224048400
15915|0|27568|03/01/2024 16:19:55||41405|21989569416|22742618464
17260|0|10940|04/01/2024 01:38:09||7911|1109828672|1428434504
16835|0|96978|03/01/2024 22:34:39||18921|47112750952|115252221136
17074|0|87104|04/01/2024 00:21:19||12521|503974720|679782656
17207|0|98002|04/01/2024 01:13:44||9376|113075392|149724768
17182|0|11827|04/01/2024 01:05:37||9863|19827158040|44782945328
17000|0|72686|03/01/2024 23:55:54||14046|16713191824|33511717968
16452|0|15088|03/01/2024 19:53:33||28587|14626649032|16426758568
15499|0|17325|03/01/2024 13:17:12||52368|138685596840|342152695392
16453|0|87308|03/01/2024 19:55:56||28444|7821313368|9336803416
17288|0|40253|04/01/2024 01:48:18||7302|17711318560|51027235488
17478|0|89016|04/01/2024 03:09:56||2404|726215200|978558200
17102|0|87441|04/01/2024 00:38:33||11487|4688925160|4896616056
16767|0|50462|03/01/2024 22:03:02||20818|3279522488|3862986160
17511|0|62763|04/01/2024 03:13:27||2193|261821864|272062984
15304|0|43894|03/01/2024 11:52:19||57461|7871216000|10310272160
16300|0|89178|03/01/2024 18:45:24||32676|61662888072|120491473056
17125|0|9151|04/01/2024 00:47:23||10957|739682800|941137160
16036|0|94159|03/01/2024 17:07:35||38545|7482112200|10052571352
17261|0|81698|04/01/2024 01:39:12||7848|1582806592|2371826680
16725|0|54623|03/01/2024 21:45:43||21857|2910611176|3373945352
17001|0|48966|03/01/2024 23:57:47||13933|3865491616|5366485784
15778|0|69320|03/01/2024 15:13:09||45411|15277289912|22793057608
16668|0|36119|03/01/2024 21:24:31||23129|5354212424|7791455064
16390|0|93094|03/01/2024 19:26:32||30208|5920377856|6339785960
15134|0|27202|03/01/2024 10:39:56||61804|15828778688|16276892912
16638|0|4227|03/01/2024 21:13:59|04/01/2024 03:46:12|23533|2134881360|2609889504
17592|0|4227|04/01/2024 03:47:42||138|5283224|6628984
15569|0|13942|03/01/2024 13:47:02||50578|69603088608|52469399936
15673|0|92518|03/01/2024 14:38:22||47498|8513332256|8776578128
17309|0|85887|04/01/2024 01:57:01||6779|3709860024|4595198928
16152|0|30353|03/01/2024 17:41:10||36530|69862171192|191037247608
15962|0|51162|03/01/2024 16:35:27||40473|1680818568|1758874776
17310|0|33952|04/01/2024 01:51:10||7130|3204316168|4764955216
17432|0|34767|04/01/2024 02:48:10||3710|82144992|84151056
16853|0|16681|03/01/2024 22:44:49||18311|5636633600|6543082088
15306|0|18192|03/01/2024 11:53:21||57399|2400618152|3145341016
17150|0|17620|04/01/2024 00:56:12||10428|939979288|1154917920
17151|0|18959|04/01/2024 00:56:23||10417|1888640568|2274990864
15362|0|57128|03/01/2024 12:13:41||56179|3752233472|4690078872
16639|0|4931|03/01/2024 21:12:02||23878|2279604824|2327231760
17075|0|80746|04/01/2024 00:21:18||12522|24311406824|49243214424
17076|0|20625|04/01/2024 00:21:41||12499|1683356120|1697663808
14922|0|39194|03/01/2024 09:02:39||67641|6778185848|8720476992
16894|0|41299|03/01/2024 23:05:31||17069|671776704|808599088
16016|0|46516|03/01/2024 16:51:38||39502|15019833144|16951812952
17183|0|13124|04/01/2024 01:00:11||10189|4686625200|5242189864
17077|0|38175|04/01/2024 00:24:26||12334|559193976|766556984
16037|0|45049|03/01/2024 17:05:01||38699|10734840080|11124766808
16177|0|23739|03/01/2024 17:56:43||35597|3546577544|4573190832
16726|0|72638|03/01/2024 21:43:01||22019|10302916376|12095559408
17512|0|62436|04/01/2024 03:17:58||1922|319658760|379403648
17569|0|99379|04/01/2024 03:38:53||667|13660016|14706024
17103|0|35031|04/01/2024 00:39:33||11427|21998465720|46791522168
17152|0|15025|04/01/2024 00:59:33||10227|4979736280|6696348760
16942|0|96673|03/01/2024 23:20:21||16179|1627160640|1982587560
17570|0|85628|04/01/2024 03:38:32||688|2562095016|5756437840
15992|0|16867|03/01/2024 16:47:54||39726|1703940992|1931339464
15521|0|58910|03/01/2024 13:23:31||51989|44243714432|48865357280
17024|0|28152|04/01/2024 00:02:01||13679|844198200|1085768920
17513|0|92649|04/01/2024 03:11:08||2332|229830672|275499544
17336|0|66656|04/01/2024 02:02:04||6476|2350086256|2743766672
15895|0|88155|03/01/2024 16:02:11||42469|6286593560|8578575480
17433|0|52703|04/01/2024 02:44:38||3922|84585728|88248304
17153|0|96836|04/01/2024 00:52:14||10666|604516208|647189480
17514|0|83954|04/01/2024 03:11:24||2316|157938696|174251440
16544|0|81606|03/01/2024 20:34:12||26148|5690102464|8104032904
17571|0|64251|04/01/2024 03:35:39||861|134457600|191230816
16895|0|57226|03/01/2024 23:02:40||17240|3336623640|4673174216
16197|0|61230|03/01/2024 18:08:52||34868|2385801336|3538815040
17515|0|13216|04/01/2024 03:18:59||1861|105534976|141505760
16419|0|94384|03/01/2024 19:33:11||29809|6036707024|6213497280
16038|0|45665|03/01/2024 17:02:53||38827|3436213792|4386951704
17311|0|35685|04/01/2024 01:59:14||6646|1068494760|1100443184
17154|0|21862|04/01/2024 00:54:17||10543|1401213864|1948543472
16792|0|35354|03/01/2024 22:11:47||20293|1941688216|2361041896
16178|0|8768|03/01/2024 17:56:08||35632|15582697368|20230697824
17312|0|43189|04/01/2024 01:57:38||6742|456223408|680539232
16744|0|14051|03/01/2024 21:57:35||21145|1893270152|1937898920
17262|0|99503|04/01/2024 01:37:33||7947|138936880|150894360
17104|0|20921|04/01/2024 00:37:02||11578|2432570800|3212464488
16545|0|5886|03/01/2024 20:35:07||26093|5268454792|7686314832
16455|0|93513|03/01/2024 19:58:40||28280|69998414960|196103726920
16836|0|76056|03/01/2024 22:31:47||19093|9284576072|12681995160
17540|0|92486|04/01/2024 03:23:35||1585|99822624|104538512
17105|0|25749|04/01/2024 00:30:57||11943|2456838008|2676692512
17263|0|50811|04/01/2024 01:35:37||8063|400437496|506003680
15780|0|69902|03/01/2024 15:12:50||45430|78881939000|170554631440
16727|0|86493|03/01/2024 21:42:56||22024|1429627576|2133873824
17106|0|96367|04/01/2024 00:30:40||11960|5283327536|3567570760
17408|0|42416|04/01/2024 02:35:17||4483|110020568|137570344
16896|0|30089|03/01/2024 23:03:15||17205|5515780496|6498845216
16391|0|56566|03/01/2024 19:23:06||30414|8198782392|10593363288
16392|0|55492|03/01/2024 19:25:24||30276|51140158280|117612788176
17453|0|94111|04/01/2024 02:51:19||3521|657318624|716816888
16877|0|78203|03/01/2024 22:56:23||17617|2653298768|3250229824
17051|0|60771|04/01/2024 00:17:18||12762|511043296|600164352
17313|0|27032|04/01/2024 01:50:43||7157|2966593304|4175008496
16525|0|68117|03/01/2024 20:22:28||26852|7067984528|9026527224
15522|0|99100|03/01/2024 13:22:30||52050|7213320496|10013526880
17516|0|47818|04/01/2024 03:12:57||2223|86272672|113299616
17454|0|34328|04/01/2024 02:50:20||3580|7985305360|18087599064
16302|0|10616|03/01/2024 18:42:30||32850|16116655968|17030169672
17572|0|84226|04/01/2024 03:36:07||833|124750512|137181896
15964|0|21038|03/01/2024 16:39:16||40244|14806995536|17438167536
17208|0|97109|04/01/2024 01:11:33||9507|481850376|611576336
15282|0|52206|03/01/2024 11:48:35||57685|15575481496|17769362736
16621|0|94043|03/01/2024 21:01:09||24531|2345638424|3106893848
16478|0|14620|03/01/2024 20:05:10||27890|7419036456|8288396760
17383|0|13582|04/01/2024 02:28:23||4897|674301344|1004990336
16622|0|10398|03/01/2024 21:00:17||24583|6410301376|9051679000
16959|0|29905|03/01/2024 23:37:04||15176|5507572440|6523341512
16669|0|26270|03/01/2024 21:21:59||23281|6222906080|6541230192
15501|0|58996|03/01/2024 13:15:30||52470|12702950248|15836630528
16701|0|36189|03/01/2024 21:37:20||22360|1329899496|1965584872
16479|0|86099|03/01/2024 20:02:42||28038|917149432|1195596728
16243|0|53891|03/01/2024 18:20:51||34149|661888424|778323488
17593|0|93729|04/01/2024 03:41:47||493|200035136|243530400
17289|0|58617|04/01/2024 01:44:18||7542|3516529560|4557829152
16960|0|84646|03/01/2024 23:32:07||15473|11129479632|14887110744
17384|0|82966|04/01/2024 02:24:29||5131|2444364784|3550188520
17107|0|48804|04/01/2024 00:31:10||11930|2415759008|3273181968
15994|0|6555|03/01/2024 16:45:18||39882|5627621952|7229990504
17108|0|80674|04/01/2024 00:30:18||11982|1496475504|1709080264
15621|0|5549|03/01/2024 14:05:27||49473|54414518976|40394136504
17155|0|28133|04/01/2024 00:54:23||10537|1570968528|1669044464
17541|0|10215|04/01/2024 03:28:54||1266|495805072|578237760
17227|0|58407|04/01/2024 01:21:42||8898|2051406104|2095185328
17025|0|91705|04/01/2024 00:07:50||13330|508217912|698149528
15869|0|50959|03/01/2024 15:58:38||42682|71807531064|166221316560
15462|0|76907|03/01/2024 12:52:02||53878|437746352|532249056
17127|0|60001|04/01/2024 00:43:27||11193|3975915664|4107042504
17479|0|34397|04/01/2024 03:01:02||2938|119852616|125070168
16769|0|19793|03/01/2024 22:03:52||20768|255414520|281061424
16854|0|26638|03/01/2024 22:41:50||18490|2055577896|2298859072
16355|0|23211|03/01/2024 19:08:16||31304|1582576896|2005748456
17264|0|73390|04/01/2024 01:32:52||8228|36415099688|100423867896
17156|0|16239|04/01/2024 00:55:28||10472|1059949880|1363531928
17517|0|27011|04/01/2024 03:13:39||2181|142291928|199370952
15622|0|7874|03/01/2024 14:02:53||49627|3944371680|4189675456
15570|0|31981|03/01/2024 13:48:16||50504|707432960|733920640
17385|0|60239|04/01/2024 02:26:05||5035|1626126736|1766169336
16745|0|69970|03/01/2024 21:57:12||21168|4826708320|5422104360
17157|0|79714|04/01/2024 00:50:17||10783|896842760|1050072776
15542|0|36694|03/01/2024 13:30:11||51589|16200747848|22501821992
17079|0|6784|04/01/2024 00:26:03||12237|662001088|971107912
17004|0|33190|03/01/2024 23:53:13||14207|1771340752|2421417168
16040|0|60101|03/01/2024 17:08:18||38502|4517291792|6442558568
16268|0|74683|03/01/2024 18:38:42||33078|1485365032|1976179008
15995|0|23029|03/01/2024 16:41:52||40088|2497079256|3322137688
17128|0|15440|04/01/2024 00:46:01||11039|4306838152|6408527672
17573|0|5591|04/01/2024 03:33:03||1017|32043320|42759808
17542|0|69344|04/01/2024 03:21:45||1695|205504640|238118752
17543|0|59260|04/01/2024 03:22:00||1680|217266320|300265952
15407|0|63573|03/01/2024 12:38:57||54663|18402339088|21174505168
15827|0|76464|03/01/2024 15:33:28||44192|33018335096|34515229888
16593|0|62004|03/01/2024 20:55:08||24892|28194621808|58347594696
17184|0|47350|04/01/2024 01:08:53||9667|2098831656|2458676816
16332|0|92467|03/01/2024 18:54:22||32138|670419120|851973032
16420|0|71418|03/01/2024 19:36:53||29587|90520049216|265492590760
15010|0|62223|03/01/2024 09:42:57||65223|26883994176|28585188632
16746|0|88436|03/01/2024 21:59:54||21006|6549290272|9073962664
16356|0|45040|03/01/2024 19:02:43||31637|6910408880|7138090408
16898|0|33021|03/01/2024 23:00:33|04/01/2024 03:43:35|16982|2271357024|3350462560
17574|0|48242|04/01/2024 03:31:05||1135|232112824|271913440
17518|0|24742|04/01/2024 03:15:15||2085|92319112|99755744
15088|0|68160|03/01/2024 10:13:59||63361|35059634376|41989013368
17129|0|64229|04/01/2024 00:48:07||10913|10242624|13961720
17209|0|94785|04/01/2024 01:15:32||9268|10682342976|31957036912
15339|0|27726|03/01/2024 12:04:52||56708|24693669288|28293358104
16770|0|77991|03/01/2024 22:05:17||20683|1885335704|2793948728
17026|0|22920|04/01/2024 00:05:16||13484|417460160|442167464
16333|0|94623|03/01/2024 18:51:10||32330|24420748136|25156831296
17480|0|93103|04/01/2024 03:05:59||2641|336148424|498039856
15676|0|64500|03/01/2024 14:30:12||47988|13780984344|17189909912
14825|0|7343|03/01/2024 08:28:36||69684|13796047200|16024378104
16018|0|35936|03/01/2024 16:55:10||39290|10860827608|14007253280
16376|0|17928|03/01/2024 19:12:30||31050|6131195944|6752377376
16642|0|44196|03/01/2024 21:19:31||23429|3047912544|3690085464
16019|0|70909|03/01/2024 16:51:41||39499|2241874168|2369620640
16670|0|25324|03/01/2024 21:26:04||23036|2917307128|4314137816
16594|0|25538|03/01/2024 20:56:21||24819|2172393576|2423529192
16431|0|68685|03/01/2024 19:45:53||29047|1602279984|1717994768
16393|0|4905|03/01/2024 19:21:11||30529|5642933672|5684689704
17455|0|7954|04/01/2024 02:56:13||3227|252743592|268167480
16747|0|67195|03/01/2024 21:59:30||21030|2072502192|2577936088
16728|0|42284|03/01/2024 21:45:33||21867|1168970776|1266057976
16526|0|99202|03/01/2024 20:28:07||26513|841675360|1007473960
17357|0|16794|04/01/2024 02:13:44||5776|767852776|841154344
15483|0|23957|03/01/2024 13:05:53||53047|4373543304|6550142416
17052|0|8203|04/01/2024 00:11:37||13103|338977808|467517488
16643|0|20072|03/01/2024 21:11:42||23898|3816978864|4472900840
16481|0|9616|03/01/2024 20:05:58||27842|2052302560|2902233880
17337|0|88203|04/01/2024 02:03:36||6384|3265975792|7805090952
16919|0|80712|03/01/2024 23:15:51||16449|10240316032|13796040168
16200|0|76728|03/01/2024 18:05:41||35059|20256108112|27779707528
15090|0|44564|03/01/2024 10:19:47|04/01/2024 03:41:53|62526|36417894680|45943733064
15896|0|37345|03/01/2024 16:03:54||42366|8288063736|9900195920
17210|0|48086|04/01/2024 01:13:54||9366|28933241952|63523357880
16506|0|24702|03/01/2024 20:10:37||27563|8040778160|8826774688
17544|0|73157|04/01/2024 03:25:07||1493|342196480|392581240
16748|0|73225|03/01/2024 21:59:51||21009|2272625496|2349977984
15803|0|48168|03/01/2024 15:29:44||44416|7095992368|10096987736
17265|0|7807|04/01/2024 01:32:17||8263|2809476592|2935288976
17456|0|59885|04/01/2024 02:53:22||3398|88649544|105079816
15308|0|78408|03/01/2024 11:50:05||57595|6474277312|9342700504
16878|0|96138|03/01/2024 22:57:39||17541|3402285312|4584793576
17575|0|26967|04/01/2024 03:30:24||1176|184795616|272311504
16377|0|51131|03/01/2024 19:13:48||30972|1835045624|2276262808
17519|0|63664|04/01/2024 03:12:18||2262|621659504|785674824
16623|0|20752|03/01/2024 21:02:09||24471|63329439472|121785237504
16482|0|40629|03/01/2024 20:02:34||28046|8492382352|9684056152
17409|0|93265|04/01/2024 02:30:00||4800|8326906480|22014914952
17130|0|93360|04/01/2024 00:49:14||10846|2063654272|2921188040
15804|0|19374|03/01/2024 15:28:55||44465|161935759376|477303764736
17131|0|73511|04/01/2024 00:49:02||10858|1263235144|1417722832
16982|0|72068|03/01/2024 23:48:26||14494|1806963160|2141343560
16507|0|82373|03/01/2024 20:15:30||27270|1927213504|2191665552
15310|0|49835|03/01/2024 11:57:59||57121|4774870440|5160547432
17338|0|49479|04/01/2024 02:01:24||6516|3940222056|2961231424
16817|0|20567|03/01/2024 22:20:23||19777|1624172976|2390413920
17481|0|10088|04/01/2024 03:02:05||2875|2785981160|1864190960
16456|0|58841|03/01/2024 19:55:01||28499|27773269712|80469460280
16856|0|73227|03/01/2024 22:40:57||18543|1710990824|1732323112
17027|0|48178|04/01/2024 00:05:05|04/01/2024 03:48:42|13417|1779359368|2412668352
16334|0|12307|03/01/2024 18:53:57||32163|1693907592|1754257016
16394|0|74521|03/01/2024 19:27:52||30128|2166508480|3102924832
16269|0|48187|03/01/2024 18:39:01||33059|1484233008|2048211616
17228|0|97663|04/01/2024 01:27:29||8551|1709483328|1715329024
16270|0|85389|03/01/2024 18:38:55||33065|5167974512|6854350296
16395|0|40241|03/01/2024 19:22:19||30461|26403303208|73228170912
17211|0|96482|04/01/2024 01:14:10||9350|1175888040|1517778128
15717|0|78180|03/01/2024 14:56:31||46409|10418340280|14111068144
15870|0|48119|03/01/2024 15:54:59||42901|138117307696|269440549000
15783|0|28409|03/01/2024 15:15:50||45250|11135641312|14453155200
15965|0|29872|03/01/2024 16:32:37||40643|14355023872|17702740752
