IdSession|IdPSX|IdSubscriber|StartSession|EndSession|Duartion|UpTx|DownTx
28648|0|37974|07/01/2024 08:43:54||7566|2946325456|3361136160
26561|0|6516|06/01/2024 18:10:15||59985|6568007904|9509998456
26712|0|87799|06/01/2024 19:26:14||55426|7837876200|10289544120
27061|0|77688|06/01/2024 21:40:30||47370|4478591464|6717315576
28427|0|85502|07/01/2024 07:15:29||12871|2400095776|3411184376
28671|0|53666|07/01/2024 08:57:36||6744|25746173600|61817756256
28874|0|85519|07/01/2024 10:19:02||1858|160072408|187600664
28604|0|59125|07/01/2024 08:27:57||8523|32368256|38125408
27621|0|45253|07/01/2024 01:54:33||32127|3092641032|4474094136
28712|0|96559|07/01/2024 09:17:50||5530|2845622728|3019227800
27341|0|77661|06/01/2024 23:52:29||39451|2665483288|3036369328
28765|0|77027|07/01/2024 09:30:52||4748|223621384|287407360
26713|0|41083|06/01/2024 19:26:44||55396|73314449744|145699930872
28127|0|25839|07/01/2024 05:11:17||20323|1003504848|1503221928
28605|0|21645|07/01/2024 08:20:26||8974|1614294792|2410501352
28847|0|85282|07/01/2024 10:00:32||2968|66234256|89459192
28649|0|79536|07/01/2024 08:48:07||7313|250258488|345240648
28004|0|42228|07/01/2024 04:21:32||23308|2942747032|3768088664
27796|0|54570|07/01/2024 03:00:02||28198|52737937072|145683334312
28056|0|87485|07/01/2024 04:45:13||21887|74192156032|160587516416
28582|0|59994|07/01/2024 08:13:02||9418|2735269728|3346499528
28355|0|22313|07/01/2024 06:42:38||14842|43104779368|104949056784
28456|0|36265|07/01/2024 07:23:55||12365|104632032|111049392
28428|0|56069|07/01/2024 07:16:05||12835|448409800|591105192
28080|0|35261|07/01/2024 04:59:54||21006|2494277296|3379561320
27384|0|8960|07/01/2024 00:14:56||38104|2682969160|3196772184
27476|0|83585|07/01/2024 00:58:21||35499|23639937840|33124125120
28429|0|75051|07/01/2024 07:17:23||12757|547444400|654272584
28482|0|78882|07/01/2024 07:38:24||11496|827931048|1181392504
26971|0|17166|06/01/2024 21:12:34||49046|84502222904|211766304864
27210|0|18892|06/01/2024 22:59:29||42631|10001928264|14250494576
28233|0|27076|07/01/2024 06:06:33||17007|1434378792|1497201536
26357|0|77886|06/01/2024 16:41:55||65285|13899377696|19235458808
28713|0|24952|07/01/2024 09:11:43||5897|3570360368|3625956088
28457|0|88791|07/01/2024 07:26:10||12230|1632457656|2402386448
27477|0|59587|07/01/2024 00:53:07||35813|743198200|792246024
28191|0|70465|07/01/2024 05:43:01||18419|16715862920|18059129720
27816|0|69235|07/01/2024 03:13:00||27420|154835336|184768592
27797|0|27723|07/01/2024 03:01:07||28133|1306282888|1314549896
27798|0|30336|07/01/2024 03:03:39||27981|6303460936|7917331088
28164|0|71399|07/01/2024 05:32:42||19038|2498463264|2885862488
27773|0|54404|07/01/2024 02:56:59||28381|2598519376|3451477104
28790|0|94047|07/01/2024 09:47:19||3761|2268038032|2668909256
26358|0|85646|06/01/2024 16:48:11||64909|12648990088|16892051216
27983|0|68624|07/01/2024 04:17:38||23542|9935017304|14295405784
28380|0|68329|07/01/2024 06:50:53||14347|4148087880|5260223544
28791|0|71658|07/01/2024 09:42:04||4076|288430912|322419976
28406|0|66423|07/01/2024 07:08:00||13320|6992336096|10063793624
26802|0|37529|06/01/2024 20:02:38||53242|100943845392|258597349976
27774|0|42806|07/01/2024 02:55:58||28442|3528978096|3865201248
28650|0|61794|07/01/2024 08:48:08||7312|1346967448|1520364776
28289|0|11120|07/01/2024 06:22:06||16074|8308419128|10366664168
26829|0|5419|06/01/2024 20:16:10||52430|1637732256|1656571464
28895|0|49253|07/01/2024 10:25:05||1495|104931480|125132264
28035|0|71383|07/01/2024 04:38:19||22301|6088578648|9076061168
28005|0|73710|07/01/2024 04:29:13||22847|3536185520|4904887688
28356|0|23638|07/01/2024 06:41:18||14922|2599621960|3563881360
27726|0|30847|07/01/2024 02:34:14||29746|4553259896|5997180224
27847|0|21813|07/01/2024 03:20:09||26991|29140655776|86159017648
27449|0|44839|07/01/2024 00:44:39||36321|9015565088|11055946760
28848|0|96132|07/01/2024 10:03:05||2815|187063256|264252936
27520|0|41896|07/01/2024 01:14:18||34542|19157578824|28403821312
26665|0|43101|06/01/2024 19:05:48||56652|5695135080|7416313240
28766|0|96497|07/01/2024 09:39:31||4229|146151080|191132584
27062|0|5259|06/01/2024 21:48:23||46897|4805140600|5503665272
28651|0|77830|07/01/2024 08:44:12||7548|28823986280|72032221600
28147|0|26698|07/01/2024 05:29:29||19231|58448310352|129610281824
28325|0|96233|07/01/2024 06:38:26||15094|65790878320|187393920808
27450|0|97799|07/01/2024 00:46:33||36207|9902014536|12694372224
28938|0|44400|07/01/2024 10:42:22||458|626868912|507702688
27451|0|38204|07/01/2024 00:41:44||36496|5519568616|7854596136
27188|0|35155|06/01/2024 22:48:54||43266|1262115728|1889726128
27878|0|5357|07/01/2024 03:39:54||25806|4348916712|5830450088
27424|0|58783|07/01/2024 00:32:59||37021|6618097512|8362144528
27817|0|5731|07/01/2024 03:12:09||27471|61799804792|156001063888
28326|0|81147|07/01/2024 06:39:40||15020|830950816|1077779600
26623|0|22791|06/01/2024 18:49:50||57610|8693243832|9951684544
28458|0|89313|07/01/2024 07:21:57||12483|412714512|562940256
27699|0|60137|07/01/2024 02:23:04||30416|29223838104|77629944496
28583|0|42336|07/01/2024 08:17:40||9140|3137322952|3521517376
27818|0|35390|07/01/2024 03:14:55||27305|3014185872|4199642472
27478|0|40685|07/01/2024 00:58:35||35485|210602192|285343752
27521|0|20349|07/01/2024 01:13:56||34564|4515517192|5495360328
28327|0|13191|07/01/2024 06:37:56||15124|5486864056|6251948904
27361|0|25130|07/01/2024 00:08:57||38463|1574220232|2348019312
28875|0|51885|07/01/2024 10:17:22||1958|190204216|214868384
28672|0|5792|07/01/2024 08:54:55||6905|4039013680|4925845080
28939|0|59735|07/01/2024 10:47:37||143|390341632|1132405384
28692|0|51212|07/01/2024 09:07:35||6145|744899616|862680768
28876|0|28628|07/01/2024 10:18:54||1866|315089208|455201496
27038|0|17452|06/01/2024 21:38:39||47481|11277645936|11399436248
28381|0|64295|07/01/2024 06:57:52||13928|6268999680|9016283416
27479|0|51526|07/01/2024 00:50:26|07/01/2024 10:45:58|35732|2758024616|2973996984
28940|0|51526|07/01/2024 10:47:02||178|10429624|13301240
28262|0|84546|07/01/2024 06:10:36||16764|1569201072|2089781632
28357|0|70042|07/01/2024 06:42:22||14858|1025186376|1088408896
26307|0|46044|06/01/2024 16:24:56||66304|5117694664|7023293016
27362|0|18447|07/01/2024 00:02:36||38844|71047512936|165448133992
28562|0|60049|07/01/2024 08:00:11||10189|7132575096|7970179936
28506|0|59631|07/01/2024 07:46:27||11013|922430672|932703984
28877|0|13992|07/01/2024 10:10:26||2374|88274504|104090904
27385|0|51438|07/01/2024 00:10:12||38388|13701339736|17774931888
27727|0|94557|07/01/2024 02:39:57||29403|91928783800|191133812392
28234|0|98839|07/01/2024 06:00:22||17378|79111565024|49239773688
27936|0|68009|07/01/2024 03:57:20||24760|5051431680|5449222432
28584|0|73246|07/01/2024 08:15:06||9294|1931722864|2575634592
28165|0|80435|07/01/2024 05:36:50||18790|1746379504|2238931968
27343|0|82791|06/01/2024 23:57:35||39145|13138942392|14775820896
27571|0|27374|07/01/2024 01:37:06||33174|15292542360|15534399080
27099|0|48759|06/01/2024 22:07:07||45773|7298141896|9926174376
28290|0|11546|07/01/2024 06:24:35||15925|3203770720|3880379968
28673|0|47486|07/01/2024 08:53:56||6964|1338030952|1872814816
28430|0|67555|07/01/2024 07:16:53||12787|470217184|484427952
27299|0|83091|06/01/2024 23:31:20||40720|1522273632|1915901904
27879|0|71416|07/01/2024 03:31:29||26311|6233587000|9297600208
28263|0|57697|07/01/2024 06:16:56||16384|2060079976|2957569888
28382|0|49043|07/01/2024 06:59:18||13842|282717144|420518136
27880|0|98717|07/01/2024 03:35:14||26086|3439849816|4521830000
28896|0|26831|07/01/2024 10:28:42||1278|2448486936|5377578040
28291|0|5281|07/01/2024 06:27:07||15773|6754728264|8266472256
28897|0|10721|07/01/2024 10:25:53||1447|426826800|587254416
28585|0|28960|07/01/2024 08:10:48||9552|25811333448|70283683136
27590|0|91314|07/01/2024 01:47:47||32533|4676792912|6006658176
28941|0|85834|07/01/2024 10:42:47||433|41789616|54421000
28531|0|96669|07/01/2024 07:57:20||10360|979218040|1120159464
26976|0|33410|06/01/2024 21:16:48||48792|164428211488|347445922264
28878|0|95998|07/01/2024 10:13:55||2165|746600656|997295912
28746|0|79031|07/01/2024 09:25:13||5087|638601160|756140240
28792|0|79718|07/01/2024 09:47:24||3756|126770920|165875264
28532|0|73049|07/01/2024 07:52:56||10624|32302916280|65995841640
28192|0|86051|07/01/2024 05:41:48||18492|2748335096|3355965912
27669|0|34585|07/01/2024 02:16:22||30818|2120666208|2941061888
27750|0|59314|07/01/2024 02:49:06||28854|2189736136|2890246064
27848|0|83578|07/01/2024 03:29:16||26444|5914154664|7152828120
28898|0|36494|07/01/2024 10:24:03||1557|321946952|417898224
27776|0|27550|07/01/2024 02:59:53||28207|5168751640|7501967296
28620|0|63513|07/01/2024 08:31:52||8288|1691899656|2089013216
28128|0|89332|07/01/2024 05:13:47||20173|6022529136|6978960576
28899|0|31462|07/01/2024 10:21:15||1725|773385520|865367568
27344|0|60709|06/01/2024 23:57:34||39146|2912604600|3427192968
28006|0|14653|07/01/2024 04:27:44||22936|3525255792|4535803632
28328|0|29371|07/01/2024 06:35:31||15269|1260190096|1782997608
28693|0|84110|07/01/2024 09:03:43||6377|1472420872|1646303120
27364|0|47537|07/01/2024 00:03:26||38794|7521668312|9516892584
27729|0|90469|07/01/2024 02:33:57||29763|1464409072|2004509632
27386|0|93506|07/01/2024 00:15:56||38044|5113180584|5764970512
28383|0|64718|07/01/2024 06:50:15||14385|3475490552|4594220840
28148|0|92558|07/01/2024 05:26:45||19395|6104045488|8908902360
28793|0|78522|07/01/2024 09:47:36||3744|109168792|128684944
26667|0|98900|06/01/2024 19:01:37||56903|17683665192|21482846888
28292|0|26789|07/01/2024 06:21:24||16116|26340920104|73126261400
28849|0|41384|07/01/2024 10:08:44||2476|185279288|201171688
27273|0|47184|06/01/2024 23:23:54||41166|5392828048|6060625688
27170|0|30969|06/01/2024 22:30:44||44356|7216101520|10404247304
27452|0|37938|07/01/2024 00:42:55||36425|3493805608|3762211920
28747|0|40573|07/01/2024 09:20:30||5370|244845320|294789792
28621|0|82453|07/01/2024 08:33:46||8174|1025404520|1395814952
28622|0|78745|07/01/2024 08:35:54||8046|3683616152|4350558016
28942|0|66047|07/01/2024 10:47:10||170|7667720|7756400
28237|0|5194|07/01/2024 06:07:06||16974|42528774848|116122677400
28507|0|9725|07/01/2024 07:45:40||11060|382029384|404553808
28358|0|51146|07/01/2024 06:44:24||14736|2016907440|2969587448
26476|0|73845|06/01/2024 17:35:07||62093|14602806920|15465393336
28193|0|14516|07/01/2024 05:46:13||18227|2628021264|3846108928
28533|0|50415|07/01/2024 07:53:16||10604|1254152568|1323090504
27171|0|27068|06/01/2024 22:32:42||44238|19675239480|19964826792
28534|0|44729|07/01/2024 07:56:34||10406|4353161168|5307133832
28329|0|10326|07/01/2024 06:35:43||15257|31286989696|85812932176
26533|0|46454|06/01/2024 18:05:56||60244|6288352352|8898548560
28821|0|5370|07/01/2024 09:55:46||3254|11252165664|22686755464
28166|0|16276|07/01/2024 05:36:56||18784|4393465816|5888686200
28714|0|94862|07/01/2024 09:14:31||5729|269263528|327647472
27593|0|77556|07/01/2024 01:48:34||32486|3806122992|3979340872
28083|0|59764|07/01/2024 04:54:47||21313|40515990960|81813598848
27254|0|89175|06/01/2024 23:18:59||41461|33749174784|47386700024
26978|0|31271|06/01/2024 21:17:55||48725|72616138920|48963053008
27144|0|27336|06/01/2024 22:24:45||44715|6135931440|9101820920
28084|0|60295|07/01/2024 04:53:32||21388|5636395624|8127488096
26097|0|88989|06/01/2024 15:07:41||70939|13060268752|18995888552
28113|0|25576|07/01/2024 05:08:43||20477|2853043424|3977546008
26646|0|88728|06/01/2024 18:55:09||57291|11907047544|15377609192
28459|0|57284|07/01/2024 07:21:18||12522|2285020960|2302706672
28149|0|88707|07/01/2024 05:26:30||19410|46773200768|95721105648
28384|0|92971|07/01/2024 06:54:59||14101|782746152|904333424
28674|0|18359|07/01/2024 08:51:05||7135|11046207528|32197544832
28748|0|16548|07/01/2024 09:24:14||5146|626785896|834346344
28586|0|92612|07/01/2024 08:15:53||9247|3257566568|4757304408
28652|0|54847|07/01/2024 08:44:25||7535|660072488|774779208
27821|0|34312|07/01/2024 03:11:42||27498|10809704208|11266879248
27017|0|62267|06/01/2024 21:28:22|07/01/2024 10:48:53|48031|6605330016|7059037264
27255|0|16816|06/01/2024 23:18:14||41506|8825421016|9087774816
28385|0|43712|07/01/2024 06:52:29||14251|15105855168|45279106720
26624|0|52955|06/01/2024 18:42:09||58071|1043830200|1266579552
28264|0|99171|07/01/2024 06:17:13||16367|23393467712|66564165608
27594|0|41802|07/01/2024 01:41:10||32930|2810841712|3096767384
28150|0|3991|07/01/2024 05:29:13||19247|1957710344|2007046344
27777|0|99295|07/01/2024 02:51:09||28731|1145251184|1370466448
27822|0|33320|07/01/2024 03:19:37||27023|3756483136|4133195024
27937|0|10493|07/01/2024 03:54:38||24922|6455589184|7312041568
27778|0|92343|07/01/2024 02:55:57||28443|869871368|1060344600
28407|0|80004|07/01/2024 07:08:42||13278|2686322944|3057756064
28767|0|67316|07/01/2024 09:37:24||4356|772515536|1101724824
28408|0|38628|07/01/2024 07:08:58||13262|2418118344|2640180032
28564|0|44150|07/01/2024 08:00:45||10155|1105264640|1469080136
28238|0|59111|07/01/2024 06:05:00||17100|6070586880|6843588840
28694|0|85531|07/01/2024 09:03:18||6402|663954800|774338832
28850|0|91247|07/01/2024 10:01:12||2928|103451368|135535264
28431|0|92469|07/01/2024 07:17:38||12742|202558288|281149368
28293|0|24715|07/01/2024 06:28:46||15674|693766776|698774128
27823|0|34605|07/01/2024 03:15:28||27272|49604109368|108167191304
28943|0|26148|07/01/2024 10:46:38||202|35103024|37782560
27671|0|77033|07/01/2024 02:11:02||31138|848315304|859023840
28822|0|83901|07/01/2024 09:52:22||3458|410050896|581020200
26275|0|85924|06/01/2024 16:16:42||66798|18205157976|25148620856
28167|0|95978|07/01/2024 05:31:36||19104|1954476712|2316245200
27881|0|57855|07/01/2024 03:37:15||25965|12266646200|13994758968
27962|0|98490|07/01/2024 04:02:39||24441|3865140072|4882896528
28944|0|59348|07/01/2024 10:49:41||19|1211768|1799264
27824|0|13791|07/01/2024 03:12:47||27433|90169282472|243240594184
28695|0|24430|07/01/2024 09:06:51||6189|2619085608|3425588048
28749|0|24261|07/01/2024 09:20:27||5373|8292187424|6451252560
28945|0|13739|07/01/2024 10:43:09||411|15938968|18191992
26668|0|4122|06/01/2024 19:00:07||56993|186490695160|464269283840
28900|0|99654|07/01/2024 10:27:29||1351|133004352|156923656
28653|0|88644|07/01/2024 08:43:42||7578|1859497256|2601780304
28409|0|77054|07/01/2024 07:04:55||13505|19604164552|15005294160
28432|0|18094|07/01/2024 07:14:32||12928|8597096784|10265975688
28007|0|10634|07/01/2024 04:27:33||22947|2218004472|2353640200
28294|0|59979|07/01/2024 06:22:52||16028|1991132432|2699859408
28460|0|10027|07/01/2024 07:22:03||12477|77145048|79716408
26979|0|94737|06/01/2024 21:12:49||49031|10220846288|14013012560
28114|0|39463|07/01/2024 05:05:30||20670|3353055488|4242729768
28794|0|73573|07/01/2024 09:46:36||3804|113114328|126348104
28058|0|91117|07/01/2024 04:48:02||21718|1818737176|1845534064
27595|0|7959|07/01/2024 01:40:38||32962|64935715160|165294694704
27427|0|70850|07/01/2024 00:37:32||36748|5167896192|5887130952
27365|0|48207|07/01/2024 00:02:00||38880|11799742880|12798491912
28008|0|91375|07/01/2024 04:25:48||23052|4773381168|6751610440
27231|0|75481|06/01/2024 23:01:09||42531|18593843128|22441623280
28623|0|82493|07/01/2024 08:34:07||8153|8243706608|5030602568
28295|0|87249|07/01/2024 06:25:14||15886|8139917856|11599541304
27673|0|67468|07/01/2024 02:10:29||31171|5655651560|6769365144
28946|0|97929|07/01/2024 10:48:04||116|13570600|14960040
27320|0|55223|06/01/2024 23:49:33||39627|14438614936|19595813160
28587|0|56756|07/01/2024 08:15:11||9289|388446864|579522144
28265|0|47090|07/01/2024 06:19:15||16245|4306952208|4653428648
28901|0|80555|07/01/2024 10:23:53||1567|45109296|45756624
28060|0|86419|07/01/2024 04:45:25||21875|301297728|302668352
28768|0|86414|07/01/2024 09:36:05||4435|843714872|1205243768
27700|0|69115|07/01/2024 02:29:53||30007|205553560|235051016
26742|0|17534|06/01/2024 19:35:01||54899|14714560304|19597936024
27801|0|54065|07/01/2024 03:04:56||27904|18034357344|23471868624
28239|0|63283|07/01/2024 06:05:04||17096|20282410240|15933206808
26692|0|83443|06/01/2024 19:16:57||55983|1399836360|2061597192
28676|0|29503|07/01/2024 08:53:37||6983|15402277928|34394037728
28879|0|92953|07/01/2024 10:11:09||2331|397537704|415637720
28588|0|91907|07/01/2024 08:12:31||9449|204756464|284752376
26382|0|69672|06/01/2024 16:57:55||64325|22111860080|23201317928
26905|0|52341|06/01/2024 20:43:40||50780|3676372392|3824054544
28168|0|19540|07/01/2024 05:37:37||18743|12170810264|15357312296
28902|0|96145|07/01/2024 10:27:29||1351|45473168|50841176
27701|0|33806|07/01/2024 02:22:50||30430|8819129568|10438790080
28151|0|39888|07/01/2024 05:24:45||19515|1990536632|2838471672
28947|0|70485|07/01/2024 10:49:48||12|1682056|2307576
28677|0|68794|07/01/2024 08:58:08||6712|1064046616|1466973824
28715|0|18173|07/01/2024 09:13:52||5768|23194024000|14027156528
27624|0|70576|07/01/2024 01:52:51||32229|16773535624|9985201632
28696|0|67613|07/01/2024 09:09:08||6052|1385419696|2037277624
27802|0|93139|07/01/2024 03:04:55||27905|92324072|102047840
28948|0|96461|07/01/2024 10:45:14||286|541982160|1138115824
28624|0|60623|07/01/2024 08:35:05||8095|1725641000|2066520984
28697|0|84902|07/01/2024 09:04:46||6314|3581594312|4068419336
28851|0|73673|07/01/2024 10:09:57||2403|3218708880|6919969456
28266|0|7301|07/01/2024 06:12:59||16621|2102412536|2921639656
26342|0|42083|06/01/2024 16:37:21|07/01/2024 10:40:48|65007|137251875608|305632992776
26933|0|98838|06/01/2024 20:56:59||49981|25960604160|27823289480
28037|0|53581|07/01/2024 04:30:08||22792|1752074568|2186788712
27067|0|55477|06/01/2024 21:46:03||47037|7506445160|10193710776
27674|0|21733|07/01/2024 02:13:39||30981|63091295216|181712718008
27387|0|85876|07/01/2024 00:15:09||38091|7555940328|7688773592
27211|0|39458|06/01/2024 22:56:29||42811|9362325640|10900712936
28716|0|7944|07/01/2024 09:14:25||5735|3656617152|5155902768
28152|0|81050|07/01/2024 05:24:59||19501|678059720|978666440
27752|0|86917|07/01/2024 02:41:49||29291|2300091264|2417133312
27572|0|9119|07/01/2024 01:31:55||33485|28533460024|31471345880
27454|0|77862|07/01/2024 00:47:51||36129|9778877160|9934224960
27675|0|82926|07/01/2024 02:16:22||30818|1971481024|2149219424
26448|0|63427|06/01/2024 17:25:19||62681|2674438376|2897379328
28717|0|26169|07/01/2024 09:10:44||5956|14548556696|30058369368
26220|0|26030|06/01/2024 15:55:14||68086|26203319832|34328472320
28434|0|66378|07/01/2024 07:13:23||12997|816329064|876885416
27276|0|71810|06/01/2024 23:25:24||41076|2758046120|3973285048
28169|0|25089|07/01/2024 05:38:42||18678|12830640936|17030688560
28536|0|98016|07/01/2024 07:57:10||10370|4861465920|5937865656
28240|0|41825|07/01/2024 06:08:54||16866|9213559400|12802259536
28625|0|26405|07/01/2024 08:39:30||7830|3349001664|4792854176
28296|0|49138|07/01/2024 06:22:13||16067|1166728720|1564227024
28678|0|97358|07/01/2024 08:50:46||7154|1835223576|2461299784
28921|0|68725|07/01/2024 10:36:05||835|29706960|32453664
27753|0|16386|07/01/2024 02:44:39||29121|2637096216|3735438440
28565|0|44704|07/01/2024 08:07:54||9726|2046330464|3004629032
28718|0|13628|07/01/2024 09:11:27||5913|1161542896|1281344872
28195|0|42803|07/01/2024 05:45:35||18265|1663108264|1973936056
28949|0|57579|07/01/2024 10:49:21||39|61402280|133201032
28297|0|83617|07/01/2024 06:29:39||15621|5603714576|6250538864
28242|0|31738|07/01/2024 06:09:18||16842|2871995224|3817846408
27234|0|79796|06/01/2024 23:07:52||42128|8934214280|10080725848
28537|0|51155|07/01/2024 07:50:18||10782|1131924840|1141283152
27908|0|28470|07/01/2024 03:43:10||25610|3908538904|5612369656
28410|0|16084|07/01/2024 07:00:12||13788|1920212520|2832051592
28750|0|12313|07/01/2024 09:29:48||4812|306196920|375175640
28626|0|64019|07/01/2024 08:39:13||7847|386851320|533206552
28087|0|30099|07/01/2024 04:50:04||21596|232443080|317525608
27963|0|87230|07/01/2024 04:09:37||24023|17749025608|17845972864
28795|0|93774|07/01/2024 09:43:46||3974|1198734976|1509676376
28566|0|24718|07/01/2024 08:08:22||9698|790370888|872851304
28679|0|11123|07/01/2024 08:55:49||6851|524776168|756783704
27754|0|91362|07/01/2024 02:41:44||29296|3145628960|4564114824
28627|0|87386|07/01/2024 08:35:59||8041|856494800|1026510024
28011|0|36677|07/01/2024 04:27:02||22978|482173080|555511096
27779|0|40270|07/01/2024 02:52:47||28633|2529049728|3664741960
26833|0|37491|06/01/2024 20:11:45||52695|3614870416|3886287760
28796|0|21264|07/01/2024 09:47:22||3758|170882744|177479680
28387|0|42522|07/01/2024 06:53:43||14177|1087118512|1090854496
27597|0|56903|07/01/2024 01:46:51||32589|11235424992|12169827856
28769|0|34817|07/01/2024 09:33:45||4575|117196144|172665136
27850|0|26763|07/01/2024 03:25:11||26689|1591939912|1916239400
26983|0|95397|06/01/2024 21:14:20||48940|6067554488|8176680440
27755|0|74214|07/01/2024 02:40:49||29351|5073876368|6171137296
27756|0|41711|07/01/2024 02:41:15||29325|2225922352|2350126592
27984|0|89625|07/01/2024 04:19:56||23404|2508740032|2977106360
28360|0|76903|07/01/2024 06:48:46||14474|6673679032|9409472544
28483|0|22732|07/01/2024 07:31:13||11927|1286089856|1293194640
28654|0|27439|07/01/2024 08:41:02||7738|1421419968|1630277488
26648|0|21299|06/01/2024 18:52:31||57449|5147566224|5744368344
28088|0|99802|07/01/2024 04:58:46||21074|1921436832|2265509184
28196|0|20340|07/01/2024 05:49:11||18049|4858913600|5439845392
28461|0|66642|07/01/2024 07:22:16||12464|928922328|1319936792
28538|0|86893|07/01/2024 07:57:54||10326|2149687832|3193103984
28484|0|64535|07/01/2024 07:38:39||11481|147532032|151095688
27455|0|96448|07/01/2024 00:43:27||36393|15275866264|19895632792
27882|0|36110|07/01/2024 03:30:56||26344|4069974824|4924456216
28267|0|96996|07/01/2024 06:10:04||16796|4450431032|5494805416
28719|0|10821|07/01/2024 09:11:43|07/01/2024 10:41:09|5366|1447014832|1534369224
28950|0|10821|07/01/2024 10:41:29||511|164703344|185286184
27780|0|71230|07/01/2024 02:57:47||28333|1702244712|2233187616
27020|0|20804|06/01/2024 21:25:27||48273|14096268304|15693215096
28038|0|76684|07/01/2024 04:32:35||22645|24763439240|18555222712
28606|0|51592|07/01/2024 08:28:18||8502|3405318656|3472788704
28823|0|47921|07/01/2024 09:54:35||3325|1239901520|862855208
28197|0|31822|07/01/2024 05:42:30||18450|2223024104|3295385144
26649|0|86916|06/01/2024 18:56:17||57223|14182458312|19695724552
28332|0|68127|07/01/2024 06:39:48||15012|16004231904|20065032680
28720|0|31414|07/01/2024 09:18:35||5485|2132328320|2286362600
27574|0|67864|07/01/2024 01:34:53||33307|290000336|383576768
28198|0|61739|07/01/2024 05:47:54||18126|741041008|1105088040
27985|0|51410|07/01/2024 04:13:58||23762|2106009848|2412787672
26718|0|66319|06/01/2024 19:25:28||55472|77487589584|43169526152
27909|0|69724|07/01/2024 03:45:21||25479|2886740904|4283778768
27625|0|20365|07/01/2024 01:57:42||31938|5350138448|5863158088
28012|0|65216|07/01/2024 04:29:47||22813|4964775632|5671335968
26788|0|76536|06/01/2024 19:51:57||53883|6493192480|8589257784
28567|0|5022|07/01/2024 08:07:38||9742|22622641104|46720581728
28852|0|89563|07/01/2024 10:05:25||2675|35766568|40057928
26836|0|59193|06/01/2024 20:10:51||52749|23903446568|31576225280
27174|0|95892|06/01/2024 22:36:10||44030|12758001176|18118868376
28853|0|87236|07/01/2024 10:01:29||2911|300730296|334155784
28089|0|14216|07/01/2024 04:51:12||21528|2898065136|3463673904
28090|0|94244|07/01/2024 04:56:11||21229|2275916224|2439092120
27235|0|50648|06/01/2024 23:02:34||42446|104207132632|277346332096
28411|0|65854|07/01/2024 07:05:16||13484|6884498296|8139750584
28436|0|14086|07/01/2024 07:14:54||12906|4477824104|4814416152
28797|0|59647|07/01/2024 09:49:33||3627|1594724976|1849593224
28216|0|69690|07/01/2024 05:55:22||17678|2532419680|3383174176
27626|0|58138|07/01/2024 01:50:26||32374|1480447752|1617365680
26935|0|90465|06/01/2024 20:51:43||50297|67964386632|128965060880
26278|0|95327|06/01/2024 16:10:39||67161|9432582960|5175858064
27702|0|68548|07/01/2024 02:28:46||30074|8051818568|8172360616
28061|0|37636|07/01/2024 04:42:28||22052|4448062472|5177196040
28680|0|68233|07/01/2024 08:56:10||6830|2227309072|3071967984
26518|0|7309|06/01/2024 17:59:56||60604|177085995464|334691449840
26671|0|55305|06/01/2024 19:08:25||56495|12221146824|17930005080
28039|0|51811|07/01/2024 04:33:47||22573|29912426840|71678969096
27106|0|65020|06/01/2024 22:09:47||45613|13340348992|15100627656
28171|0|9069|07/01/2024 05:33:27||18993|4843886928|6464382384
27733|0|80460|07/01/2024 02:35:48||29652|8453147128|9926822176
28268|0|60476|07/01/2024 06:10:12||16788|6254599120|6777019904
27390|0|63560|07/01/2024 00:13:38||38182|11448052888|14292369192
28568|0|24713|07/01/2024 08:07:35||9745|6881581816|7984759664
28903|0|6879|07/01/2024 10:26:29||1411|106432528|131521520
27321|0|80258|06/01/2024 23:49:14||39646|3901809392|5339653472
27021|0|87313|06/01/2024 21:24:45||48315|10027834256|10661668432
28485|0|72139|07/01/2024 07:37:56||11524|1624473448|1677901584
28628|0|64222|07/01/2024 08:34:31||8129|859121104|894228840
27627|0|47934|07/01/2024 01:52:47||32233|27559851840|16610633344
28388|0|57723|07/01/2024 06:52:28||14252|2226028656|2390338376
27483|0|29227|07/01/2024 00:59:20||35440|112418408|128946168
28798|0|57621|07/01/2024 09:41:39||4101|61255904|73011016
27107|0|21811|06/01/2024 22:08:51||45669|4292280376|4855171904
26907|0|11099|06/01/2024 20:48:59||50461|2394238136|2655064920
27852|0|6911|07/01/2024 03:21:52||26888|15526745728|12593678216
27304|0|45514|06/01/2024 23:34:36||40524|2922863296|3980481880
27677|0|7366|07/01/2024 02:16:12||30828|54593692104|160003175520
28464|0|41385|07/01/2024 07:29:59||12001|565333448|580415640
26519|0|69945|06/01/2024 17:53:45||60975|44772582480|49808979448
28245|0|97624|07/01/2024 06:09:19||16841|2629700856|3043548608
28389|0|89298|07/01/2024 06:58:23||13897|612038080|826457704
28569|0|14240|07/01/2024 08:00:17||10183|3533070040|4074153704
28116|0|5332|07/01/2024 05:04:21|07/01/2024 10:46:00|20499|3494560824|4393836096
28951|0|5332|07/01/2024 10:46:33||207|73260960|73918368
27410|0|53873|07/01/2024 00:22:52||37628|13014647696|13047776592
27392|0|71946|07/01/2024 00:13:44||38176|2810569464|3267942432
26625|0|47809|06/01/2024 18:47:18||57762|3912789584|4735319600
28589|0|11854|07/01/2024 08:12:38||9442|2670037152|2932456360
28824|0|28891|07/01/2024 09:59:44||3016|86385680|124976312
27575|0|93935|07/01/2024 01:33:40||33380|23383742640|27279559904
27305|0|70819|06/01/2024 23:34:02||40558|1026152664|1394904072
26936|0|64286|06/01/2024 20:58:30||49890|20078145208|28490569552
27069|0|56440|06/01/2024 21:49:49||46811|11373582632|14669921512
27938|0|87270|07/01/2024 03:52:58||25022|209536528|279961944
28770|0|53853|07/01/2024 09:33:21||4599|501137216|746509776
28508|0|46894|07/01/2024 07:48:29||10891|1507655888|1947260952
28412|0|89783|07/01/2024 07:06:24||13416|1681908168|2467873832
27939|0|45445|07/01/2024 03:52:16||25064|54022396280|161792032304
28298|0|10739|07/01/2024 06:23:26||15994|1378069760|1717088840
27986|0|19406|07/01/2024 04:12:26||23854|3297870872|3627979920
27884|0|57415|07/01/2024 03:35:51||26049|6096992576|7515672592
28655|0|86546|07/01/2024 08:44:16||7544|1178312088|1670835048
27322|0|82423|06/01/2024 23:47:49||39731|8600368728|11463884832
27940|0|80650|07/01/2024 03:50:37||25163|4416916368|4850662624
28922|0|39139|07/01/2024 10:36:38||802|116692512|161429320
26540|0|57089|06/01/2024 18:05:05||60295|17257905952|24240116272
27430|0|50307|07/01/2024 00:36:12||36828|697174064|966963976
27758|0|13972|07/01/2024 02:45:46||29054|251891120|251939728
28721|0|73294|07/01/2024 09:12:33||5847|1271881176|1589869480
28570|0|54615|07/01/2024 08:00:25||10175|1219895936|1454296744
28062|0|45025|07/01/2024 04:48:53||21667|1645819640|2180621832
28799|0|74976|07/01/2024 09:40:05||4195|197302296|281233784
28413|0|91970|07/01/2024 07:07:50||13330|1554825536|2319569864
26451|0|6561|06/01/2024 17:29:28||62432|44370067056|51191972864
28361|0|51065|07/01/2024 06:41:28||14912|7994382072|11359630792
27212|0|44253|06/01/2024 22:53:37||42983|8721102200|13030181816
27547|0|24372|07/01/2024 01:24:17||33943|4631476984|5055612440
28825|0|30656|07/01/2024 09:52:27||3453|4882208|5025824
28698|0|54872|07/01/2024 09:09:38||6022|17639400800|45062304880
27527|0|53832|07/01/2024 01:17:37||34343|20800643432|25479864464
27911|0|28135|07/01/2024 03:46:29||25411|19154716712|22730298256
27548|0|85209|07/01/2024 01:26:09||33831|12500344256|14067156032
27457|0|97025|07/01/2024 00:49:10||36050|12943445832|18773238504
28041|0|57478|07/01/2024 04:39:19||22241|8532114040|10354799248
27367|0|83204|07/01/2024 00:02:29||38851|6146485248|6199884728
26478|0|92674|06/01/2024 17:33:07||62213|13577480952|15626259800
28904|0|82437|07/01/2024 10:23:21||1599|164181824|224203840
27393|0|35393|07/01/2024 00:18:44||37876|16975416496|19756076896
28681|0|94644|07/01/2024 08:52:28||7052|1431974256|1509199672
26885|0|82855|06/01/2024 20:30:15||51585|33862367664|37001579400
28269|0|25393|07/01/2024 06:10:01||16799|9899845048|12907730720
27108|0|95133|06/01/2024 22:06:22||45818|1734524936|2478808384
28333|0|39092|07/01/2024 06:35:36||15264|1396101464|1638211168
28880|0|46481|07/01/2024 10:18:52||1868|534182312|644441112
27966|0|80114|07/01/2024 04:07:59||24121|732691336|988390592
27678|0|86587|07/01/2024 02:14:53||30907|1958116528|2686179328
27734|0|49972|07/01/2024 02:34:48||29712|5851936064|8662277128
28826|0|38043|07/01/2024 09:51:41||3499|150645432|176958112
26200|0|98102|06/01/2024 15:46:51||68589|14689381736|16309524752
28656|0|64851|07/01/2024 08:43:01||7619|744357264|936428088
28800|0|98867|07/01/2024 09:49:58||3602|275970768|277823992
28414|0|9408|07/01/2024 07:09:38||13222|444526448|454501272
27735|0|98219|07/01/2024 02:35:39||29661|1039059656|1510213760
28172|0|61298|07/01/2024 05:31:58||19082|2059158200|2524986232
28299|0|82683|07/01/2024 06:23:48||15972|1619842512|1908584464
28199|0|32304|07/01/2024 05:49:59||18001|2849107872|3977756024
28129|0|23312|07/01/2024 05:10:23||20377|29110564080|61060933280
28854|0|77682|07/01/2024 10:03:53||2767|1649792304|896192672
28362|0|99463|07/01/2024 06:40:12||14988|9727449368|12112608392
28415|0|19240|07/01/2024 07:03:07||13613|1839829888|2418061952
28217|0|58846|07/01/2024 05:56:17||17623|5259145720|6891335720
27368|0|16393|07/01/2024 00:03:45||38775|1836024880|2165677016
27912|0|44799|07/01/2024 03:45:22||25478|16714559168|16934965376
28416|0|54462|07/01/2024 07:00:49||13751|1626186552|1998467512
28465|0|90193|07/01/2024 07:25:49||12251|587253744|801737840
26837|0|82514|06/01/2024 20:17:31||52349|5405588416|6116017584
28486|0|98097|07/01/2024 07:31:22||11918|413065712|427130856
28437|0|53244|07/01/2024 07:15:38||12862|5453181376|6053848640
27369|0|11651|07/01/2024 00:02:14||38866|1136286216|1284691184
26651|0|87489|06/01/2024 18:56:29||57211|20327375968|26050806208
27853|0|74631|07/01/2024 03:28:16||26504|76946968960|199191373336
28827|0|68505|07/01/2024 09:51:11||3529|229859472|230899816
26628|0|90503|06/01/2024 18:49:17||57643|16102935352|18358196992
28246|0|94561|07/01/2024 06:02:59||17221|9662922184|11953919056
28881|0|52819|07/01/2024 10:16:39||2001|250561280|313116344
28923|0|49951|07/01/2024 10:39:03||657|190884960|193828512
27022|0|17532|06/01/2024 21:29:23||48037|7705674496|8989701872
28092|0|98547|07/01/2024 04:56:20||21220|181714504|254083944
28390|0|7726|07/01/2024 06:58:54||13866|1693451736|1697766840
27502|0|77479|07/01/2024 01:09:34||34826|12702212936|15807901504
28629|0|94328|07/01/2024 08:30:10||8390|5327066776|5989089112
27885|0|66715|07/01/2024 03:39:28||25832|25596817872|19771257280
27759|0|93283|07/01/2024 02:47:13||28967|598633232|678327976
28699|0|10836|07/01/2024 09:01:36||6504|1354115600|1691476736
28300|0|57796|07/01/2024 06:23:38||15982|2246340208|2570334192
28363|0|3862|07/01/2024 06:48:55||14465|1540652416|1928331192
28487|0|86841|07/01/2024 07:37:36||11544|20715824|21572648
27347|0|76372|06/01/2024 23:50:54||39546|6288219064|8112955904
27886|0|92396|07/01/2024 03:31:58||26282|1492338960|1973538440
28200|0|52234|07/01/2024 05:41:38||18502|1250466832|1703993048
27175|0|65096|06/01/2024 22:31:09||44331|19305317296|23242373792
28334|0|57543|07/01/2024 06:35:01||15299|17711227024|23653176224
27149|0|54758|06/01/2024 22:21:10||44930|9677879360|10275191744
27703|0|88082|07/01/2024 02:20:44||30556|1708264688|1782569656
26747|0|23710|06/01/2024 19:37:43||54737|22488214408|25187483856
28153|0|89187|07/01/2024 05:25:14||19486|1177131296|1179818600
28173|0|73332|07/01/2024 05:31:50||19090|5322239928|5844888952
28771|0|62677|07/01/2024 09:34:57||4503|275926592|363892408
28014|0|93299|07/01/2024 04:25:44||23056|1330382744|1720469920
28882|0|26214|07/01/2024 10:13:40||2180|4854355632|9817289912
27679|0|14844|07/01/2024 02:17:50||30730|5242248512|5422093952
27760|0|29962|07/01/2024 02:46:49||28991|29391365024|21421631336
27459|0|15805|07/01/2024 00:44:18||36342|13516416480|17115086536
27854|0|78214|07/01/2024 03:28:53||26467|31650226480|59088995696
27736|0|97040|07/01/2024 02:36:22||29618|1766211464|1959955328
28630|0|87395|07/01/2024 08:30:10||8390|251510968|343528880
26228|0|6143|06/01/2024 15:54:24||68136|13149479912|17072889472
27913|0|93065|07/01/2024 03:47:50||25330|52662141656|137976701752
27987|0|85296|07/01/2024 04:12:33||23847|10157773560|14504518536
27600|0|88911|07/01/2024 01:48:56||32464|103708393528|194152081368
28201|0|50993|07/01/2024 05:45:59||18241|6526577136|9328231760
28855|0|91423|07/01/2024 10:09:44||2416|53231840|55972696
27504|0|93087|07/01/2024 01:08:37||34883|12877604144|15468338960
27680|0|79156|07/01/2024 02:15:49||30851|2865518472|3927201496
27737|0|77493|07/01/2024 02:36:19||29621|3251364576|3791943904
28539|0|58102|07/01/2024 07:54:36||10524|164582000|181123992
28607|0|43201|07/01/2024 08:20:58||8942|5516082864|6309058816
28682|0|45750|07/01/2024 08:56:17||6823|3665918040|3935737208
28905|0|19829|07/01/2024 10:23:32||1588|25816000|29692352
27804|0|33153|07/01/2024 03:07:03||27777|14493226824|21733113120
28438|0|43493|07/01/2024 07:18:26||12694|479606464|674150400
26653|0|81041|06/01/2024 18:55:07||57293|10325371040|13180293728
27942|0|51755|07/01/2024 03:53:07||25013|79449469544|166741013728
27628|0|93848|07/01/2024 01:58:42||31878|644669408|847645000
28335|0|85769|07/01/2024 06:32:01||15479|5985463752|7352342344
27825|0|55126|07/01/2024 03:17:39||27141|125739688472|300258516736
27394|0|51344|07/01/2024 00:18:48||37872|7335361840|10882437488
28466|0|72617|07/01/2024 07:24:01||12359|1189891160|1686956704
26700|0|99020|06/01/2024 19:18:21||55899|172808737680|390041483440
28247|0|97371|07/01/2024 06:00:40||17360|312279152|337411216
27967|0|47709|07/01/2024 04:04:26||24334|13014328|14167872
27704|0|85520|07/01/2024 02:23:27||30393|16127491448|45837158288
27461|0|79305|07/01/2024 00:47:21||36159|9141534928|10485504080
27914|0|91634|07/01/2024 03:44:43||25517|2726282984|3505679960
27395|0|12052|07/01/2024 00:14:21||38139|7383152184|7649496016
27279|0|39240|06/01/2024 23:27:46||40934|5656551640|7767968056
28722|0|86178|07/01/2024 09:11:24||5916|422887104|598793712
28657|0|93907|07/01/2024 08:44:54||7506|16807920|24661768
28723|0|67384|07/01/2024 09:15:14||5686|2767837808|3613466128
27738|0|41453|07/01/2024 02:32:10||29870|2672155744|3890692688
28336|0|78045|07/01/2024 06:32:59||15421|830566312|890199536
26988|0|15742|06/01/2024 21:14:58||48902|11079725176|13520839616
27577|0|89377|07/01/2024 01:37:24||33156|8481805600|9959272248
28572|0|92029|07/01/2024 08:00:17||10183|1605460760|2009298664
26862|0|77649|06/01/2024 20:27:18||51762|53559303200|30563038568
26482|0|71455|06/01/2024 17:38:10||61910|29432098416|43407364104
28540|0|16196|07/01/2024 07:51:50||10690|3394018688|4317892872
28724|0|72586|07/01/2024 09:13:39||5781|19123731688|40297098408
27887|0|66485|07/01/2024 03:34:59||26101|5799670792|7212797696
28467|0|80306|07/01/2024 07:20:54||12546|841402152|909357104
27213|0|48112|06/01/2024 22:52:28||43052|11054511216|14720574968
27761|0|95564|07/01/2024 02:48:19||28901|7349719360|9350667096
27915|0|81304|07/01/2024 03:49:59||25201|14879871344|21631901408
28439|0|58968|07/01/2024 07:17:21||12759|1872957712|2250866784
28509|0|66943|07/01/2024 07:41:35||11305|2687738808|3850432032
27943|0|55543|07/01/2024 03:50:26||25174|3346347248|4104872648
27463|0|49985|07/01/2024 00:48:12||36108|21128078680|61980237024
28725|0|29163|07/01/2024 09:11:44||5896|244688560|360992056
26629|0|61581|06/01/2024 18:40:01||58199|1691438216|2253224400
28391|0|38182|07/01/2024 06:50:59||14341|8319295992|8480271792
28202|0|87943|07/01/2024 05:48:48||18072|43980197288|94068927376
28883|0|84015|07/01/2024 10:19:12||1848|60252272|80087248
28130|0|80365|07/01/2024 05:18:05||19915|3687066336|4952144816
28016|0|26203|07/01/2024 04:29:53||22807|1257536736|1694245520
27549|0|91413|07/01/2024 01:22:00||34080|5494167104|7011374368
28726|0|51087|07/01/2024 09:15:15||5685|2416864864|2784736424
28631|0|97711|07/01/2024 08:32:08||8272|4010973928|4225220976
28093|0|48037|07/01/2024 04:58:34||21086|753657568|826531544
28924|0|82979|07/01/2024 10:30:21||1179|75760776|102646200
28590|0|66209|07/01/2024 08:13:27||9393|5802323456|8199633120
28683|0|69771|07/01/2024 08:56:40||6800|413513024|522119096
28727|0|83444|07/01/2024 09:10:30||5970|456981824|559927168
28248|0|57000|07/01/2024 06:02:12||17268|18388596704|10506794568
28131|0|20158|07/01/2024 05:17:58||19922|3985216408|5339525312
28392|0|5526|07/01/2024 06:51:39||14301|8712573376|9154378048
28925|0|7096|07/01/2024 10:35:33||867|312418120|312638416
27042|0|3879|06/01/2024 21:38:56||47464|8958792368|9804981536
26483|0|43049|06/01/2024 17:33:41||62179|70964324008|53353767808
27193|0|91320|06/01/2024 22:48:02||43318|18368321168|22255352464
28573|0|17515|07/01/2024 08:04:28||9932|459917672|657336032
26673|0|63244|06/01/2024 19:03:27||56793|10545753856|10617686048
28064|0|84700|07/01/2024 04:43:57||21963|4504691224|4572502400
28302|0|62485|07/01/2024 06:26:56||15784|5206141160|6156535000
27601|0|64240|07/01/2024 01:44:30||32730|12610197064|13215853640
28541|0|67487|07/01/2024 07:55:40||10460|2237962840|3069155240
28042|0|47177|07/01/2024 04:39:00||22260|1846078056|2377800264
27988|0|48358|07/01/2024 04:10:21||23979|4582421928|5309619664
28952|0|41827|07/01/2024 10:42:43||437|4756000|5264120
28393|0|3804|07/01/2024 06:52:40||14240|2151066224|2402848224
28772|0|37594|07/01/2024 09:32:16||4664|159927336|224727920
28094|0|34693|07/01/2024 04:56:43||21197|558507704|711350288
28154|0|15530|07/01/2024 05:20:43||19757|561201032|809810936
27550|0|10788|07/01/2024 01:28:54||33666|100339024600|236856937488
27805|0|56085|07/01/2024 03:01:35||28105|3445990896|3840095440
28364|0|86599|07/01/2024 06:49:22|07/01/2024 10:40:41|13879|5168078664|5612293304
28218|0|93545|07/01/2024 05:58:15||17505|9391333264|13875566992
28608|0|84155|07/01/2024 08:29:04||8456|299800672|324955536
27916|0|60316|07/01/2024 03:47:34||25346|9003277176|11272019760
28609|0|77115|07/01/2024 08:29:29||8431|685373424|714093160
28751|0|60730|07/01/2024 09:20:10||5390|362482888|371025904
27348|0|56414|06/01/2024 23:53:32||39388|1034101704|1035256368
28394|0|94648|07/01/2024 06:55:26||14074|4310751456|4845668704
26769|0|7824|06/01/2024 19:47:08||54172|30397581288|34946942600
28658|0|85659|07/01/2024 08:44:38||7522|108502416|122405528
27432|0|60821|07/01/2024 00:36:35||36805|3093424824|3356108720
28659|0|76230|07/01/2024 08:46:16||7424|2311174352|2583605112
27762|0|37427|07/01/2024 02:43:20||29200|1212092560|1531017864
27551|0|69790|07/01/2024 01:27:04||33776|9001071904|11088620736
28728|0|39331|07/01/2024 09:18:45||5475|90149232|121629128
28488|0|36103|07/01/2024 07:30:05||11995|1261964520|1479635112
27433|0|40103|07/01/2024 00:34:04||36956|11754067304|14811346480
27739|0|55006|07/01/2024 02:37:20||29560|2078503080|2461317744
26911|0|52977|06/01/2024 20:46:11||50629|3277745488|3833278968
26751|0|49389|06/01/2024 19:30:05|07/01/2024 10:46:42|54997|4096762696|4349107728
27150|0|90604|06/01/2024 22:29:17||44443|12146807624|14956854992
28632|0|10372|07/01/2024 08:37:15||7965|1599660376|2141775304
28270|0|8097|07/01/2024 06:15:27||16473|9534464264|13321325216
28610|0|38989|07/01/2024 08:27:52||8528|1633750072|2319652256
26612|0|57109|06/01/2024 18:30:35||58765|10560611424|14066073664
27260|0|85899|06/01/2024 23:15:17||41683|1265637072|1566067640
27506|0|61807|07/01/2024 01:04:12||35148|1336670608|1591063920
27889|0|95204|07/01/2024 03:31:32||26308|97449344|100201152
28338|0|71532|07/01/2024 06:36:28||15212|2960458720|4078909856
28219|0|33020|07/01/2024 05:56:32||17608|6906138800|6949179152
28700|0|8075|07/01/2024 09:03:09||6411|545869960|694866416
28017|0|30647|07/01/2024 04:20:42||23358|18538736416|18665009432
28752|0|62807|07/01/2024 09:24:25||5135|1019175768|1170391040
27706|0|74728|07/01/2024 02:23:39||30381|4657606568|5397945232
28684|0|77675|07/01/2024 08:59:46||6614|246586248|349550984
27784|0|92661|07/01/2024 02:54:31||28529|4093019464|4108467712
26888|0|14526|06/01/2024 20:39:18||51042|18856238600|20893503896
27602|0|90068|07/01/2024 01:44:40||32720|7080685328|9147111864
28045|0|41286|07/01/2024 04:31:02||22738|10642681624|15382596104
27413|0|46783|07/01/2024 00:21:47||37693|4384902880|5526027184
28701|0|37021|07/01/2024 09:01:44||6496|2129567624|2191461912
27740|0|14784|07/01/2024 02:39:04||29456|3616304536|4708914208
28132|0|4530|07/01/2024 05:12:01||20279|1557596760|1706361400
26952|0|15140|06/01/2024 21:06:31||49409|13458564512|19791762120
28591|0|73320|07/01/2024 08:17:33||9147|2391646272|3125610160
28633|0|81360|07/01/2024 08:36:10||8030|19537729544|50978106192
28339|0|28987|07/01/2024 06:31:24||15516|15690508768|34065652248
28304|0|50031|07/01/2024 06:23:38||15982|9081856336|12789473448
27372|0|89679|07/01/2024 00:04:48||38712|4772136712|5807984944
27890|0|91899|07/01/2024 03:33:14||26206|1014921736|1153600968
27917|0|72403|07/01/2024 03:47:33||25347|1385707192|1778257688
26991|0|19178|06/01/2024 21:11:05||49135|255868112|256303608
27485|0|10537|07/01/2024 00:54:54||35706|2965283560|4053047112
27707|0|40603|07/01/2024 02:22:10||30470|1406882040|1654259584
28592|0|86607|07/01/2024 08:16:03||9237|34321989640|72275106296
27891|0|26748|07/01/2024 03:35:51||26049|7528801656|8070423248
26953|0|61221|06/01/2024 21:08:50||49270|9025487968|9146165448
28340|0|20659|07/01/2024 06:37:34||15146|864434840|1272775240
27857|0|74715|07/01/2024 03:27:22||26558|2629010408|3102793648
27214|0|13277|06/01/2024 22:54:57||42903|3530085992|4031993352
28489|0|63578|07/01/2024 07:38:48||11472|15816670296|36117280136
28828|0|53452|07/01/2024 09:55:44||3256|512354408|704918824
27044|0|35773|06/01/2024 21:32:12||47868|9256208232|12822166304
27238|0|86994|06/01/2024 23:07:20||42160|15238281024|15724229416
27681|0|50071|07/01/2024 02:18:08||30712|11479698064|11501461736
28856|0|57202|07/01/2024 10:01:08||2932|4968436904|10982957720
28685|0|84148|07/01/2024 08:57:27||6753|594146056|814317064
28066|0|77085|07/01/2024 04:42:38||22042|24733880272|65595816728
27682|0|99342|07/01/2024 02:17:01||30779|14697533536|18201106000
27507|0|95449|07/01/2024 01:04:35||35125|15344073736|19555373344
28773|0|56611|07/01/2024 09:37:30||4350|14280024|19554680
28634|0|49933|07/01/2024 08:36:36||8004|1716938072|2407798992
28395|0|33874|07/01/2024 06:55:23||14077|3209034872|4351873600
27309|0|51188|06/01/2024 23:33:48||40572|3114467872|3179527624
28067|0|33654|07/01/2024 04:49:22||21638|5774033384|7718319928
28953|0|50343|07/01/2024 10:45:49||251|38473736|46212720
27552|0|70282|07/01/2024 01:22:26||34054|11154643776|14870537896
28542|0|72619|07/01/2024 07:52:42||10638|24088417688|56396936576
27239|0|45898|06/01/2024 23:08:28||42092|60565868344|35178867120
28753|0|75420|07/01/2024 09:25:00||5100|1842662968|1156825320
27683|0|25757|07/01/2024 02:13:48||30972|54501564744|108015046712
28095|0|6099|07/01/2024 04:57:21||21159|297900720|373387368
27806|0|93704|07/01/2024 03:05:58||27842|3066372712|3287096432
28729|0|38058|07/01/2024 09:11:08||5932|761954176|504221976
28754|0|62081|07/01/2024 09:26:38||5002|1803261728|1064979584
28203|0|98961|07/01/2024 05:45:53||18247|13465652320|13830159792
27829|0|12671|07/01/2024 03:10:09||27591|7248200648|7451847816
27651|0|43443|07/01/2024 02:03:49||31571|1466273360|2173475400
27652|0|14586|07/01/2024 02:04:51||31509|1242796936|1243198344
28574|0|64866|07/01/2024 08:01:47||10093|895328480|1270743568
27830|0|98312|07/01/2024 03:17:54||27126|4158661568|4469599248
28341|0|63877|07/01/2024 06:31:40||15500|4975345784|5644943200
28271|0|81649|07/01/2024 06:12:32||16648|5628957672|7899487880
28593|0|55855|07/01/2024 08:15:40||9260|2221460952|2608471784
28906|0|20797|07/01/2024 10:23:59||1561|89730056|97123272
28068|0|92786|07/01/2024 04:41:33||22107|3776748952|4101641952
27990|0|36213|07/01/2024 04:10:45||23955|3258463096|3386372008
28857|0|70256|07/01/2024 10:08:31||2489|111677768|165079592
28155|0|46103|07/01/2024 05:24:18||19542|2803447056|2807703808
27374|0|25911|07/01/2024 00:05:37||38663|11252809016|11562759472
27112|0|7858|06/01/2024 22:05:43||45857|126983689664|367238845560
26812|0|80078|06/01/2024 20:00:09||53391|7604844744|10479435840
28305|0|30506|07/01/2024 06:29:17||15643|3954163936|5566992384
28396|0|16471|07/01/2024 06:58:51||13869|6431930008|6455188608
28221|0|55039|07/01/2024 05:56:59||17581|5112382400|5924535832
27708|0|46180|07/01/2024 02:29:29||30031|5843109736|7056057920
28018|0|98373|07/01/2024 04:28:00||22920|2504237808|2595767776
27970|0|7703|07/01/2024 04:05:14||24286|12217115856|16050314984
28730|0|80757|07/01/2024 09:11:10||5930|21789284752|46078498504
27262|0|64906|06/01/2024 23:17:34||41546|100869583544|229378832384
28342|0|59622|07/01/2024 06:31:07||15533|10748789352|11351571664
26791|0|36498|06/01/2024 19:55:54||53646|7459319264|9953627872
28907|0|36976|07/01/2024 10:21:44||1696|455381744|612896080
27807|0|64889|07/01/2024 03:07:03||27777|10023974232|10042711808
28272|0|39989|07/01/2024 06:12:45||16635|2930584200|3648370864
28046|0|20427|07/01/2024 04:39:45||22215|660040448|788821144
26771|0|78553|06/01/2024 19:45:59||54241|29248911160|38909634464
27533|0|85187|07/01/2024 01:16:25||34415|2804174088|5563487640
26992|0|71628|06/01/2024 21:15:13||48887|13171989080|16555065664
28306|0|33929|07/01/2024 06:29:57||15603|20202665176|25662023752
27466|0|24083|07/01/2024 00:46:24||36216|984331992|1185529072
28365|0|73903|07/01/2024 06:43:31||14789|5241717416|5636797064
28858|0|75433|07/01/2024 10:07:22||2558|269079624|275551656
26544|0|47638|06/01/2024 18:03:59||60361|22153965368|32649258880
28176|0|39615|07/01/2024 05:36:36||18804|5520731408|7415481184
28019|0|26853|07/01/2024 04:23:34||23186|2181320648|2595769608
28801|0|90524|07/01/2024 09:41:05||4135|15618440|22589008
28177|0|63519|07/01/2024 05:37:11||18769|2425780816|3338000760
28802|0|27053|07/01/2024 09:43:09||4011|907921136|908441400
28273|0|55461|07/01/2024 06:12:46||16634|4299943256|5976257568
28829|0|82153|07/01/2024 09:56:46||3194|358040976|492603960
28117|0|56154|07/01/2024 05:05:00||20700|1114023976|1526294192
28397|0|18965|07/01/2024 06:58:44||13876|1273149544|1653963456
28343|0|87016|07/01/2024 06:35:19||15281|10904530360|14925269672
26913|0|37108|06/01/2024 20:43:24||50796|2767241240|3785294992
28660|0|81904|07/01/2024 08:47:19||7361|1245341136|1391058208
28205|0|69625|07/01/2024 05:46:01||18239|13005377368|15737076432
28774|0|98182|07/01/2024 09:35:34||4466|1701475736|2432639072
27831|0|80005|07/01/2024 03:15:16||27284|3530171104|4082803744
27892|0|24466|07/01/2024 03:35:17||26083|3084988160|3399035888
27944|0|55290|07/01/2024 03:54:50||24910|3251880552|4682187664
26345|0|41634|06/01/2024 16:38:11||65509|6175873048|8402458376
28859|0|16071|07/01/2024 10:01:58||2882|214982672|306181664
28884|0|82244|07/01/2024 10:17:29||1951|323538424|410842344
27971|0|33949|07/01/2024 04:01:30||24510|6282852272|8320476072
28274|0|62443|07/01/2024 06:11:09||16731|3093611064|4387537792
28775|0|74222|07/01/2024 09:37:18||4362|9048714192|23947004416
28926|0|16914|07/01/2024 10:35:34||866|207056440|277501408
28441|0|25872|07/01/2024 07:19:46||12614|580792528|595503296
28803|0|14344|07/01/2024 09:47:29||3751|322198432|393988296
28575|0|79726|07/01/2024 08:08:32||9688|1306375552|1552794176
28661|0|95843|07/01/2024 08:48:43||7277|156252672|161834520
28830|0|47930|07/01/2024 09:57:10||3170|3241866992|1763020376
27151|0|47501|06/01/2024 22:27:07||44573|15924041760|22572170968
27398|0|26733|07/01/2024 00:13:51||38169|4320500272|4684276016
28755|0|60524|07/01/2024 09:29:06||4854|1144848408|1623789152
28134|0|34787|07/01/2024 05:14:56||20104|1971226304|2474884768
27581|0|71522|07/01/2024 01:38:53||33067|2049236104|2660926432
28156|0|78069|07/01/2024 05:23:34||19586|2740140400|2761647496
28662|0|54515|07/01/2024 08:40:12||7788|702834720|748093664
28069|0|54413|07/01/2024 04:41:18||22122|1841740256|2333473648
28206|0|68537|07/01/2024 05:42:25||18455|15205215632|15904152056
26939|0|10110|06/01/2024 20:51:35||50305|15172492960|21138972544
27946|0|52004|07/01/2024 03:53:59||24961|18487156272|44977854808
27653|0|30630|07/01/2024 02:01:26||31714|11752379984|15104887592
28732|0|13046|07/01/2024 09:12:22||5858|2138398928|2859913280
27859|0|73835|07/01/2024 03:28:43||26477|584762392|717476384
28860|0|78433|07/01/2024 10:04:38||2722|49916944|55690960
28020|0|75025|07/01/2024 04:25:03||23097|3078658880|4448341448
28831|0|72204|07/01/2024 09:59:52||3008|816883272|838305488
26864|0|95706|06/01/2024 20:29:51||51609|724293208|772750456
28469|0|34756|07/01/2024 07:23:57||12363|1749858360|2129926648
27631|0|29712|07/01/2024 01:52:33||32247|5012562320|5345018760
27114|0|87945|06/01/2024 22:08:07||45713|9730026632|11357377128
28733|0|12922|07/01/2024 09:19:32||5428|60971472|74768024
28543|0|48767|07/01/2024 07:57:23||10357|142374832|157045832
26501|0|72896|06/01/2024 17:43:29||61591|29468106696|44197757528
27893|0|38388|07/01/2024 03:31:14||26326|5920522424|8085295800
28885|0|39302|07/01/2024 10:13:01||2219|8302066600|16724415952
28442|0|10047|07/01/2024 07:16:20||12820|6126970184|6277298512
28096|0|48296|07/01/2024 04:55:43||21257|1228575512|1623913552
28511|0|55146|07/01/2024 07:44:48||11112|1165325240|1542640904
27467|0|90367|07/01/2024 00:45:57||36243|7680245480|7770110528
28135|0|6960|07/01/2024 05:13:41||20179|47412443624|124276164464
28832|0|30767|07/01/2024 09:52:51||3429|181546312|197501352
28097|0|22544|07/01/2024 04:56:13||21227|345355560|441360992
26841|0|26628|06/01/2024 20:18:12||52308|11651305248|14803242040
28734|0|28393|07/01/2024 09:17:57||5523|17239812496|41942928632
27045|0|16695|06/01/2024 21:38:09||47511|12072261600|13673225168
27832|0|40671|07/01/2024 03:18:32||27088|1946395112|2205554072
28308|0|76609|07/01/2024 06:21:24||16116|6215728992|7278602992
27508|0|90732|07/01/2024 01:00:38||35362|2623850920|3462287328
27310|0|15557|06/01/2024 23:38:27||40293|1436462064|1491428248
28702|0|40511|07/01/2024 09:06:57||6183|6091505888|6421440976
28544|0|86192|07/01/2024 07:50:07||10793|2188013688|2378999808
28908|0|34412|07/01/2024 10:28:49||1271|54433136|67727616
26940|0|10342|06/01/2024 20:56:59||49981|148028856744|349638909504
28275|0|97925|07/01/2024 06:15:53||16447|4533268136|5381370704
28470|0|23436|07/01/2024 07:20:47||12553|1853622160|2233787592
28927|0|29649|07/01/2024 10:39:39||621|723523848|2145681672
28776|0|48911|07/01/2024 09:39:12||4248|991100272|1369822808
27325|0|58536|06/01/2024 23:48:58|07/01/2024 10:43:19|39261|7961442752|8005774448
28635|0|79407|07/01/2024 08:34:54||8106|2883343816|3115830088
28118|0|73069|07/01/2024 05:03:57||20763|1374824672|1472443568
28545|0|27884|07/01/2024 07:51:45||10695|954113248|620321176
27025|0|39308|06/01/2024 21:20:59||48541|1270747976|1830698936
27046|0|78689|06/01/2024 21:37:38||47542|16992785400|23553429768
27196|0|74346|06/01/2024 22:42:12||43668|3450660896|3599440720
28417|0|14697|07/01/2024 07:03:54||13566|813202792|1080944648
28512|0|98973|07/01/2024 07:41:10||11330|157400472|230577576
27136|0|65491|06/01/2024 22:13:29||45391|98063037136|199255238936
27153|0|98489|06/01/2024 22:21:02||44938|30646158032|31178798544
28636|0|56997|07/01/2024 08:30:01||8399|8292314760|18209317624
28418|0|48741|07/01/2024 07:08:41||13279|1002820040|1103137888
27765|0|64434|07/01/2024 02:49:52||28808|2771803152|4031180608
28833|0|6662|07/01/2024 09:55:42||3258|1723438136|2039447472
26415|0|71562|06/01/2024 17:09:20||63640|157585128392|386334279344
28909|0|12088|07/01/2024 10:29:54||1206|212379664|304773064
28703|0|17294|07/01/2024 09:06:58||6182|1713386064|1892800808
27554|0|78684|07/01/2024 01:29:16||33644|5427734280|5535534008
27197|0|84330|06/01/2024 22:45:42||43458|12290161640|12650787552
27786|0|41706|07/01/2024 02:52:16||28664|1092866392|1261795896
27326|0|56872|06/01/2024 23:43:05||40015|37494354072|96905215120
28047|0|82127|07/01/2024 04:37:51||22329|9795647296|11322873376
28910|0|55644|07/01/2024 10:20:00||1800|417056408|511051448
28611|0|56746|07/01/2024 08:29:04||8456|1717069848|2539636088
28954|0|83758|07/01/2024 10:42:33||447|112651056|123078792
27264|0|75667|06/01/2024 23:15:02||41698|48889008896|137148934776
26320|0|73186|06/01/2024 16:20:36||66564|12711509832|14762104216
27709|0|41227|07/01/2024 02:22:08||30472|718325600|878753416
28136|0|42205|07/01/2024 05:19:14||19846|1205830712|1225420912
27555|0|94788|07/01/2024 01:21:25||34115|16935549096|17100582112
28250|0|78335|07/01/2024 06:01:36||17304|3063068512|3530336808
28419|0|97865|07/01/2024 07:08:45||13275|13059651816|34073238920
27198|0|60882|06/01/2024 22:41:11|07/01/2024 10:43:56|43365|58295933648|150015237872
28309|0|81789|07/01/2024 06:21:22||16118|1274019512|1569844976
27265|0|96892|06/01/2024 23:18:43||41477|11540722440|12754058464
28804|0|46995|07/01/2024 09:46:08||3832|84961744|117488408
28928|0|74084|07/01/2024 10:31:52||1088|2746691512|6383270128
28546|0|38982|07/01/2024 07:59:47||10213|23238400280|66073758792
28594|0|31000|07/01/2024 08:12:53||9427|15356199328|35358207656
28471|0|34953|07/01/2024 07:22:14||12466|1180705344|1598317704
28367|0|75914|07/01/2024 06:45:36||14664|632304880|777265368
27920|0|86009|07/01/2024 03:40:38||25762|19577472552|23546801808
28443|0|86823|07/01/2024 07:13:41||12979|2866084744|3244753480
27468|0|79268|07/01/2024 00:48:01||36119|18119054400|19594930416
28777|0|33485|07/01/2024 09:39:07||4253|9589601416|21959336432
26727|0|85291|06/01/2024 19:24:21||55539|3972932296|5312251296
28472|0|17728|07/01/2024 07:22:45||12435|107521160|123899288
26915|0|47970|06/01/2024 20:44:40||50720|5839409088|6799563808
26844|0|32920|06/01/2024 20:15:08||52492|11710824576|12463632984
28886|0|89551|07/01/2024 10:13:30||2190|153201608|210611928
27138|0|13907|06/01/2024 22:19:17||45043|1528146328|2051956648
27921|0|65987|07/01/2024 03:48:34||25286|26661081016|54115705888
27070|0|94873|06/01/2024 21:44:30||47130|25394648192|35610940840
27991|0|76428|07/01/2024 04:12:47||23833|5546034384|7584394184
28180|0|9390|07/01/2024 05:36:03||18837|2380492208|2987108912
27833|0|43972|07/01/2024 03:15:32||27268|13700475464|16319417512
28071|0|82516|07/01/2024 04:46:56||21784|5417324616|5970785264
28861|0|92320|07/01/2024 10:02:43||2837|17070824|21158696
28444|0|53217|07/01/2024 07:10:48||13152|42598752|63835312
28778|0|93244|07/01/2024 09:35:26||4474|1648353928|1966808176
28251|0|22741|07/01/2024 06:07:50||16930|9522854344|10389383272
28805|0|46086|07/01/2024 09:49:44||3616|146829408|213248592
28514|0|48483|07/01/2024 07:48:30||10890|309818824|433397064
28547|0|69341|07/01/2024 07:52:51||10629|436705624|619669224
27376|0|43934|07/01/2024 00:02:46||38834|16871653896|23019095704
27862|0|32336|07/01/2024 03:27:11||26569|5786603808|8659736528
28276|0|35699|07/01/2024 06:19:50||16210|1796002632|2509344080
28887|0|42383|07/01/2024 10:18:40||1880|175348040|200321320
28023|0|70346|07/01/2024 04:25:28|07/01/2024 10:46:25|22857|4931075824|6669284280
28955|0|70346|07/01/2024 10:48:19||101|27265472|39455696
27090|0|4685|06/01/2024 21:56:54||46386|3860273816|4285293224
28445|0|77465|07/01/2024 07:15:09||12891|1554767520|1948039168
27922|0|84443|07/01/2024 03:43:21||25599|489462424|702657720
28345|0|42168|07/01/2024 06:37:34||15146|7963694816|9202115552
26546|0|59806|06/01/2024 18:06:28||60212|19917592264|20395273992
26997|0|64838|06/01/2024 21:17:50||48730|66841801056|190786445112
26757|0|14009|06/01/2024 19:39:57||54603|8395250520|12179714328
27047|0|87581|06/01/2024 21:33:20||47800|2592928800|2666715528
27556|0|12956|07/01/2024 01:27:16||33764|10387641176|13353011232
27710|0|43609|07/01/2024 02:26:05||30235|3177038544|4688048264
28756|0|81020|07/01/2024 09:29:44||4816|782127624|815433112
28311|0|54461|07/01/2024 06:28:32||15688|6568042392|9367843728
28929|0|75069|07/01/2024 10:31:22||1118|104754376|154783296
28515|0|92593|07/01/2024 07:45:12||11088|298162432|422012968
27923|0|35495|07/01/2024 03:48:27||25293|2924670960|3199789032
27469|0|98672|07/01/2024 00:42:49||36431|19172422960|28344560088
28072|0|21866|07/01/2024 04:47:12||21768|968766040|561864632
28663|0|17787|07/01/2024 08:41:45||7695|2757407496|1602388864
28222|0|31852|07/01/2024 05:54:18||17742|4643660600|5576623856
28073|0|39893|07/01/2024 04:44:13||21947|11764937136|28530413664
28612|0|60185|07/01/2024 08:27:25||8555|6855300968|8168662032
27948|0|98573|07/01/2024 03:52:11||25069|4719699744|6994512672
27992|0|20093|07/01/2024 04:14:11||23749|2545646952|3369131360
28736|0|45060|07/01/2024 09:11:49||5891|968678928|1337057024
27924|0|68311|07/01/2024 03:40:17||25783|1683516896|1882231440
27287|0|71535|06/01/2024 23:26:36||41004|14245650592|19067404528
27437|0|53738|07/01/2024 00:30:57||37143|5543060200|6378213896
28686|0|56024|07/01/2024 08:50:37||7163|2140955936|2736743240
27199|0|24447|06/01/2024 22:42:54||43626|128491071800|294909540256
28048|0|99612|07/01/2024 04:34:35||22525|5926645520|7537502688
28312|0|11302|07/01/2024 06:29:30||15630|8243714056|9008414904
27241|0|5708|06/01/2024 23:04:28||42332|6711012040|9947999912
27603|0|18160|07/01/2024 01:48:46||32474|115297999576|235103397240
27604|0|11860|07/01/2024 01:47:56||32524|5074533496|5529369352
28223|0|96844|07/01/2024 05:50:15||17985|1552320712|1972758784
27489|0|45386|07/01/2024 00:52:31||35849|7587312504|9063397240
27155|0|19015|06/01/2024 22:20:27||44973|15840744560|19846586144
28313|0|45373|07/01/2024 06:27:48||15732|2318166896|2548510416
28779|0|68984|07/01/2024 09:33:16||4604|12138884992|24435225696
28834|0|44360|07/01/2024 09:53:38||3382|4626170520|2492879432
27534|0|4470|07/01/2024 01:17:48||34332|10997355472|12423096128
27438|0|10085|07/01/2024 00:38:30||36690|4903932264|5444128952
27834|0|86250|07/01/2024 03:15:25||27275|8920358840|8951265960
26866|0|57795|06/01/2024 20:27:09||51771|3109021472|3134056536
27810|0|43550|07/01/2024 03:07:38||27742|5397967296|6108987400
27835|0|82841|07/01/2024 03:14:11||27349|15752818664|15976146304
27811|0|39394|07/01/2024 03:07:01||27779|5597217440|5638303448
26847|0|4803|06/01/2024 20:19:48||52212|111662858256|277162000648
26293|0|98113|06/01/2024 16:19:51||66609|18779332800|20229278376
28704|0|44803|07/01/2024 09:02:05||6475|8672079432|5339315368
27351|0|8206|06/01/2024 23:59:35||39025|19590331032|20907581040
27894|0|98608|07/01/2024 03:37:15||25965|2337969312|3047294456
26678|0|57836|06/01/2024 19:04:27||56733|80930805496|238223474184
27633|0|87579|07/01/2024 01:55:08||32092|1306017728|1754644760
27949|0|11571|07/01/2024 03:54:23||24937|2009254512|2347378808
27788|0|54472|07/01/2024 02:55:29||28471|7338569368|9422832464
27418|0|36839|07/01/2024 00:20:04||37796|6028162456|6229676592
28224|0|75669|07/01/2024 05:50:56||17944|21806606576|51647943880
28074|0|62816|07/01/2024 04:41:02||22138|1647355040|2276433344
28806|0|16540|07/01/2024 09:42:49||4031|843122376|884376464
27864|0|24602|07/01/2024 03:29:43||26417|2180161648|2443691456
27313|0|34214|06/01/2024 23:32:47||40633|8749841144|10070484544
28835|0|93820|07/01/2024 09:58:28||3092|953022672|1054476712
27974|0|45796|07/01/2024 04:06:53||24187|5105901848|7149920904
28099|0|95116|07/01/2024 04:50:46||21554|5019124016|6259960328
28225|0|28587|07/01/2024 05:54:16||17744|875222688|1157298728
26919|0|28106|06/01/2024 20:45:36||50664|107392359640|243147877824
27327|0|61191|06/01/2024 23:43:39||39981|11185658280|11361265344
28516|0|53326|07/01/2024 07:44:30||11130|1525731048|1867511232
28446|0|32111|07/01/2024 07:11:24||13116|7062506856|9324108936
28137|0|5803|07/01/2024 05:14:15||20145|2446537328|3060444200
28517|0|41544|07/01/2024 07:43:05||11215|45428088|65445008
28911|0|45059|07/01/2024 10:20:11||1789|76049152|111452872
28492|0|52563|07/01/2024 07:38:31||11489|1318484784|1560628960
28157|0|7998|07/01/2024 05:22:47||19633|3849380824|5760153976
28049|0|66081|07/01/2024 04:34:36||22524|81191210032|199215858232
28024|0|54119|07/01/2024 04:22:47||23233|6548414344|7202280696
26849|0|91976|06/01/2024 20:16:15||52425|14337035680|14717757872
28252|0|24453|07/01/2024 06:04:47||17113|2459463128|3212088600
28862|0|9336|07/01/2024 10:00:55||2945|697068664|967236504
28025|0|61717|07/01/2024 04:25:35||23065|2325507952|2727992840
28807|0|70213|07/01/2024 09:41:03||4137|185002224|213894328
28277|0|50917|07/01/2024 06:13:35||16585|3836114680|4438533504
27812|0|30781|07/01/2024 03:05:58||27842|1499614312|1510014040
27157|0|36760|06/01/2024 22:26:59||44581|14034422656|20078487496
28420|0|60581|07/01/2024 07:02:42||13638|1280034368|1489312424
28347|0|94050|07/01/2024 06:37:38||15142|732205776|1039088232
28637|0|21356|07/01/2024 08:34:42||8118|458547520|484791840
27399|0|68948|07/01/2024 00:16:28||38012|3796846504|5435795824
28100|0|31189|07/01/2024 04:53:44||21376|1608182296|2132672704
27200|0|91279|06/01/2024 22:47:59||43321|15981284448|23776123792
27419|0|39360|07/01/2024 00:27:48||37332|6005048384|6229661464
28863|0|41267|07/01/2024 10:03:24||2796|64020720|95155648
28780|0|27595|07/01/2024 09:36:23||4417|382924840|490533856
27896|0|94316|07/01/2024 03:38:41||25879|9671373032|14039586496
27510|0|72700|07/01/2024 01:04:38||35122|7829215000|11072880896
28447|0|97311|07/01/2024 07:14:17||12943|14176461288|36984087544
28757|0|42553|07/01/2024 09:27:47||4933|1028892296|1312369856
27000|0|88746|06/01/2024 21:19:13||48647|10920174488|11141993880
28758|0|85267|07/01/2024 09:27:41||4939|167921688|191538704
28864|0|16744|07/01/2024 10:08:55||2465|217978792|220642536
27352|0|52807|06/01/2024 23:57:29||39151|6665756320|9875699304
28613|0|73600|07/01/2024 08:23:56||8764|3096828512|4563327936
28595|0|20283|07/01/2024 08:13:23||9397|694761928|817874624
28956|0|24156|07/01/2024 10:42:49||431|179523232|206298888
28209|0|92726|07/01/2024 05:43:03||18417|6660231288|8169275336
28638|0|74286|07/01/2024 08:34:47||8113|2217652600|3291291104
28181|0|33275|07/01/2024 05:31:03||19137|1694446656|2131120864
28158|0|43115|07/01/2024 05:29:08||19252|902524856|1087102120
28705|0|75722|07/01/2024 09:04:23||6337|404087784|550780176
27607|0|77345|07/01/2024 01:42:12||32868|13985787704|17745520848
26868|0|35459|06/01/2024 20:29:30||51630|5891934304|8368127024
28101|0|52141|07/01/2024 04:51:27||21513|1617792976|2012155088
28664|0|78667|07/01/2024 08:48:36||7284|187612256|228393688
27268|0|22701|06/01/2024 23:16:38||41602|8477039272|8705368992
28687|0|75547|07/01/2024 08:52:10||7070|925468616|1158572584
27837|0|53471|07/01/2024 03:13:29||27391|76796792424|174376712368
28075|0|13654|07/01/2024 04:44:12||21948|4840323368|6663028256
28518|0|51319|07/01/2024 07:45:26||11074|592786128|806590024
28253|0|89917|07/01/2024 06:02:34||17246|2662713416|2901125624
28254|0|72926|07/01/2024 06:09:50||16810|1333525544|1343124352
28808|0|63274|07/01/2024 09:44:59||3901|232258128|283723584
27536|0|98428|07/01/2024 01:14:34||34526|10274366496|14185727024
27420|0|52904|07/01/2024 00:27:03||37377|8770646936|8929173984
26619|0|93717|06/01/2024 18:31:21||58719|8517092608|10170622240
27492|0|36448|07/01/2024 00:54:21||35739|23117002712|26905968376
26820|0|75895|06/01/2024 20:00:46||53354|116515988992|238108620352
27421|0|8613|07/01/2024 00:26:21||37419|2894569168|3916816176
28314|0|56019|07/01/2024 06:21:23||16117|1180296072|1433772168
27160|0|71391|06/01/2024 22:27:11||44569|8644935736|9142097640
28548|0|18270|07/01/2024 07:59:19||10241|17649417496|39958402360
28050|0|62527|07/01/2024 04:38:17||22303|29349797744|65365837864
26962|0|6376|06/01/2024 21:00:54||49746|6358891480|9149459224
27560|0|48108|07/01/2024 01:28:19||33701|12031395184|15363421760
28865|0|48135|07/01/2024 10:03:46||2774|3268836344|2022736440
28278|0|70009|07/01/2024 06:16:41||16399|11914155744|16618084816
26185|0|71014|06/01/2024 15:36:24||69216|16030010256|20327712056
27927|0|87607|07/01/2024 03:42:06||25674|11541585432|12694762288
26507|0|13824|06/01/2024 17:41:25||61715|25613316600|26091762768
27537|0|98663|07/01/2024 01:12:14||34666|17813832184|26190774360
28706|0|83148|07/01/2024 09:02:49||6431|1400140064|1959134648
28255|0|90954|07/01/2024 06:01:48||17292|2890128520|3671001048
28182|0|61005|07/01/2024 05:35:37||18863|2995567424|3164898816
28912|0|41578|07/01/2024 10:20:56||1744|29235160|42410520
27899|0|89323|07/01/2024 03:34:44||26116|1416584528|2101013472
27688|0|42723|07/01/2024 02:10:02||31198|6448874128|8209341800
27838|0|77387|07/01/2024 03:16:47||27193|51523974936|113648917288
28576|0|19955|07/01/2024 08:02:12||10068|1089025744|1158770088
28888|0|72301|07/01/2024 10:14:05||2155|3986424|5066688
28688|0|30346|07/01/2024 08:56:46||6794|30550133400|67360489232
26597|0|35567|06/01/2024 18:20:29||59371|43531860064|50603562240
27789|0|28380|07/01/2024 02:55:40||28460|7114268656|7588025336
28398|0|68077|07/01/2024 06:51:39||14301|41105089384|97155899928
27401|0|50446|07/01/2024 00:15:05||38095|6590615864|8324407568
27291|0|25604|06/01/2024 23:29:46||40814|71068838720|150547858112
26508|0|26325|06/01/2024 17:42:28||61652|7664155928|10617168056
28737|0|19601|07/01/2024 09:14:45||5715|1843331520|2532498912
28738|0|8328|07/01/2024 09:14:48||5712|3233059824|4217682040
28076|0|64575|07/01/2024 04:49:04||21656|11056323648|12226864312
28759|0|18394|07/01/2024 09:28:40||4880|405630888|502004616
28210|0|96247|07/01/2024 05:49:33||18027|2806049048|3259232632
27993|0|62292|07/01/2024 04:15:20||23680|127277536|185238888
28639|0|32468|07/01/2024 08:37:46||7934|5089168632|3155762928
27609|0|35329|07/01/2024 01:46:52||32588|15902037776|16085604360
26891|0|48439|06/01/2024 20:35:34||51266|43960835160|48190242352
26892|0|39373|06/01/2024 20:31:50||51490|10024886080|14319915688
28665|0|11043|07/01/2024 08:40:12||7788|259001488|352408616
28809|0|68306|07/01/2024 09:46:22||3818|347023064|367062600
28493|0|76017|07/01/2024 07:33:50||11770|684265552|811090264
26921|0|6952|06/01/2024 20:48:02||50518|204829517784|419605024552
28666|0|38590|07/01/2024 08:44:36||7524|4765566472|3589270744
27634|0|71648|07/01/2024 01:54:25||32135|5297802776|6362291592
26773|0|94709|06/01/2024 19:41:37||54503|1428812976|1468784960
27900|0|16348|07/01/2024 03:38:15||25905|6751007000|9596767984
27839|0|57503|07/01/2024 03:11:59||27481|9158262224|12392749704
28640|0|39968|07/01/2024 08:32:12||8268|513768216|616375728
27353|0|37225|06/01/2024 23:58:49||39071|6727735096|8720575784
28836|0|85434|07/01/2024 09:57:55||3125|390282872|561246968
28549|0|15099|07/01/2024 07:58:43||10277|78539080|104630416
27928|0|91313|07/01/2024 03:46:47||25393|5452273216|8085386864
26775|0|45237|06/01/2024 19:45:41||54259|4026466768|4387376536
28957|0|88937|07/01/2024 10:40:59||541|322763776|476497936
28781|0|68338|07/01/2024 09:35:49||4451|84224424|117236592
28159|0|68634|07/01/2024 05:22:54||19626|1377457776|1439528672
28550|0|45886|07/01/2024 07:57:33||10347|589930912|866846408
26657|0|64101|06/01/2024 18:57:16||57164|1368062600|1464892768
27511|0|95683|07/01/2024 01:08:52||34868|835256040|967775920
27512|0|19376|07/01/2024 01:03:42||35178|29928828896|20068310152
27563|0|34682|07/01/2024 01:25:43||33857|3573106032|3832120544
27689|0|28349|07/01/2024 02:15:19||30881|5277174768|5940106816
27901|0|38542|07/01/2024 03:36:02||26038|11290266168|11792605368
26465|0|78994|06/01/2024 17:24:23||62737|113355570464|228356843616
28810|0|47033|07/01/2024 09:45:56||3844|138469960|194981768
27690|0|28176|07/01/2024 02:15:23||30877|219580569024|151031795184
28421|0|30265|07/01/2024 07:08:23||13297|1864594960|2265812520
28315|0|95237|07/01/2024 06:22:37||16043|3862535648|5425616592
28782|0|26922|07/01/2024 09:35:29||4471|8900392|9473304
27929|0|31543|07/01/2024 03:49:05|07/01/2024 10:47:48|25123|5488416800|6372469840
28279|0|6248|07/01/2024 06:17:03||16377|10985105856|11551860048
28783|0|61686|07/01/2024 09:30:14||4786|2067178048|2186376024
27903|0|78972|07/01/2024 03:39:51||25809|4841995360|7002666520
28316|0|39025|07/01/2024 06:27:25||15755|5221224384|7787415504
28889|0|14541|07/01/2024 10:10:05||2395|81377728|97500800
28494|0|12056|07/01/2024 07:30:31||11969|440587560|463090496
28184|0|57247|07/01/2024 05:31:18||19122|46440206008|117599118888
26797|0|28438|06/01/2024 19:56:04||53636|17639975920|19325499032
27866|0|85410|07/01/2024 03:23:03||26817|3491826320|3498450688
27181|0|99156|06/01/2024 22:31:12||44328|3087495344|3662177104
27610|0|98210|07/01/2024 01:40:36||32964|2518375512|2733306368
27659|0|80363|07/01/2024 02:06:35||31405|1801772112|2322122624
28371|0|82385|07/01/2024 06:48:08||14512|3802592176|4727926944
27813|0|9107|07/01/2024 03:02:03||28077|2125993440|2444220208
27712|0|54339|07/01/2024 02:22:53||30427|20601029200|59281024048
26393|0|4054|06/01/2024 16:59:30||64230|25286030744|29731013072
27790|0|28518|07/01/2024 02:59:06||28254|5561826104|6260683856
27930|0|77491|07/01/2024 03:48:13||25307|1430899656|1696021416
26729|0|35733|06/01/2024 19:23:55||55565|545024632|616740184
26922|0|98856|06/01/2024 20:45:18|07/01/2024 10:49:34|50656|23802399056|28893933760
27814|0|7143|07/01/2024 03:03:01||28019|5345960752|5599403992
28667|0|44658|07/01/2024 08:44:07||7553|709711272|868665672
28930|0|80476|07/01/2024 10:38:43||677|2618106824|5324458664
28372|0|69201|07/01/2024 06:48:21||14499|7541361064|8765854016
28811|0|68031|07/01/2024 09:49:03||3657|1594383472|1995600464
27242|0|65772|06/01/2024 23:02:31||42449|5231731304|7453811032
27611|0|85011|07/01/2024 01:46:12||32628|5141624584|7174945784
28185|0|4256|07/01/2024 05:36:12||18828|6276560968|7242581984
28707|0|28951|07/01/2024 09:02:53||6427|998935000|1067934184
27005|0|44893|06/01/2024 21:12:01||49079|1178832176|1355495184
28495|0|64878|07/01/2024 07:35:08||11692|3457367664|3613322912
27867|0|95872|07/01/2024 03:23:32||26788|7681050040|8725863128
28641|0|13764|07/01/2024 08:30:47||8353|2478901640|3032755504
28422|0|44731|07/01/2024 07:04:14||13546|320159448|409535424
28348|0|58029|07/01/2024 06:34:57||15303|2634846456|2860957872
28474|0|27027|07/01/2024 07:22:06||12474|248503560|313336048
27713|0|81072|07/01/2024 02:21:33||30507|2142475288|2632859792
28913|0|67867|07/01/2024 10:27:53||1327|26666232|27876336
27744|0|9349|07/01/2024 02:32:11||29869|6324322016|7199568904
28399|0|37070|07/01/2024 06:52:59||14221|3494954744|3768269032
28496|0|13737|07/01/2024 07:30:49||11951|154789248|221427992
28689|0|19087|07/01/2024 08:50:03||7197|9936654328|26712209064
27714|0|94461|07/01/2024 02:25:40||30260|7744637088|9101680216
28577|0|19097|07/01/2024 08:03:10||10010|2424816|3200600
27612|0|89879|07/01/2024 01:43:51||32769|80490480056|176806750464
27031|0|98621|06/01/2024 21:25:40||48260|6581254392|9126640424
28551|0|89278|07/01/2024 07:59:54||10206|2661041176|2974178792
27635|0|61032|07/01/2024 01:56:52||31988|10229965224|10334024256
28668|0|8632|07/01/2024 08:43:45||7575|11515723320|8709166256
28739|0|7199|07/01/2024 09:10:26||5974|2906431368|3903879344
28186|0|93666|07/01/2024 05:39:08||18652|1492117040|1905726432
28552|0|28277|07/01/2024 07:54:27||10533|13035461000|29322563120
27220|0|30292|06/01/2024 22:59:28||42632|118370788448|254000752312
27745|0|80603|07/01/2024 02:38:24||29496|941578256|1015509936
27613|0|97911|07/01/2024 01:44:07||32753|29046079536|30550375312
28760|0|85081|07/01/2024 09:20:39||5361|1575380336|2078325720
26327|0|68440|06/01/2024 16:23:15||66405|27113332728|35611150520
27139|0|43678|06/01/2024 22:16:56||45184|12939101048|13678313648
28400|0|94248|07/01/2024 06:51:53|07/01/2024 10:49:20|14247|6285684296|8087125944
28642|0|65387|07/01/2024 08:30:24||8376|801754176|1039548616
27715|0|65210|07/01/2024 02:27:45||30135|1677310608|2332621640
28596|0|83558|07/01/2024 08:17:44||9136|2289150080|2368750088
28520|0|90872|07/01/2024 07:42:59||11221|1997711368|2678422120
27636|0|57080|07/01/2024 01:50:42||32358|12387286864|16972062080
28740|0|66317|07/01/2024 09:15:37||5663|955595328|1146237560
28784|0|29753|07/01/2024 09:30:53||4747|753785064|950538496
27118|0|57413|06/01/2024 22:08:28||45692|3169078104|3402478064
26466|0|79350|06/01/2024 17:24:09|07/01/2024 10:42:24|62295|14031479688|14097098872
27716|0|9206|07/01/2024 02:25:36||30264|1028811248|1514775696
26490|0|75279|06/01/2024 17:39:45||61815|20609908880|29576395072
28785|0|90190|07/01/2024 09:31:36||4704|2234246896|2502466472
28615|0|69929|07/01/2024 08:26:21||8619|4445384152|6256376192
28226|0|60223|07/01/2024 05:57:25||17555|94096744|106286424
28187|0|71031|07/01/2024 05:38:20||18700|36968455128|110076131600
28423|0|86032|07/01/2024 07:07:30||13350|1131179688|1281478768
27183|0|38350|06/01/2024 22:33:16||44204|4860818712|5460358600
28027|0|52489|07/01/2024 04:25:35||23065|7061371712|7616117288
27221|0|83051|06/01/2024 22:59:52||42608|1873398856|2679874176
27330|0|38265|06/01/2024 23:42:45||40035|1056833664|1240461328
27513|0|22671|07/01/2024 01:03:20||35200|126961787480|239393394488
28553|0|14794|07/01/2024 07:50:48||10752|752986936|960539656
28281|0|61015|07/01/2024 06:17:46||16334|15146651320|43409386992
26798|0|96090|06/01/2024 19:55:18||53682|6168082024|7837415080
27585|0|15906|07/01/2024 01:31:38||33502|67704096096|182096325848
27994|0|20383|07/01/2024 04:12:22||23858|12313449712|18124431280
28102|0|59942|07/01/2024 04:53:10||21410|6658359928|8405756320
26297|0|58552|06/01/2024 16:18:02||66718|1250529664|1838800800
27977|0|73325|07/01/2024 04:00:20||24580|3448823008|5153664704
28373|0|90642|07/01/2024 06:45:04||14696|469358688|593975336
28257|0|83215|07/01/2024 06:01:32||17308|4950978656|5495246752
28741|0|10527|07/01/2024 09:18:26||5494|4531902104|4547429112
26621|0|91752|06/01/2024 18:31:05||58735|20411294224|23638977936
28597|0|63625|07/01/2024 08:17:37||9143|6521914280|12931561680
28103|0|11654|07/01/2024 04:59:54||21006|3648547976|5207050240
28837|0|20606|07/01/2024 09:55:08||3292|434010920|589889232
28401|0|11226|07/01/2024 06:52:49||14231|1859099688|2121735680
27204|0|33681|06/01/2024 22:45:06||43494|25203039760|34709471336
26779|0|43601|06/01/2024 19:45:58||54242|88334944912|174265189984
28140|0|32541|07/01/2024 05:10:28||20372|1545234176|1944707336
28104|0|53508|07/01/2024 04:58:39||21081|4776366040|6302017264
28914|0|47866|07/01/2024 10:21:46||1694|350993256|492014296
28349|0|87992|07/01/2024 06:39:20||15040|595119904|819047840
27614|0|88561|07/01/2024 01:40:40||32960|739736336|833093328
27541|0|14153|07/01/2024 01:11:18||34722|24348258232|29230387376
28188|0|85454|07/01/2024 05:39:47||18613|30601984912|24381975848
27793|0|53519|07/01/2024 02:59:38||28222|586065976|635383904
28350|0|94015|07/01/2024 06:30:52||15548|25454249728|68149093856
27542|0|40656|07/01/2024 01:13:38||34582|24755255312|26436220496
27868|0|23651|07/01/2024 03:28:54||26466|46995306968|115639577288
28142|0|67809|07/01/2024 05:11:16||20324|2292302800|3194267536
28105|0|30443|07/01/2024 04:54:59||21301|994211800|1063496288
28498|0|8061|07/01/2024 07:37:28||11552|507775792|616366520
27995|0|9807|07/01/2024 04:13:53||23767|13164104144|16113899168
28351|0|72808|07/01/2024 06:34:56||15304|4350233144|5802182464
28578|0|75327|07/01/2024 08:00:07||10193|3846293720|2865630488
28812|0|86790|07/01/2024 09:43:16||4004|661469440|886965048
28052|0|31643|07/01/2024 04:31:15||22725|2238775432|2813239416
28189|0|91568|07/01/2024 05:31:13||19127|2848783104|3303565728
28742|0|67632|07/01/2024 09:16:47||5593|1898062552|2172289624
27140|0|98783|06/01/2024 22:16:54||45186|5213558480|6855174680
26397|0|65288|06/01/2024 16:52:12||64668|95852337888|56386199408
28616|0|27482|07/01/2024 08:24:22||8738|794818024|866102816
27006|0|76833|06/01/2024 21:15:56||48844|8938442600|9149499648
27494|0|76108|07/01/2024 00:59:35||35425|14032747224|18556328136
27543|0|29837|07/01/2024 01:11:56||34684|9669403104|10581371720
28761|0|86732|07/01/2024 09:26:21||5019|1419341288|1962057104
28475|0|72404|07/01/2024 07:23:48||12372|1733241392|1883081512
28762|0|74822|07/01/2024 09:22:06||5274|3453935528|3956726144
27996|0|27751|07/01/2024 04:18:36||23484|6229240792|9133955472
28838|0|35686|07/01/2024 09:59:45||3015|955361200|1093567832
28374|0|9849|07/01/2024 06:48:46||14474|5316193040|6623007504
28554|0|35235|07/01/2024 07:54:43||10517|226731256|234375200
28077|0|51334|07/01/2024 04:43:49||21971|11176025328|11292415656
27719|0|23676|07/01/2024 02:24:08||30352|7667194888|8904413528
27092|0|43917|06/01/2024 21:50:48||46752|4366652056|5717727312
27331|0|19157|06/01/2024 23:43:09||40011|170304072|218711616
27692|0|12454|07/01/2024 02:19:02||30658|10097412464|10218579296
28617|0|36095|07/01/2024 08:20:43||8957|12353137088|9522222192
27637|0|8662|07/01/2024 01:51:54|07/01/2024 10:47:30|32136|2245709192|2397065856
28958|0|8662|07/01/2024 10:48:52||68|1375864|1390848
27978|0|35937|07/01/2024 04:02:23||24457|20732622880|21144153152
26398|0|54314|06/01/2024 16:52:24||64656|58263461504|33894434192
28866|0|4273|07/01/2024 10:09:31||2429|303226072|359257584
27052|0|89835|06/01/2024 21:33:44||47776|66531259488|185026564112
27932|0|86941|07/01/2024 03:43:37||25583|8455717264|10773209496
28839|0|14050|07/01/2024 09:51:43||3497|47222432|48423800
28743|0|43170|07/01/2024 09:14:27||5733|423792320|595590728
27120|0|58921|06/01/2024 22:03:36||45984|28518143032|32766648576
27842|0|65423|07/01/2024 03:15:02||27298|8235777320|8314149184
26422|0|94290|06/01/2024 17:01:47||64093|10484089736|15246946456
27869|0|80310|07/01/2024 03:25:10||26690|5347400064|6595273360
28579|0|67919|07/01/2024 08:00:42|07/01/2024 10:48:49|10087|652652512|872753624
28028|0|53841|07/01/2024 04:25:34||23066|10388810440|14492838904
26469|0|83641|06/01/2024 17:26:52||62588|211332177112|597036409480
28282|0|8563|07/01/2024 06:10:03||16797|1310468288|1440244136
26258|0|51236|06/01/2024 16:01:44||67696|10765576760|15839663752
27514|0|83949|07/01/2024 01:07:06||34974|13142518552|17915387760
28375|0|72067|07/01/2024 06:48:42||14478|30603062696|88176785296
27243|0|32098|06/01/2024 23:00:10||42590|2771220504|3083109264
28448|0|84881|07/01/2024 07:13:28||12992|916183440|1135650440
28402|0|3865|07/01/2024 06:59:19||13841|1411903152|1943635136
28813|0|91706|07/01/2024 09:40:07||4193|195115144|279804144
28814|0|21276|07/01/2024 09:48:06||3714|807180360|996354824
27997|0|10910|07/01/2024 04:17:37||23543|7973079328|8158665648
27244|0|58591|06/01/2024 23:09:07||42053|11620673440|15003318192
27093|0|73872|06/01/2024 21:58:52||46268|3876788488|4643658224
28424|0|31608|07/01/2024 07:02:04||13676|17852103952|42362062928
27564|0|12811|07/01/2024 01:22:19||34061|72068175224|186527396352
28106|0|94733|07/01/2024 04:51:53||21487|573111528|743982928
26853|0|43877|06/01/2024 20:14:36||52524|7074350784|8142907608
26899|0|91772|06/01/2024 20:30:25||51575|5112876520|6929579104
28449|0|33645|07/01/2024 07:14:31||12929|844656344|1256281040
28598|0|42604|07/01/2024 08:12:01||9479|2004294352|2306618616
27693|0|74470|07/01/2024 02:16:08||30832|6383940608|9102624152
28120|0|26143|07/01/2024 05:08:34||20486|2018335480|2756625024
27402|0|93385|07/01/2024 00:17:36||37944|15481326912|16676507104
28283|0|12302|07/01/2024 06:19:22||16238|3900904680|4228996120
27094|0|45404|06/01/2024 21:57:32||46348|2512924112|2989579240
26471|0|29307|06/01/2024 17:26:05|07/01/2024 10:44:10|62285|2438720728|3486687008
28931|0|39721|07/01/2024 10:37:58||722|396463488|534788024
27223|0|59210|06/01/2024 22:55:18||42882|5500041120|6187694760
28284|0|43549|07/01/2024 06:12:05||16675|3140525008|3690035216
27565|0|22725|07/01/2024 01:25:19||33881|7546053528|7940612856
27694|0|57389|07/01/2024 02:17:41||30739|4954983656|7164282488
27843|0|24844|07/01/2024 03:19:57||27003|29681382896|18922143048
27095|0|35573|06/01/2024 21:52:33||46647|10769559144|11157963720
28107|0|73063|07/01/2024 04:50:54||21546|6206921760|9027757464
28227|0|30082|07/01/2024 05:57:13||17567|4022871128|4960415112
27053|0|34348|06/01/2024 21:35:41||47659|12165925744|13818427400
27904|0|87365|07/01/2024 03:32:11||26269|5947462384|8158448496
27844|0|79245|07/01/2024 03:13:55||27365|4622983168|6815697800
27054|0|9901|06/01/2024 21:37:37||47543|6031202128|7683957256
28915|0|62224|07/01/2024 10:29:03||1257|200905000|218454096
27870|0|98714|07/01/2024 03:29:41||26419|7693785640|8341068952
27208|0|5505|06/01/2024 22:48:11||43309|18860557512|26350008640
28959|0|28457|07/01/2024 10:44:12||348|94392152|97798088
28450|0|33559|07/01/2024 07:11:36||13104|10685839736|12421289520
26965|0|70705|06/01/2024 21:00:16||49784|11653042912|14944280720
28744|0|42589|07/01/2024 09:15:17||5683|121327600|139692720
26552|0|73018|06/01/2024 18:05:28||60272|2035054104|2726885672
28867|0|23518|07/01/2024 10:01:26||2914|769126024|1055206920
28521|0|39214|07/01/2024 07:47:16||10964|2666964184|3725862800
28451|0|63285|07/01/2024 07:11:40||13100|1135933640|1145151064
27871|0|85390|07/01/2024 03:22:20||26860|7151061640|7629292888
28786|0|46401|07/01/2024 09:35:28||4472|231431256|330060768
27515|0|78489|07/01/2024 01:03:09||35211|6288520336|7730698512
28556|0|37890|07/01/2024 07:56:37||10403|961927488|1018883680
28840|0|50590|07/01/2024 09:57:04||3176|966129016|1167586616
28212|0|12393|07/01/2024 05:46:18||18222|11855860312|14013470440
26943|0|36252|06/01/2024 20:55:40||50060|78276464608|174267096264
28029|0|83596|07/01/2024 04:23:34||23186|4258668000|4619619160
28522|0|6525|07/01/2024 07:42:54||11226|843005440|894422392
28815|0|23557|07/01/2024 09:44:37||3923|551007216|687983720
28053|0|43098|07/01/2024 04:31:55||22685|1534793832|1588210040
26926|0|72614|06/01/2024 20:47:16||50564|25900279456|34272478944
28960|0|57847|07/01/2024 10:40:03||597|990253208|2677721144
27074|0|98932|06/01/2024 21:44:26||47134|24105665120|24199614880
27953|0|33752|07/01/2024 03:56:24||24816|10579608792|11493813600
26528|0|46850|06/01/2024 17:59:01||60659|4817486936|6523672344
27746|0|47619|07/01/2024 02:37:49||29531|1186186016|1189481152
28841|0|30968|07/01/2024 09:57:05||3175|38513144|39043792
26874|0|63548|06/01/2024 20:26:07||51833|44424775264|34793842912
27422|0|30617|07/01/2024 00:24:02||37558|10828668216|14487529048
26553|0|12842|06/01/2024 18:09:37||60023|11642630600|17302504472
27617|0|43844|07/01/2024 01:42:14||32866|8826849792|10652501416
27794|0|71057|07/01/2024 02:52:07||28673|7672260744|9895675424
27979|0|18438|07/01/2024 04:01:09||24531|2632088792|3027332808
27663|0|60703|07/01/2024 02:06:24||31416|68937543360|141147524304
28599|0|72297|07/01/2024 08:13:58||9362|1104504344|1525550456
26682|0|81412|06/01/2024 19:07:12||56568|13164054456|14601769600
28523|0|21007|07/01/2024 07:44:09||11151|782311264|889160112
28708|0|83505|07/01/2024 09:06:13||6227|3676895896|3835420088
28932|0|77127|07/01/2024 10:32:53||1027|3352049528|9906937568
26823|0|22179|06/01/2024 20:05:25||53075|2900754360|4218170416
27294|0|15877|06/01/2024 23:23:47||41173|30142001976|23692803224
27121|0|54956|06/01/2024 22:05:00||45900|107866346424|244901353944
28108|0|27843|07/01/2024 04:56:32||21208|31389864056|73236967520
28933|0|5186|07/01/2024 10:38:23||697|99541720|100857920
27980|0|46905|07/01/2024 04:03:13||24407|3911863152|5040539488
27998|0|96978|07/01/2024 04:12:45||23835|52073806704|118269874488
26709|0|24426|06/01/2024 19:16:15||56025|1626139344|2374411200
27954|0|98002|07/01/2024 03:55:03||24897|377288632|451936320
27586|0|11827|07/01/2024 01:36:57||33183|53037710376|132326973776
28934|0|95338|07/01/2024 10:34:23||937|202121024|262034752
28524|0|15088|07/01/2024 07:41:12||11328|2063666304|2809168816
26967|0|17325|06/01/2024 21:09:45||49215|121320958296|304441726576
28228|0|89016|07/01/2024 05:53:39||17781|6563776944|8871312976
26927|0|49136|06/01/2024 20:49:07||50453|3495150976|4400139176
28842|0|7660|07/01/2024 09:59:29||3031|237605288|270292136
28890|0|75484|07/01/2024 10:17:24||1956|570161056|825395544
28500|0|50462|07/01/2024 07:37:00||11580|2041496960|2187230072
28229|0|62763|07/01/2024 05:58:36||17484|917822024|1058424832
27747|0|9151|07/01/2024 02:34:12||29748|2559625104|3455524712
28030|0|94159|07/01/2024 04:23:32||23188|13960101912|20658335160
28123|0|95768|07/01/2024 05:08:59||20461|28313026848|60792646632
28557|0|81698|07/01/2024 07:50:22||10778|1838979240|2697467536
28787|0|78200|07/01/2024 09:33:40||4580|530622792|652079000
27225|0|69320|06/01/2024 22:59:31||42629|14017849504|17012391880
28891|0|72432|07/01/2024 10:13:24||2196|182248160|265172248
27721|0|93094|07/01/2024 02:28:05||30115|5240685536|7363897288
28258|0|4227|07/01/2024 06:07:21||16959|866722856|1104030752
28745|0|13942|07/01/2024 09:17:08||5572|7403993600|4795657584
28160|0|30353|07/01/2024 05:29:27||19233|41617850728|119530525936
28816|0|43304|07/01/2024 09:40:23||4177|54279632|57266184
28352|0|87183|07/01/2024 06:37:30||15150|18751782064|25580454272
28763|0|18959|07/01/2024 09:26:20||5020|1432362248|1974276200
27770|0|47552|07/01/2024 02:43:50||29170|3236380808|4260251384
28669|0|57128|07/01/2024 08:48:45||7275|647823384|745145776
27696|0|74235|07/01/2024 02:16:12||30828|896514744|1271190360
27875|0|46516|07/01/2024 03:29:04||26456|13282858424|14344266400
27185|0|38175|06/01/2024 22:33:53||44167|14594786472|14995449448
28403|0|11997|07/01/2024 06:54:50||14110|1505942008|1541587864
28109|0|45049|07/01/2024 04:52:24||21456|1750099568|1808389920
28032|0|9410|07/01/2024 04:29:44||22816|5006090280|5593579936
28078|0|72638|07/01/2024 04:42:28||22052|10225291240|15172700416
28318|0|62436|07/01/2024 06:21:36||16104|2861528488|3009817680
28286|0|48440|07/01/2024 06:18:25||16295|8127440552|12183567464
28843|0|35031|07/01/2024 09:54:49||3311|3723847656|7778003720
27955|0|73304|07/01/2024 03:56:00||24840|81741976752|186877333888
28190|0|91904|07/01/2024 05:39:36||18624|14728260224|11742579152
28558|0|15025|07/01/2024 07:53:01||10619|2784456224|3172993544
27333|0|52975|06/01/2024 23:42:09||40071|5540040528|7127625576
26734|0|16867|06/01/2024 19:28:25||55295|4074125192|4207406272
28600|0|42561|07/01/2024 08:18:16||9104|7118949240|7963565400
26493|0|14926|06/01/2024 17:37:25||61955|31949202136|32937279160
28213|0|87069|07/01/2024 05:48:40||18080|39961016880|78107252120
26824|0|99310|06/01/2024 20:09:34||52826|7619728808|9006394584
27007|0|47772|06/01/2024 21:14:44||48916|7275035872|10375785088
26601|0|35837|06/01/2024 18:22:51||59229|10811523512|12145405848
27566|0|17103|07/01/2024 01:24:10||33950|11790736528|17617017672
27567|0|7336|07/01/2024 01:26:33||33807|15768735008|18050615000
28319|0|68618|07/01/2024 06:20:45||16155|4222515960|5423350496
27295|0|27795|06/01/2024 23:29:16||40844|4249465856|4788806088
27248|0|4621|06/01/2024 23:01:38||42502|5845724112|6669115784
27056|0|64251|06/01/2024 21:39:46||47414|11039728168|11187106040
26641|0|61230|06/01/2024 18:44:50||57910|3568417856|4213321440
28288|0|13216|07/01/2024 06:11:22||16718|1409960416|1555120360
28817|0|94384|07/01/2024 09:48:12||3708|537464792|631273568
28643|0|68055|07/01/2024 08:31:25||8315|9099331120|20838986456
28110|0|37570|07/01/2024 04:55:38||21262|2000146152|2412458128
28868|0|35354|07/01/2024 10:04:08||2752|175632776|199014288
27639|0|8768|07/01/2024 01:55:00||32100|8971109240|11851120336
28935|0|49596|07/01/2024 10:35:07||893|1652488200|4119955056
28559|0|30949|07/01/2024 07:58:17||10303|1800869720|2180600928
26642|0|99503|06/01/2024 18:45:41||57859|594015224|829196384
28111|0|21312|07/01/2024 04:53:38||21382|1288176312|1288182976
28892|0|76056|07/01/2024 10:10:27||2373|235065216|273088672
26238|0|63148|06/01/2024 15:53:15||68205|24813548528|29488021232
28818|0|86493|07/01/2024 09:47:46||3734|283203952|385432088
28893|0|96367|07/01/2024 10:12:19||2261|1041976640|596840872
27164|0|56566|06/01/2024 22:20:45||44955|11799853464|14483562280
28144|0|94111|07/01/2024 05:19:42||19818|1926816296|2292441280
28844|0|46473|07/01/2024 09:57:09||3171|68856304|85623336
27142|0|78203|06/01/2024 22:14:43||45317|9556133992|9902620064
26584|0|77620|06/01/2024 18:17:34|07/01/2024 10:44:07|59193|13053625088|17297370912
28961|0|77620|07/01/2024 10:44:54||306|120570584|133589816
27165|0|39120|06/01/2024 22:27:33||44547|12179247528|14257721440
27335|0|60771|06/01/2024 23:49:36||39624|2592209624|3368214408
28916|0|62234|07/01/2024 10:22:42||1638|39876384|47002984
27999|0|62245|07/01/2024 04:16:34||23606|4241593776|5154821656
27474|0|27032|07/01/2024 00:43:25||36395|6115874808|9098946016
28670|0|30328|07/01/2024 08:43:49||7571|21843978288|43852841448
28054|0|94286|07/01/2024 04:37:59||22321|9954002904|11625358056
27228|0|68117|06/01/2024 22:56:20||42820|14700280736|16590156128
28161|0|99100|07/01/2024 05:26:58||19382|2931514152|3236790856
27956|0|50600|07/01/2024 03:57:31||24749|5555984792|7029088680
27618|0|47967|07/01/2024 01:43:19||32801|15183060064|16855042664
28477|0|34328|07/01/2024 07:21:14||12526|19281246424|55231222024
28000|0|10616|07/01/2024 04:10:34||23966|17600235768|24961669872
27845|0|84226|07/01/2024 03:15:28||27272|2083547200|3007404904
26442|0|21038|06/01/2024 17:19:17||63043|23169608368|27109125616
27010|0|9203|06/01/2024 21:13:03||49017|3857550152|4066487224
28478|0|94043|07/01/2024 07:27:57||12123|971243152|1374354616
28502|0|26607|07/01/2024 07:34:53||11707|243073904|348080920
28452|0|14620|07/01/2024 07:17:33||12747|2268874160|2667412224
26945|0|24209|06/01/2024 20:54:29||50131|18940734160|23346650888
26855|0|55356|06/01/2024 20:13:21||52599|8798069736|9565065568
28231|0|29905|07/01/2024 05:59:33||17427|11378694120|14243690744
27517|0|26270|07/01/2024 01:02:51||35229|7522216312|9060569192
28869|0|25173|07/01/2024 10:06:56||2584|43111728|61409400
27905|0|85501|07/01/2024 03:31:16||26324|43022770624|99916712984
27336|0|55392|06/01/2024 23:47:39||39741|1014732856|1260316032
28560|0|58996|07/01/2024 07:58:06||10314|2905594912|4021018304
28580|0|86099|07/01/2024 08:06:52||9788|227544888|323555448
28894|0|53891|07/01/2024 10:19:31||1829|233960784|247539016
28917|0|4084|07/01/2024 10:21:45||1695|403422456|569090040
27981|0|47323|07/01/2024 04:03:49||24371|1890503408|2734015040
28425|0|59499|07/01/2024 07:01:12||13728|186135904|207747408
27640|0|48804|07/01/2024 01:57:59||31921|30941995864|19218383968
26783|0|6555|06/01/2024 19:42:19||54461|6993272744|8259451088
28690|0|80674|07/01/2024 08:55:46||6854|1699649136|1707714304
28353|0|50934|07/01/2024 06:37:51||15129|6159617032|7602266400
28819|0|50742|07/01/2024 09:48:45||3675|2007536664|2121565064
27250|0|28133|06/01/2024 23:04:59||42301|8249380936|9623779880
28479|0|58407|07/01/2024 07:20:40||12560|4321052712|4363901664
28525|0|91705|07/01/2024 07:43:15||11205|606617632|791501560
27034|0|57257|06/01/2024 21:20:58||48542|4575139296|5245834280
27795|0|60001|07/01/2024 02:58:33||28287|12586157384|17898355344
26334|0|34397|06/01/2024 16:22:06||66474|6765937936|7342170960
28644|0|69505|07/01/2024 08:36:03||8037|3084165640|3759421816
28870|0|19793|07/01/2024 10:04:26||2734|7643144|11313864
28871|0|26638|07/01/2024 10:07:20||2560|438957248|528484088
27035|0|16239|06/01/2024 21:28:34||48086|11088486544|14580430304
28918|0|7874|07/01/2024 10:29:19||1241|142532472|182910056
28526|0|30798|07/01/2024 07:41:36||11304|3772749888|5340251944
28820|0|31981|07/01/2024 09:43:29||3991|29833856|44440016
28002|0|79714|07/01/2024 04:19:07||23453|776098512|888625440
27958|0|33279|07/01/2024 03:57:10||24770|26542945232|26992475664
28845|0|57904|07/01/2024 09:53:22||3398|15335080|22453752
28561|0|35120|07/01/2024 07:50:59||10741|74858542936|61191433808
28125|0|16240|07/01/2024 05:04:39||20721|1377615576|1667176872
28527|0|14104|07/01/2024 07:49:29||10831|3403466208|4411988984
28214|0|66255|07/01/2024 05:43:40||18380|1518362464|2159499240
28259|0|74769|07/01/2024 06:03:02||17218|10382295952|13038690240
28376|0|25105|07/01/2024 06:40:23||14977|3932022128|4469347808
27316|0|39885|06/01/2024 23:30:32||40768|116235622120|254417613240
28645|0|92044|07/01/2024 08:39:06||7854|3620671344|4238910808
27876|0|17848|07/01/2024 03:21:47||26893|33179488632|25389352488
28709|0|16659|07/01/2024 09:08:48||6072|555419496|634428048
27123|0|14117|06/01/2024 22:06:35||45805|11767718696|12863840608
26878|0|15440|06/01/2024 20:24:09||51951|37026854808|49789011528
28320|0|57444|07/01/2024 06:27:02||15778|17255726608|35528734112
28618|0|62347|07/01/2024 08:28:36||8484|10576070704|6734127512
27982|0|38818|07/01/2024 04:02:30||24450|2541404560|3520091376
27317|0|46314|06/01/2024 23:37:33||40347|88734100648|191451812672
27447|0|63573|07/01/2024 00:33:38||36982|52478218840|42244304416
27382|0|62004|07/01/2024 00:06:30||38610|44988011712|92627492720
27643|0|89959|07/01/2024 01:54:16||32144|76899712096|144093136008
26930|0|71418|06/01/2024 20:48:52||50468|168948675520|415358279192
27337|0|4556|06/01/2024 23:43:18||40002|4878794224|6783013336
28619|0|62223|07/01/2024 08:28:47||8473|3488922696|3668332416
27229|0|88436|06/01/2024 22:58:37||42683|11061991760|14563698896
28601|0|75980|07/01/2024 08:18:08||9112|773762952|964952496
28846|0|48242|07/01/2024 09:59:46||3014|63326576|66557696
28872|0|68160|07/01/2024 10:01:48||2892|121992760|139730080
26785|0|81178|06/01/2024 19:45:31||54269|63725712608|50396526336
27724|0|10376|07/01/2024 02:20:34||30566|1988880248|2572542224
27338|0|64229|06/01/2024 23:41:22||40118|30497968|40838072
27518|0|70548|07/01/2024 01:04:24||35136|15360799816|17941646800
27772|0|27726|07/01/2024 02:48:43||28877|8715931200|9086171896
27934|0|33542|07/01/2024 03:40:20||25780|6936776152|9494448600
28079|0|77991|07/01/2024 04:40:17||22183|11887579480|14809951344
28528|0|66892|07/01/2024 07:47:17||10963|17564267544|35113213128
28145|0|59854|07/01/2024 05:18:17||19903|5309110064|7877982424
28788|0|82808|07/01/2024 09:33:48||4572|595174040|888794192
28873|0|7343|07/01/2024 10:04:07||2753|64658688|70864968
28646|0|17928|07/01/2024 08:32:38||8242|3723660024|4458964328
28919|0|98159|07/01/2024 10:23:10||1610|168578232|173242096
28503|0|25324|07/01/2024 07:31:49||11891|1492369056|2016080528
27496|0|68685|07/01/2024 00:51:39||35901|2759185040|3446983696
27725|0|4905|07/01/2024 02:25:02||30298|4242317856|5854212384
28377|0|28826|07/01/2024 06:40:42||14958|25711431512|66808786112
28162|0|60607|07/01/2024 05:20:02||19798|5068405024|6049592848
28003|0|99202|07/01/2024 04:16:46||23594|284819120|410245320
28261|0|52151|07/01/2024 06:09:38||16822|2938789144|4105767552
27318|0|16794|06/01/2024 23:38:09||40311|5097181024|6093517488
27815|0|45922|07/01/2024 03:04:13||27947|1206599336|1559116432
27620|0|9616|07/01/2024 01:48:27||32493|2441806464|3221813904
28322|0|71492|07/01/2024 06:20:16||16184|2620186024|3771288688
28055|0|76728|07/01/2024 04:37:02||22378|2837117704|4091360488
27877|0|38309|07/01/2024 03:25:25||26675|484079936|539245680
28354|0|34607|07/01/2024 06:39:46||15014|11655475088|12729654744
28323|0|93182|07/01/2024 06:25:11||15889|2526875840|2900823000
28581|0|55259|07/01/2024 08:01:13||10127|231176040|277029472
28710|0|37345|07/01/2024 09:03:08||6412|2133964320|2482477816
28453|0|48086|07/01/2024 07:18:48||12672|26932067344|78548229360
28163|0|13529|07/01/2024 05:28:39||19281|6073790368|7111249184
28324|0|24702|07/01/2024 06:23:26||15994|5278806288|7898886088
28378|0|73225|07/01/2024 06:47:08||14572|3429251592|4045114200
26603|0|7807|06/01/2024 18:20:57||59343|20551064640|23229221056
27935|0|88656|07/01/2024 03:48:58||25262|6546444248|9429674008
27383|0|78408|07/01/2024 00:03:10||38810|2865876328|3195884152
28529|0|63664|07/01/2024 07:46:25||11015|2421891264|2697943096
28602|0|24671|07/01/2024 08:10:39||9561|950286192|1034617928
28480|0|20752|07/01/2024 07:25:31||12269|28589625224|53872889488
28711|0|37389|07/01/2024 09:08:48||6072|1306073944|1931467432
27846|0|96516|07/01/2024 03:14:53||27307|82252910640|212274496216
28404|0|19374|07/01/2024 06:55:24||14076|40067737080|117380962800
28126|0|73511|07/01/2024 05:09:36||20424|1749720584|2488029776
28920|0|11331|07/01/2024 10:27:52||1328|40501592|43240344
28530|0|76492|07/01/2024 07:47:23||10957|45739728|61693552
28033|0|43350|07/01/2024 04:27:32||22948|6403248720|8023805008
27339|0|49479|06/01/2024 23:49:01||39659|18892527456|14173797064
28454|0|10088|07/01/2024 07:14:43||12917|13586018144|8204268728
27098|0|96799|06/01/2024 21:57:19||46361|9369534600|13889854632
28504|0|86300|07/01/2024 07:31:15||11925|1773152384|2636996760
28647|0|43629|07/01/2024 08:36:50||7990|1022473312|1212568304
28936|0|73227|07/01/2024 10:34:50||910|54281288|56099240
28146|0|49984|07/01/2024 05:14:14||20146|4716394456|6635686088
26169|0|51341|06/01/2024 15:21:08||70132|10801821256|15234336064
26801|0|48178|06/01/2024 19:55:33|07/01/2024 10:47:41|53528|7310592056|9008421056
27037|0|47955|06/01/2024 21:25:30||48270|1276153704|1325132160
28603|0|24789|07/01/2024 08:11:16||9524|303618224|316541240
28481|0|62736|07/01/2024 07:27:38||12142|23008331408|63904727656
28455|0|97663|07/01/2024 07:13:18||13002|5357512984|7629699144
28789|0|40241|07/01/2024 09:35:27||4473|4648864176|12034987816
28937|0|96482|07/01/2024 10:37:02||778|159288248|193430616
26947|0|97466|06/01/2024 20:54:26||50134|2445453648|2943076792
27546|0|48119|07/01/2024 01:15:10||34490|98657070056|286600423104
28379|0|59435|07/01/2024 06:49:45||14415|823747392|828219816
27319|0|29409|06/01/2024 23:30:45||40755|12544377352|15546059872
26645|0|29872|06/01/2024 18:42:44||58036|25364608664|25537680320
