IdSession|IdPSX|IdSubscriber|StartSession|EndSession|Duartion|UpTx|DownTx
18099|0|44433|02/01/2024 11:31:26||32914|6762185176|8710786600
18174|0|78614|02/01/2024 12:07:15||30765|5330317216|6883152952
16568|0|48015|02/01/2024 01:05:24|02/01/2024 20:30:56|69932|182850385024|421927517016
19360|0|48015|02/01/2024 20:32:49||431|1406447224|3310579632
18996|0|36342|02/01/2024 18:09:02||9058|1086704392|1592864472
17621|0|21605|02/01/2024 08:03:20||45400|7829763016|10728126112
18980|0|92317|02/01/2024 17:58:39||9681|1224668984|1344711336
18897|0|58567|02/01/2024 17:14:11||12349|817041240|1008620624
16954|0|96775|02/01/2024 03:36:33||61407|85359715952|235685858776
18495|0|4129|02/01/2024 14:29:58||22202|2660520536|2925518336
18080|0|11345|02/01/2024 11:27:20||33160|10742206584|13522217152
17227|0|13673|02/01/2024 05:22:36||55044|92905321976|242916702944
19285|0|68950|02/01/2024 20:01:02||2338|285794080|361136032
19080|0|91056|02/01/2024 18:49:15||6645|17454498488|36759577456
18520|0|17916|02/01/2024 14:35:48||21852|4452220288|4531312480
18997|0|85288|02/01/2024 18:08:27||9093|4907079640|6076297008
19163|0|94804|02/01/2024 19:14:58||5102|710704664|859686096
18745|0|88537|02/01/2024 16:08:10||16310|7174561376|8142107904
18150|0|31741|02/01/2024 11:56:50||31390|2150654032|3211905448
16807|0|95402|02/01/2024 02:34:33||65127|7402622944|8990110016
19221|0|38865|02/01/2024 19:34:30||3930|63071280|79684568
19081|0|60259|02/01/2024 18:43:37||6983|223580072|311643784
16955|0|74669|02/01/2024 03:31:23||61717|8801748000|11619020024
19164|0|93345|02/01/2024 19:18:38||4882|244809832|255121016
19062|0|63503|02/01/2024 18:35:34||7466|5491576456|5503892536
19043|0|20044|02/01/2024 18:24:53||8107|694948768|819617392
18586|0|15054|02/01/2024 15:06:42||19998|4703750104|6827228888
17950|0|91513|02/01/2024 10:29:45||36615|17444005392|21964751824
18998|0|31978|02/01/2024 18:07:12||9168|765180848|1007038272
19222|0|67346|02/01/2024 19:35:19||3881|193017848|267593128
18312|0|42572|02/01/2024 13:01:34||27506|11626440232|13033865544
17778|0|43730|02/01/2024 09:12:07||41273|70421151168|206102288792
18876|0|73255|02/01/2024 17:09:47||12613|860027176|968714592
18795|0|43200|02/01/2024 16:23:51||15369|3939148064|4893592600
19105|0|66637|02/01/2024 18:58:27||6093|31814133664|63229281832
18022|0|58604|02/01/2024 10:54:48||35112|4978827000|5310807984
18587|0|85534|02/01/2024 15:09:37||19823|28304968504|70851023040
17825|0|45688|02/01/2024 09:31:00||40140|12698621928|30724105440
16878|0|58443|02/01/2024 03:08:54||63066|4229296976|5770721176
18729|0|24107|02/01/2024 15:51:05||17335|630812408|750828656
18588|0|79155|02/01/2024 15:04:06||20154|981750424|1097929528
18918|0|24555|02/01/2024 17:24:32||11728|1154430832|1723490272
18832|0|34503|02/01/2024 16:48:25||13895|7981364512|10878812944
19024|0|38522|02/01/2024 18:12:37||8843|3215864552|4409845880
19286|0|13510|02/01/2024 20:00:11||2389|499862688|650101152
19165|0|45897|02/01/2024 19:14:34||5126|419646120|432433952
18400|0|40816|02/01/2024 13:49:26||24634|9873220736|13229047912
18001|0|93054|02/01/2024 10:49:25||35435|7731526304|10368617664
18543|0|70354|02/01/2024 14:46:55||21185|60881973256|120174623304
18198|0|53897|02/01/2024 12:14:47||30313|2066533576|2723935072
17385|0|90987|02/01/2024 06:25:08||51292|35266732184|99058880536
18002|0|34091|02/01/2024 10:47:03||35577|2425831568|3492420192
19223|0|84326|02/01/2024 19:36:56||3784|507440072|637786656
17779|0|64201|02/01/2024 09:19:42||40818|4217534544|6277373096
19106|0|77820|02/01/2024 18:55:35||6265|856549392|1281229272
19139|0|45874|02/01/2024 19:02:01||5879|18413802624|44521520400
19332|0|98233|02/01/2024 20:22:35||1045|361150112|405903488
18858|0|93566|02/01/2024 16:56:22||13418|6223974184|7907019760
17800|0|61304|02/01/2024 09:21:09||40731|5766643936|8285097064
19246|0|37321|02/01/2024 19:44:51||3309|601478600|748130240
18746|0|43220|02/01/2024 16:08:56||16264|2112644096|2121261208
18919|0|83353|02/01/2024 17:27:41||11539|1619483768|2387707160
18940|0|56883|02/01/2024 17:33:46||11174|326115016|349063064
18645|0|33952|02/01/2024 15:28:06||18714|3408894056|4967867976
18544|0|10787|02/01/2024 14:40:07||21593|3211508048|3849369344
17826|0|93644|02/01/2024 09:38:49||39671|7327835856|10612975680
18772|0|7678|02/01/2024 16:15:57||15843|696103896|815312328
18023|0|36558|02/01/2024 10:55:45||35055|16886873984|19214017280
18615|0|5821|02/01/2024 15:18:51||19269|1851832768|2225150832
17386|0|60286|02/01/2024 06:20:58||51542|15707807352|20769576256
18496|0|83136|02/01/2024 14:29:21||22239|2427822040|2677143376
18430|0|45426|02/01/2024 13:53:50||24370|2800846328|3169774912
18833|0|39820|02/01/2024 16:49:38||13822|3313226296|3553107168
17649|0|74181|02/01/2024 08:10:26||44974|6635119184|7302596312
18573|0|53886|02/01/2024 14:50:07||20993|2862421256|3982548344
19266|0|84652|02/01/2024 19:59:08||2452|3138945232|9060156624
18248|0|6427|02/01/2024 12:32:18|02/01/2024 20:30:27|28689|633269160|792815160
19361|0|6427|02/01/2024 20:31:22||518|47632608|48484896
18175|0|95199|02/01/2024 12:09:12||30648|10869097144|11455122280
16996|0|90327|02/01/2024 03:56:48||60192|16669306464|21739655216
18747|0|43252|02/01/2024 16:03:00||16620|1913506696|2696881984
19140|0|99815|02/01/2024 19:02:34||5846|17845119544|41552425320
19141|0|22703|02/01/2024 19:05:34||5666|43281640|57769112
18646|0|36168|02/01/2024 15:24:20||18940|6445055000|6486275376
18999|0|22560|02/01/2024 18:07:55||9125|3424872544|3706772456
18616|0|44368|02/01/2024 15:17:22||19358|11219950608|14981479600
17716|0|64267|02/01/2024 08:47:10||42770|4641072248|6491061392
19000|0|4288|02/01/2024 18:05:02||9298|3177715736|3880190608
17030|0|79017|02/01/2024 04:03:17||59803|253277794464|507150880896
17758|0|36794|02/01/2024 09:00:40||41960|3036760896|3295468768
18024|0|99818|02/01/2024 10:57:18||34962|2221315360|3038256288
17925|0|88045|02/01/2024 10:12:30||37650|1627345472|1718437760
18955|0|56667|02/01/2024 17:43:45||10575|20519744992|54148404064
17504|0|36730|02/01/2024 07:17:53||48127|2932948720|4107578736
19107|0|33546|02/01/2024 18:59:42|02/01/2024 20:30:24|5442|235856624|321871944
19362|0|33546|02/01/2024 20:31:16||524|38476824|41349064
17332|0|31663|02/01/2024 06:07:58||52322|22927110800|28432461016
19363|0|57497|02/01/2024 20:30:49||551|240395504|345348568
17556|0|15564|02/01/2024 07:38:10||46910|110996910728|320194573392
16853|0|5705|02/01/2024 02:51:54||64086|29965231800|31760176440
18221|0|11226|02/01/2024 12:20:56||29944|100545523856|218034956520
18450|0|5904|02/01/2024 14:00:29||23971|6905958152|7002714144
18773|0|6308|02/01/2024 16:14:34||15926|4514638352|6167620152
19166|0|99065|02/01/2024 19:14:51||5109|101981776|139187568
17759|0|59525|02/01/2024 09:01:00||41940|136250426384|260155216416
18199|0|26509|02/01/2024 12:15:02||30298|3106040472|3239638608
19167|0|95731|02/01/2024 19:19:24||4836|254702392|261829776
18898|0|24101|02/01/2024 17:13:25||12395|127315504|153659472
18774|0|55366|02/01/2024 16:17:37||15743|5296808168|7543253856
19082|0|85910|02/01/2024 18:48:01||6719|677464464|992704928
18956|0|41719|02/01/2024 17:48:44|02/01/2024 20:38:15|10171|289104984|326993408
19364|0|41719|02/01/2024 20:39:11||49|1870912|2047648
17829|0|81078|02/01/2024 09:31:08||40132|18760563760|24550302168
18336|0|91299|02/01/2024 13:17:40||26540|2775998416|2997559248
17854|0|82194|02/01/2024 09:45:02||39298|6875092344|8358920600
19168|0|91195|02/01/2024 19:16:05||5035|215807424|239450576
18152|0|35423|02/01/2024 11:58:42||31278|9894607048|11842922920
18521|0|21515|02/01/2024 14:39:19||21641|1255143592|1876530816
19247|0|28032|02/01/2024 19:43:15||3405|280650176|300902216
17403|0|22775|02/01/2024 06:37:31||50549|18321439944|27114399152
18859|0|51522|02/01/2024 16:58:41||13279|393904696|409269384
17505|0|93299|02/01/2024 07:14:29||48331|3774277368|3988128160
18834|0|11625|02/01/2024 16:42:34||14246|41796699344|93980237768
18272|0|61072|02/01/2024 12:48:32||28288|6364325704|8126780408
18860|0|39639|02/01/2024 16:51:57||13683|6864721088|7659376976
17212|0|34900|02/01/2024 05:13:02||55618|7647055272|10508139480
19333|0|93145|02/01/2024 20:20:24||1176|828778928|851592312
17506|0|8602|02/01/2024 07:19:50||48010|7384675672|8248594264
18473|0|80308|02/01/2024 14:12:14||23266|2425025312|3038395440
17926|0|53228|02/01/2024 10:19:46||37214|202389040|216019696
19224|0|88393|02/01/2024 19:31:08||4132|22434000|32702168
17855|0|56267|02/01/2024 09:48:47||39073|420627096|483020384
19310|0|77342|02/01/2024 20:19:53||1207|4013143264|8259765576
17595|0|37333|02/01/2024 07:53:15||46005|10724772888|11744544920
17906|0|60167|02/01/2024 10:07:53||37927|3725783224|3832083208
17927|0|97205|02/01/2024 10:13:55||37565|4393494416|6538765880
18288|0|6440|02/01/2024 12:56:22||27818|19378768624|20559458152
19001|0|40407|02/01/2024 18:01:08||9532|33801011656|94556820720
19311|0|32217|02/01/2024 20:18:15||1305|2114438504|3974711880
18861|0|29341|02/01/2024 16:59:09||13251|119875344|164056784
18941|0|13461|02/01/2024 17:33:44||11176|1336112688|1498509776
17650|0|41123|02/01/2024 08:17:54||44526|3109938792|4553215480
18431|0|81968|02/01/2024 13:56:27||24213|10755414544|11943717448
17856|0|89898|02/01/2024 09:49:02||39058|2302345536|2384974016
18574|0|28056|02/01/2024 14:51:39||20901|8040334056|8660806688
19287|0|45806|02/01/2024 20:07:08||1972|2388389112|5741805872
18981|0|68094|02/01/2024 17:55:33||9867|2263180432|3026749776
18812|0|63188|02/01/2024 16:36:22||14618|3022773512|3719674864
18081|0|52757|02/01/2024 11:25:14||33286|1460588776|1803109048
18372|0|20266|02/01/2024 13:35:02||25498|4517716088|5130645736
18176|0|28791|02/01/2024 12:08:54||30666|6126325968|8363365128
19334|0|83720|02/01/2024 20:22:05||1075|412352608|483142648
19063|0|55468|02/01/2024 18:39:21||7239|1779999320|2129093488
19002|0|20845|02/01/2024 18:06:07||9233|809589560|958532544
19312|0|67076|02/01/2024 20:17:09||1371|389675720|423844488
17264|0|78054|02/01/2024 05:39:51||54009|14786899296|15783680424
18862|0|78337|02/01/2024 16:57:50||13330|302901032|357337568
18863|0|74504|02/01/2024 16:51:07||13733|1986002768|2171124304
18352|0|29483|02/01/2024 13:22:49||26231|18130923592|42179352792
19225|0|41928|02/01/2024 19:31:04||4136|55057384|56097888
18401|0|18951|02/01/2024 13:40:11||25189|19297563816|20878200368
18647|0|84402|02/01/2024 15:24:11||18949|1194213552|1657337120
17951|0|94236|02/01/2024 10:23:58||36962|10645668768|15729760832
19083|0|36967|02/01/2024 18:48:38||6682|17503083176|41597295640
18618|0|86608|02/01/2024 15:18:29||19291|9832811216|12474010072
18451|0|95303|02/01/2024 14:05:50||23650|12891817232|17546074472
17335|0|39152|02/01/2024 06:03:45||52575|143778928944|308431317736
18290|0|95563|02/01/2024 12:51:34||28106|871090800|969308824
18100|0|47559|02/01/2024 11:30:46||32954|40289190976|114196203952
18775|0|10590|02/01/2024 16:11:25||16115|10876250992|14735196512
18474|0|48287|02/01/2024 14:16:58||22982|3642911728|3867060424
18575|0|77250|02/01/2024 14:59:49||20411|1625465976|2317495400
18313|0|81920|02/01/2024 13:01:23||27517|5680538288|7924107448
18452|0|97692|02/01/2024 14:08:06||23514|7400001264|8836157912
18249|0|57494|02/01/2024 12:31:28||29312|58888233544|134971425416
18776|0|27302|02/01/2024 16:13:40||15980|4442190552|5873351992
17781|0|46712|02/01/2024 09:15:04||41096|58656437712|149364636376
18701|0|47108|02/01/2024 15:47:39||17541|11265204440|11339640696
19288|0|80433|02/01/2024 20:06:23||2017|1409904824|1831251704
18619|0|27389|02/01/2024 15:19:13||19247|5101982504|7230181552
17162|0|28990|02/01/2024 04:57:01||56579|8783249368|10808305072
18545|0|80199|02/01/2024 14:47:49||21131|1582760624|1993388120
18899|0|85714|02/01/2024 17:15:34||12266|710112216|914656808
19196|0|41780|02/01/2024 19:27:14||4366|779162168|1129946096
18777|0|32642|02/01/2024 16:19:53||15607|1032837328|1409965344
18546|0|80210|02/01/2024 14:42:50||21430|529289744|760198608
19169|0|69961|02/01/2024 19:16:24||5016|89432216|101803416
17760|0|37451|02/01/2024 09:05:10||41690|6778559808|7122272976
18648|0|83650|02/01/2024 15:28:37||18683|3425266008|4361126904
18900|0|22388|02/01/2024 17:11:36||12504|2941391936|4131160368
17163|0|40855|02/01/2024 04:55:15||56685|10247359440|13464400464
18589|0|18539|02/01/2024 15:09:49||19811|830624920|1016671896
19025|0|38974|02/01/2024 18:12:24||8856|3965798928|5567349880
19365|0|45544|02/01/2024 20:31:41||499|122320992|167702248
19335|0|5262|02/01/2024 20:29:02||658|870825888|2233425520
17536|0|44915|02/01/2024 07:21:06||47934|4024399856|4315856528
17336|0|63505|02/01/2024 06:03:52||52568|6527307448|7726858664
18921|0|46661|02/01/2024 17:22:41||11839|862736856|961040360
17977|0|85741|02/01/2024 10:38:14||36106|8837202520|9610410456
17597|0|7472|02/01/2024 07:51:27||46113|20284268800|24621877928
18674|0|68217|02/01/2024 15:36:08|02/01/2024 20:39:09|18181|5506887456|5659507352
19289|0|88278|02/01/2024 20:07:51||1929|170041872|186461320
18273|0|53387|02/01/2024 12:47:11||28369|358934384|411816456
19366|0|79002|02/01/2024 20:34:35||325|92488472|106932328
19197|0|52753|02/01/2024 19:27:10||4370|427994808|453083344
18475|0|74290|02/01/2024 14:13:58||23162|1382388448|1469697720
18432|0|49022|02/01/2024 13:54:23||24337|9111180232|13300349680
17978|0|68387|02/01/2024 10:38:04||36116|76147854496|210098687704
17337|0|40176|02/01/2024 06:09:25||52235|20984416872|25468738312
18730|0|36201|02/01/2024 15:51:49||17291|41971399696|109594287816
17626|0|96532|02/01/2024 08:04:23||45337|15712206104|18005031696
19198|0|97579|02/01/2024 19:28:01||4319|7488721032|22151475376
17651|0|6603|02/01/2024 08:18:54||44466|1360652152|1538463048
18101|0|85963|02/01/2024 11:31:56||32884|4770295952|5725518880
18374|0|39648|02/01/2024 13:33:14||25606|13819619288|19436309672
17078|0|8129|02/01/2024 04:20:34||58766|10499406040|11973394352
19170|0|5362|02/01/2024 19:16:58||4982|184895496|248267928
18250|0|59464|02/01/2024 12:31:25||29315|5490058656|6710579872
17137|0|50427|02/01/2024 04:47:08||57172|839508472|1142301184
18251|0|45892|02/01/2024 12:33:29||29191|7480720456|8336053096
18675|0|23097|02/01/2024 15:35:07||18293|4226088624|5004646032
16975|0|62761|02/01/2024 03:45:44||60856|27434235632|29655171936
18576|0|89373|02/01/2024 14:50:42||20958|1485799664|1682655712
19248|0|96745|02/01/2024 19:40:52||3548|110820648|133392392
17359|0|79162|02/01/2024 06:18:52||51668|7706795216|8112112576
19199|0|90846|02/01/2024 19:28:01||4319|1005340520|1316210544
18433|0|41118|02/01/2024 13:59:05||24055|7347257728|8644746744
17115|0|92942|02/01/2024 04:38:06||57714|7121566152|8868660704
18476|0|97309|02/01/2024 14:10:51||23349|387419816|553262152
17289|0|50432|02/01/2024 05:47:21||53559|16482519160|22620226248
17802|0|19469|02/01/2024 09:24:38||40522|1208360144|1700964120
19336|0|15805|02/01/2024 20:29:49||611|31545776|33123016
17189|0|25102|02/01/2024 05:09:50||55810|12286393352|13086482368
18403|0|38674|02/01/2024 13:44:58||24902|3654417528|4504484336
16958|0|6931|02/01/2024 03:38:11||61309|960128112|1142485400
19108|0|90351|02/01/2024 18:54:52||6308|3167359824|3618324152
18835|0|74481|02/01/2024 16:45:36||14064|2481911360|3021946144
18796|0|33734|02/01/2024 16:20:24||15576|6116244424|7276865408
17164|0|81036|02/01/2024 04:58:20|02/01/2024 20:36:49|56309|26576439264|32569327512
19367|0|81036|02/01/2024 20:38:27||93|49971072|67217928
18702|0|14111|02/01/2024 15:48:17||17503|37056322520|95365738552
17737|0|51516|02/01/2024 08:51:46||42494|8014368976|10203973664
18252|0|40642|02/01/2024 12:34:43||29117|2037781696|2117516016
17717|0|20124|02/01/2024 08:47:57||42723|14163437752|20642019112
19337|0|73978|02/01/2024 20:21:11||1129|173467488|190697936
18703|0|71615|02/01/2024 15:49:25||17435|282794808|283776568
18497|0|16748|02/01/2024 14:24:18||22542|6520430440|6608316920
19044|0|93843|02/01/2024 18:24:29||8131|679758520|958489552
18337|0|16200|02/01/2024 13:18:53||26467|11628863248|14878939824
18375|0|45093|02/01/2024 13:32:46||25634|5240110784|5527719112
18922|0|94273|02/01/2024 17:28:00||11520|1676859728|1776441688
16550|0|41652|02/01/2024 00:59:09|02/01/2024 20:36:46|70657|11695697528|17196016984
19368|0|41652|02/01/2024 20:38:23||97|21776272|30486192
19045|0|11001|02/01/2024 18:28:14||7906|6116553576|7070994096
18748|0|19023|02/01/2024 16:05:45||16455|9096087816|12949435256
17669|0|29867|02/01/2024 08:29:50||43810|773516288|1025657272
18704|0|61980|02/01/2024 15:49:52||17408|2536524672|2916439256
19200|0|69490|02/01/2024 19:26:35||4405|289190832|366884664
19338|0|46857|02/01/2024 20:28:29||691|199065064|239294952
18314|0|16397|02/01/2024 13:02:08||27472|3080194384|3114146312
19290|0|99986|02/01/2024 20:08:57||1863|222912752|269471216
19226|0|56720|02/01/2024 19:32:56||4024|133113896|159401016
18453|0|35649|02/01/2024 14:06:09||23631|3745439440|4264683032
17907|0|14341|02/01/2024 10:05:33||38067|9742492496|9809620624
17079|0|19964|02/01/2024 04:22:42||58638|172893087192|490710558880
18942|0|93851|02/01/2024 17:34:45||11115|850099360|1124679536
18901|0|27027|02/01/2024 17:13:47||12373|952393208|954014224
16622|0|51035|02/01/2024 01:29:10||69050|3554446904|3801378992
18877|0|59915|02/01/2024 17:08:57||12663|18434204416|39185674792
17290|0|95361|02/01/2024 05:48:55||53465|32651579048|43213917848
17508|0|8386|02/01/2024 07:13:16||48404|4125147376|4803125240
19291|0|32028|02/01/2024 20:07:12||1968|485060896|686700400
18522|0|62947|02/01/2024 14:35:49||21851|253136800|325490920
19003|0|22591|02/01/2024 18:03:02||9418|4010222184|4245351760
18153|0|88927|02/01/2024 11:53:17||31603|9667685464|12700500600
17738|0|70616|02/01/2024 08:51:30||42510|28357669440|41382744432
17883|0|54570|02/01/2024 09:54:55||38705|7675508544|9069659728
17560|0|61311|02/01/2024 07:31:19||47321|5741887520|6140514728
18547|0|10309|02/01/2024 14:47:42||21138|2630568912|2725775640
17599|0|11685|02/01/2024 07:52:12||46068|4198273440|5704409416
19142|0|71946|02/01/2024 19:04:25||5735|442775568|616452608
17782|0|4396|02/01/2024 09:16:07||41033|4712093160|4853221816
19004|0|35034|02/01/2024 18:09:55||9005|183701384|186361576
18705|0|23699|02/01/2024 15:41:07||17933|1737429192|2296118136
17117|0|50961|02/01/2024 04:39:02||57658|10337433472|12402149488
19171|0|49446|02/01/2024 19:17:55||4925|1571571088|2215533952
19227|0|20426|02/01/2024 19:35:43||3857|27058368|36209808
18477|0|90750|02/01/2024 14:14:16||23144|6105865168|6372608256
19201|0|64846|02/01/2024 19:28:41||4279|1210888976|1597340184
18923|0|64729|02/01/2024 17:25:26||11674|2410186200|2417995992
18376|0|39032|02/01/2024 13:35:30||25470|15461544480|19194952624
17431|0|10176|02/01/2024 06:46:35|02/01/2024 20:37:30|49855|6583639216|6724481456
17487|0|34665|02/01/2024 07:00:02||49198|14229416096|15931099408
18434|0|76797|02/01/2024 13:50:34||24566|5282968392|5858167680
19202|0|5237|02/01/2024 19:25:25||4475|73329608|85075824
19292|0|7833|02/01/2024 20:07:02||1978|1235974472|1402175792
18677|0|90547|02/01/2024 15:31:46||18494|2227767360|2380704984
19203|0|39540|02/01/2024 19:24:29||4531|875364600|953065480
19046|0|59720|02/01/2024 18:24:25||8135|1887906352|2807631184
18650|0|13853|02/01/2024 15:21:05||19135|2973526472|3780263360
18082|0|89263|02/01/2024 11:27:05||33175|12621597568|13291720392
18223|0|67016|02/01/2024 12:26:34||29606|8549257736|12169442104
18778|0|91971|02/01/2024 16:18:45||15675|25704371728|60115813320
19172|0|17351|02/01/2024 19:13:53||5167|1079954320|1164618048
18083|0|20661|02/01/2024 11:24:22||33338|3146505408|3199641240
17510|0|46869|02/01/2024 07:14:03||48357|2798163272|3555711104
18065|0|77911|02/01/2024 11:18:50||33670|12065711872|14082969784
18224|0|21923|02/01/2024 12:21:28||29912|2332886824|2898028320
18499|0|21912|02/01/2024 14:28:10||22310|1494469616|2003096168
18651|0|32864|02/01/2024 15:21:45||19095|6710996128|9840438744
18027|0|33989|02/01/2024 10:59:51||34809|4296126952|6138629072
17784|0|32738|02/01/2024 09:14:54||41106|4059177104|4118923520
19173|0|13981|02/01/2024 19:15:13||5087|117787744|165057936
18225|0|39952|02/01/2024 12:24:42||29718|4443455800|6423322392
18478|0|25884|02/01/2024 14:19:53||22807|4665859032|4740857104
17670|0|76091|02/01/2024 08:22:42||44238|1143596024|1244711416
18203|0|91703|02/01/2024 12:13:01||30419|4132565968|5228197032
17082|0|33250|02/01/2024 04:20:34||58766|4201229264|4746807688
18902|0|31550|02/01/2024 17:11:16||12524|4336029072|6157381560
18957|0|18411|02/01/2024 17:46:42||10398|599120784|846110872
17979|0|93627|02/01/2024 10:34:41||36319|5751619640|7578351592
19174|0|16505|02/01/2024 19:15:29||5071|244841224|338336608
18103|0|40841|02/01/2024 11:31:53||32887|59820189240|115406758600
16702|0|51631|02/01/2024 01:58:32||67288|191045433440|360970801680
18126|0|94288|02/01/2024 11:41:03||32337|8942075496|11339888400
17762|0|59450|02/01/2024 09:08:01||41519|2421297944|2744672144
18750|0|6262|02/01/2024 16:07:49||16331|7245623808|9578010424
18591|0|53839|02/01/2024 15:03:16||20204|916626144|1318985224
18500|0|45745|02/01/2024 14:28:14||22306|5223692056|14504631856
19293|0|98958|02/01/2024 20:07:42||1938|148492840|216225880
19026|0|80025|02/01/2024 18:13:57||8763|4491661480|4923664416
18798|0|65470|02/01/2024 16:26:25||15215|2337367336|2624201096
19143|0|96689|02/01/2024 19:08:43||5477|75727744|80679704
17929|0|48137|02/01/2024 10:16:48||37392|24065008832|29127773072
19339|0|13583|02/01/2024 20:21:02||1138|173716360|239925840
19175|0|17139|02/01/2024 19:19:00||4860|4987092992|11705845408
17055|0|53820|02/01/2024 04:16:07||59033|10106279536|10128113160
17930|0|51519|02/01/2024 10:13:15|02/01/2024 20:35:23|37328|4929210624|5394569536
19369|0|51519|02/01/2024 20:36:24||216|65657240|83290736
19176|0|63546|02/01/2024 19:13:10||5210|18614912080|38422313144
17407|0|36006|02/01/2024 06:30:19||50981|69469160560|159458315728
18548|0|77858|02/01/2024 14:41:47||21493|1028156912|1423560536
18924|0|77204|02/01/2024 17:21:48||11892|13604624392|8556303760
19313|0|47458|02/01/2024 20:17:19||1361|280939768|356318000
18028|0|50187|02/01/2024 10:52:05||35275|3072112288|3131676280
17980|0|47314|02/01/2024 10:30:53||36547|5515936136|6099734528
17804|0|52594|02/01/2024 09:21:20||40720|2665708560|3555239256
19109|0|91262|02/01/2024 18:51:09|02/01/2024 20:31:09|6000|1945177312|2255019832
18155|0|95953|02/01/2024 11:50:39||31761|2585851184|3085529152
19064|0|28423|02/01/2024 18:38:42||7278|4138357080|4374003224
18455|0|85316|02/01/2024 14:03:36||23784|40101186552|93188305360
18878|0|9694|02/01/2024 17:09:53||12607|4710841296|6625765032
17291|0|87055|02/01/2024 05:40:23||53977|47319936912|99014371816
17857|0|56946|02/01/2024 09:46:12||39228|11139643136|11734154336
18523|0|55328|02/01/2024 14:37:58||21722|1125753128|1134471832
17084|0|32388|02/01/2024 04:29:29||58231|21859850456|30513469176
17886|0|14654|02/01/2024 09:55:49||38651|163594569160|356180307720
19027|0|12418|02/01/2024 18:15:50||8650|4924068600|5155627848
19110|0|33855|02/01/2024 18:54:16||6344|11752222608|26298192184
17739|0|43820|02/01/2024 08:53:09||42411|16594909256|17619744528
18104|0|78871|02/01/2024 11:36:48||32592|7767191616|8547438824
18178|0|98957|02/01/2024 12:08:32||30688|2425236184|2535233912
18479|0|32700|02/01/2024 14:19:52||22808|4501227712|6208442704
19028|0|61002|02/01/2024 18:18:48||8472|1014182504|1053802832
18406|0|56776|02/01/2024 13:43:30||24990|6275494328|8969842384
19065|0|17223|02/01/2024 18:31:58||7682|6080423984|7329901304
18836|0|74230|02/01/2024 16:42:24||14256|7058514104|9612701496
18903|0|51535|02/01/2024 17:15:05||12295|28629036568|53427499160
17981|0|36659|02/01/2024 10:36:56||36184|1554956880|1930658328
16705|0|28435|02/01/2024 01:52:54||67626|1436538992|1504113328
17741|0|72601|02/01/2024 08:57:14||42166|6494338880|8457076376
18678|0|85672|02/01/2024 15:32:48||18432|7669438992|7791929544
19267|0|12784|02/01/2024 19:51:27||2913|541651128|745909832
16859|0|21671|02/01/2024 02:58:06||63714|19019736056|22330547680
17628|0|81351|02/01/2024 08:06:34||45206|18567149608|25359673768
17408|0|18908|02/01/2024 06:34:39||50721|161390552344|310066471592
17362|0|5094|02/01/2024 06:15:54||51846|7771714280|9721072136
17742|0|36200|02/01/2024 08:57:37||42143|81978450952|230959486376
18799|0|76281|02/01/2024 16:26:36||15204|5190907936|5425746128
18205|0|41346|02/01/2024 12:18:25||30095|4144732832|4257134144
17932|0|72646|02/01/2024 10:11:10||37730|6820888568|7893722376
19084|0|13499|02/01/2024 18:43:06||7014|601440840|670839768
18029|0|79857|02/01/2024 10:57:22||34958|24352073384|30120229168
19066|0|26134|02/01/2024 18:37:19||7361|4956606640|6193859392
19111|0|82499|02/01/2024 18:54:43||6317|277300560|308126824
17267|0|74614|02/01/2024 05:30:44||54556|11514939576|15034666688
19112|0|30554|02/01/2024 18:53:46||6374|53401000|54470448
19177|0|17670|02/01/2024 19:12:19||5261|56120552|56198112
19047|0|87499|02/01/2024 18:23:03||8217|271521968|393714888
19294|0|59984|02/01/2024 20:09:35||1825|467825568|519345040
18680|0|68883|02/01/2024 15:32:12||18468|3191498392|3842766920
18128|0|27276|02/01/2024 11:48:12||31908|9147444504|12585444832
18524|0|97540|02/01/2024 14:34:26||21934|1104978888|1469388224
18879|0|14496|02/01/2024 17:01:54||13086|1019956248|1035845592
17763|0|61418|02/01/2024 09:05:17||41683|632742904|740613008
18407|0|76270|02/01/2024 13:42:52||25028|2290867336|3188849752
17540|0|87483|02/01/2024 07:20:58||47942|119714598424|343820218080
18816|0|71306|02/01/2024 16:35:33||14667|1125176632|1605738696
18156|0|29084|02/01/2024 11:55:07||31493|12508468776|12695405128
17858|0|59224|02/01/2024 09:42:04||39476|6967093352|6983123448
16933|0|4883|02/01/2024 03:23:59||62161|705559136|731350296
18550|0|64359|02/01/2024 14:49:08||21052|1617649368|2363230280
18030|0|72524|02/01/2024 10:53:48||35172|7501715432|8103431096
18228|0|16490|02/01/2024 12:21:21||29919|1070301072|1208710880
18653|0|56440|02/01/2024 15:22:35||19045|2678463056|3774199192
18817|0|12576|02/01/2024 16:37:13||14567|6737992096|6980371176
18654|0|35261|02/01/2024 15:20:23||19177|1132956296|1154005072
19178|0|45606|02/01/2024 19:13:15||5205|1228736752|1639295888
19340|0|47464|02/01/2024 20:24:53||907|1920125704|4383368064
19144|0|83901|02/01/2024 19:01:24||5916|576974688|707179856
18752|0|50847|02/01/2024 16:04:03||16557|5724713832|6749760632
17056|0|19071|02/01/2024 04:18:07||58913|56401487320|41428115856
18480|0|67743|02/01/2024 14:15:15||23085|5322169336|7937362048
17720|0|19913|02/01/2024 08:41:57||43083|27495655312|30971279640
18501|0|8718|02/01/2024 14:28:09||22311|1777314808|2427089480
19005|0|86290|02/01/2024 18:08:43||9077|762052568|1121947424
18681|0|73583|02/01/2024 15:38:21||18099|3651151032|4001127088
18943|0|17154|02/01/2024 17:36:09||11031|1490245024|1849697240
19113|0|17717|02/01/2024 18:52:38||6442|6718287480|15388236512
18880|0|69340|02/01/2024 17:07:24||12756|3650387656|4505351840
17294|0|62125|02/01/2024 05:44:27||53733|145771101824|371156479616
18085|0|31522|02/01/2024 11:21:37||33503|824872712|934735560
18551|0|30280|02/01/2024 14:42:35||21445|2539769968|3107402312
17409|0|68053|02/01/2024 06:37:29||50551|174877888248|368227699512
18377|0|55176|02/01/2024 13:32:09||25671|11958300872|16507362104
19085|0|89909|02/01/2024 18:46:49||6791|1611919408|1725799184
17743|0|37572|02/01/2024 08:50:10||42590|8982382216|9135822024
19006|0|23126|02/01/2024 18:02:32||9448|972741384|1323634016
18009|0|47169|02/01/2024 10:43:51||35769|108684065936|234001413160
18338|0|52416|02/01/2024 13:14:26||26734|1063981256|1110237680
18408|0|64963|02/01/2024 13:45:26||24874|207150952|245332632
17410|0|27570|02/01/2024 06:34:50||50710|342936840|366807488
17411|0|34200|02/01/2024 06:30:44||50956|2988779744|3602508888
17215|0|55316|02/01/2024 05:17:40||55340|13031585296|13414366464
19370|0|52044|02/01/2024 20:30:17||583|649346256|1326077704
17721|0|29712|02/01/2024 08:44:10||42950|1556112784|2126889296
19007|0|10941|02/01/2024 18:06:31||9209|1944336040|2516435672
18837|0|64106|02/01/2024 16:49:23||13837|1738990552|1823481936
17193|0|72615|02/01/2024 05:08:45||55875|5140036600|5711731704
17934|0|21926|02/01/2024 10:17:42||37338|11611420728|11649978528
18577|0|22507|02/01/2024 14:50:22||20978|1375513752|1985896800
19268|0|80719|02/01/2024 19:52:36||2844|520966688|720758296
17463|0|67557|02/01/2024 06:55:17||49483|7054269808|8496891536
18481|0|7575|02/01/2024 14:10:51||23349|20529679792|22682945120
18552|0|96953|02/01/2024 14:49:11||21049|5733211504|8270093120
19228|0|27975|02/01/2024 19:31:04||4136|638455064|710668088
17744|0|82986|02/01/2024 08:54:07||42353|429270976|528219608
19114|0|24334|02/01/2024 18:56:54||6186|1884821400|2357670160
18525|0|66658|02/01/2024 14:37:59||21721|2020169744|2583487088
18409|0|17504|02/01/2024 13:45:06||24894|42364535280|85578563376
18982|0|69372|02/01/2024 17:58:06||9714|4059106192|5390760136
18620|0|47819|02/01/2024 15:16:16||19424|37130497712|86533273688
18553|0|87153|02/01/2024 14:41:31||21509|968276488|1227937824
17365|0|56210|02/01/2024 06:10:11||52189|140065245272|328105117216
18526|0|43543|02/01/2024 14:35:30||21870|3836612776|4504541864
16762|0|40101|02/01/2024 02:11:50||66490|114737024600|280987830312
19086|0|93664|02/01/2024 18:45:09||6891|2161724584|2968249896
19249|0|87571|02/01/2024 19:47:58||3122|34613600|39376096
19229|0|8816|02/01/2024 19:36:29||3811|72206016|97574648
19371|0|64143|02/01/2024 20:39:56||4|0|0
17582|0|72469|02/01/2024 07:48:39||46281|10387780392|11220559544
19341|0|41429|02/01/2024 20:25:44||856|32293240|34427224
17086|0|28055|02/01/2024 04:23:38||58582|39582340984|24951944192
17057|0|53398|02/01/2024 04:15:29||59071|13209736200|14291428312
18818|0|63848|02/01/2024 16:36:22||14618|22784166744|53154611464
18655|0|49120|02/01/2024 15:25:12||18888|48701462360|100832671064
19145|0|54200|02/01/2024 19:09:10||5450|250589216|304362096
17983|0|88451|02/01/2024 10:33:26||36394|756171160|900232824
19087|0|10654|02/01/2024 18:41:09||7131|4633784336|5765360168
18925|0|79722|02/01/2024 17:29:04||11456|22225496904|46970836280
18753|0|44762|02/01/2024 16:00:36||16764|983791368|1324971776
17217|0|61139|02/01/2024 05:16:12||55428|2604695848|2677672760
18502|0|52225|02/01/2024 14:24:10||22550|537243456|711785744
17888|0|23803|02/01/2024 09:53:32||38788|956571056|1234281968
17140|0|50238|02/01/2024 04:43:07||57413|13774580152|17323695552
18904|0|33909|02/01/2024 17:17:06||12174|26971708488|67775466192
16935|0|42428|02/01/2024 03:22:40||62240|19310873048|24941352288
17465|0|74526|02/01/2024 06:53:26|02/01/2024 20:34:46|49280|14734146576|21807881056
18131|0|90076|02/01/2024 11:44:00||32160|1865384240|2620381224
18179|0|17156|02/01/2024 12:06:52|02/01/2024 20:38:54|30722|1349805824|1471718736
17037|0|69214|02/01/2024 04:00:49||59951|145224216840|434215860800
18339|0|30835|02/01/2024 13:18:21||26499|195198872|230768656
18578|0|28124|02/01/2024 14:50:16||20984|38530309776|80892614960
18656|0|56866|02/01/2024 15:23:01||19019|6294813320|6477561864
16936|0|53612|02/01/2024 03:27:08||61972|22564503064|26902906992
17388|0|80236|02/01/2024 06:26:55||51185|9822471856|11729801648
18132|0|30667|02/01/2024 11:47:58||31922|1277158464|1299992640
19008|0|77148|02/01/2024 18:07:27||9153|4937734136|5601202912
19009|0|91598|02/01/2024 18:04:28||9332|2590191632|3104988696
18926|0|48874|02/01/2024 17:27:40||11540|39618931000|102836049152
17630|0|59145|02/01/2024 08:06:47||45193|26112554288|29761082728
17366|0|18055|02/01/2024 06:15:18||51882|16378980112|19359802968
17038|0|70629|02/01/2024 04:04:39||59721|9290788408|12540578328
19179|0|28927|02/01/2024 19:14:34||5126|2173175856|2529980032
18865|0|39739|02/01/2024 16:51:19||13721|895364360|975766552
18657|0|42893|02/01/2024 15:21:11||19129|2087810544|3030095424
16814|0|21520|02/01/2024 02:34:52|02/01/2024 20:32:24|64652|16748662064|24014368336
18010|0|31527|02/01/2024 10:45:50||35650|18050477744|23045592296
19088|0|90512|02/01/2024 18:44:01||6959|5467744376|7898604456
18622|0|71041|02/01/2024 15:19:52||19208|15220005200|19243834280
19295|0|56736|02/01/2024 20:00:10||2390|760444632|1021963968
19314|0|6073|02/01/2024 20:19:14||1246|913005840|977587072
19269|0|53064|02/01/2024 19:58:33||2487|836281128|1090809576
18229|0|29306|02/01/2024 12:22:24||29856|5002635648|6063997952
17434|0|29397|02/01/2024 06:45:55||50045|220355000720|429629011216
18983|0|27416|02/01/2024 17:51:46||10094|3666019144|4467519704
19115|0|94445|02/01/2024 18:58:57||6063|204601616|304496392
18592|0|48946|02/01/2024 15:08:21||19899|2349856952|2786449488
18838|0|47902|02/01/2024 16:44:18||14142|5833375776|8212371344
17860|0|53676|02/01/2024 09:42:48||39432|4593803232|6108435176
18593|0|38060|02/01/2024 15:00:10||20390|3504141424|4839874144
19146|0|24903|02/01/2024 19:01:22||5918|1262829328|1346119504
18682|0|28652|02/01/2024 15:31:17||18523|1073259568|1171537528
17435|0|34442|02/01/2024 06:40:58||50342|3971757920|4326566896
17122|0|97470|02/01/2024 04:31:22||58118|4313220128|4695374400
18133|0|74503|02/01/2024 11:49:37||31823|8955965160|9287204008
17466|0|63054|02/01/2024 06:50:43||49757|12643953416|14492975576
18255|0|26209|02/01/2024 12:30:22||29378|13428422272|16291859824
17605|0|24245|02/01/2024 07:56:57||45783|10255277424|11820734432
18594|0|26819|02/01/2024 15:04:14||20146|1894636592|1998492888
18819|0|66447|02/01/2024 16:32:48||14832|7802492440|11092892352
18595|0|27001|02/01/2024 15:06:14||20026|12576391688|12879298656
18623|0|63750|02/01/2024 15:15:22||19478|1060824560|1449630024
18436|0|14122|02/01/2024 13:51:52||24488|4421624368|6010645760
17745|0|54183|02/01/2024 08:58:14||42106|19284415128|23465811120
18340|0|73781|02/01/2024 13:11:29||26911|4394691600|5383451264
18779|0|30363|02/01/2024 16:16:52||15788|1209370496|1777312296
17389|0|21518|02/01/2024 06:20:20||51580|18070306464|18812624832
19089|0|83416|02/01/2024 18:49:52||6608|9088325784|12700473512
18944|0|15205|02/01/2024 17:35:14||11086|2203207848|3139422544
18927|0|27772|02/01/2024 17:25:15||11685|3650179912|4273283360
18315|0|81876|02/01/2024 13:07:36||27144|105559935512|245898574840
17889|0|60347|02/01/2024 09:59:46||38414|794680232|926640536
17890|0|43761|02/01/2024 09:52:00||38880|6148052840|8496780392
19090|0|49047|02/01/2024 18:40:53||7147|14843150784|29353395136
17936|0|63259|02/01/2024 10:10:42|02/01/2024 20:39:38|37736|198415464|229521552
18504|0|16277|02/01/2024 14:29:37||22223|659634512|674040088
18256|0|63116|02/01/2024 12:37:19||28961|3753596312|4890028304
18105|0|54489|02/01/2024 11:34:59||32701|6984534632|7993290696
17141|0|70204|02/01/2024 04:45:19||57281|10962785264|13670598728
18274|0|96216|02/01/2024 12:44:14||28546|11524530752|16502439216
17861|0|19796|02/01/2024 09:42:55||39425|15512520904|20706790192
17512|0|46329|02/01/2024 07:13:50||48370|12853763256|15802242888
19250|0|49631|02/01/2024 19:42:12||3468|112163648|158550536
19372|0|54532|02/01/2024 20:34:57||303|72220432|98353976
19029|0|60614|02/01/2024 18:13:51||8769|1946366328|2044227216
18959|0|51088|02/01/2024 17:46:41||10399|29794760336|84280229488
18458|0|70058|02/01/2024 14:06:25||23615|1215901760|1362113152
17722|0|30453|02/01/2024 08:48:50||42670|42908643504|30016683936
17467|0|81847|02/01/2024 06:52:06||49674|21505359192|28906910048
19204|0|35516|02/01/2024 19:20:15||4785|321168160|454951312
17237|0|31906|02/01/2024 05:20:10||55190|8755356848|9476100560
18928|0|18957|02/01/2024 17:27:10||11570|750224808|1077430384
18135|0|34330|02/01/2024 11:48:39||31881|2444139776|3252216936
17340|0|70169|02/01/2024 06:03:37||52583|22397895872|29803507744
18554|0|42351|02/01/2024 14:48:36||21084|2027547112|2076209072
19048|0|23505|02/01/2024 18:29:37||7823|6998884528|8185107448
18658|0|76590|02/01/2024 15:29:00||18660|1601784272|2059276816
18984|0|90189|02/01/2024 17:56:51||9789|18686398808|42573148176
17040|0|12303|02/01/2024 04:08:24||59496|26188705488|26276374296
19030|0|21997|02/01/2024 18:14:50||8710|2137076168|2826715712
17892|0|50207|02/01/2024 09:57:52||38528|7250824912|10011936992
18839|0|44745|02/01/2024 16:46:14||14026|2296949848|2417625648
18159|0|88803|02/01/2024 11:52:51||31629|734268440|903493592
18781|0|85856|02/01/2024 16:16:43||15797|8209829472|11625936040
17723|0|74749|02/01/2024 08:49:07||42653|7768913376|9985261328
17746|0|6306|02/01/2024 08:52:22||42458|2199249592|2327491304
18379|0|41001|02/01/2024 13:37:59||25321|2386487096|2533528784
19230|0|87252|02/01/2024 19:30:36||4164|677498528|696463488
18354|0|8726|02/01/2024 13:23:35||26185|12350889632|16709806928
19116|0|36663|02/01/2024 18:51:00||6540|3679664376|3894929960
18782|0|89070|02/01/2024 16:16:15||15825|10474289344|14374965392
19205|0|41383|02/01/2024 19:20:38||4762|1702618152|1894656080
17954|0|80746|02/01/2024 10:27:26||36754|9082269584|11666887536
17672|0|99799|02/01/2024 08:28:04||43916|13844577472|16968083168
17912|0|5989|02/01/2024 10:09:57||37803|1919296848|2233704920
19147|0|27952|02/01/2024 19:08:19||5501|907855856|1213755880
18032|0|18724|02/01/2024 10:51:17||35323|12902186824|14951681880
19296|0|90493|02/01/2024 20:06:06||2034|692373512|735920152
19067|0|85391|02/01/2024 18:30:22||7778|1233137136|1748368768
17765|0|91923|02/01/2024 09:06:50||41590|233610464|329062664
18206|0|31308|02/01/2024 12:14:25||30335|1426453976|2071188704
18230|0|90408|02/01/2024 12:23:22||29798|6132696872|8797921256
18960|0|58177|02/01/2024 17:47:18||10362|24351292264|49231260352
19049|0|89984|02/01/2024 18:22:08||8272|2236241080|3231214728
17786|0|96283|02/01/2024 09:17:41||40939|56388430488|163911737304
17632|0|31214|02/01/2024 08:01:15||45525|13258032320|16021846328
18207|0|79078|02/01/2024 12:13:51||30369|7202191536|8429760336
18820|0|26547|02/01/2024 16:31:19||14921|1025833192|1158686432
18107|0|40014|02/01/2024 11:39:39||32421|499146624|583944376
18459|0|15432|02/01/2024 14:06:08||23632|3610665736|5292344504
16816|0|90711|02/01/2024 02:32:11||65269|4124148680|5867298352
18905|0|26780|02/01/2024 17:14:24||12336|1176921128|1217749496
18961|0|65810|02/01/2024 17:46:57||10383|1625273544|1732368392
18482|0|73491|02/01/2024 14:12:58||23222|298276568|329572304
17490|0|38718|02/01/2024 07:08:57||48663|95247630336|210387183968
19297|0|99462|02/01/2024 20:06:23||2017|240099368|351828192
18945|0|9840|02/01/2024 17:35:06||11094|1995784488|2764803632
18556|0|65638|02/01/2024 14:44:24||21336|3617624160|4569995000
17863|0|86640|02/01/2024 09:41:13||39527|8370044824|10221620440
18160|0|47552|02/01/2024 11:50:24||31776|71443192360|164268036040
19206|0|52010|02/01/2024 19:23:35||4585|149472800|209624984
17724|0|78509|02/01/2024 08:41:48||43092|4042993472|4158446608
17060|0|48689|02/01/2024 04:10:41||59359|197431013552|478805551744
18800|0|15798|02/01/2024 16:24:45||15315|4822660360|5547772584
17748|0|37770|02/01/2024 08:55:10||42290|7533236584|10558706696
19117|0|38222|02/01/2024 18:51:30||6510|2167304424|2574459984
18706|0|21763|02/01/2024 15:45:31||17669|465253872|506489304
19091|0|54220|02/01/2024 18:46:40||6800|17820545984|45806657520
18258|0|28387|02/01/2024 12:35:02||29098|81949121016|202295424560
18985|0|64081|02/01/2024 17:54:54||9906|4821550744|5204499192
19031|0|79493|02/01/2024 18:14:20||8740|1610139416|1712273968
18527|0|23876|02/01/2024 14:34:49||21911|11869002656|9158583792
18067|0|66619|02/01/2024 11:15:04||33896|38285902160|83897566768
18596|0|31694|02/01/2024 15:05:26||20074|4124124304|5903853384
19207|0|88255|02/01/2024 19:21:48||4692|1421977760|2063884288
18906|0|34127|02/01/2024 17:14:36||12324|14598836160|10422474136
19118|0|6802|02/01/2024 18:51:40||6500|13711467344|34646989768
18380|0|90297|02/01/2024 13:30:24||25776|105983632288|241148182688
19270|0|22839|02/01/2024 19:59:56||2404|729175936|761541856
19180|0|62492|02/01/2024 19:10:28||5372|1789752616|2357386152
19148|0|35296|02/01/2024 19:09:45||5415|878252688|1158196656
18161|0|60248|02/01/2024 11:56:55||31385|50693454392|118092917912
18707|0|80695|02/01/2024 15:45:56||17644|6900268112|9918938728
19251|0|78104|02/01/2024 19:43:13||3407|255140920|362025032
19010|0|60821|02/01/2024 18:02:19||9461|898667360|1270685808
19011|0|72515|02/01/2024 18:03:27||9393|120498752|139184824
18437|0|41700|02/01/2024 13:56:54||24186|6638543016|7644402048
18528|0|66307|02/01/2024 14:34:37||21923|1502041680|1811648016
17834|0|91475|02/01/2024 09:30:53||40147|3212038056|4563904336
19231|0|78636|02/01/2024 19:30:29||4171|346827376|401865488
18579|0|46705|02/01/2024 14:54:37||20723|10141596464|11187996128
17806|0|69769|02/01/2024 09:29:15||40245|8442016272|11914565000
17061|0|62937|02/01/2024 04:10:51||59349|17851817504|20482913800
19068|0|97067|02/01/2024 18:32:18||7662|273509816|304287528
17634|0|67311|02/01/2024 08:01:35||45505|11575041600|17307788192
18557|0|86487|02/01/2024 14:43:47||21373|946966240|1332350144
18087|0|97656|02/01/2024 11:20:33||33567|18895545112|25941376912
18137|0|51364|02/01/2024 11:48:53||31867|6897296464|7174798464
18295|0|42829|02/01/2024 12:55:06||27894|4491136672|4996337464
18483|0|57517|02/01/2024 14:18:58||22862|1513633896|2007120728
18625|0|52747|02/01/2024 15:11:43||19697|162308272|176379928
17271|0|88059|02/01/2024 05:32:45||54435|6962832584|10286226992
17469|0|20046|02/01/2024 06:53:51||49569|16891265096|24439622864
18275|0|52466|02/01/2024 12:40:05||28795|134856416160|274660879696
18986|0|88863|02/01/2024 17:53:04||10016|1056024848|1242839880
19069|0|23399|02/01/2024 18:33:20||7600|6142866328|9084909784
17544|0|11077|02/01/2024 07:24:17||47743|8155811264|11093429808
17561|0|69388|02/01/2024 07:35:13||47087|8338104784|9012760504
18881|0|56307|02/01/2024 17:06:57||12783|463878944|576854808
19181|0|14893|02/01/2024 19:16:40||5000|455736848|545173952
18209|0|26014|02/01/2024 12:16:52||30188|5315023456|6678698976
19342|0|88454|02/01/2024 20:21:08||1132|27919176|36250768
17837|0|76363|02/01/2024 09:33:16||40004|3465355632|3672403720
18138|0|76997|02/01/2024 11:41:24||32316|1167092472|1485824256
19271|0|44714|02/01/2024 19:59:15||2445|212525464|287243128
19119|0|82867|02/01/2024 18:57:56||6124|5484541288|11921577704
19120|0|48402|02/01/2024 18:50:34||6566|179346832|183955648
18139|0|34760|02/01/2024 11:43:21||32199|5174710152|5513872144
18438|0|77934|02/01/2024 13:51:39||24501|10511724176|15342362912
18626|0|43410|02/01/2024 15:17:58||19322|3105837376|4267772128
17766|0|5312|02/01/2024 09:09:38||41422|5935183240|6982324952
18439|0|95066|02/01/2024 13:54:49||24311|669758264|961895656
18659|0|13803|02/01/2024 15:23:22||18998|309088208|337534376
18580|0|49783|02/01/2024 14:52:28||20852|2488623408|3712433648
17470|0|67595|02/01/2024 06:58:19||49301|54141845744|120928663608
18410|0|47241|02/01/2024 13:42:08||25072|2943312016|3728537168
18317|0|16122|02/01/2024 13:03:29||27391|4870793312|6851445400
16819|0|88096|02/01/2024 02:36:13||65027|16485043584|16774243664
18162|0|42979|02/01/2024 11:52:18||31662|6192989944|6334964048
18529|0|22300|02/01/2024 14:31:09||22131|5932377656|6973861128
18597|0|38214|02/01/2024 15:05:50||20050|1953103152|2066512888
18411|0|79509|02/01/2024 13:48:11||24709|4028161136|5948650896
18276|0|24213|02/01/2024 12:46:23||28417|55202198224|103021044008
18181|0|67106|02/01/2024 12:02:59||31021|4494234528|6139245624
19050|0|89014|02/01/2024 18:23:53||8167|7007762184|3861409472
17767|0|22301|02/01/2024 09:01:51||41889|9612079024|11774145872
18801|0|65611|02/01/2024 16:21:19||15521|1492095480|1881856200
17956|0|65637|02/01/2024 10:25:01||36899|3489431656|5138099472
19012|0|59817|02/01/2024 18:09:57||9003|9333430808|10287132432
17218|0|21901|02/01/2024 05:17:08||55372|8492580200|10284592640
18840|0|21457|02/01/2024 16:41:16||14324|900240752|1122771096
18412|0|87742|02/01/2024 13:44:21||24939|7903208176|10824142296
18882|0|64625|02/01/2024 17:04:04||12956|235324800|245860144
19051|0|57679|02/01/2024 18:29:48||7812|4675173560|6679955776
18598|0|64666|02/01/2024 15:05:33||20067|961553408|1321155968
18211|0|36128|02/01/2024 12:14:15||30345|8560884832|12680815920
18381|0|42069|02/01/2024 13:34:51||25509|4677238984|5630036584
18318|0|50537|02/01/2024 13:09:34||27026|26581067672|33958276032
18883|0|90354|02/01/2024 17:01:57||13083|266473568|349426720
17606|0|58712|02/01/2024 07:57:50||45730|27040331312|28076386296
18558|0|51005|02/01/2024 14:44:47||21313|2632305080|2937196912
19343|0|96554|02/01/2024 20:29:27||633|90629064|109874808
19182|0|93514|02/01/2024 19:18:34||4886|429501728|628095592
18089|0|21691|02/01/2024 11:24:52||33308|1048412464|1319702864
19208|0|82469|02/01/2024 19:23:26||4594|358456568|375945992
19272|0|59271|02/01/2024 19:55:09||2691|150260488|222111720
19298|0|65046|02/01/2024 20:01:41||2299|4761411824|12087072256
18068|0|40852|02/01/2024 11:18:51||33669|5708860240|5795046856
19299|0|75318|02/01/2024 20:04:25||2135|334258496|494813472
18413|0|70352|02/01/2024 13:47:33||24747|12722934544|14058769120
17440|0|64617|02/01/2024 06:49:20||49840|120393524464|239424181504
19032|0|76632|02/01/2024 18:18:39||8481|3300620216|4668632760
16866|0|78582|02/01/2024 02:58:03||63717|8235844328|9756360840
17913|0|75307|02/01/2024 10:05:17||38083|1021661296|1156490072
18414|0|89998|02/01/2024 13:44:59||24901|12876549080|14493174896
17583|0|59792|02/01/2024 07:44:10||46550|155096746080|290756675896
18232|0|99038|02/01/2024 12:28:02||29518|12166696480|14121196208
18485|0|58156|02/01/2024 14:14:55||23105|4743970128|6360242000
17172|0|24609|02/01/2024 04:58:19||56501|22732779168|25599182432
17957|0|33387|02/01/2024 10:28:17||36703|4827566888|5041078096
18783|0|72497|02/01/2024 16:13:48||15972|11297163168|14477051496
19121|0|15233|02/01/2024 18:56:14||6226|1126811256|1156322072
18213|0|75256|02/01/2024 12:17:26||30154|8283004496|9200355016
19149|0|33334|02/01/2024 19:05:35||5665|1801702624|2253235048
18531|0|82975|02/01/2024 14:37:15||21765|2100018728|3136366920
18233|0|61892|02/01/2024 12:28:35||29485|7842574768|9947971440
18660|0|89308|02/01/2024 15:24:19||18941|4019643856|5475028936
19209|0|77070|02/01/2024 19:22:10||4670|723807384|869079920
19373|0|13878|02/01/2024 20:34:09||351|756694248|1500279728
17789|0|67178|02/01/2024 09:19:30||40830|74824963048|149507002360
18733|0|34519|02/01/2024 15:59:32||16828|883738408|1275857248
18343|0|61923|02/01/2024 13:19:44||26416|820878744|972301072
17173|0|77025|02/01/2024 04:55:23||56677|27312941776|30549386680
16983|0|36522|02/01/2024 03:48:34|02/01/2024 20:30:16|60102|5358017184|6190890720
19210|0|52355|02/01/2024 19:28:40||4280|219665416|236494976
19183|0|24054|02/01/2024 19:13:58||5162|2352129328|2692951056
19070|0|94806|02/01/2024 18:39:10||7250|2361472800|2802892952
17584|0|91548|02/01/2024 07:40:47||46753|22275359424|24589982112
18182|0|42697|02/01/2024 12:09:45||30615|4479060064|5178160176
17145|0|5777|02/01/2024 04:49:34||57026|24953034608|25901904616
18383|0|37898|02/01/2024 13:39:59||25201|3012704288|3521822032
18462|0|25002|02/01/2024 14:09:37||23423|1212430376|1728745864
18053|0|91721|02/01/2024 11:00:04||34796|22354451808|28152507784
17895|0|58622|02/01/2024 09:59:04||38456|12082952432|15517096904
18841|0|68298|02/01/2024 16:49:49||13811|642000848|765949128
18277|0|35607|02/01/2024 12:49:23||28237|5812603032|8192084336
18356|0|30399|02/01/2024 13:24:12||26148|32843064928|72265048272
18319|0|50807|02/01/2024 13:05:36||27264|50012693088|120683158896
18599|0|63883|02/01/2024 15:03:31||20189|731946720|737389584
17958|0|55387|02/01/2024 10:21:49||37091|35959280|42020000
19052|0|83277|02/01/2024 18:22:38||8242|1844085752|2314198064
19092|0|28713|02/01/2024 18:40:54||7146|2075022440|2936217032
19093|0|67103|02/01/2024 18:47:49||6731|24668587976|49583721824
19071|0|84290|02/01/2024 18:34:26||7534|530659648|595005912
18506|0|35810|02/01/2024 14:27:56||22324|2196477512|2333363992
17244|0|80867|02/01/2024 05:20:46||55154|2460376024|3178662032
18090|0|99225|02/01/2024 11:28:12||33108|5299295768|5350318816
16918|0|17300|02/01/2024 03:15:38||62662|30582129136|39941935328
17124|0|57145|02/01/2024 04:38:48||57672|12847846688|15149564872
18109|0|11403|02/01/2024 11:37:41||32539|347548904|416865304
18560|0|8452|02/01/2024 14:44:49||21311|3729783192|4048182680
18842|0|39723|02/01/2024 16:47:41||13939|719028936|734461336
17959|0|13136|02/01/2024 10:24:55||36905|66630615504|47617291688
18802|0|41690|02/01/2024 16:21:38||15502|388617272|543962928
18962|0|26795|02/01/2024 17:49:08||10252|985935224|1044454464
17093|0|31381|02/01/2024 04:27:17||58363|9532592584|10732970368
19315|0|38286|02/01/2024 20:18:53||1267|192956896|194074416
18756|0|21827|02/01/2024 16:07:46||16334|865981624|1164580016
19033|0|79687|02/01/2024 18:14:46||8714|2132986712|2320325960
17656|0|12816|02/01/2024 08:18:35||44485|62338086584|118695494824
18627|0|69686|02/01/2024 15:18:54||19266|5784127960|7946472992
18963|0|4266|02/01/2024 17:49:48||10212|1570260096|2030032824
19072|0|30505|02/01/2024 18:38:06||7314|4232833080|5465285864
18843|0|63794|02/01/2024 16:42:23||14257|543892320|795128072
17348|0|82821|02/01/2024 06:03:22||52598|5098277888|7527965936
19122|0|61975|02/01/2024 18:58:14||6106|1657846536|1959143640
17809|0|90420|02/01/2024 09:24:58||40502|8444932168|9587828624
18234|0|90370|02/01/2024 12:23:31||29789|4149324696|4342277312
18183|0|50008|02/01/2024 12:03:11||31009|4367976936|4942392240
18628|0|66645|02/01/2024 15:14:28||19532|2102258592|2441325816
19232|0|39927|02/01/2024 19:30:08||4192|7671735296|19226967384
19233|0|20016|02/01/2024 19:30:57||4143|12365008|13593304
19034|0|99132|02/01/2024 18:12:45||8835|2590769472|3054396648
18930|0|32294|02/01/2024 17:24:34||11726|1865558048|2306605384
17370|0|83926|02/01/2024 06:14:44||51916|22448755600|24935972952
17516|0|90910|02/01/2024 07:12:08||48472|14866400416|15757846968
18803|0|54549|02/01/2024 16:28:18||15102|1324114784|1744026296
18384|0|85555|02/01/2024 13:30:36||25764|62843132424|142642873952
18600|0|97084|02/01/2024 15:02:50||20230|6424660368|9111594848
19184|0|22859|02/01/2024 19:14:01||5159|223053152|314047064
19273|0|97830|02/01/2024 19:52:51||2829|348451496|486033576
17219|0|79123|02/01/2024 05:15:43||55457|2580118768|2906600616
19234|0|88502|02/01/2024 19:34:11||3949|13044624048|33485311176
17318|0|45765|02/01/2024 05:59:45||52815|12855006568|13995294920
19316|0|87020|02/01/2024 20:12:13||1667|207386032|266869488
17866|0|81151|02/01/2024 09:41:07||39533|10491559096|11067410176
19035|0|52373|02/01/2024 18:15:20||8680|10256023936|7604390696
18987|0|54120|02/01/2024 17:59:02||9658|4122907528|4383314680
18866|0|22957|02/01/2024 16:57:56||13324|134247488|145784408
18507|0|24393|02/01/2024 14:29:29||22231|1510433536|1644586952
17373|0|80798|02/01/2024 06:16:01|02/01/2024 20:36:58|51657|13725043176|17416426320
19374|0|80798|02/01/2024 20:37:27||153|52970024|56122120
19317|0|45845|02/01/2024 20:18:29||1291|129690848|159018040
17675|0|7176|02/01/2024 08:28:07|02/01/2024 20:32:14|43447|9134479464|9433932104
19375|0|7176|02/01/2024 20:32:30||450|109304032|148630552
18685|0|13029|02/01/2024 15:36:39||18201|2133452144|2707223712
19013|0|36934|02/01/2024 18:02:59||9421|4157884528|4794181208
18844|0|14069|02/01/2024 16:40:27||14373|39936106328|88877162264
17350|0|47925|02/01/2024 06:04:03||52557|13018801392|17012005880
18629|0|41862|02/01/2024 15:14:01||19559|3503381384|4509874536
17841|0|44497|02/01/2024 09:39:23||39637|28240993688|28579751784
18757|0|4405|02/01/2024 16:02:11||16669|3864895808|5323751808
17790|0|45389|02/01/2024 09:14:45||41115|2516348664|3756975968
18867|0|93343|02/01/2024 16:59:43||13217|15670358648|35083469976
16747|0|60671|02/01/2024 02:07:58||66722|239598653536|464343680816
18508|0|33311|02/01/2024 14:22:15||22665|25284558400|69965655928
18601|0|21417|02/01/2024 15:07:42||19938|16244419024|19986829504
19036|0|94556|02/01/2024 18:10:26||8974|2239207784|2398107000
19344|0|88205|02/01/2024 20:26:10||830|291305224|325355744
17960|0|67368|02/01/2024 10:25:51||36849|14075711184|17701510944
19053|0|77259|02/01/2024 18:20:29||8371|535459864|645957440
17985|0|86178|02/01/2024 10:30:16||36584|3689307568|4524888832
18708|0|89519|02/01/2024 15:49:03||17457|45403627112|120404016064
18734|0|77651|02/01/2024 15:53:49||17171|1551039384|2315268080
18845|0|11325|02/01/2024 16:43:06||14214|19523119112|46153385768
17916|0|55642|02/01/2024 10:04:42||38118|501516336|513632848
17562|0|28538|02/01/2024 07:30:49||47351|7310829360|10953303720
17636|0|10559|02/01/2024 08:05:14|02/01/2024 20:34:18|44944|20362396352|30326021064
19376|0|10559|02/01/2024 20:36:04||236|96496144|110193816
18988|0|38624|02/01/2024 17:57:15||9765|28026796176|55539242048
18261|0|39921|02/01/2024 12:30:44||29356|11546264872|17143283672
18561|0|36429|02/01/2024 14:43:24||21396|2926324944|4280209984
17770|0|91782|02/01/2024 09:04:57||41703|8198706912|11714964592
19094|0|9731|02/01/2024 18:43:39||6981|12569329816|31153717000
19274|0|40702|02/01/2024 19:51:04||2936|337238488|395309208
17473|0|86096|02/01/2024 06:59:28||49232|209475355720|390815533880
19095|0|15671|02/01/2024 18:44:14||6946|5964452616|7218421544
19185|0|80900|02/01/2024 19:12:17||5263|577840560|742762328
17474|0|55313|02/01/2024 06:50:43||49757|12829086024|15168126992
18297|0|18593|02/01/2024 12:58:02||27718|17804294208|22698768728
17868|0|60247|02/01/2024 09:47:32||39148|5114529488|5584447384
18804|0|25586|02/01/2024 16:29:18||15042|639868968|745398696
18415|0|29693|02/01/2024 13:48:32||24688|7882376|9314472
18359|0|48342|02/01/2024 13:23:45||26175|14136337096|17879082016
18709|0|11561|02/01/2024 15:44:17||17743|5863340248|7853642296
18035|0|66920|02/01/2024 10:55:12||35088|27990645112|31429519640
17545|0|55731|02/01/2024 07:28:22||47498|1278382920|1561234376
16634|0|20310|02/01/2024 01:24:05||69355|33068149688|40232605312
17810|0|22149|02/01/2024 09:22:28||40652|4535126944|6359326968
18298|0|76584|02/01/2024 12:57:59||27721|11830269624|11899133152
18184|0|5632|02/01/2024 12:08:37||30683|4407059976|5013277488
19123|0|93398|02/01/2024 18:52:08||6472|3209211960|4527799232
17749|0|21544|02/01/2024 08:51:29||42511|13546617688|19224280336
18581|0|25742|02/01/2024 14:57:20||20560|4246876368|5158401040
18735|0|5573|02/01/2024 15:58:36||16884|4619480320|6569879552
17375|0|19065|02/01/2024 06:11:53||52087|23276863784|34078323016
18140|0|78455|02/01/2024 11:48:50||31870|13592656656|18271628080
19252|0|12626|02/01/2024 19:46:45||3195|52950096|62643176
18012|0|21856|02/01/2024 10:42:18||35862|16648435624|16884567368
17148|0|48466|02/01/2024 04:40:04||57596|8786779656|12121889696
19253|0|42379|02/01/2024 19:45:41||3259|175542672|239577248
18071|0|54035|02/01/2024 11:10:10||34190|827492152|1105660520
17200|0|90216|02/01/2024 05:09:26||55834|9274442360|9569043280
18562|0|37232|02/01/2024 14:44:03||21357|3947780408|5219182472
17771|0|33434|02/01/2024 09:03:01||41819|2601174216|3762667048
18360|0|89878|02/01/2024 13:26:26||26014|8933556304|10980188008
17303|0|78405|02/01/2024 05:45:40||53660|147523371160|430867311432
19037|0|95715|02/01/2024 18:14:51||8709|154141384|188270832
18907|0|97549|02/01/2024 17:18:05||12115|2811998888|3435587112
17563|0|54072|02/01/2024 07:32:33||47247|5150380816|6341277512
17443|0|82511|02/01/2024 06:45:26||50074|27584547200|38649120560
18736|0|80903|02/01/2024 15:50:27||17373|17676661624|39059349200
18805|0|20461|02/01/2024 16:24:46||15314|1667738896|2440635184
17608|0|62538|02/01/2024 07:54:43||45917|4182385440|4371633640
19300|0|7155|02/01/2024 20:08:15||1905|66512552|74247984
19345|0|47480|02/01/2024 20:28:44||676|208227080|285436312
18215|0|56779|02/01/2024 12:12:57||30423|572065552|669868632
18846|0|84557|02/01/2024 16:47:46||13934|36098414752|82220454464
18322|0|66334|02/01/2024 13:08:56||27064|81648057368|181653642368
18278|0|12099|02/01/2024 12:44:40||28520|865058640|1182926016
17609|0|73017|02/01/2024 07:59:03||45657|74468749144|198818802096
19301|0|38351|02/01/2024 20:01:39||2301|132167968|180521256
18185|0|6918|02/01/2024 12:04:21||30939|10693697152|13899749784
18785|0|87312|02/01/2024 16:17:44||15736|6360439816|6948289280
18463|0|6302|02/01/2024 14:03:42||23778|2923621352|4263900080
19275|0|87788|02/01/2024 19:51:49||2891|310533288|426637392
19073|0|58758|02/01/2024 18:37:10||7370|382964288|552965648
18686|0|57706|02/01/2024 15:34:11||18349|37269707376|105219244376
18806|0|11392|02/01/2024 16:25:39||15261|11673753096|15010393296
17546|0|45814|02/01/2024 07:27:20||47560|776390984|806666024
18344|0|97683|02/01/2024 13:14:52||26708|975164760|1207145352
18533|0|15140|02/01/2024 14:30:01||22199|5155725736|5186982120
18964|0|8691|02/01/2024 17:40:13||10787|404412160|410095896
19014|0|41487|02/01/2024 18:05:37||9263|4031073600|5340599080
18323|0|36156|02/01/2024 13:06:11||27229|11528472528|13343782912
18884|0|91770|02/01/2024 17:06:26||12814|1970452768|2370776208
17811|0|35572|02/01/2024 09:28:24||40296|9621364128|10704359240
18299|0|72276|02/01/2024 12:55:17||27883|2553770856|3169410512
18631|0|81865|02/01/2024 15:16:51||19389|15380147752|16964875152
18632|0|78053|02/01/2024 15:10:06||19794|876950896|1216232632
17727|0|10022|02/01/2024 08:40:08||43192|7425477928|8834352496
17547|0|33659|02/01/2024 07:27:18||47562|901145712|1343456880
19186|0|36613|02/01/2024 19:13:44||5176|792606624|1002572232
19211|0|61780|02/01/2024 19:24:59||4501|593440808|705440648
18324|0|23997|02/01/2024 13:07:25||27155|5766754520|6575937520
19150|0|65242|02/01/2024 19:03:57||5763|715030784|750490560
18989|0|83574|02/01/2024 17:58:44||9676|41244287256|101810815992
17937|0|89409|02/01/2024 10:16:44||37396|44314216888|90646428376
17938|0|68529|02/01/2024 10:18:28||37292|21023308976|29627343032
18602|0|5584|02/01/2024 15:01:20||20320|9874782328|11962809672
19124|0|11094|02/01/2024 18:53:33||6387|2195619384|2758940280
18661|0|52873|02/01/2024 15:23:59||18961|5657883288|6352632328
18847|0|20948|02/01/2024 16:44:18||14142|4499564336|5562739024
18141|0|22626|02/01/2024 11:46:19||32021|2622394840|2984341304
18633|0|37512|02/01/2024 15:18:38||19282|7744871200|10861940080
19318|0|35844|02/01/2024 20:19:54||1206|339559656|352721344
19254|0|40236|02/01/2024 19:49:23||3037|2726694936|2224953696
17125|0|96899|02/01/2024 04:36:13||57827|1693878720|1914919160
19151|0|50061|02/01/2024 19:09:40||5420|241769248|334144360
18163|0|36650|02/01/2024 11:57:23||31357|1213167656|1275890544
18464|0|30183|02/01/2024 14:08:51||23469|11459047096|13482231824
19015|0|55562|02/01/2024 18:07:59||9121|678380968|767528576
18710|0|97929|02/01/2024 15:42:09||17871|9108985944|10711185088
18363|0|7418|02/01/2024 13:27:05||25975|3460459288|3626917696
17939|0|45519|02/01/2024 10:13:22||37598|8529792240|12151904544
17728|0|95175|02/01/2024 08:43:24||42996|13329328400|17903145904
18821|0|40161|02/01/2024 16:39:06||14454|1490371520|2001141480
18711|0|98472|02/01/2024 15:46:49||17591|5488705856|7611678592
19346|0|68194|02/01/2024 20:24:07||953|141763024|164502960
19187|0|49854|02/01/2024 19:10:20||5380|521777776|527117408
17149|0|82539|02/01/2024 04:40:46||57554|2840575952|3290277584
18236|0|47910|02/01/2024 12:28:32||29488|2267666072|3312097768
19235|0|85726|02/01/2024 19:31:21||4119|11677088320|23908765592
18387|0|3957|02/01/2024 13:31:40||25700|3477978424|3622296328
18947|0|44695|02/01/2024 17:33:26||11194|2207094760|2521226984
19188|0|13619|02/01/2024 19:14:38||5122|316282728|418726176
19255|0|42042|02/01/2024 19:40:05||3595|244085176|301827528
18465|0|17133|02/01/2024 14:07:13||23567|97103645168|186090714336
18416|0|81440|02/01/2024 13:42:27||25053|18281442464|25016216296
17896|0|75508|02/01/2024 09:56:23||38617|8320632408|9618389432
19074|0|60063|02/01/2024 18:38:09||7311|3185954816|3338838544
17517|0|31666|02/01/2024 07:14:27||48333|2561919440|3554182528
19276|0|39548|02/01/2024 19:54:40||2720|633705664|789736144
19236|0|56510|02/01/2024 19:31:10||4130|1727273792|2412067064
18013|0|45148|02/01/2024 10:49:30||35430|12394611488|17666872312
18868|0|91442|02/01/2024 16:59:54||13206|459477216|546561120
18759|0|20792|02/01/2024 16:00:57||16743|3915802000|9467162824
19319|0|37121|02/01/2024 20:15:35||1465|25667448|35303040
19347|0|79657|02/01/2024 20:25:53||847|912794968|989703632
18948|0|82781|02/01/2024 17:34:58||11102|2355468528|2561742896
17730|0|55293|02/01/2024 08:43:31||42989|7016583552|7577736632
18164|0|89206|02/01/2024 11:57:16||31364|14194081224|19849876616
17476|0|27590|02/01/2024 06:51:44||49696|13412264520|19654059392
18388|0|92253|02/01/2024 13:35:31||25469|5335605000|6102771504
19016|0|48275|02/01/2024 18:07:25||9155|579703336|777603664
17772|0|96826|02/01/2024 09:08:21||41499|4285971376|5698533480
16869|0|11466|02/01/2024 02:58:19||63701|9329425664|11578581880
17202|0|99822|02/01/2024 05:06:06||56034|16298996424|20906958504
19054|0|91531|02/01/2024 18:21:00||8340|230563024|308535064
17352|0|20360|02/01/2024 06:00:27||52773|20408179736|29969977904
18390|0|94951|02/01/2024 13:35:37||25463|18665503048|25767812200
18325|0|42501|02/01/2024 13:05:30||27270|1554647424|1736940936
19302|0|20362|02/01/2024 20:01:46||2294|151296680|188621432
17870|0|95722|02/01/2024 09:47:34||39146|6143308544|6914451576
18822|0|89316|02/01/2024 16:30:30||14970|3992172752|5194365576
17586|0|97949|02/01/2024 07:43:27||46593|6848306240|9580981936
19256|0|68416|02/01/2024 19:49:19||3041|277677216|343266184
17962|0|47261|02/01/2024 10:28:28||36692|3246519888|3361187392
18534|0|90723|02/01/2024 14:39:11||21649|199389912|230695400
17812|0|19747|02/01/2024 09:25:17||40483|1542648400|1688546616
18932|0|35936|02/01/2024 17:29:26||11434|2839527408|3100352288
17378|0|49346|02/01/2024 06:11:25||52115|8772494576|10823284984
18391|0|21026|02/01/2024 13:33:30||25590|6335618832|6397729432
18112|0|22037|02/01/2024 11:35:26||32674|3188020840|3716281096
17017|0|4441|02/01/2024 03:53:12||60408|26266766192|28849966840
17940|0|33554|02/01/2024 10:13:52||37568|76169043784|164266766152
18966|0|15632|02/01/2024 17:47:22||10358|4376581992|5990876104
19212|0|86647|02/01/2024 19:24:15||4545|2181275296|2567016920
18967|0|41871|02/01/2024 17:48:43||10277|3168292784|4136846720
18968|0|7207|02/01/2024 17:41:02||10738|1884081584|2740637600
18869|0|14734|02/01/2024 16:54:32||13528|1946919600|2122960448
19096|0|30801|02/01/2024 18:45:32||6868|5574124408|5651559968
18848|0|18827|02/01/2024 16:49:57||13803|662401728|668030176
17844|0|93551|02/01/2024 09:32:45||40035|19686478768|25717888432
18166|0|34171|02/01/2024 11:51:06|02/01/2024 20:37:59|31613|1674232128|1954685040
19377|0|34171|02/01/2024 20:39:27||33|2351144|2568864
18603|0|89289|02/01/2024 15:03:26||20194|4313132720|5442929400
19303|0|30802|02/01/2024 20:04:51||2109|231703136|319446784
18712|0|59591|02/01/2024 15:41:37||17903|4062505128|5898780824
17221|0|5608|02/01/2024 05:18:22||55298|49911069248|33462354432
18418|0|53609|02/01/2024 13:45:18||24882|3657432456|4076988704
18364|0|7346|02/01/2024 13:22:32||26248|4789810392|5045029672
17680|0|4571|02/01/2024 08:26:42||43998|5612213352|5670364040
18885|0|97195|02/01/2024 17:03:57||12963|1480451400|1900598440
19189|0|77547|02/01/2024 19:17:08||4972|179308120|188882936
18823|0|84629|02/01/2024 16:32:24||14856|488860480|663819272
18563|0|97014|02/01/2024 14:45:14||21286|47874440032|103692936816
19152|0|31637|02/01/2024 19:06:36||5604|282807336|344158232
19378|0|85054|02/01/2024 20:30:00||600|123739552|158824616
17988|0|12382|02/01/2024 10:34:01||36359|10696536944|10824363704
18113|0|35300|02/01/2024 11:39:34||32426|1190275408|1596100792
17941|0|32359|02/01/2024 10:11:36||37704|5165081824|7106673640
18037|0|7108|02/01/2024 10:55:31||35069|12359903168|17316261592
19213|0|46049|02/01/2024 19:26:04||4436|545391520|668675832
18713|0|64565|02/01/2024 15:40:00||18000|4515870488|4600395880
19075|0|34436|02/01/2024 18:31:45||7695|2689066576|2892941784
17990|0|94877|02/01/2024 10:33:32||36388|5255452040|7189490920
19214|0|57313|02/01/2024 19:25:47||4453|553163776|697685416
19348|0|51793|02/01/2024 20:28:40||680|467046248|653577352
18786|0|42420|02/01/2024 16:13:02||16018|12393220448|9383858424
17496|0|71414|02/01/2024 07:07:50||48730|11250619216|16743953256
18662|0|66574|02/01/2024 15:26:31||18809|56675203176|109049457712
19055|0|32627|02/01/2024 18:29:12|02/01/2024 20:39:59|7847|20438609832|51036314896
18824|0|32519|02/01/2024 16:34:15||14745|2821509584|3546496664
18487|0|26805|02/01/2024 14:16:59||22981|58312707672|124286064808
18345|0|55774|02/01/2024 13:11:07||26933|6972882280|9727907048
19237|0|30269|02/01/2024 19:35:23||3877|241309704|282676768
18990|0|64809|02/01/2024 17:52:44||10036|7240122016|8016086040
16941|0|16287|02/01/2024 03:24:01||62159|19426218248|21713265608
18186|0|5293|02/01/2024 12:08:45||30675|904931656|927684888
17395|0|82164|02/01/2024 06:21:55||51485|15866907400|17503297248
16895|0|99443|02/01/2024 03:09:37||63023|5066891888|5577108392
17588|0|15289|02/01/2024 07:45:35||46465|18371418728|25297522960
18509|0|94231|02/01/2024 14:22:30||22650|10478137888|11996908000
19257|0|30128|02/01/2024 19:48:08||3112|108881848|151231888
19349|0|97245|02/01/2024 20:29:50||610|65510224|71607224
18075|0|66723|02/01/2024 11:18:03||33717|1433945600|1586059840
18238|0|38245|02/01/2024 12:21:04||29936|6887398648|9148205384
16942|0|99013|02/01/2024 03:27:14||61966|18604295272|19265890944
18807|0|33117|02/01/2024 16:23:24||15396|1159225112|1309351128
19038|0|25214|02/01/2024 18:14:49||8711|1720978200|2470695976
19153|0|60261|02/01/2024 19:09:19||5441|674648232|817567472
17640|0|32313|02/01/2024 08:06:24||45216|26005187608|31121388312
18564|0|51683|02/01/2024 14:46:46||21194|1397409968|1552699144
16792|0|35019|02/01/2024 02:22:08||65872|3104826584|3603997992
18076|0|76706|02/01/2024 11:15:29||33871|1922891808|2605028832
18421|0|64939|02/01/2024 13:40:40||25160|3556579536|4081225568
18714|0|34656|02/01/2024 15:46:12||17628|5186236176|7337585264
19277|0|86308|02/01/2024 19:52:51||2829|5856162912|11606805168
17380|0|66039|02/01/2024 06:13:56||51964|14696093496|21640948808
19258|0|22415|02/01/2024 19:45:21||3279|759404648|1036284232
18366|0|57831|02/01/2024 13:28:00||25920|8166261392|11277639824
18604|0|82438|02/01/2024 15:03:06||20214|5375640192|6609305088
18441|0|12734|02/01/2024 13:51:50||24490|3856987600|4585359544
18760|0|42706|02/01/2024 16:07:01||16379|3248863000|3485691448
18302|0|64351|02/01/2024 12:51:09||28131|7353877168|9154167664
19320|0|81922|02/01/2024 20:17:03||1377|224069616|281543912
17099|0|4679|02/01/2024 04:28:40||58280|21399944384|23204803368
18933|0|37455|02/01/2024 17:24:48||11712|532129968|562808144
17683|0|41100|02/01/2024 08:28:28||43892|11112340032|12609767232
18279|0|78649|02/01/2024 12:44:01||28559|10663760192|15186311048
19259|0|72116|02/01/2024 19:48:24||3096|1257995752|1296309224
17660|0|13777|02/01/2024 08:15:21||44679|29759088440|36800361208
18969|0|96328|02/01/2024 17:45:54||10446|2622638360|3188399664
17613|0|69883|02/01/2024 07:54:23||45937|3136151040|3444107840
18443|0|21834|02/01/2024 13:58:30||24090|2677115440|3112427600
18510|0|90329|02/01/2024 14:27:54||22326|44617252424|131627855584
18566|0|33283|02/01/2024 14:44:17||21343|1627340376|1833404768
18567|0|26103|02/01/2024 14:47:23||21157|892816712|1298989192
18825|0|71547|02/01/2024 16:36:11||14629|581605560|804466968
19097|0|12623|02/01/2024 18:49:38||6622|1979951680|2797366784
18167|0|5080|02/01/2024 11:56:42||31398|5227170992|5426003152
19379|0|70023|02/01/2024 20:32:16||464|192899296|233590048
18116|0|42392|02/01/2024 11:31:26||32914|4323387400|5698875528
18535|0|15492|02/01/2024 14:31:12||22128|64146983624|147033706136
18217|0|8672|02/01/2024 12:13:34||30386|3941864664|4125666360
17773|0|29377|02/01/2024 09:08:16||41504|9941684264|10354953608
17685|0|32980|02/01/2024 08:23:47||44173|51470775664|121985847704
19321|0|75783|02/01/2024 20:11:46||1694|347927544|402246160
19322|0|48155|02/01/2024 20:14:19||1541|52097224|72106944
17774|0|9141|02/01/2024 09:00:25||41975|6385132640|6649111712
18949|0|68727|02/01/2024 17:35:38||11062|922871768|1039422696
18606|0|80768|02/01/2024 15:08:22||19898|9631489368|11133270664
19154|0|94454|02/01/2024 19:01:19||5921|749929952|977570664
17686|0|6895|02/01/2024 08:23:55||44165|23166725224|33211719080
18738|0|77975|02/01/2024 15:55:27||17073|3502330312|3994871800
19260|0|95545|02/01/2024 19:45:23||3277|250207312|299390728
18607|0|36440|02/01/2024 15:07:49||19931|9695427496|11329585496
19304|0|8196|02/01/2024 20:02:50||2230|380808424|435582248
17898|0|24307|02/01/2024 09:56:33||38607|882437472|1096677344
17899|0|16254|02/01/2024 09:55:14||38686|35676750520|91756541688
18536|0|24285|02/01/2024 14:38:42||21678|84224065048|170715589880
18014|0|68801|02/01/2024 10:45:58||35642|5345333224|7904159008
18537|0|7806|02/01/2024 14:31:10||22130|6460010936|7012072232
19039|0|52231|02/01/2024 18:14:45||8715|1282727328|1760664448
19215|0|4374|02/01/2024 19:20:52||4748|2212692416|2647973880
17420|0|85181|02/01/2024 06:37:36||50544|6062772880|8243614288
18056|0|25349|02/01/2024 11:03:40||34580|65263657248|188016167480
19018|0|98757|02/01/2024 18:04:31||9329|1671642416|1849334072
18739|0|50729|02/01/2024 15:50:23||17377|13046673032|18524948464
17687|0|35718|02/01/2024 08:27:16||43964|3389470840|4521367808
19216|0|20749|02/01/2024 19:26:03||4437|95676456|130493056
18608|0|44614|02/01/2024 15:07:01||19979|2664389672|3958977528
19126|0|97815|02/01/2024 18:55:37||6263|1008449856|1141120400
18991|0|62990|02/01/2024 17:54:06|02/01/2024 20:31:14|9428|1557698856|1656711872
18908|0|35317|02/01/2024 17:14:27||12333|279800872|351307392
18142|0|24262|02/01/2024 11:46:02||32038|7965638728|10121530816
17662|0|83607|02/01/2024 08:13:00||44820|20790301128|27893527120
18188|0|25907|02/01/2024 12:06:17||30823|389666864|429343496
18511|0|83499|02/01/2024 14:27:11||22369|278716536|301808760
18488|0|41122|02/01/2024 14:11:12||23328|3272256312|4751586728
18015|0|68955|02/01/2024 10:41:25|02/01/2024 20:38:52|35847|1957560680|2906116784
19380|0|68955|02/01/2024 20:39:54||6|0|0
18808|0|59429|02/01/2024 16:29:00||15060|1248675192|1636297376
18761|0|44559|02/01/2024 16:07:01||16379|7602251176|10093791400
17444|0|56861|02/01/2024 06:47:44||49936|6577613696|7640674544
18970|0|33950|02/01/2024 17:43:35||10585|1626572208|1811635888
18689|0|43993|02/01/2024 15:30:40||18560|12981713840|14924963784
19040|0|58268|02/01/2024 18:18:15||8505|626905248|768720472
18039|0|27338|02/01/2024 10:56:26||35014|10098791024|10201769288
18367|0|85851|02/01/2024 13:20:36||26364|2278615120|2599637112
19127|0|85349|02/01/2024 18:58:10||6110|245928664|315134112
18326|0|81075|02/01/2024 13:06:55||27185|926337640|997104896
17281|0|64648|02/01/2024 05:32:20||54460|29295796088|29502160576
18468|0|91369|02/01/2024 14:03:17||23803|8798232456|10166625208
19238|0|11122|02/01/2024 19:37:07||3773|55853560|68432144
18582|0|78438|02/01/2024 14:52:32||20848|4511757376|5044401992
18887|0|73115|02/01/2024 17:08:26||12694|30394510928|61159151584
17963|0|49770|02/01/2024 10:21:55||37085|5424570984|6250786840
19098|0|84206|02/01/2024 18:45:39||6861|3335517472|4148459576
18971|0|41631|02/01/2024 17:49:54||10206|818001912|889395776
17688|0|85153|02/01/2024 08:29:32||43828|157146442392|400709352960
19056|0|36055|02/01/2024 18:22:58||8222|2510704864|3205271816
17223|0|13398|02/01/2024 05:18:14||55306|14961907128|15949168160
17497|0|31918|02/01/2024 07:09:11||48649|9121908272|9348315200
19190|0|13249|02/01/2024 19:11:26||5314|10050736|11595304
18787|0|70289|02/01/2024 16:16:42||15798|2937725424|3587638096
17445|0|16086|02/01/2024 06:45:29||50071|13905012192|16511630424
18489|0|56301|02/01/2024 14:14:51||23109|351073224|415530816
19381|0|87107|02/01/2024 20:39:13||47|721928|826952
18168|0|73857|02/01/2024 11:53:16||31604|96937741896|228795488288
17614|0|77642|02/01/2024 07:53:10||46010|65826845952|37175628632
17615|0|65778|02/01/2024 07:55:28||45872|85121429648|183820114432
18788|0|21019|02/01/2024 16:19:13||15647|264118784|294055728
19239|0|46855|02/01/2024 19:31:58||4082|126116680|160929928
18888|0|13064|02/01/2024 17:07:17||12763|319278144|378131624
19057|0|6776|02/01/2024 18:27:54||7926|2973837504|3171439096
17816|0|54720|02/01/2024 09:29:25||40235|10834805976|11423866072
19261|0|50750|02/01/2024 19:41:36||3504|1092442136|1211095736
18665|0|16280|02/01/2024 15:23:27||18993|7764583424|10850816360
18280|0|18658|02/01/2024 12:41:09||28731|3094392128|3691448736
16825|0|49139|02/01/2024 02:38:08||64912|1221237600|1353160648
18636|0|85960|02/01/2024 15:19:07||19253|23662980808|53973629712
17873|0|50288|02/01/2024 09:46:14||39226|5876683384|6294613608
17522|0|97249|02/01/2024 07:11:18||48522|7173799936|10322087080
19099|0|4995|02/01/2024 18:43:12||7008|317641976|377434928
19350|0|49181|02/01/2024 20:25:32||868|22321400|25659320
18189|0|37382|02/01/2024 12:08:00||30720|44023170088|28830693592
16899|0|79851|02/01/2024 03:09:44||63016|564075472|699014520
17731|0|57918|02/01/2024 08:41:31||43109|10448760552|15190171552
17689|0|42719|02/01/2024 08:29:44||43816|17312144904|17421556392
19128|0|25062|02/01/2024 18:51:38||6502|3938963560|4431182512
18240|0|92645|02/01/2024 12:29:13||29447|37279529744|94288556216
18281|0|12085|02/01/2024 12:48:45||28275|3303590488|4009716320
18395|0|38527|02/01/2024 13:31:52||25688|44855513648|91837199576
19155|0|56679|02/01/2024 19:02:03||5877|3052619056|4439470544
19019|0|46835|02/01/2024 18:03:27||9393|875038064|899170824
17752|0|48645|02/01/2024 08:54:30||42330|12059584752|14580486504
18715|0|61372|02/01/2024 15:44:58||17702|1854111400|2757770728
19129|0|6144|02/01/2024 18:54:58||6302|2093989360|2160323016
19305|0|59731|02/01/2024 20:06:45||1995|38185248|51039224
19156|0|29486|02/01/2024 19:08:34||5486|2686729864|3325570928
19262|0|92449|02/01/2024 19:49:27||3033|164023888|240930608
17900|0|74606|02/01/2024 09:54:33||38727|1159201960|1460885560
17396|0|76991|02/01/2024 06:20:14|02/01/2024 20:39:05|51531|13580098312|16190393240
19382|0|76991|02/01/2024 20:39:53||7|0|0
17251|0|99981|02/01/2024 05:23:49||54971|12393703952|18162336032
18972|0|10919|02/01/2024 17:42:25||10655|465387272|673658520
18369|0|83555|02/01/2024 13:29:16||25844|1818676360|1852966560
19306|0|63988|02/01/2024 20:07:23||1957|991215256|1131772008
18016|0|78954|02/01/2024 10:46:03||35637|9170434848|13316877032
18910|0|86831|02/01/2024 17:16:24||12216|1964389152|2174656408
18973|0|16612|02/01/2024 17:48:27||10293|4233946600|5474517032
17992|0|74187|02/01/2024 10:31:57||36483|767446656|795424280
19351|0|67317|02/01/2024 20:26:51||789|99055632|142301096
18934|0|78514|02/01/2024 17:26:03||11637|481562864|689002504
18143|0|32470|02/01/2024 11:45:54|02/01/2024 20:30:25|31471|19655102520|21743055328
19323|0|18073|02/01/2024 20:17:18||1362|1516536744|3362016648
17818|0|63004|02/01/2024 09:21:07||40733|5998914448|6604889088
18444|0|99591|02/01/2024 13:50:03||24597|9952543992|14119028744
18423|0|37896|02/01/2024 13:46:46||24794|57970361864|161354363488
19263|0|13874|02/01/2024 19:46:07||3233|172253008|212696512
19307|0|86624|02/01/2024 20:08:17||1903|852142256|865500192
19324|0|53860|02/01/2024 20:18:51||1269|415448440|622673448
18852|0|71602|02/01/2024 16:49:50||13810|819654096|900556408
18935|0|85680|02/01/2024 17:21:42||11898|21258936208|46870497784
19352|0|5171|02/01/2024 20:23:07||1013|49404504|51104720
18789|0|13040|02/01/2024 16:14:11||15949|25618291488|57133954224
18305|0|6034|02/01/2024 12:52:17||28063|60952403768|119680688960
18716|0|7887|02/01/2024 15:43:13||17807|11477776296|11770426392
17180|0|79889|02/01/2024 04:59:25||56435|30984894128|37591803408
18762|0|40465|02/01/2024 16:07:42||16338|9991616136|13009991720
18950|0|47736|02/01/2024 17:36:33||11007|49392798536|97028346104
18093|0|5765|02/01/2024 11:20:23||33577|6973272720|8863432192
18040|0|17337|02/01/2024 10:56:42||34998|106917169160|209678146072
19353|0|31368|02/01/2024 20:22:09||1071|417063408|615132904
19076|0|51345|02/01/2024 18:35:59||7441|25783697328|51121310080
19278|0|81962|02/01/2024 19:57:47||2533|29220040|35550704
18790|0|42103|02/01/2024 16:12:06||16074|20311345680|21203887768
18974|0|24130|02/01/2024 17:40:54||10746|1876993472|2753298336
19217|0|79354|02/01/2024 19:26:42||4398|149244512|175611416
18791|0|79205|02/01/2024 16:19:10||15650|2978913576|3282624520
18513|0|61026|02/01/2024 14:24:14||22546|3380248792|3478055640
17993|0|58580|02/01/2024 10:30:21|02/01/2024 20:36:56|36395|7543671312|10471432992
19383|0|58580|02/01/2024 20:38:31||89|20982840|23845072
19240|0|94374|02/01/2024 19:37:51||3729|32249656|43064016
18911|0|43064|02/01/2024 17:12:43||12437|867939000|1256220144
18809|0|48487|02/01/2024 16:20:33||15567|4688534248|6381519576
18936|0|55218|02/01/2024 17:27:14|02/01/2024 20:30:39|11005|21904186024|42855955504
17252|0|29115|02/01/2024 05:28:59||54661|2163243240|2673656656
18912|0|67192|02/01/2024 17:11:41||12499|1363250128|1582671984
19241|0|13858|02/01/2024 19:32:54||4026|169035488|225295088
17874|0|91954|02/01/2024 09:45:29||39271|2111427912|2234353248
17282|0|95533|02/01/2024 05:38:22|02/01/2024 20:34:16|53754|9566163264|11529825464
18568|0|6009|02/01/2024 14:47:47||21133|2797130792|2946003016
18937|0|90250|02/01/2024 17:21:13||11927|2435197576|2631478680
18692|0|13155|02/01/2024 15:36:33||18207|1902577432|2683612344
18870|0|41686|02/01/2024 16:50:45||13755|6117477648|7018980288
17732|0|40447|02/01/2024 08:44:03|02/01/2024 20:33:56|42593|13681227936|19193468720
19384|0|40447|02/01/2024 20:34:56||304|67863352|88847128
18283|0|20961|02/01/2024 12:40:52||28748|18374898392|19492099408
19279|0|75227|02/01/2024 19:53:47||2773|18732344|22162496
18764|0|42629|02/01/2024 16:02:46||16634|6637829656|7644856792
18741|0|70346|02/01/2024 15:59:42||16818|2607309344|2873663440
18306|0|84422|02/01/2024 12:53:47||27973|10577707984|11627825168
19020|0|29032|02/01/2024 18:04:12||9348|2125211184|2794424208
18041|0|72304|02/01/2024 10:54:01||35159|17209191000|20589612960
17965|0|72445|02/01/2024 10:22:30||37050|2834631224|3603053688
17733|0|25252|02/01/2024 08:45:35||42865|862325944|1261441408
19264|0|77182|02/01/2024 19:45:13||3287|1208172672|1406288928
19354|0|15301|02/01/2024 20:21:09||1131|249519992|367471616
19355|0|46825|02/01/2024 20:22:50||1030|957219216|982140968
18169|0|56312|02/01/2024 11:58:38||31282|1959171216|2269953656
18490|0|41285|02/01/2024 14:17:48||22932|2167766944|2925431992
17966|0|15873|02/01/2024 10:20:59||37141|18405640624|19154796480
17753|0|56825|02/01/2024 08:52:06||42474|21221274144|21770903968
17995|0|45755|02/01/2024 10:31:05||36535|1593117560|1963498056
17551|0|59905|02/01/2024 07:21:53||47887|17072699168|17253327144
19100|0|98961|02/01/2024 18:44:48||6912|2795810376|3943764728
18397|0|77390|02/01/2024 13:36:09||25431|8926931880|10097794936
17875|0|37453|02/01/2024 09:40:31||39569|5602775072|7630536824
18445|0|9063|02/01/2024 13:59:22||24038|52180807504|121123763544
18765|0|26265|02/01/2024 16:07:50||16330|7607226096|9193427800
17711|0|70496|02/01/2024 08:30:54||43746|20224234544|25741711072
19325|0|54206|02/01/2024 20:10:18||1782|3494598312|9165159592
18742|0|87900|02/01/2024 15:53:35||17185|31751370648|88058651224
18307|0|17617|02/01/2024 12:57:56||27724|18523613096|21278116384
17525|0|29622|02/01/2024 07:19:03||48057|33410066792|98912813120
17712|0|64031|02/01/2024 08:33:13||43607|23474577248|30777561072
19101|0|69277|02/01/2024 18:49:11||6649|715595896|941285576
18470|0|53041|02/01/2024 14:04:52||23708|36403293712|84614791360
18609|0|94004|02/01/2024 15:05:27||20073|5739558240|8056029840
17381|0|89561|02/01/2024 06:18:40||51680|21807445456|27594895040
18266|0|51411|02/01/2024 12:35:25||29075|2881029648|3327842632
18144|0|39563|02/01/2024 11:45:20||32080|5866652256|6305080680
18308|0|7740|02/01/2024 12:51:07||28133|8804569296|12973713464
17527|0|95245|02/01/2024 07:19:32||48028|49870335872|111825594712
18218|0|87562|02/01/2024 12:10:01||30599|3605065944|4852112720
19218|0|32447|02/01/2024 19:22:41||4639|10297666744|19205377944
18913|0|89271|02/01/2024 17:11:35||12505|1615003824|1793046648
18871|0|68258|02/01/2024 16:59:18||13242|378308784|567149304
18743|0|88441|02/01/2024 15:55:08||17092|8871776600|10408432728
18018|0|36306|02/01/2024 10:40:17||35983|5791042968|7859498880
17570|0|51234|02/01/2024 07:33:10||47210|5715561840|8029338048
19130|0|54041|02/01/2024 18:54:19||6341|1704781080|1870439608
19219|0|55135|02/01/2024 19:25:04||4496|2629972856|2810956016
16615|0|28192|02/01/2024 01:11:54|02/01/2024 20:36:08|69854|37099161920|40745262968
18610|0|81191|02/01/2024 15:01:31||20309|2795801480|3530131408
19131|0|22160|02/01/2024 18:54:05||6355|5357736936|8032138120
18346|0|5554|02/01/2024 13:19:03||26457|3169700632|4715783800
17106|0|92768|02/01/2024 04:24:29||58531|14061954000|17422604856
18193|0|21659|02/01/2024 12:05:12||30888|4184690536|5255161664
18328|0|55659|02/01/2024 13:09:44||27016|140745616|160090008
19280|0|26980|02/01/2024 19:50:56||2944|599976200|802226648
17528|0|20436|02/01/2024 07:13:45||48375|8278237544|8619522312
19308|0|78184|02/01/2024 20:02:39||2241|919089776|988927720
17107|0|66942|02/01/2024 04:29:21||58239|3605322344|3749123016
19309|0|96811|02/01/2024 20:09:32||1828|35942856|37713432
18424|0|7739|02/01/2024 13:42:21||25059|3822867288|5553256840
17996|0|95455|02/01/2024 10:30:33||36567|11420064696|13915120944
18446|0|29468|02/01/2024 13:51:37||24503|2124449192|2688109264
16846|0|60664|02/01/2024 02:47:18||64362|24927385992|31508672040
17323|0|86252|02/01/2024 05:57:52||52928|3727475080|4902315096
18019|0|22215|02/01/2024 10:47:59||35521|14544413592|20659387888
17108|0|33840|02/01/2024 04:26:49||58391|3855544912|4645210952
19356|0|67139|02/01/2024 20:20:22||1178|2969536320|6083746424
18241|0|53716|02/01/2024 12:28:35||29485|10230543864|13330341328
17846|0|9025|02/01/2024 09:33:36||39984|36353481824|74102876104
19326|0|76199|02/01/2024 20:11:59||1681|4711288872|11177872152
19281|0|55717|02/01/2024 19:55:18||2682|16510672|19444144
19157|0|84376|02/01/2024 19:05:53||5647|223920712|290549936
18145|0|80480|02/01/2024 11:40:21||32379|92438857384|178001580864
18425|0|68489|02/01/2024 13:46:20||24820|10134911040|14605844328
17919|0|50578|02/01/2024 10:00:54||38346|9605145424|9978224952
19191|0|52658|02/01/2024 19:18:10||4910|369092920|438877760
17049|0|64590|02/01/2024 04:04:01||59759|98715423136|271982414376
18539|0|79522|02/01/2024 14:35:06||21894|926131776|1076933784
18792|0|59647|02/01/2024 16:13:46||15974|1929145144|2737885304
18426|0|32116|02/01/2024 13:41:49||25091|51850322664|125608276096
17920|0|38696|02/01/2024 10:04:32|02/01/2024 20:32:59|37707|8828585680|12479021144
19058|0|63187|02/01/2024 18:26:23||8017|185056400|215078160
18766|0|82732|02/01/2024 16:06:23||16417|466997264|587290592
17755|0|37461|02/01/2024 08:56:24||42216|7057656824|8228946448
18951|0|16512|02/01/2024 17:35:34||11066|3755485240|4750668696
19242|0|40439|02/01/2024 19:37:02||3778|231406816|240012896
19192|0|46547|02/01/2024 19:12:38||5242|133916560|138112912
19193|0|88311|02/01/2024 19:15:56||5044|439019264|463102656
18243|0|63083|02/01/2024 12:22:31||29849|1600003336|1885746648
17946|0|39715|02/01/2024 10:11:28|02/01/2024 20:35:08|37420|2985103520|4013404008
19385|0|39715|02/01/2024 20:35:31||269|22330344|24594856
17422|0|37917|02/01/2024 06:32:29||50851|2960158176|3053368280
17616|0|15250|02/01/2024 07:55:13||45887|6853961896|8102343056
17617|0|51882|02/01/2024 07:57:09||45771|18533683320|48943155272
18992|0|84445|02/01/2024 17:54:01||9959|1117159168|1395743624
18330|0|94344|02/01/2024 13:08:58||27062|5176577176|7682151336
18121|0|97600|02/01/2024 11:34:45||32715|5371436000|6384493888
18719|0|64944|02/01/2024 15:46:28||17612|5806153456|6642025752
17775|0|80812|02/01/2024 09:03:25||41795|6259994664|7674576704
19102|0|37373|02/01/2024 18:48:46||6674|1230192888|1493869072
19194|0|47360|02/01/2024 19:18:18||4902|57016488|68096624
18889|0|97429|02/01/2024 17:00:13||13187|130095192|180354504
18309|0|8653|02/01/2024 12:58:00||27720|3029380688|3838892544
17592|0|54164|02/01/2024 07:40:29||46771|13959395952|16387032464
18514|0|41071|02/01/2024 14:28:41||22279|33377422376|90113404208
18042|0|67972|02/01/2024 10:58:29||34891|14785800960|19482028200
18693|0|8643|02/01/2024 15:33:13||18407|2273254864|3227579728
19132|0|75579|02/01/2024 18:58:01||6119|11156328768|27058699872
19282|0|40650|02/01/2024 19:58:22||2498|466014184|622084232
17876|0|67649|02/01/2024 09:40:48||39552|8971145184|11299849744
19220|0|24707|02/01/2024 19:21:11||4729|190157576|226604504
18020|0|32552|02/01/2024 10:46:57||35583|17309728328|22239150224
16926|0|86567|02/01/2024 03:16:17||62623|29240483624|30394158536
17254|0|84441|02/01/2024 05:22:54||55026|12963596768|13781440328
18827|0|56819|02/01/2024 16:30:01||14999|983030056|1354555816
18993|0|9574|02/01/2024 17:59:18||9642|2321973312|2655745248
18584|0|29642|02/01/2024 14:58:31||20489|5068502592|6029419544
18637|0|51131|02/01/2024 15:10:44||19756|424797952|543674208
17326|0|55840|02/01/2024 05:50:13|02/01/2024 20:36:42|53189|197114205328|497634075304
19386|0|55840|02/01/2024 20:38:13||107|376396616|1106523352
17820|0|42894|02/01/2024 09:27:06||40374|11140275608|12051911000
18094|0|84893|02/01/2024 11:27:52||33128|7029161992|7067580064
18540|0|44974|02/01/2024 14:31:49||22091|26771836888|79660000760
17398|0|14688|02/01/2024 06:21:05||51535|17221030064|21611189440
18872|0|73265|02/01/2024 16:52:16||13664|33042318416|77569604864
18854|0|11468|02/01/2024 16:45:45||14055|1962458032|2284691664
17714|0|61384|02/01/2024 08:37:27||43353|9974975232|14194478464
17877|0|14573|02/01/2024 09:48:57||39063|1359067656|1439825880
18471|0|71253|02/01/2024 14:01:33||23907|3571690192|5120858064
18695|0|12030|02/01/2024 15:36:51||18189|5671282568|7849610048
18638|0|95438|02/01/2024 15:15:14||19486|3719686784|4950902888
19133|0|17526|02/01/2024 18:50:18||6582|7704861544|5977014432
18427|0|92744|02/01/2024 13:49:49||24611|9883584264|14501804624
18491|0|78367|02/01/2024 14:10:33||23367|8467281928|11143552520
19134|0|72360|02/01/2024 18:56:14||6226|4166153552|5082175288
17645|0|54152|02/01/2024 08:05:41||45259|30555967088|37076915000
18244|0|67240|02/01/2024 12:21:35||29905|6443551888|6888161384
19327|0|81933|02/01/2024 20:12:32||1648|329809584|378058712
18696|0|13502|02/01/2024 15:35:13||18287|5014037184|6544516640
18639|0|56662|02/01/2024 15:10:38||19762|1630305968|2119435528
18828|0|40530|02/01/2024 16:35:24||14676|1297215080|1909864880
18720|0|15270|02/01/2024 15:46:58||17582|10028778552|12157787240
19243|0|26784|02/01/2024 19:36:01||3839|114219992|151675048
17572|0|77550|02/01/2024 07:33:00||47220|14062432120|15775053280
18611|0|16454|02/01/2024 15:09:14||19846|1357944904|1917775096
18914|0|30436|02/01/2024 17:14:17||12343|131037168|150638024
18994|0|36241|02/01/2024 17:55:32||9868|3455191512|4032550960
17618|0|13008|02/01/2024 07:57:27||45753|7894921424|8613974640
18767|0|57944|02/01/2024 16:04:25||16535|6480192248|7352002872
19387|0|50985|02/01/2024 20:37:32||148|51998656|73746168
18915|0|67711|02/01/2024 17:13:36||12384|22980864640|62714400648
18194|0|87332|02/01/2024 12:07:28||30752|8883631664|9079923088
17922|0|64641|02/01/2024 10:03:41||38179|14665018152|16131000640
18245|0|54452|02/01/2024 12:29:30||29430|2299972016|3379666168
19059|0|78895|02/01/2024 18:21:29||8311|727123416|880667304
18953|0|86888|02/01/2024 17:39:58||10802|3439520856|3478408400
18721|0|41678|02/01/2024 15:41:12||17928|2871473336|2980774280
18096|0|30094|02/01/2024 11:26:28||33212|6738466816|7825699208
17620|0|7952|02/01/2024 07:52:14||46066|35778864712|103048789952
19077|0|51101|02/01/2024 18:31:14||7726|1805962896|2398480544
19388|0|81927|02/01/2024 20:34:21||339|184368776|225415384
17283|0|83599|02/01/2024 05:36:26||54214|12733793568|15042371936
19021|0|75426|02/01/2024 18:07:36||9144|1040288976|1378253896
17309|0|88433|02/01/2024 05:43:39||53781|6710391992|7137502104
18855|0|39764|02/01/2024 16:42:14||14266|5195592928|6989307384
17450|0|24758|02/01/2024 06:43:12||50208|3827341792|5257321120
17256|0|27502|02/01/2024 05:28:01|02/01/2024 20:32:20|54259|17093669952|19786601680
18668|0|80629|02/01/2024 15:24:22||18938|4319525840|4531696656
19103|0|67622|02/01/2024 18:49:00||6660|1122194376|623992656
18058|0|98576|02/01/2024 11:01:47||34693|57604806816|160442440456
18370|0|71024|02/01/2024 13:22:13||26267|17791532480|18129437960
18722|0|70524|02/01/2024 15:43:02||17818|5908243328|8378312688
18723|0|37438|02/01/2024 15:48:43||17477|31878991456|79795820544
19078|0|46046|02/01/2024 18:39:36||7224|663700816|668193768
19283|0|25825|02/01/2024 19:51:24||2916|176282480|241485088
18669|0|45196|02/01/2024 15:20:32||19168|1802724648|2247381088
19357|0|64584|02/01/2024 20:24:38||922|432172912|623139848
19328|0|67531|02/01/2024 20:18:23||1297|132838920|152039576
18349|0|52880|02/01/2024 13:13:53||26767|9492905824|10103973704
18569|0|38360|02/01/2024 14:48:21||21099|24711735816|70265930760
19265|0|67100|02/01/2024 19:44:35||3325|679814312|691491640
18043|0|10415|02/01/2024 10:59:23||34837|14992869896|20274164832
19135|0|5960|02/01/2024 18:55:57||6243|3023024960|3065207808
19329|0|46741|02/01/2024 20:17:26||1354|166946296|220455040
17646|0|46420|02/01/2024 08:07:11||45169|12169509920|13643097936
18724|0|91756|02/01/2024 15:42:44||17836|5967179240|8096174896
16951|0|74999|02/01/2024 03:24:01||62159|27140748800|30830121344
16849|0|18035|02/01/2024 02:46:58||64382|3280477120|4420221392
18830|0|49336|02/01/2024 16:32:22||14858|3330400416|3548448936
18890|0|95669|02/01/2024 17:02:53||13027|804066480|894326928
17052|0|11053|02/01/2024 04:04:50||59710|12856437584|17548213064
19104|0|98481|02/01/2024 18:41:47||7093|8843021808|22496993672
17501|0|53455|02/01/2024 07:00:47||49153|16935235400|24514799496
18938|0|87755|02/01/2024 17:28:42||11478|486788800|591022696
18793|0|16851|02/01/2024 16:15:18||15882|728264272|769645624
17999|0|17883|02/01/2024 10:32:24||36456|289473016|382646984
18492|0|59776|02/01/2024 14:15:48||23052|1842727304|2548408760
18350|0|4388|02/01/2024 13:17:34||26546|6188946264|7002879400
17850|0|53922|02/01/2024 09:37:10||39770|4856786488|6091827944
17693|0|93076|02/01/2024 08:29:34||43826|17384457016|47178349112
17451|0|4039|02/01/2024 06:40:50||50350|77186522128|173504632200
17821|0|30711|02/01/2024 09:24:19||40541|15928741032|19621583776
17136|0|69336|02/01/2024 04:30:32||58168|128341785304|317745529408
18670|0|29976|02/01/2024 15:28:31||18689|5843840104|7657802128
17072|0|70727|02/01/2024 04:11:45||59295|26995875976|33904560512
18448|0|98324|02/01/2024 13:58:41||24079|4566458392|6500901912
17947|0|51824|02/01/2024 10:18:55||37265|7165169096|10477719528
18768|0|30705|02/01/2024 16:04:21||16539|10074972152|14385816408
18517|0|32503|02/01/2024 14:26:30||22410|4718886184|7067968528
18269|0|82121|02/01/2024 12:30:46||29354|17096663080|32566952736
19022|0|18146|02/01/2024 18:09:55||9005|1241944264|1329463488
18570|0|86390|02/01/2024 14:44:49||21311|5282052272|7388320384
19159|0|83232|02/01/2024 19:08:58||5462|334865504|456756576
18000|0|53872|02/01/2024 10:38:25||36095|22722669336|22758043216
18285|0|4860|02/01/2024 12:47:54||28326|3842575032|4514798560
17735|0|58021|02/01/2024 08:48:35||42685|5786842072|7826889704
17972|0|97500|02/01/2024 10:28:34||36686|7402600784|11016157344
18976|0|43612|02/01/2024 17:41:05||10735|2995697664|3992218896
17575|0|57039|02/01/2024 07:37:42||46938|11135918488|15402425840
17532|0|26901|02/01/2024 07:17:39||48141|5674207896|8153165424
17694|0|31701|02/01/2024 08:24:59||44101|6480460200|8857023432
18044|0|7953|02/01/2024 10:58:39||34881|17724944320|19777051096
17286|0|49982|02/01/2024 05:34:46||54314|12113855488|14499835128
18429|0|84397|02/01/2024 13:45:51||24849|5217506128|5231993248
18769|0|50701|02/01/2024 16:04:08||16552|4179773848|5611517576
17648|0|63728|02/01/2024 08:08:12||45108|25118232912|27587684008
18811|0|28864|02/01/2024 16:27:42||15138|45717366144|106670516352
18060|0|35201|02/01/2024 11:05:42||34458|22581047864|22696610536
18286|0|31309|02/01/2024 12:43:04||28616|1413661032|1499916752
18219|0|89071|02/01/2024 12:10:27||30573|5647426096|6863077208
18061|0|42113|02/01/2024 11:03:05||34615|13287120008|17289750424
19244|0|28838|02/01/2024 19:33:05||4015|5314559008|15615089520
16929|0|47404|02/01/2024 03:13:03||62817|9993302728|11304590056
18585|0|26809|02/01/2024 14:58:50||20470|8033204016|10669194376
18612|0|8108|02/01/2024 15:06:06||20034|6720527872|7113521520
17879|0|15694|02/01/2024 09:44:34||39326|5309000664|6582452064
18770|0|52881|02/01/2024 16:05:56||16444|9373193960|13061955592
18891|0|87689|02/01/2024 17:01:57||13083|840198696|1001241648
18995|0|5710|02/01/2024 17:58:17||9703|2349509456|3491207400
17533|0|24600|02/01/2024 07:12:01||48479|8674009888|10198903224
17880|0|5553|02/01/2024 09:41:39||39501|4748468056|6792199448
18698|0|4204|02/01/2024 15:38:48||18072|3613160032|4984019152
18097|0|8950|02/01/2024 11:22:26||33454|85590358616|173285572288
18172|0|5407|02/01/2024 11:55:39||31461|12287886648|7883378312
18771|0|93380|02/01/2024 16:06:00||16440|3685521416|3813203760
19160|0|75676|02/01/2024 19:02:10||5870|1129179592|1547264664
17797|0|8328|02/01/2024 09:12:17||41263|8416779240|10740909312
18640|0|11079|02/01/2024 15:15:00||19500|2006634784|2245282792
19284|0|24608|02/01/2024 19:54:32||2728|5790230184|17254234744
18699|0|94745|02/01/2024 15:35:28||18272|7853103264|10131639624
19060|0|28591|02/01/2024 18:26:35||8005|9084197640|21153888096
18062|0|56295|02/01/2024 11:07:24||34356|10168679568|10992337176
17973|0|91538|02/01/2024 10:29:58||36602|4139810024|6203606512
18939|0|98584|02/01/2024 17:20:14||11986|1802525696|1944309328
18725|0|68641|02/01/2024 15:49:08||17452|31959507872|70282134536
18270|0|71810|02/01/2024 12:31:57||29283|4468199504|6487246920
18494|0|22019|02/01/2024 14:10:17||23383|604682792|748961416
18671|0|22663|02/01/2024 15:28:36||18684|31624849224|90195630744
19195|0|71126|02/01/2024 19:17:49||4931|2086005208|2829511904
19079|0|7288|02/01/2024 18:32:50||7630|6011331752|6856871432
16730|0|45063|02/01/2024 01:52:05||67675|24362767616|32395565296
18173|0|13773|02/01/2024 11:56:37||31403|4121976760|5068193480
18518|0|76738|02/01/2024 14:25:59||22441|53767400776|158228662160
18271|0|34241|02/01/2024 12:30:56||29344|10645649808|15398775448
18399|0|5411|02/01/2024 13:36:16||25424|2474725368|3551097488
18063|0|85978|02/01/2024 11:09:06||34254|70655502032|169050793280
17777|0|83806|02/01/2024 09:09:18||41442|27071274584|31390945272
18873|0|90901|02/01/2024 16:57:57||13323|968909240|1444241312
18977|0|69165|02/01/2024 17:41:19||10721|1836873088|2700946688
19330|0|57912|02/01/2024 20:14:41||1519|504703056|549142112
18744|0|85330|02/01/2024 15:52:07||17273|1745041560|2567465368
18874|0|10055|02/01/2024 16:54:35||13525|2911763752|3183582960
17401|0|50086|02/01/2024 06:29:52||51008|23881415176|24537140904
19041|0|5686|02/01/2024 18:12:02||8878|3071256848|4104923512
19042|0|98509|02/01/2024 18:18:56||8464|1576226728|1840881408
18893|0|30678|02/01/2024 17:09:24||12636|6053988016|6814833560
19023|0|34559|02/01/2024 18:03:37||9383|4399608944|5402273104
18334|0|77006|02/01/2024 13:07:26||27154|2479261272|3699382720
19161|0|69086|02/01/2024 19:01:13||5927|1851039448|2195403432
17427|0|24679|02/01/2024 06:31:07||50933|23615532352|32121859040
18641|0|82233|02/01/2024 15:18:31||19289|1368148264|1881255712
19162|0|62577|02/01/2024 19:05:23||5677|722610736|956773400
18246|0|84504|02/01/2024 12:21:58||29882|7451876848|8268104488
18978|0|99657|02/01/2024 17:46:02||10438|6886947320|7849802632
19245|0|34115|02/01/2024 19:37:21||3759|142055040|190759368
18700|0|28052|02/01/2024 15:38:06||18114|3201947328|4420172144
18541|0|45996|02/01/2024 14:34:05||21955|61015310920|165726249560
17260|0|69042|02/01/2024 05:24:28||54932|11743590840|7430445200
18856|0|7300|02/01/2024 16:47:42||13938|2674908320|3629598776
18613|0|82486|02/01/2024 15:06:39||20001|2108733496|2223331944
18614|0|5867|02/01/2024 15:03:31||20189|26391384|33093280
19136|0|72291|02/01/2024 18:56:39||6201|244589808|274248480
18894|0|86139|02/01/2024 17:04:59||12901|893362208|1202646208
18916|0|17166|02/01/2024 17:15:11||12289|2750623104|4042490312
18148|0|75847|02/01/2024 11:42:54||32226|4892538632|6798573920
17696|0|41951|02/01/2024 08:25:16||44084|16414051416|19103614592
19061|0|16435|02/01/2024 18:26:49||7991|189452584|238110944
17923|0|54435|02/01/2024 10:05:38||38062|1949696688|2752932560
17310|0|47423|02/01/2024 05:49:02||53458|9081141976|10852640976
18794|0|68651|02/01/2024 16:13:51||15969|622428976|919193104
17481|0|66168|02/01/2024 06:52:50||49630|20259847488|21958789904
19137|0|84404|02/01/2024 18:53:28||6392|414449440|463459104
17428|0|15683|02/01/2024 06:31:35||50905|1817479312|2399515624
19138|0|39733|02/01/2024 18:55:34||6266|1266175192|1380588288
19358|0|52399|02/01/2024 20:22:51||1029|218331288|258169952
16734|0|4936|02/01/2024 01:55:02||67498|11200931992|11359924336
18122|0|66019|02/01/2024 11:38:30||32490|1036648216|1344274472
18895|0|51702|02/01/2024 17:03:34||12986|8554518752|9904089312
18644|0|99158|02/01/2024 15:16:19||19421|1142340776|1185679632
17074|0|38904|02/01/2024 04:14:13||59147|6564105496|9406042864
18247|0|8079|02/01/2024 12:28:51||29469|3028015104|3937002480
18917|0|95288|02/01/2024 17:19:27||12033|1324509920|1590151592
18149|0|47706|02/01/2024 11:47:06||31974|618431632|706167960
17665|0|62496|02/01/2024 08:10:18||44982|1529632336|2263381032
18727|0|79316|02/01/2024 15:46:48||17592|4223375216|4481753792
19331|0|56063|02/01/2024 20:10:12||1788|208397272|269832168
17949|0|36037|02/01/2024 10:13:00||37620|67537522640|126545553592
18831|0|54757|02/01/2024 16:37:24||14556|2090100888|2910515928
18472|0|23532|02/01/2024 14:03:32|02/01/2024 20:31:12|23260|5090600560|6734378392
18542|0|11886|02/01/2024 14:38:10||21710|9220140536|10347257784
19359|0|26244|02/01/2024 20:20:24||1176|332676384|435500680
18896|0|65452|02/01/2024 17:00:25||13175|3067453160|3084553920
