IdSession|IdPSX|IdSubscriber|StartSession|EndSession|Duartion|UpTx|DownTx
26716|0|5202|04/01/2024 22:59:31||5429|732161232|1018196648
25158|0|89706|04/01/2024 12:11:44||44296|590729912|804316248
26829|0|14391|04/01/2024 23:49:36||2424|6370176360|15385953184
24887|0|78614|04/01/2024 10:25:53||50647|10324049160|11631964592
26392|0|21605|04/01/2024 20:49:19||13241|3800562488|5676164912
25535|0|11622|04/01/2024 14:44:27||35133|141482853152|360901376176
24484|0|65418|04/01/2024 07:38:37||60683|13960380120|16804813520
25210|0|26136|04/01/2024 12:33:30||42990|20220470240|21194630416
25747|0|68950|04/01/2024 16:14:43||29717|6754298584|7920295480
26502|0|17916|04/01/2024 21:23:33||11187|2012934864|2416521152
25999|0|88537|04/01/2024 18:06:02||23038|10344908520|11530192856
26322|0|31741|04/01/2024 20:15:15||15285|1995768776|2019111048
25332|0|67328|04/01/2024 13:21:08||40132|21683651328|29075845016
25536|0|81205|04/01/2024 14:48:50||34870|3206154968|4799280960
25159|0|38865|04/01/2024 12:19:48||43812|12879742488|14663885512
25684|0|60259|04/01/2024 15:46:05||31435|1031344344|1390380544
24941|0|55243|04/01/2024 10:46:16||49424|2472204496|3485401592
25937|0|74669|04/01/2024 17:38:03|05/01/2024 00:22:37|24274|4253484032|4477517688
25098|0|42425|04/01/2024 11:50:55||45545|12914913352|15827902000
26717|0|26108|04/01/2024 22:58:08||5512|431434744|432508760
24689|0|71287|04/01/2024 08:52:38||56242|22844005656|23381290496
26882|0|79129|05/01/2024 00:06:20||1420|4096944568|11246709616
25472|0|53670|04/01/2024 14:19:15||36645|3159874840|3349844928
26229|0|83103|04/01/2024 19:31:28||17912|861299664|1085305280
26686|0|63503|04/01/2024 22:41:56||6484|989977080|1142993264
25393|0|15054|04/01/2024 13:42:36||38844|16212918800|22153808432
26081|0|51756|04/01/2024 18:38:32||21088|3947585832|4398325520
26032|0|48067|04/01/2024 18:14:44||22516|2304931304|2480347128
26481|0|86150|04/01/2024 21:13:48||11772|5612979512|5880295240
26368|0|67346|04/01/2024 20:37:33||13947|2240346528|3106009864
26588|0|52916|04/01/2024 22:03:02||8818|16415144976|33112547560
24963|0|42572|04/01/2024 10:52:35||49045|14286887832|17679579680
25394|0|68906|04/01/2024 13:42:09||38871|66027967448|51757411000
26416|0|20049|04/01/2024 20:53:29||12991|3087210040|3464786544
26562|0|17602|04/01/2024 21:59:43||9017|10063510256|7673050048
26779|0|58604|04/01/2024 23:25:07||3893|513608288|592025416
26638|0|72193|04/01/2024 22:22:02|05/01/2024 00:25:41|7419|92801512|93790472
26932|0|72193|05/01/2024 00:26:04||236|239664|293840
25285|0|58443|04/01/2024 13:05:17||41083|1377555664|1976843184
26082|0|56454|04/01/2024 18:33:32||21388|6350097896|6926038584
26613|0|79155|04/01/2024 22:13:43||8177|839569920|916213496
26862|0|24555|04/01/2024 23:58:54||1866|61435608|64773848
26904|0|38522|05/01/2024 00:12:23||1057|190706832|243542912
24922|0|24996|04/01/2024 10:36:32||50008|26386301520|29309869848
25980|0|70354|04/01/2024 17:55:18||23682|64804971344|159615461016
26204|0|61298|04/01/2024 19:23:29||18391|501895960|647671048
26523|0|73756|04/01/2024 21:33:56||10564|11353269504|21192178512
26563|0|91907|04/01/2024 21:56:56||9184|10029012944|26444551936
25895|0|81309|04/01/2024 17:17:02|05/01/2024 00:28:43|25901|1519831496|2032045712
24376|0|25943|04/01/2024 06:43:42||63978|20904760488|28645172208
26524|0|7716|04/01/2024 21:34:19||10541|1675893848|1952871936
26053|0|45874|04/01/2024 18:26:45||21795|49007776360|145346810968
26174|0|54643|04/01/2024 19:14:07||18953|33208390024|70863010968
26323|0|98233|04/01/2024 20:11:22||15518|3943264776|5882336616
25817|0|16434|04/01/2024 16:41:45||28095|1134859496|1431834728
26205|0|95343|04/01/2024 19:25:59||18241|2936306216|4356305008
25255|0|54052|04/01/2024 12:51:46||41894|20486609696|22349015992
25862|0|54729|04/01/2024 17:06:29||26611|2328631408|2584344000
24891|0|93308|04/01/2024 10:29:36||50424|6475173736|7639971120
25657|0|10594|04/01/2024 15:33:05||32215|7765127432|8358937232
26639|0|7678|04/01/2024 22:21:26||7714|156122216|205133328
26905|0|46098|05/01/2024 00:15:59||841|14566888|21191976
26687|0|40281|04/01/2024 22:48:11||6109|2578789200|3574414184
26525|0|15938|04/01/2024 21:35:37||10463|524815040|527838672
25363|0|84412|04/01/2024 13:35:11||39289|10790031136|11838913344
25863|0|73714|04/01/2024 17:04:10||26750|2247567672|2421360928
25422|0|57451|04/01/2024 13:52:49||38231|496850184|520773680
26230|0|45426|04/01/2024 19:37:26||17554|1997522144|2290848656
24751|0|80910|04/01/2024 09:21:34||54506|7465139656|11027847048
25897|0|55584|04/01/2024 17:13:54||26166|7039277592|7302453560
25595|0|52066|04/01/2024 15:07:58||33722|2626427288|3831101968
26249|0|39820|04/01/2024 19:45:02||17098|4273148816|5297650608
25537|0|66329|04/01/2024 14:40:26||35374|2897131584|3326448624
26055|0|23656|04/01/2024 18:29:16||21644|13825864736|16289452912
26640|0|84652|04/01/2024 22:29:39||7221|15402316936|29153410608
26780|0|6427|04/01/2024 23:29:41||3619|110207720|113842352
25912|0|43252|04/01/2024 17:25:40||25460|4189947040|4352831928
26001|0|36168|04/01/2024 18:01:07||23333|7335582808|9777570176
25017|0|44368|04/01/2024 11:28:53||46867|21366714976|24519704080
26231|0|77350|04/01/2024 19:36:45||17595|3094761408|3499580176
26131|0|36518|04/01/2024 18:56:48||19992|13999229192|20586392472
25160|0|40329|04/01/2024 12:17:52||43928|19810296032|20007170104
24485|0|79017|04/01/2024 07:32:29||61051|196057634792|368062327936
26084|0|18443|04/01/2024 18:31:51||21489|67428847328|144836741928
26369|0|4110|04/01/2024 20:39:52||13808|2991196120|3928997352
25396|0|93202|04/01/2024 13:46:30||38610|132042627400|258544655528
25866|0|58424|04/01/2024 17:03:38||26782|29264117144|68214487056
24606|0|36730|04/01/2024 08:26:24||57816|5954649408|8419935952
25818|0|19300|04/01/2024 16:49:58||27602|60944914688|143237052584
26564|0|83610|04/01/2024 21:55:19||9281|1645805224|1891397744
24753|0|67697|04/01/2024 09:27:11||54169|22101169392|26171197800
24641|0|5904|04/01/2024 08:39:24||57036|12357355752|16439540488
24943|0|73620|04/01/2024 10:48:46||49274|129085602024|240111843368
26805|0|58954|04/01/2024 23:36:42||3198|256613456|266092600
26664|0|99065|04/01/2024 22:32:46||7034|3836315008|4806084608
25236|0|65668|04/01/2024 12:45:22||42278|5619524576|5896168280
26830|0|56875|04/01/2024 23:49:37||2423|4452953568|11760362648
26033|0|26509|04/01/2024 18:14:51||22509|4477120448|5161636056
25365|0|95731|04/01/2024 13:36:00||39240|3123500008|3692589008
26267|0|85910|04/01/2024 19:50:49||16751|1184698120|1472814008
25642|0|47492|04/01/2024 15:22:48||32832|9753990720|11453857040
25444|0|50824|04/01/2024 14:08:31||37289|3689346984|4350608856
25567|0|33480|04/01/2024 14:54:44||34516|93404288776|177054615168
26863|0|81078|04/01/2024 23:54:27||2133|837756424|1131623984
24556|0|57141|04/01/2024 08:09:23||58837|11536328928|13515060560
26831|0|78729|04/01/2024 23:40:15||2985|1574226184|1823008704
25538|0|91195|04/01/2024 14:43:36||35184|998580264|1161964616
26418|0|35423|04/01/2024 20:50:26||13174|10431518776|11999669224
25161|0|70763|04/01/2024 12:19:14||43846|504116136|528134664
26085|0|55479|04/01/2024 18:39:13||21047|8842871832|9871905024
26393|0|75330|04/01/2024 20:45:00||13500|2126198144|3092821624
26718|0|35432|04/01/2024 22:54:46||5714|3405380384|3854406304
26719|0|22775|04/01/2024 22:56:32||5608|2013968048|2849533248
26350|0|11625|04/01/2024 20:25:00||14700|24132402472|55988132656
25913|0|61072|04/01/2024 17:28:18||25302|4795730696|6066403664
26767|0|39639|04/01/2024 23:11:18||4722|1013953648|1415364720
26132|0|40491|04/01/2024 18:58:36||19884|833205128|1021941072
26864|0|34900|04/01/2024 23:55:58||2042|466661360|536318400
25658|0|93145|04/01/2024 15:30:24||32376|16724528928|23620494352
25624|0|11201|04/01/2024 15:13:42||33378|29365277800|43753755104
26565|0|8602|04/01/2024 21:50:41||9559|235733832|316147352
26370|0|80308|04/01/2024 20:38:51||13869|1582769456|2282661088
26933|0|53228|05/01/2024 00:23:26||394|1309280|1445832
26641|0|88393|04/01/2024 22:20:34||7766|880357440|1206078024
25287|0|37333|04/01/2024 13:08:31||40889|9483723824|13314530136
25981|0|60167|04/01/2024 17:53:05||23815|4034614328|4660821016
24253|0|13461|04/01/2024 06:07:20||66160|8916527256|10837691632
25819|0|79812|04/01/2024 16:40:17||28183|50264520376|125577633848
26394|0|41123|04/01/2024 20:46:40||13400|362980832|493635104
24838|0|29885|04/01/2024 10:05:16||51884|4870821736|5814742864
25643|0|92893|04/01/2024 15:28:37||32483|7465885280|9659197896
25162|0|27391|04/01/2024 12:17:38||43942|10720585544|12619207040
24579|0|79073|04/01/2024 08:17:12||58368|21468052816|25483543640
26299|0|82325|04/01/2024 20:04:30||15930|2469280680|3003246960
26614|0|70133|04/01/2024 22:11:38||8302|1067767560|1074895664
26615|0|56042|04/01/2024 22:16:34||8006|1263265096|1588784400
25498|0|45806|04/01/2024 14:23:39||36381|40083629872|75740122216
26482|0|17708|04/01/2024 21:13:02||11818|32646693192|64110501328
26832|0|59626|04/01/2024 23:47:17||2563|27897824|34718616
25868|0|28791|04/01/2024 17:07:56||26524|5844350288|8439539632
26934|0|83720|05/01/2024 00:26:22||218|30015408|31025560
25659|0|47084|04/01/2024 15:38:00||31920|5325080032|7756175368
26300|0|15246|04/01/2024 20:02:49||16031|1576922992|1727377048
24254|0|80461|04/01/2024 06:04:55||66305|6735673472|9238569360
24893|0|78054|04/01/2024 10:23:03||50817|13955820832|17718183632
26206|0|74504|04/01/2024 19:27:01||18179|2032994352|2913263704
26268|0|69178|04/01/2024 19:57:33||16347|1747637136|2322381536
25982|0|12018|04/01/2024 17:50:32||23968|3752968832|4606469480
26086|0|29483|04/01/2024 18:32:18||21462|14922455728|28716239144
25964|0|18951|04/01/2024 17:44:47||24313|7947674920|9826325000
26133|0|94236|04/01/2024 18:54:43||20117|4078179440|5540822272
26833|0|95303|04/01/2024 23:45:37||2663|2345747904|2653730224
26883|0|39152|05/01/2024 00:06:01||1439|2616440712|7632602840
26207|0|48912|04/01/2024 19:28:54||18066|3437879168|4694738512
26371|0|44711|04/01/2024 20:37:31||13949|3540218208|4385293144
26157|0|77250|04/01/2024 19:01:09||19731|1161833832|1671129760
26419|0|97692|04/01/2024 20:51:52||13088|4249998000|5365188392
26806|0|57494|04/01/2024 23:30:39||3561|6269978856|16711939680
26034|0|27302|04/01/2024 18:18:12||22308|6028263976|7323609416
26526|0|43967|04/01/2024 21:34:14||10546|9824796624|12913865728
25820|0|37134|04/01/2024 16:43:20||28000|3932236432|5222838280
26252|0|80433|04/01/2024 19:47:35||16945|9663300224|9737070984
26566|0|29967|04/01/2024 21:58:41||9079|9780274184|20224473264
25309|0|51457|04/01/2024 13:13:15||40605|174439079744|342074942448
26004|0|53667|04/01/2024 18:01:20||23320|1456989168|2018102080
26616|0|32642|04/01/2024 22:12:10||8270|206358480|267412560
26567|0|23308|04/01/2024 21:54:42||9318|715619608|987810448
26865|0|88198|04/01/2024 23:50:10||2390|5116534048|14497297920
26208|0|80210|04/01/2024 19:26:32||18208|111851984|167014536
25869|0|69961|04/01/2024 17:02:50||26830|2933092304|4328864088
25424|0|40278|04/01/2024 13:50:36||38364|10569776744|15385179784
26134|0|37966|04/01/2024 18:50:58||20342|48442059520|108435422056
26834|0|40855|04/01/2024 23:47:41||2539|1256563104|1327204832
26617|0|18539|04/01/2024 22:13:20||8200|1240569944|1279590736
26301|0|36702|04/01/2024 20:07:48||15732|110684136|111420384
26420|0|45544|04/01/2024 20:55:01||12899|5305886408|5408430176
25164|0|98341|04/01/2024 12:12:14||44266|6864228392|7653434384
25750|0|64301|04/01/2024 16:12:50||29830|2291300264|2855416384
24608|0|44915|04/01/2024 08:23:52||57968|6992493040|8762882720
26744|0|6290|04/01/2024 23:01:23||5317|638729840|750190488
26768|0|68698|04/01/2024 23:16:56||4384|1011907256|1309527104
25661|0|20203|04/01/2024 15:38:28||31892|2708589184|3148398760
25767|0|24831|04/01/2024 16:28:26||28894|11800025104|12213535336
24708|0|22851|04/01/2024 09:05:10||55490|1461579304|1685484592
25366|0|11546|04/01/2024 13:36:46||39194|3124210280|3695067992
26442|0|85741|04/01/2024 21:08:52||12068|2413863976|2846754520
26351|0|7472|04/01/2024 20:27:46||14534|5116172720|6592888400
25072|0|68217|04/01/2024 11:41:30||46110|4194017712|5127946016
24118|0|18446|04/01/2024 05:17:17||69163|4330890520|5157411808
26720|0|74290|04/01/2024 22:58:02||5518|454185200|568304000
26176|0|49022|04/01/2024 19:16:40||18800|7220317200|7373253312
26807|0|19086|04/01/2024 23:39:12||3048|1676583584|1728672608
26177|0|94063|04/01/2024 19:10:23||19177|37393024760|82211359392
26269|0|40176|04/01/2024 19:54:58||16502|5469593568|5577011760
25965|0|36355|04/01/2024 17:45:30||24270|1721118976|1773052456
24471|0|36201|04/01/2024 07:29:27||61233|145948591136|370409297440
25625|0|97579|04/01/2024 15:15:55||33245|82983067656|227630521400
26087|0|6603|04/01/2024 18:32:03||21477|1034377416|1136165552
26721|0|86053|04/01/2024 22:54:22||5738|1046255336|1250578896
26503|0|85963|04/01/2024 21:29:14||10846|1095714072|1173700864
24783|0|8129|04/01/2024 09:35:58|05/01/2024 00:25:49|53391|9965435328|12100072104
26935|0|8129|05/01/2024 00:26:06||234|9329040|11520184
26544|0|67015|04/01/2024 21:42:46||10034|3099185704|3738923280
26906|0|5362|05/01/2024 00:10:46||1154|54312104|56293944
26372|0|95977|04/01/2024 20:37:01||13979|9567083184|14314979584
26443|0|34226|04/01/2024 21:05:31||12269|1882250680|2089433200
26373|0|75205|04/01/2024 20:37:16||13964|6308391784|8064899640
26907|0|45892|05/01/2024 00:17:30||750|155583064|220650792
26908|0|81795|05/01/2024 00:16:48||792|20654856|29880024
25983|0|85722|04/01/2024 17:50:25||23975|3338795872|3920274232
26088|0|52886|04/01/2024 18:32:13||21467|41139763688|106130953888
26270|0|35309|04/01/2024 19:50:25||16775|1600480800|1677123120
24896|0|96745|04/01/2024 10:25:56||50644|14920012832|16459163288
26589|0|41118|04/01/2024 22:08:17||8503|2437206304|2651703216
25049|0|86837|04/01/2024 11:33:09||46611|4230629024|5044861288
26835|0|13087|04/01/2024 23:41:13||2927|1539727560|2039923600
25821|0|97042|04/01/2024 16:47:10||27770|1759905080|2196564136
26545|0|21853|04/01/2024 21:46:55||9785|89861832|97797384
26303|0|92942|04/01/2024 20:03:16||16004|1159233072|1705663280
26444|0|97309|04/01/2024 21:04:57||12303|1182192800|1398372808
26688|0|50432|04/01/2024 22:48:58||6062|2078734120|3069181360
26866|0|76954|04/01/2024 23:57:56||1924|362123272|400273960
25940|0|19469|04/01/2024 17:32:55||25025|4191645448|5449405456
26445|0|25102|04/01/2024 21:07:48||12132|3299481760|3950608360
26568|0|26133|04/01/2024 21:58:56||9064|289814040|408238568
26058|0|64668|04/01/2024 18:25:18||21882|2618206952|3791797328
24350|0|7489|04/01/2024 06:38:36||64284|19201445688|24005906296
25165|0|35460|04/01/2024 12:14:12||44148|3025816328|4129634352
26722|0|67635|04/01/2024 22:59:04||5456|154500928|203086336
25751|0|18836|04/01/2024 16:10:13||29987|268431240|303626400
26836|0|20124|04/01/2024 23:47:04||2576|666483776|725493152
25021|0|73978|04/01/2024 11:22:11||47269|2735923672|4093025608
26005|0|15684|04/01/2024 18:04:33||23127|12739527360|13963162152
25712|0|74516|04/01/2024 15:52:10||31070|8112735552|8307991728
26504|0|33422|04/01/2024 21:25:37||11063|3994400488|4880485848
25729|0|61183|04/01/2024 16:02:02||30478|9151550080|10928536512
26271|0|41652|04/01/2024 19:55:54||16446|4862602424|5677803064
26232|0|69062|04/01/2024 19:39:55||17405|13828389992|9672803840
26111|0|19023|04/01/2024 18:49:11||20449|9046088744|13193612008
26395|0|29867|04/01/2024 20:44:56||13504|434384776|493919912
26505|0|32399|04/01/2024 21:28:22||10898|21795160936|40915960928
26112|0|26430|04/01/2024 18:44:22||20738|654816504|737596128
26506|0|96471|04/01/2024 21:26:09||11031|7692986872|8854031912
26446|0|80898|04/01/2024 21:03:44||12376|1650939904|2385549320
26569|0|46857|04/01/2024 21:53:01||9419|546598480|664207544
26546|0|65086|04/01/2024 21:45:47||9853|3826830360|4062306848
25752|0|16397|04/01/2024 16:17:07||29573|2243235112|2502399176
25368|0|50342|04/01/2024 13:37:28||39152|10772510104|14963579168
26781|0|28612|04/01/2024 23:26:35||3805|547699824|764395128
26059|0|35649|04/01/2024 18:21:41||22099|15721248720|22070964096
26689|0|14341|04/01/2024 22:44:23||6337|1088220824|1183607936
26209|0|11533|04/01/2024 19:26:18||18222|52876422720|125244054176
24557|0|93851|04/01/2024 08:01:48||59292|2942910880|3206663136
26089|0|29092|04/01/2024 18:31:41||21499|5433920264|5829653256
26837|0|86498|04/01/2024 23:49:08||2452|113720944|159057160
25237|0|91723|04/01/2024 12:40:22||42578|2788618736|3118816824
25000|0|9625|04/01/2024 11:12:55||47825|14916518728|20875718640
26618|0|86913|04/01/2024 22:17:41||7939|10438666424|30747555328
25768|0|9179|04/01/2024 16:21:14||29326|876142424|1016214696
26782|0|95361|04/01/2024 23:27:23||3757|2576495168|2860362712
26352|0|63391|04/01/2024 20:28:42||14478|3641370696|3728499808
25797|0|30846|04/01/2024 16:36:19||28421|5697581352|8211181648
25941|0|32028|04/01/2024 17:39:09||24651|7760746456|8943552856
26396|0|8061|04/01/2024 20:45:54||13446|5785347512|7119684120
26035|0|62947|04/01/2024 18:19:07||22253|1564748616|1721876832
26483|0|22591|04/01/2024 21:10:56||11944|10155929688|12005692656
26305|0|39702|04/01/2024 20:01:34||16106|1278216744|1542873320
25311|0|76418|04/01/2024 13:19:20||40240|5427235040|5584119296
26233|0|83622|04/01/2024 19:38:08||17512|2269221984|3188351784
26619|0|88927|04/01/2024 22:12:49||8231|908781488|1178199448
25842|0|78093|04/01/2024 16:53:45||27375|5261667328|6235163256
25798|0|54570|04/01/2024 16:33:21||28599|3003681224|3595586264
26375|0|61311|04/01/2024 20:30:37||14363|3144949952|4636763088
26620|0|10309|04/01/2024 22:19:09||7851|1584059192|2328827576
26113|0|35034|04/01/2024 18:42:44||20836|2035096496|1517247368
25915|0|71960|04/01/2024 17:24:26||25534|8016271600|9529201304
26570|0|23699|04/01/2024 21:50:35||9565|982202240|1422117152
26007|0|50961|04/01/2024 18:05:37||23063|7824775864|8189997216
26936|0|99833|05/01/2024 00:23:25||395|5305176|7490136
26590|0|90750|04/01/2024 22:07:10||8570|2383147232|2480629456
25100|0|59256|04/01/2024 11:54:12||45348|8227344952|8925808088
24800|0|66348|04/01/2024 09:49:03||52857|213965600|319068256
25942|0|85681|04/01/2024 17:35:41||24859|11121566472|15728306760
26642|0|11775|04/01/2024 22:22:08||7672|1071028984|1450181088
26643|0|28116|04/01/2024 22:24:08||7552|3109849088|4486910240
25500|0|64729|04/01/2024 14:25:17||36283|5792394376|8010972776
25985|0|92358|04/01/2024 17:54:54||23706|4012074496|5859120920
26234|0|39032|04/01/2024 19:30:47||17953|1524159104|2180584040
24897|0|10176|04/01/2024 10:23:08||50812|12251261904|12354383584
26507|0|89291|04/01/2024 21:29:12||10848|160965920|184755272
26571|0|34665|04/01/2024 21:55:37||9263|588545088|716164616
26621|0|76797|04/01/2024 22:15:18||8082|422968896|572661528
25689|0|39540|04/01/2024 15:43:40||31580|6712544872|6847406248
26867|0|59720|04/01/2024 23:55:27||2073|220148952|322737312
26306|0|13853|04/01/2024 20:05:06||15894|2226334120|2801826592
25313|0|16779|04/01/2024 13:15:24||40476|1622058072|1896541216
26272|0|40600|04/01/2024 19:58:17||16303|3043465520|4111047744
26868|0|47038|04/01/2024 23:51:08||2332|393318856|526604728
25690|0|67016|04/01/2024 15:41:18||31722|24844044128|26195380536
26622|0|46036|04/01/2024 22:11:50||8290|1823599240|2585177536
26325|0|20661|04/01/2024 20:12:51||15429|2507445816|2683859456
25074|0|25964|04/01/2024 11:46:27||45813|9353461544|12367617760
25597|0|80945|04/01/2024 15:09:57||33603|22581694576|23853118064
25259|0|89642|04/01/2024 12:51:17||41923|3960734504|5666893872
25769|0|13220|04/01/2024 16:23:52||29168|5148486056|5369629352
26060|0|77911|04/01/2024 18:26:47||21793|8374537024|9325979104
26572|0|21923|04/01/2024 21:55:10||9290|346306120|421047648
25449|0|64315|04/01/2024 14:02:17||37663|3273827904|4759202504
26009|0|87856|04/01/2024 18:05:17||23083|73394678944|181156157048
24665|0|32738|04/01/2024 08:41:01||56939|9906586616|13302235728
25050|0|76091|04/01/2024 11:32:17||46663|3242626272|4599835656
24488|0|91703|04/01/2024 07:33:34||60986|54913676776|32996813528
26723|0|33250|04/01/2024 22:54:39||5721|585504808|852213376
26326|0|84912|04/01/2024 20:16:11||15229|1100059880|1536713232
26061|0|18411|04/01/2024 18:27:09||21771|535820960|721534344
26745|0|77111|04/01/2024 23:02:13||5267|1707897320|2529978584
24925|0|85520|04/01/2024 10:36:24||50016|12593423216|14597115056
26253|0|51631|04/01/2024 19:41:26||17314|44814006016|120343018528
24755|0|94288|04/01/2024 09:21:10||54530|13600942048|14540731032
26690|0|16868|04/01/2024 22:44:37||6323|3214672288|4450113480
25289|0|28402|04/01/2024 13:04:26||41134|5403414304|7403841632
25691|0|57061|04/01/2024 15:45:46||31454|5687281264|8530227000
26178|0|80025|04/01/2024 19:15:52||18848|1140969264|1314503824
24611|0|96689|04/01/2024 08:26:13||57827|12107573520|13032974296
26573|0|49784|04/01/2024 21:56:07||9233|1311765048|1656438376
26623|0|48137|04/01/2024 22:18:48||7872|2252005472|2828741904
26808|0|39646|04/01/2024 23:39:39||3021|1974858896|2681995776
25843|0|31700|04/01/2024 16:58:38||27082|1375997568|1789597336
26838|0|46671|04/01/2024 23:45:02||2698|857734472|1182025648
25799|0|53820|04/01/2024 16:33:12||28608|4092436256|5612399648
25770|0|51519|04/01/2024 16:20:51||29349|11881411256|17160645496
26909|0|19424|05/01/2024 00:14:36||924|132842008|146400744
25986|0|83210|04/01/2024 17:59:52||23408|7815795352|8712889800
26447|0|16818|04/01/2024 21:09:44||12016|27877881760|76377315528
25023|0|53030|04/01/2024 11:23:14||47206|26528988952|37707633464
26011|0|36006|04/01/2024 18:06:03||23037|32020232552|86233042912
25216|0|99108|04/01/2024 12:39:49||42611|3239464760|4723682096
26746|0|99756|04/01/2024 23:05:40||5060|706579536|736707744
26809|0|77204|04/01/2024 23:33:13||3407|3096793048|2326737352
25338|0|52439|04/01/2024 13:26:10||39830|102295179760|246847420720
26135|0|50187|04/01/2024 18:50:03||20397|827403472|1128113400
25169|0|57468|04/01/2024 12:10:12||44388|15859823192|22971263848
26747|0|53702|04/01/2024 23:07:59||4921|13938607360|31209449944
26691|0|47314|04/01/2024 22:45:20||6280|766127664|1125566224
26692|0|67955|04/01/2024 22:41:54||6486|3920951064|2921198592
26235|0|52594|04/01/2024 19:32:12||17868|1422176584|1591297616
26210|0|87066|04/01/2024 19:22:31||18449|881563976|1234878392
26910|0|85316|05/01/2024 00:16:22||818|1045061496|2465345776
26273|0|79312|04/01/2024 19:53:35||16585|1309085960|1580031080
24409|0|56946|04/01/2024 06:50:23||63577|13152910688|15279003168
26665|0|94591|04/01/2024 22:37:43||6737|1183356896|1725896888
24756|0|55328|04/01/2024 09:22:19|05/01/2024 00:27:50|54331|8093888320|9219994368
25627|0|14654|04/01/2024 15:16:55||33185|168903166064|331972844360
25899|0|12418|04/01/2024 17:13:51||26169|9652578616|11982824320
25771|0|23810|04/01/2024 16:28:42||28878|3153257896|3285039256
26527|0|59395|04/01/2024 21:35:08||10492|194761776|256582912
25501|0|51113|04/01/2024 14:22:34||36446|6746968600|9191184024
25426|0|98440|04/01/2024 13:50:10||38390|13055245496|17212278848
26062|0|97507|04/01/2024 18:25:14||21886|1974833888|2278797224
25024|0|74230|04/01/2024 11:29:15||46845|33079179400|37971527168
26839|0|51535|04/01/2024 23:40:56||2944|6295973248|17221897352
24757|0|31851|04/01/2024 09:25:12||54288|99836456|120691712
24692|0|36659|04/01/2024 08:52:46||56234|1916848200|2471889656
26783|0|69461|04/01/2024 23:26:05||3835|756090656|873409536
25502|0|95243|04/01/2024 14:26:40||36200|34425666088|21017892096
25102|0|72693|04/01/2024 11:53:49||45371|3413820080|4665238440
25871|0|50074|04/01/2024 17:03:33||26787|2870292536|3664525920
24982|0|77558|04/01/2024 11:01:57||48483|14332556712|17238139048
25944|0|40614|04/01/2024 17:30:56||25144|8012806712|8948377352
26840|0|70372|04/01/2024 23:48:05||2515|6030216|6835528
25917|0|85672|04/01/2024 17:25:05||25495|9542434024|10713415016
26327|0|45387|04/01/2024 20:11:24||15516|2320428696|2519628536
26748|0|58494|04/01/2024 23:06:26||5014|653289120|757002256
26398|0|38376|04/01/2024 20:46:44||13396|7024889960|9751344304
25598|0|5094|04/01/2024 15:03:57||33963|5119784856|5327669480
26528|0|36200|04/01/2024 21:34:20||10540|27870013856|52141690936
26448|0|8635|04/01/2024 21:03:23||12397|885968320|1315937728
26307|0|72646|04/01/2024 20:04:06||15954|1367097984|1387088072
25572|0|29605|04/01/2024 14:57:55||34325|60963315944|151720733224
26012|0|8775|04/01/2024 18:07:51||22929|15674769176|18307373496
24784|0|82980|04/01/2024 09:30:18||53982|8345910824|11415229512
26399|0|13499|04/01/2024 20:44:48||13512|2080011528|2656153600
26377|0|22665|04/01/2024 20:33:43||14177|2967509208|3794310440
26644|0|26675|04/01/2024 22:26:46||7394|289158368|421830840
26592|0|17670|04/01/2024 22:09:49||8411|78578928|88475632
25800|0|87499|04/01/2024 16:39:07||28253|1325313336|1737877888
26274|0|27276|04/01/2024 19:51:53||16687|5566759624|7705104024
24712|0|47817|04/01/2024 09:05:30||55470|8307305496|9379689584
26529|0|97540|04/01/2024 21:36:09||10431|579121784|622981304
26884|0|14496|05/01/2024 00:06:45||1395|30557072|44807240
26180|0|31958|04/01/2024 19:12:11||19069|283792336|407065416
25170|0|71306|04/01/2024 12:16:53||43987|6454049888|9644627816
26091|0|91336|04/01/2024 18:36:56||21184|6800811840|8886417440
26841|0|64359|04/01/2024 23:47:19||2561|1368082464|1924445776
26236|0|32570|04/01/2024 19:30:33||17967|690030696|887810944
26159|0|43849|04/01/2024 19:01:49||19691|194778304|245831744
26508|0|55154|04/01/2024 21:25:47||11053|9390334568|6731364312
25398|0|25332|04/01/2024 13:41:23||38917|7931832968|11344879448
26328|0|12576|04/01/2024 20:11:41||15499|11139177144|11444536104
26530|0|35261|04/01/2024 21:32:33||10647|186218736|240101880
26810|0|25037|04/01/2024 23:36:48||3192|530078536|650442192
26769|0|72890|04/01/2024 23:16:12||4428|1246636344|1249290904
26378|0|87863|04/01/2024 20:30:44||14356|38393093296|85210637776
25801|0|31105|04/01/2024 16:33:51||28569|2570002544|2739384600
25450|0|53899|04/01/2024 14:01:41||37699|700445440|985573000
26275|0|37879|04/01/2024 19:50:47||16753|25387842696|56511582168
25946|0|19801|04/01/2024 17:31:34||25106|7765225608|8896272544
25217|0|19071|04/01/2024 12:34:48||42912|50386947608|34053330664
26784|0|19913|04/01/2024 23:26:21||3819|4121925024|5018382624
26276|0|80460|04/01/2024 19:57:50||16330|2649661416|3007074032
25451|0|99904|04/01/2024 14:03:37||37583|17440470768|18130128608
26484|0|74560|04/01/2024 21:15:24||11676|6037132464|8634092760
26308|0|71541|04/01/2024 20:09:01||15659|3479029160|3662982024
26693|0|86385|04/01/2024 22:40:24||6576|9210952992|18223947376
26277|0|57307|04/01/2024 19:56:33||16407|10206916088|5896068064
26811|0|17717|04/01/2024 23:38:17||3103|2650421680|7566830616
26937|0|68878|05/01/2024 00:26:41||199|57662736|82764416
25647|0|63585|04/01/2024 15:26:08||32632|32203167200|39931625200
25664|0|69340|04/01/2024 15:32:42||32238|9637641072|11512438880
24123|0|88899|04/01/2024 05:16:50||69190|7135645440|9159368296
25600|0|77854|04/01/2024 15:07:51||33729|6228963784|8903409376
25648|0|49279|04/01/2024 15:26:07||32633|19621839192|26160300176
25076|0|68053|04/01/2024 11:40:36||46164|168908722608|375184837424
24819|0|85350|04/01/2024 09:50:34||52766|12127344800|18059761264
26309|0|58441|04/01/2024 20:04:05||15955|5554248040|8277187512
26160|0|58233|04/01/2024 19:03:49||19571|1372305496|1740856192
26211|0|89909|04/01/2024 19:21:46||18494|2528712232|3162514344
26449|0|24143|04/01/2024 21:03:04||12416|9924694856|10270785248
25753|0|19688|04/01/2024 16:18:56||29464|3666240112|5239160040
25988|0|37572|04/01/2024 17:52:20|05/01/2024 00:22:18|23398|6529360552|9485563360
24534|0|70820|04/01/2024 07:50:42||59958|14342398488|18287316904
25523|0|23126|04/01/2024 14:32:34||35846|4149737144|4323958944
26138|0|52416|04/01/2024 18:57:03||19977|352651784|437815920
26749|0|64963|04/01/2024 23:04:13||5147|117692736|142908456
26750|0|25887|04/01/2024 23:06:26||5014|720013400|735743448
25665|0|60061|04/01/2024 15:35:32||32068|10546253424|15011575536
26547|0|47747|04/01/2024 21:44:33||9927|963896776|1005541832
26450|0|29712|04/01/2024 21:08:21||12099|864000728|882605848
25025|0|73999|04/01/2024 11:23:54||47166|2954277480|4204708776
25172|0|76963|04/01/2024 12:16:28||44012|4582457520|4778727944
26645|0|98338|04/01/2024 22:26:49||7391|1949453664|1238420192
25873|0|44450|04/01/2024 17:02:15||26865|1169914992|1266722848
26785|0|64106|04/01/2024 23:29:41||3619|335635064|356602840
26139|0|72615|04/01/2024 18:53:20||20200|5157760848|5416866296
26724|0|42134|04/01/2024 22:50:05||5995|446436816|608510104
26574|0|29030|04/01/2024 21:55:22||9278|3008434320|4499124080
25104|0|80719|04/01/2024 11:52:24||45456|14549547104|14983951240
25314|0|67557|04/01/2024 13:14:26||40534|15741569280|20027501456
26575|0|96953|04/01/2024 21:58:35||9085|341838616|446168864
26725|0|27975|04/01/2024 22:55:10||5690|1828755128|1868839224
26770|0|76524|04/01/2024 23:12:04||4676|1668325288|1924782704
26093|0|41699|04/01/2024 18:36:26||21214|690762312|871454768
25693|0|82986|04/01/2024 15:41:26||31714|533062872|729227264
26509|0|17504|04/01/2024 21:29:28||10832|15765507592|33606547288
26278|0|47819|04/01/2024 19:51:34||16706|36154687680|72798933288
25713|0|87153|04/01/2024 15:53:39||30981|12357708072|16144017152
26310|0|40101|04/01/2024 20:03:42||15978|20296499608|52742819056
26666|0|57813|04/01/2024 22:34:59||6901|848748472|919256032
26421|0|29682|04/01/2024 20:59:46||12614|469622456|645744264
25452|0|28055|04/01/2024 14:05:42||37458|22665535408|12755958296
25540|0|53398|04/01/2024 14:48:16||34904|7174869768|8450858472
26885|0|70723|05/01/2024 00:04:06||1554|128542536|103819016
25293|0|63848|04/01/2024 13:00:02||41398|71581758864|197575654008
26279|0|30539|04/01/2024 19:50:19||16781|238719864|260588808
25317|0|4482|04/01/2024 13:11:17||40723|5907860304|8237080592
25401|0|10654|04/01/2024 13:44:17||38743|20994338088|25002702128
26726|0|86735|04/01/2024 22:58:00||5520|1806395552|1997940352
26625|0|49678|04/01/2024 22:18:07||7913|3634142752|4145717696
24714|0|67374|04/01/2024 09:06:32||55408|60359849560|166967285296
26842|0|23803|04/01/2024 23:46:14||2626|115899736|163969784
26869|0|50238|04/01/2024 23:56:26||2014|742014368|878392944
26400|0|74145|04/01/2024 20:40:26||13774|7449740256|8885318744
26646|0|26093|04/01/2024 22:22:12||7668|644130472|858502960
25714|0|17156|04/01/2024 15:52:58||31022|1531453864|1919678232
26938|0|28236|05/01/2024 00:25:34||266|31227384|32895248
26812|0|41800|04/01/2024 23:36:43||3197|3065628736|3356070560
24127|0|56866|04/01/2024 05:17:17||69163|8430073168|12466995288
25773|0|91511|04/01/2024 16:25:15||29085|20480752872|22633596088
26013|0|12536|04/01/2024 18:02:31||23249|3889721384|5347641304
26751|0|66310|04/01/2024 23:03:34||5186|1538165928|2115427088
26577|0|30667|04/01/2024 21:58:45||9075|201884696|264606128
26886|0|77148|05/01/2024 00:06:22||1418|426850672|616781016
25218|0|91598|04/01/2024 12:32:36||43044|11266424360|11972691888
25666|0|34047|04/01/2024 15:33:26||32194|3419385728|4343339744
25845|0|30347|04/01/2024 16:50:11||27589|1195457608|1740410240
26280|0|59145|04/01/2024 19:51:19||16721|5886271096|7945719432
25754|0|8839|04/01/2024 16:15:38||29662|2206387656|3213924600
26727|0|93041|04/01/2024 22:56:58||5582|1614266616|1858965800
25219|0|70629|04/01/2024 12:37:47||42733|5895085336|8745635592
25846|0|53883|04/01/2024 16:56:08||27232|1130279544|1363454448
24536|0|18914|04/01/2024 07:57:50||59530|12381084912|13533627192
25373|0|24152|04/01/2024 13:37:42||39138|18109837424|18826960784
25947|0|39739|04/01/2024 17:36:03||24837|1700028040|1736379112
26531|0|64781|04/01/2024 21:34:54||10506|972748312|1357086368
24805|0|31527|04/01/2024 09:42:42||53238|14889619272|21796975576
25542|0|90512|04/01/2024 14:49:29||34831|12237171312|13242945192
25319|0|43248|04/01/2024 13:15:38||40462|11027181712|13388538360
24845|0|56736|04/01/2024 10:04:49||51911|20877993496|26152744008
26181|0|56252|04/01/2024 19:16:48||18792|3070366608|3111810920
26237|0|34411|04/01/2024 19:31:07||17933|443834840|457269544
26578|0|53064|04/01/2024 21:57:30||9150|772299504|868550560
25847|0|29306|04/01/2024 16:54:06||27354|1438522680|1642036080
25220|0|59433|04/01/2024 12:37:31||42749|19945879928|27323633696
25078|0|93311|04/01/2024 11:48:18||45702|3662843456|4787701560
26451|0|19123|04/01/2024 21:07:42||12138|2063762736|2438431640
25079|0|94445|04/01/2024 11:49:07||45653|2235417072|2763689232
26212|0|83254|04/01/2024 19:20:34||18566|3302344656|3733602728
25402|0|38060|04/01/2024 13:49:12||38448|4759879048|6840138520
26813|0|96896|04/01/2024 23:34:40||3320|8207912928|19700861216
25341|0|96272|04/01/2024 13:28:07||39713|13520667536|13716216496
24947|0|5859|04/01/2024 10:45:07||49493|5582906176|8306028848
25756|0|97470|04/01/2024 16:19:54||29406|2394852808|3486594344
26548|0|20801|04/01/2024 21:46:59||9781|337909880|475401976
26887|0|36711|05/01/2024 00:08:24||1296|146814104|205964496
26485|0|25982|04/01/2024 21:10:43||11957|20911424920|58359502424
25875|0|89748|04/01/2024 17:08:38||26482|73421030672|206566516272
26037|0|27001|04/01/2024 18:13:45||22575|18657592656|19327263056
26667|0|14122|04/01/2024 22:35:48||6852|1281264880|1390767040
25732|0|23151|04/01/2024 16:07:18||30162|55762025440|156116454656
26014|0|64459|04/01/2024 18:07:12||22968|2695303176|3442789952
26694|0|34668|04/01/2024 22:43:58||6362|2330315208|2651617088
25026|0|54183|04/01/2024 11:20:22||47378|17687282224|25217758016
26911|0|98196|05/01/2024 00:18:30||690|213126168|228586936
25733|0|54698|04/01/2024 16:07:09||30171|39967703824|110842755008
25948|0|84711|04/01/2024 17:37:37||24743|2940961104|4060079760
26888|0|83416|05/01/2024 00:08:58||1262|387295344|467423896
24806|0|92508|04/01/2024 09:48:11||52909|2046026920|2573074544
26329|0|81876|04/01/2024 20:17:21||15159|60451117032|128346171912
26532|0|94343|04/01/2024 21:37:23||10357|6477321280|9580800496
26594|0|78611|04/01/2024 22:09:27||8433|1161401688|1528666256
24562|0|47511|04/01/2024 08:06:07||59033|16139229000|20814042848
24927|0|59874|04/01/2024 10:38:32||49888|14633775488|15381175240
25142|0|58449|04/01/2024 12:05:02||44698|6936793824|8039066928
25601|0|65431|04/01/2024 15:00:50||34150|5222393000|5277188584
25949|0|64525|04/01/2024 17:35:22||24878|3552689152|4518221424
26353|0|49047|04/01/2024 20:23:16||14804|32281867832|79856632560
26595|0|49037|04/01/2024 22:07:11||8569|210515136|315238760
26626|0|5329|04/01/2024 22:16:56||7984|1758650120|2323177952
25694|0|16277|04/01/2024 15:42:44||31636|2281849464|3174601432
26486|0|63116|04/01/2024 21:14:40||11720|1472059136|1539609200
24900|0|96216|04/01/2024 10:29:39||50421|30136623272|35467950632
26889|0|96423|05/01/2024 00:06:39||1401|708587464|878719568
25667|0|46329|04/01/2024 15:34:21||32139|14889915008|17433070832
26939|0|17550|05/01/2024 00:28:45||75|41454160|45625504
26647|0|45287|04/01/2024 22:29:27||7233|1415902928|1716897184
26843|0|36093|04/01/2024 23:46:29||2611|97346816|131621376
26063|0|86855|04/01/2024 18:21:32||22108|12370104864|14623862232
26452|0|54532|04/01/2024 21:05:27||12273|1800011584|1876351152
26870|0|40004|04/01/2024 23:50:56||2344|717413488|748669816
25848|0|31810|04/01/2024 16:53:31||27389|4625934976|5668276376
26940|0|70058|05/01/2024 00:26:39||201|15793560|22028528
26281|0|24571|04/01/2024 19:58:48||16272|429307080|532887432
26668|0|35516|04/01/2024 22:30:11||7189|638923280|862859384
26941|0|82321|05/01/2024 00:20:44||556|88501592|114757304
26488|0|18957|04/01/2024 21:12:00||11880|910801360|1263517880
25374|0|54433|04/01/2024 13:32:25||39455|7823399896|10115416368
26752|0|70169|04/01/2024 23:07:37||4943|3023693808|3444270760
25877|0|46986|04/01/2024 17:08:11||26509|886090312|1149557552
26423|0|23505|04/01/2024 20:59:20||12640|9822695024|14358745256
26038|0|16362|04/01/2024 18:17:06||22374|4463445256|4715740936
24563|0|42726|04/01/2024 08:00:20||59380|16661279584|19030853216
24430|0|12303|04/01/2024 07:09:56||62404|13192274688|16382008848
24969|0|43504|04/01/2024 10:59:22||48638|17448829552|23005126064
25774|0|44745|04/01/2024 16:26:19||29021|7687744576|11086697368
26238|0|29807|04/01/2024 19:37:07||17573|15109268560|9039004728
26424|0|85856|04/01/2024 20:59:55||12605|7983693936|10048639120
24760|0|41001|04/01/2024 09:26:28||54212|2647386312|2738525352
24414|0|5866|04/01/2024 06:53:12||63408|9216667776|9291596032
25173|0|37440|04/01/2024 12:14:28||44132|5385215640|6873328216
26453|0|59369|04/01/2024 21:04:14||12346|5511755136|8241935200
25263|0|8726|04/01/2024 12:50:07||41993|10713952840|16064358928
26844|0|36663|04/01/2024 23:46:53||2587|1138955864|1517803056
25757|0|44381|04/01/2024 16:18:31||29489|2496402304|3009203520
24540|0|66095|04/01/2024 07:54:27||59733|18715600168|18799531848
25240|0|5616|04/01/2024 12:47:31||42149|60564189408|145912645552
26425|0|80746|04/01/2024 20:59:14||12646|1798624448|1946324928
26753|0|99799|04/01/2024 23:09:44||4816|600567480|710881416
25734|0|5989|04/01/2024 16:02:31||30449|1695314024|1788000688
26533|0|27952|04/01/2024 21:37:18||10362|290438016|304749800
25715|0|96379|04/01/2024 15:55:02||30898|870269240|886176128
26510|0|18724|04/01/2024 21:20:16||11384|2593483552|3787659656
26845|0|90014|04/01/2024 23:48:17||2503|1165399872|1649033728
25321|0|74840|04/01/2024 13:14:22||40538|5769110880|8495830120
26871|0|90493|04/01/2024 23:54:14||2146|363911784|368197688
24431|0|75854|04/01/2024 07:04:28||62732|214121369576|489295520192
26814|0|91923|04/01/2024 23:39:31||3029|151888376|174194360
25107|0|49376|04/01/2024 11:51:35||45505|7229034296|8565529704
25802|0|26349|04/01/2024 16:33:37||28583|2116054280|2459947168
26215|0|58177|04/01/2024 19:20:43||18557|44170702752|122915982056
25403|0|81346|04/01/2024 13:40:26||38974|3685062688|4527398672
25573|0|63011|04/01/2024 14:55:51||34449|826898064|864972272
26216|0|69759|04/01/2024 19:25:58||18242|3476688000|3840393536
24928|0|76634|04/01/2024 10:37:18||49962|257391200016|530099812544
26183|0|26780|04/01/2024 19:15:59||18841|1873507248|2027010016
26354|0|65810|04/01/2024 20:29:11||14449|2304620800|2413400816
26161|0|4539|04/01/2024 19:05:11||19489|307652088|343650344
26695|0|73491|04/01/2024 22:41:26||6514|788222448|910626704
25602|0|62800|04/01/2024 15:08:47||33673|16409677936|23510716480
26141|0|45522|04/01/2024 18:58:51|05/01/2024 00:20:56|19325|46814871528|113595904208
24822|0|36470|04/01/2024 09:51:40||52700|15175491216|18324561976
26330|0|78867|04/01/2024 20:14:51||15309|119094071912|75147041960
25775|0|31189|04/01/2024 16:24:34||29126|1247732456|1856449712
26142|0|13450|04/01/2024 18:57:40||19940|909987912|1239082424
26846|0|66722|04/01/2024 23:44:30||2730|26935232|39400336
25430|0|47552|04/01/2024 13:55:18||38082|66069023736|185050053464
24987|0|52010|04/01/2024 11:01:21||48519|13183923000|13714572568
25477|0|78509|04/01/2024 14:11:42||37098|1494573040|2181154800
26489|0|78319|04/01/2024 21:15:21||11679|6934559664|7741169320
24763|0|43396|04/01/2024 09:23:08||54412|5242433576|7844671648
25108|0|79082|04/01/2024 11:59:36||45024|3660863008|4617896864
25878|0|38222|04/01/2024 17:03:18||26802|6357387848|7310602264
26454|0|54220|04/01/2024 21:03:52||12368|32535416064|71897244888
25544|0|26580|04/01/2024 14:48:05||34915|9882946416|11907223128
25735|0|52962|04/01/2024 16:00:48||30552|504448984|635909992
26239|0|66619|04/01/2024 19:38:21||17499|18138183752|52532621360
25950|0|34127|04/01/2024 17:38:12||24708|32272438880|20356027616
24868|0|6802|04/01/2024 10:17:45||51135|136879329768|320117563944
26401|0|90297|04/01/2024 20:42:04||13676|46431578464|91544796056
26455|0|35081|04/01/2024 21:03:30||12390|5654816256|6512335688
26380|0|60248|04/01/2024 20:30:22||14378|30461969208|69822323648
26696|0|8607|04/01/2024 22:42:34||6446|12007121544|27546102152
25174|0|31508|04/01/2024 12:11:02||44338|18625544792|19780090248
26754|0|68760|04/01/2024 23:06:12||5028|1042883128|1049139968
25628|0|41700|04/01/2024 15:16:51||33189|10204804224|15256251072
26456|0|18066|04/01/2024 21:06:59||12181|19019572648|54882013392
26549|0|91475|04/01/2024 21:47:28||9752|2483116008|2665512088
26332|0|78636|04/01/2024 20:16:16||15224|1749986144|2539628224
26096|0|97111|04/01/2024 18:39:12||21048|6313383432|7885556736
26550|0|38141|04/01/2024 21:46:46||9794|389315960|442359864
26117|0|67666|04/01/2024 18:40:07||20993|2998354360|3762601376
26755|0|86487|04/01/2024 23:06:16||5024|567454864|577106576
26333|0|97656|04/01/2024 20:10:21||15579|7715052760|10335287208
25921|0|42829|04/01/2024 17:26:44||25396|3497353064|3527154424
25322|0|38580|04/01/2024 13:11:27||40713|7743204376|9440218536
26847|0|88059|04/01/2024 23:40:54||2946|3486604752|1963263936
26402|0|20046|04/01/2024 20:49:58||13202|5626145552|6436951536
24648|0|40916|04/01/2024 08:39:49||57011|6422362424|6908841072
24807|0|71324|04/01/2024 09:40:26||53374|6523442008|6568463936
24735|0|54993|04/01/2024 09:19:46||54614|18377441848|21226518400
26282|0|85732|04/01/2024 19:53:07||16613|5015114848|7208370448
25716|0|37858|04/01/2024 15:56:07||30833|4425958896|4812103768
26118|0|4618|04/01/2024 18:44:23||20737|51390798544|97255285728
25696|0|11077|04/01/2024 15:48:03||31317|10595520152|13139995000
26728|0|55593|04/01/2024 22:50:20||5980|3782813824|5550784880
25697|0|66256|04/01/2024 15:42:41||31639|18297308200|23529233120
26015|0|48135|04/01/2024 18:09:31||22829|12136645088|12644354744
25241|0|26014|04/01/2024 12:40:49||42551|8336949328|11312314704
25668|0|39980|04/01/2024 15:39:17|05/01/2024 00:22:15|31378|17360737024|21776694456
25971|0|76363|04/01/2024 17:44:52||24308|1502968392|1973472288
25698|0|61149|04/01/2024 15:45:54||31446|7257253456|9771521792
25524|0|18927|04/01/2024 14:37:48||35532|6377412744|7787270976
25504|0|44714|04/01/2024 14:27:28||36152|4159398448|5621540480
26162|0|71703|04/01/2024 19:09:44||19216|8876520560|13055806104
26729|0|43410|04/01/2024 22:51:10||5930|927348056|1170362392
26016|0|15905|04/01/2024 18:01:25||23315|15842457376|23200564264
25574|0|91964|04/01/2024 14:59:48||34212|7653694656|11467618632
25109|0|46076|04/01/2024 11:59:07||45053|6783209056|7835733992
26065|0|13803|04/01/2024 18:27:06||21774|71173000|101432400
26283|0|47241|04/01/2024 19:52:56||16624|4353428880|2906869648
25199|0|88096|04/01/2024 12:23:15||43605|8752345680|12251896536
25649|0|4606|04/01/2024 15:23:07||32813|8367879160|9701937112
26041|0|12608|04/01/2024 18:18:17||22303|18779074992|24125051496
25603|0|11713|04/01/2024 15:04:04||33956|10412548728|12226336024
26042|0|38214|04/01/2024 18:12:41||22639|4936138968|5956332376
26144|0|24213|04/01/2024 18:59:10||19850|49320902512|116238133120
25175|0|24545|04/01/2024 12:16:57||43983|10739981536|14550669688
25145|0|67106|04/01/2024 12:03:31||44789|9165543232|10385669288
26066|0|22301|04/01/2024 18:25:42||21858|6121148352|7111394808
26848|0|80524|04/01/2024 23:47:25||2555|86619952|111871688
26163|0|65637|04/01/2024 19:08:28||19292|439755592|611936752
26403|0|59817|04/01/2024 20:40:47||13753|13758613344|15318958832
26164|0|5708|04/01/2024 19:05:28||19472|4251587480|6217944184
26426|0|21901|04/01/2024 20:53:14||13006|2618074112|3874677976
26669|0|87742|04/01/2024 22:36:09||6831|1103509264|1354984640
26670|0|56598|04/01/2024 22:38:07||6713|636838248|840909904
25323|0|76085|04/01/2024 13:18:33||40287|7869246352|8602648336
26697|0|50524|04/01/2024 22:44:07||6353|1928353808|2044222040
26849|0|36128|04/01/2024 23:43:31||2789|2553932976|3425587256
26627|0|35038|04/01/2024 22:14:11||8149|27295681016|52169277440
25825|0|42069|04/01/2024 16:42:53||28027|1511814192|2250429560
26145|0|75731|04/01/2024 18:53:08||20212|1288381944|1313325640
26890|0|13160|05/01/2024 00:03:39||1581|112541128|155842192
26850|0|51005|04/01/2024 23:42:45||2835|77822992|111506432
24988|0|93514|04/01/2024 11:00:35||48565|5481059800|6604719584
26648|0|21691|04/01/2024 22:20:16||7784|281487176|340910480
24971|0|65046|04/01/2024 10:55:07||48893|105923654576|257173939480
24950|0|40852|04/01/2024 10:48:01||49319|9581814784|9875532200
26381|0|7986|04/01/2024 20:35:02||14098|3150682808|4245031632
26628|0|72262|04/01/2024 22:10:52||8348|13397081328|35827937448
25972|0|44898|04/01/2024 17:40:32||24568|52753193808|151144410472
26534|0|70352|04/01/2024 21:34:53||10507|1241913616|1823432240
26240|0|58272|04/01/2024 19:39:20||17440|3486325896|5125412816
25055|0|92306|04/01/2024 11:37:21||46359|2543603784|2962273312
25082|0|66625|04/01/2024 11:41:15||46125|6130618808|6358338944
26671|0|42589|04/01/2024 22:31:04||7136|1211190264|1681189624
26851|0|99038|04/01/2024 23:44:04||2756|1809612584|2039763376
26912|0|44391|05/01/2024 00:19:57||603|89070688|115528432
25736|0|24609|04/01/2024 16:08:25||30095|11481896936|15303380008
25758|0|20346|04/01/2024 16:11:57||29883|1560081304|1648766400
26786|0|33387|04/01/2024 23:27:11||3769|617321296|824890112
25803|0|72497|04/01/2024 16:38:27||28293|1457571688|2069040968
26490|0|23057|04/01/2024 21:13:12||11808|5155249848|5848469568
25431|0|78811|04/01/2024 13:59:17||37843|2861763096|3576966176
26457|0|15233|04/01/2024 21:00:01||12599|3300289128|3512067944
26097|0|64453|04/01/2024 18:31:03||21537|6149953104|6988257992
25146|0|53550|04/01/2024 12:07:09||44571|4716227552|5963131032
25650|0|75256|04/01/2024 15:26:54||32586|17027867616|17906174776
26146|0|82975|04/01/2024 18:52:11||20269|5477097600|6925109344
26428|0|66003|04/01/2024 20:56:20||12820|1618057488|2041668856
26241|0|61892|04/01/2024 19:35:20||17680|3957171768|4547799056
26187|0|48755|04/01/2024 19:10:23||19177|1807671512|2657169440
25804|0|65551|04/01/2024 16:37:33||28347|12341414128|18046112360
26942|0|88718|05/01/2024 00:22:55||425|143195696|161627752
26404|0|12492|04/01/2024 20:48:22||13298|2974142240|3562134320
25630|0|34519|04/01/2024 15:19:11||33049|783066640|1019618832
26311|0|56137|04/01/2024 20:04:03||15957|3176883832|4352876080
25222|0|41470|04/01/2024 12:39:40||42620|10970798536|12080724968
24217|0|52355|04/01/2024 05:45:58||67442|1970153792|2124050752
24972|0|87529|04/01/2024 10:55:27||48873|11452330256|13541955544
26405|0|93897|04/01/2024 20:47:52||13328|6591511496|9342338648
25826|0|73381|04/01/2024 16:44:48||27912|2407255048|2806246912
26943|0|94806|05/01/2024 00:25:54||246|45874344|68493528
26551|0|91548|04/01/2024 21:40:23||10177|3182787904|4175162768
25651|0|61999|04/01/2024 15:22:47||32833|6813606736|7477215040
26672|0|53526|04/01/2024 22:38:39||6681|1067569832|1526964528
26698|0|54759|04/01/2024 22:40:32||6568|1099278144|1177930536
25923|0|91721|04/01/2024 17:21:27||25713|14215705136|15164068216
25455|0|58622|04/01/2024 14:01:58||37682|18432557680|20322923952
25952|0|30399|04/01/2024 17:39:16||24644|29492772080|68242714352
26098|0|33578|04/01/2024 18:30:44||21556|47602674920|123166298808
24808|0|32567|04/01/2024 09:45:02||53098|7947866120|9244142256
26188|0|19163|04/01/2024 19:14:25||18935|256227144|336689200
26312|0|83277|04/01/2024 20:01:59||16081|2635433336|3708745560
26852|0|89836|04/01/2024 23:47:40||2540|626330888|829593464
26429|0|55102|04/01/2024 20:55:36||12864|2563716448|2826520312
25547|0|52556|04/01/2024 14:43:27|05/01/2024 00:20:42|34635|44693330528|36289302920
26853|0|99225|04/01/2024 23:45:45||2655|499632056|710688384
26787|0|67839|04/01/2024 23:21:14||4126|4158363968|5274917552
26771|0|41690|04/01/2024 23:13:21||4599|315035832|351073312
25343|0|26795|04/01/2024 13:26:54||39786|3327756128|4754570512
26458|0|80397|04/01/2024 21:03:55||12365|1476173240|1553044576
26459|0|31381|04/01/2024 21:00:13||12587|4155675272|4264467664
26854|0|38286|04/01/2024 23:46:12||2628|674730488|874528624
26913|0|35949|05/01/2024 00:14:54||906|188910016|209175744
25699|0|41400|04/01/2024 15:40:28||31772|18925350256|27377139232
25345|0|61582|04/01/2024 13:28:29||39691|44505368688|29965818536
25879|0|69686|04/01/2024 17:08:02||26518|8490687792|10164145000
26788|0|4266|04/01/2024 23:23:17||4003|442066544|579375208
26596|0|53935|04/01/2024 22:05:16||8684|1175409232|1206824936
25432|0|30505|04/01/2024 13:51:28||38312|10261253640|12614645304
26730|0|82821|04/01/2024 22:57:26||5554|594821864|846586816
25268|0|38745|04/01/2024 12:57:59||41521|21914761800|32320773224
25631|0|20811|04/01/2024 15:18:17||33103|2435852168|2739564256
26313|0|90370|04/01/2024 20:08:34||15686|4169361952|5227156048
24543|0|66645|04/01/2024 07:57:27||59553|7469490408|11069949840
26772|0|39927|04/01/2024 23:14:27||4533|10240836840|20596346440
26491|0|20016|04/01/2024 21:13:04||11816|474618032|518861664
25299|0|32294|04/01/2024 13:03:40||41180|8509622064|12257473152
25632|0|83926|04/01/2024 15:15:11||33289|8927284864|9347003840
25700|0|58468|04/01/2024 15:44:29||31531|12477948976|12649483696
26789|0|97830|04/01/2024 23:21:24||4116|734368880|948839504
26430|0|44115|04/01/2024 20:52:16||13064|892380496|1096051864
25924|0|79123|04/01/2024 17:29:50||25210|27393331600|17296044944
26756|0|81151|04/01/2024 23:08:31||4889|959101624|1380311840
25347|0|90018|04/01/2024 13:22:07||40073|3314002552|3492213320
26255|0|22957|04/01/2024 19:46:19||17021|987365504|1318390080
26597|0|24393|04/01/2024 22:09:23||8437|413033896|598953952
26914|0|45845|05/01/2024 00:15:50||850|46870568|47471176
24358|0|52285|04/01/2024 06:33:08||64612|193248770680|360785131568
24871|0|13029|04/01/2024 10:15:01||51299|6641257344|7744969032
25269|0|4087|04/01/2024 12:58:48||41472|20780799704|21782903848
25004|0|76719|04/01/2024 11:14:59||47701|118426893776|284846588984
25377|0|36934|04/01/2024 13:37:36||39144|20591707544|27407105264
26460|0|14069|04/01/2024 21:07:19||12161|37729088928|79507648840
25548|0|53663|04/01/2024 14:41:27||35313|1512519488|1517407632
26915|0|29777|05/01/2024 00:15:33||867|3049040|4236560
26314|0|84210|04/01/2024 20:01:06||16134|39782838576|110528744712
24455|0|92429|04/01/2024 07:18:32||61888|916360856|1257772064
25605|0|76729|04/01/2024 15:01:44||34096|44182800|52439648
26790|0|60671|04/01/2024 23:21:16||4124|13367173464|28415057616
26773|0|94556|04/01/2024 23:10:44||4756|820881168|912300424
26286|0|88205|04/01/2024 19:55:10||16490|3446686912|3717575984
26119|0|67368|04/01/2024 18:44:12||20748|8550767080|9534202560
24698|0|4697|04/01/2024 08:51:56||56284|210265899616|408682386256
25300|0|36658|04/01/2024 13:06:36||41004|7878981816|7968297608
26018|0|76870|04/01/2024 18:05:13||23087|7513147464|8712566568
26699|0|96661|04/01/2024 22:40:57||6543|1213856336|1635873704
26855|0|86178|04/01/2024 23:45:45||2655|196968264|211893360
25901|0|89519|04/01/2024 17:19:19||25841|67112947552|178243967664
25549|0|28538|04/01/2024 14:40:31||35369|6155994080|6679652656
26649|0|10559|04/01/2024 22:28:28||7292|627316664|843612584
25718|0|38624|04/01/2024 15:58:22||30698|77457613056|149542310520
24593|0|55502|04/01/2024 08:15:03||58497|6571754624|8323473480
25827|0|98651|04/01/2024 16:41:41||28099|1225077312|1699741680
26552|0|5653|04/01/2024 21:44:03||9957|155762800|214891160
26815|0|9731|04/01/2024 23:33:21||3399|7534437296|17229282080
26166|0|32366|04/01/2024 19:00:38||19762|65886058232|151001806336
26512|0|57772|04/01/2024 21:27:46||10934|541635616|771290960
25902|0|10021|04/01/2024 17:16:25||26015|620215920|753449896
25404|0|15671|04/01/2024 13:46:15||38625|28334083176|35439386496
26650|0|13744|04/01/2024 22:20:40||7760|1997078928|2310071464
25177|0|68860|04/01/2024 12:10:19||44381|3684181736|4278568928
26043|0|48095|04/01/2024 18:18:06||22314|10352663296|12007552280
26147|0|8071|04/01/2024 18:55:49||20051|9359998200|10557074648
26553|0|56743|04/01/2024 21:48:48||9672|2798074008|3141018984
26757|0|60247|04/01/2024 23:08:43||4877|1035306288|1166399120
26816|0|79106|04/01/2024 23:36:59||3181|407155904|571983736
26256|0|41018|04/01/2024 19:44:11||17149|627890480|762981824
26535|0|88853|04/01/2024 21:30:56||10744|948412120|1127872976
25434|0|26118|04/01/2024 13:50:39||38361|10773467232|13536747352
25577|0|12799|04/01/2024 14:56:49||34391|4060676248|5310665176
25270|0|16861|04/01/2024 12:55:10||41690|3016512752|4504967280
26817|0|96983|04/01/2024 23:31:50||3490|2605322288|3846839792
26407|0|87906|04/01/2024 20:46:33||13407|44598651744|114030626000
24824|0|23100|04/01/2024 09:56:10||52430|3165812608|3258570608
26891|0|76584|05/01/2024 00:00:16||1784|167224392|237910592
26944|0|9498|05/01/2024 00:23:45||375|29953136|40235360
26774|0|93398|04/01/2024 23:15:50||4450|1619421176|2040379800
25806|0|55126|04/01/2024 16:33:27||28593|61024633336|148715127808
25031|0|18374|04/01/2024 11:28:09||46911|96337258528|211337558552
26892|0|71600|05/01/2024 00:01:30||1710|71752592|102552776
25271|0|18673|04/01/2024 12:52:18||41862|15382971744|17376219088
25778|0|18513|04/01/2024 16:25:50||29050|5976745408|6643523336
25526|0|15458|04/01/2024 14:32:09||35871|2914701192|3973439200
25405|0|5573|04/01/2024 13:40:19||38981|6645415128|9639848040
24392|0|78455|04/01/2024 06:49:38||63622|26032819000|28703127352
24810|0|42379|04/01/2024 09:48:59||52861|427727616|471719728
25201|0|90216|04/01/2024 12:26:48||43392|5695565688|6727808080
26872|0|37232|04/01/2024 23:58:47||1873|173042112|229158104
25550|0|81534|04/01/2024 14:49:01||34859|11921412936|14919834352
26758|0|33434|04/01/2024 23:02:15||5265|1469844928|1917083688
26893|0|84737|05/01/2024 00:04:47||1513|50883792|75226760
25578|0|83852|04/01/2024 14:58:33||34287|6162129752|8579694216
26068|0|71826|04/01/2024 18:27:49||21731|2276039880|2490023536
26219|0|82511|04/01/2024 19:20:29||18571|8571989928|9254235704
26514|0|96073|04/01/2024 21:29:36||10824|353046032|389540992
26554|0|86957|04/01/2024 21:45:04||9896|202444960|231043400
26856|0|62538|04/01/2024 23:47:20||2560|57727032|70142040
26894|0|56779|05/01/2024 00:06:40||1400|15555520|18609936
25579|0|84557|04/01/2024 14:56:46||34394|76235557328|153840623000
26555|0|16025|04/01/2024 21:48:53||9667|115194192|133464672
26019|0|73017|04/01/2024 18:09:36||22824|39040430240|95362015224
26257|0|6918|04/01/2024 19:45:04||17096|5982376792|5993765344
25348|0|60391|04/01/2024 13:25:20||39880|14652352104|20355538656
26700|0|76396|04/01/2024 22:45:19||6281|2838216344|3381733384
26220|0|30325|04/01/2024 19:24:57||18303|2313059096|2852053312
25272|0|70362|04/01/2024 12:58:20||41500|1091042016|1589481440
26731|0|58758|04/01/2024 22:57:43||5537|234835728|330336784
25669|0|11392|04/01/2024 15:32:34||32246|21181096632|29135913488
26759|0|97683|04/01/2024 23:08:07||4913|224074736|285439600
24670|0|15140|04/01/2024 08:45:52||56648|9587880128|11838709896
25202|0|9484|04/01/2024 12:29:26||43234|10436585160|15084904312
25324|0|8691|04/01/2024 13:19:03||40257|746642680|966555296
25989|0|58046|04/01/2024 17:53:52|05/01/2024 00:23:55|23403|3303069448|4307114016
26791|0|99765|04/01/2024 23:20:43||4157|1041066224|1050318576
26221|0|41487|04/01/2024 19:28:14||18106|3762438176|4083936736
26461|0|45641|04/01/2024 21:05:07||12293|6967599352|7483812408
24479|0|30506|04/01/2024 07:24:56||61504|6850292792|8023087424
25702|0|31714|04/01/2024 15:41:56||31684|161902344|238742136
26673|0|81865|04/01/2024 22:32:17||7063|5344795032|6293481368
26462|0|22793|04/01/2024 21:02:36||12444|7282094656|9818569880
25483|0|32356|04/01/2024 14:12:16||37064|8651216808|11509177504
26259|0|33659|04/01/2024 19:41:00||17340|874861632|1041178888
26463|0|23997|04/01/2024 21:03:01||12419|3068664952|4391086664
26189|0|83574|04/01/2024 19:11:18||19122|74262877568|197153992048
26916|0|28979|05/01/2024 00:15:39||861|108797672|119719536
26464|0|40452|04/01/2024 21:03:14||12406|21016734392|43356774144
26355|0|52873|04/01/2024 20:29:49||14411|4940629616|5362476368
24793|0|20948|04/01/2024 09:34:56||53704|19562331232|23524008616
25925|0|22626|04/01/2024 17:27:00||25380|1766953064|2399017912
26383|0|37512|04/01/2024 20:34:20||14140|5549168616|6017186880
26651|0|35844|04/01/2024 22:22:18||7662|2019372000|2052735056
25880|0|36211|04/01/2024 17:03:15||26805|387220840|559808136
24953|0|96899|04/01/2024 10:40:46||49754|179728888|261011336
26099|0|71110|04/01/2024 18:39:39||21021|9367490544|10457679680
24848|0|89700|04/01/2024 10:07:42||51738|15289895936|16755607920
25484|0|30183|04/01/2024 14:19:01||36659|10184264760|14226917304
25508|0|55562|04/01/2024 14:27:32||36148|842151072|1037666200
26287|0|97929|04/01/2024 19:57:42||16338|6478191104|6850932512
26792|0|52552|04/01/2024 23:25:31||3869|2005344224|2333809952
25088|0|95175|04/01/2024 11:46:35||45805|8318250520|11766268528
26556|0|36373|04/01/2024 21:42:21||10059|415435456|536468152
24954|0|68194|04/01/2024 10:41:43||49697|2999523176|3071174424
26408|0|40634|04/01/2024 20:44:33||13527|257718208|267486080
25926|0|75357|04/01/2024 17:23:58||25562|5716364136|6157458392
25903|0|51641|04/01/2024 17:11:43||26297|56213996744|106330027056
24739|0|81674|04/01/2024 09:13:56||54964|4692793720|5622985936
26336|0|36538|04/01/2024 20:15:58||15242|764739144|1083199744
26044|0|82539|04/01/2024 18:17:27||22353|831083232|1046112960
26793|0|85726|04/01/2024 23:29:16||3644|9897010104|26671884216
26315|0|35063|04/01/2024 20:02:53||16027|33666953192|100229047576
25781|0|14250|04/01/2024 16:27:08||28972|2779517912|3723963168
25808|0|42042|04/01/2024 16:33:27||28593|2012250632|2721706896
24905|0|81440|04/01/2024 10:25:47||50653|27993918776|38631400240
26873|0|80111|04/01/2024 23:53:43||2177|507412528|683648968
24955|0|75915|04/01/2024 10:40:50|05/01/2024 00:23:32|49362|780849048|1146592792
26945|0|75915|05/01/2024 00:25:23||277|14846368|15834040
26580|0|62410|04/01/2024 21:54:02||9358|760065160|819781056
25606|0|8112|04/01/2024 15:03:01||34019|2258364432|3261661736
26895|0|20792|05/01/2024 00:00:11||1789|281378584|841195240
25670|0|96779|04/01/2024 15:36:19||32021|4558852312|6071476216
25973|0|77834|04/01/2024 17:41:26||24514|3598053144|4172692808
24393|0|60826|04/01/2024 06:43:42||63978|2448631232|2724623064
26465|0|55293|04/01/2024 21:07:32||12148|2000528736|2436837200
24160|0|89206|04/01/2024 05:22:54||68826|27760851328|29968753496
24906|0|35946|04/01/2024 10:20:30||50970|7477472568|10925573240
26946|0|92253|05/01/2024 00:24:29||331|5314880|6315208
26917|0|66793|05/01/2024 00:18:21||699|15677472|18945544
26652|0|58035|04/01/2024 22:20:15||7785|108486040|141986792
26222|0|48275|04/01/2024 19:20:30||18570|1350941136|1927947232
25115|0|11466|04/01/2024 11:52:45||45435|2142198608|2329657936
26288|0|61600|04/01/2024 19:58:28||16292|6697595472|9700309024
26701|0|99822|04/01/2024 22:48:14||6106|1607829752|1868758336
26557|0|93368|04/01/2024 21:41:12||10128|3763274080|4580352920
25705|0|19463|04/01/2024 15:43:43||31577|9823510184|13785364336
24460|0|24196|04/01/2024 07:11:46||62294|117924415656|313847909024
26775|0|95722|04/01/2024 23:14:39||4521|1377277640|1478908192
26149|0|60968|04/01/2024 18:54:24||20136|1224592376|1435056352
26732|0|12037|04/01/2024 22:55:57||5643|359577776|376005192
24566|0|47261|04/01/2024 08:09:10||58850|4281438520|5536479176
26733|0|22529|04/01/2024 22:59:16||5444|3143873320|4380505608
26070|0|14486|04/01/2024 18:28:48||21672|7665024760|7938403584
25181|0|89349|04/01/2024 12:10:54||44346|7402541064|9829575144
26120|0|54507|04/01/2024 18:48:39||20481|1741001312|2117548568
25033|0|49346|04/01/2024 11:29:44||46816|5130776888|7546652456
26558|0|21026|04/01/2024 21:49:36||9624|658557536|927997712
26947|0|54254|05/01/2024 00:22:39||441|133371976|136892888
25203|0|33554|04/01/2024 12:22:38||43642|83751124400|188831494280
26702|0|50596|04/01/2024 22:47:33||6147|6847940768|17666789648
26466|0|89993|04/01/2024 21:06:07||12233|4520178528|6420878336
26918|0|9643|05/01/2024 00:18:09||711|176656|260072
26316|0|60474|04/01/2024 20:03:00||16020|3817266216|5563308208
25584|0|18827|04/01/2024 14:57:23||34357|4778668064|6803823392
26703|0|34171|04/01/2024 22:46:19||6221|512476128|714182008
24224|0|70987|04/01/2024 05:41:14||67726|1273960880|1831729840
26818|0|80671|04/01/2024 23:34:13||3347|1424248544|1999726960
24826|0|48315|04/01/2024 09:56:03||52437|4139463672|6145012560
26384|0|30802|04/01/2024 20:31:26||14314|3131076032|3573136128
25034|0|38001|04/01/2024 11:28:43||46877|8647409560|12124363080
24567|0|5608|04/01/2024 08:07:36||58944|51495277416|39362508040
26581|0|79133|04/01/2024 21:51:16||9524|742686656|1077522168
26431|0|7346|04/01/2024 20:57:50||12730|2222857440|3045455584
26734|0|23643|04/01/2024 22:55:11||5689|433696560|598583112
26896|0|84629|05/01/2024 00:03:11||1609|72918232|84596024
25182|0|95315|04/01/2024 12:10:00||44400|88764117488|169637819728
26598|0|69104|04/01/2024 22:09:03||8457|845200104|956520968
25349|0|12308|04/01/2024 13:24:18||39942|10343819528|13490640232
25485|0|45869|04/01/2024 14:16:16||36824|2088501104|2783481872
24992|0|88903|04/01/2024 11:06:25||48215|34626476432|39325153512
26674|0|99338|04/01/2024 22:38:36||6684|1841781568|2136459048
26516|0|43357|04/01/2024 21:20:13||11387|502431032|745380072
25953|0|13359|04/01/2024 17:34:42||24918|3097006528|3848612680
26101|0|34436|04/01/2024 18:35:07||21293|6097008720|9126727152
26582|0|8845|04/01/2024 21:54:22||9338|605240408|647226936
26583|0|81330|04/01/2024 21:55:52||9248|239792856|261104840
26819|0|51793|04/01/2024 23:33:57||3363|2233172824|3030799224
26919|0|42420|05/01/2024 00:17:37||743|737922992|405054848
25828|0|44668|04/01/2024 16:47:03||27777|7272996784|10864147312
26794|0|71414|04/01/2024 23:20:50||4150|1729471296|1801359256
25634|0|32627|04/01/2024 15:15:09||33291|87605136800|239890083104
25325|0|51623|04/01/2024 13:14:12||40548|96976273312|180325757784
25673|0|84174|04/01/2024 15:30:11||32389|8187420144|10732994312
25435|0|80878|04/01/2024 13:55:49||38051|6744009560|7055250320
24522|0|26805|04/01/2024 07:41:09||60531|105038174208|261703314256
26433|0|64809|04/01/2024 20:51:17||13123|9086263880|11908652384
26045|0|16287|04/01/2024 18:15:04||22496|6240165776|9055099320
25035|0|23279|04/01/2024 11:27:43||46937|18308482448|20716396880
26356|0|12117|04/01/2024 20:24:30||14730|2813108200|3170483840
25829|0|25855|04/01/2024 16:45:01||27899|51161492688|136336228232
25635|0|8385|04/01/2024 15:16:00||33240|15017789680|21194948920
25118|0|94231|04/01/2024 11:50:40||45560|17316175088|17509349680
26820|0|30128|04/01/2024 23:37:28||3152|875815824|1044664464
25974|0|97245|04/01/2024 17:49:20||24040|5611283256|6427056480
25783|0|38245|04/01/2024 16:29:05||28855|1440738280|1893617232
26653|0|92522|04/01/2024 22:26:12||7428|10342329040|25568437112
26357|0|82714|04/01/2024 20:28:25||14495|2247344864|2621642552
25991|0|25214|04/01/2024 17:52:05||23875|8083181344|9363213288
26630|0|67205|04/01/2024 22:16:39||8001|377339576|513090192
26102|0|32313|04/01/2024 18:31:36||21504|10670628912|11885893536
25459|0|51683|04/01/2024 14:02:17||37663|569797768|691807312
26760|0|35019|04/01/2024 23:01:49||5291|168073192|242250968
26290|0|76706|04/01/2024 19:57:52||16328|2399485872|2461056080
26338|0|64939|04/01/2024 20:15:37||15263|3387223832|4131202960
26599|0|34656|04/01/2024 22:00:34||8966|670225504|807069144
25785|0|93183|04/01/2024 16:23:44||29176|9228168448|10242181272
25409|0|5135|04/01/2024 13:48:00||38520|23927590448|25096338536
26559|0|22415|04/01/2024 21:41:00||10140|8941647968|11275796728
26047|0|57831|04/01/2024 18:12:08||22672|7457652552|7602838280
26897|0|80160|05/01/2024 00:03:41||1579|276994176|346971528
24629|0|25961|04/01/2024 08:29:02||57658|24308878488|30791736960
26654|0|16845|04/01/2024 22:26:56||7384|886065816|1273801304
26704|0|37455|04/01/2024 22:48:40||6080|488774208|521211992
26020|0|35026|04/01/2024 18:00:04||23396|5117254920|5470293496
26223|0|41100|04/01/2024 19:20:05||18595|3366991888|4856352456
25150|0|78649|04/01/2024 12:03:23||44797|8797370984|11199690608
24828|0|72116|04/01/2024 09:52:39||52641|19347509712|26398348584
26103|0|13777|04/01/2024 18:34:42||21318|13972431800|15879142824
26517|0|96328|04/01/2024 21:22:08||11272|2195485040|3054304624
25674|0|33283|04/01/2024 15:36:33||32007|1066727840|1431691848
25675|0|65965|04/01/2024 15:30:45||32355|5353170792|6424410800
25975|0|61971|04/01/2024 17:45:50||24250|2661081736|3101152008
26150|0|27111|04/01/2024 18:54:58||20102|4092355880|4529713224
25610|0|26589|04/01/2024 15:06:12||33828|9862535336|10537158320
26776|0|41229|04/01/2024 23:10:49||4751|970698976|1186486600
25992|0|71547|04/01/2024 17:59:27||23433|1004158568|1150381640
25611|0|32944|04/01/2024 15:05:27||33873|7847635536|9741196248
26898|0|70023|05/01/2024 00:07:54||1326|794958648|888889624
25882|0|8192|04/01/2024 17:02:12||26868|7145333528|7541798776
24876|0|8672|04/01/2024 10:10:17||51583|12869518176|13813220656
26600|0|17757|04/01/2024 22:01:03||8937|1095734040|1619697528
26151|0|92830|04/01/2024 18:53:25||20195|8862573968|10686595736
26518|0|32980|04/01/2024 21:25:23||11077|10372544664|24591800680
26761|0|41921|04/01/2024 23:09:41||4819|4358945232|4714141096
26795|0|75783|04/01/2024 23:22:35||4045|2463355056|2713069336
26601|0|48155|04/01/2024 22:01:43||8897|890831200|1288365384
26071|0|48473|04/01/2024 18:27:23||21757|9668263328|9699088312
24811|0|50353|04/01/2024 09:44:30||53130|16799888128|18236609384
26467|0|68727|04/01/2024 21:05:49||12251|4893803312|5124764960
26705|0|80768|04/01/2024 22:41:57||6483|3593566520|3834926176
25786|0|14576|04/01/2024 16:23:17||29203|11491223792|13537133232
26874|0|94454|04/01/2024 23:55:52||2048|164397960|233933760
26152|0|60954|04/01/2024 18:57:38||19942|6247536832|6355646072
26191|0|77975|04/01/2024 19:13:14||19006|3780318064|5324289208
26948|0|95545|05/01/2024 00:27:24||156|10414696|14178752
26048|0|8196|04/01/2024 18:16:38||22402|3087396920|4345945968
26857|0|24307|04/01/2024 23:49:15||2445|296829896|325791960
26409|0|16591|04/01/2024 20:48:02||13318|6004372976|7016046312
25993|0|24285|04/01/2024 17:51:19||23921|57377728280|133098650600
26796|0|68801|04/01/2024 23:26:08||3832|747625352|840920192
26072|0|33277|04/01/2024 18:24:55||21905|3610024184|4393965112
25327|0|4374|04/01/2024 13:13:13||40607|12859444736|13140827208
25152|0|50729|04/01/2024 12:04:46||44714|19630623040|20352503360
26468|0|35718|04/01/2024 21:05:44||12256|1397993104|1500801240
25554|0|37826|04/01/2024 14:47:18||34962|4480215568|5389432744
26469|0|86057|04/01/2024 21:08:22||12098|9867829536|12478950064
26434|0|13493|04/01/2024 20:54:10||12950|5965896768|6270503864
25976|0|88931|04/01/2024 17:43:48||24372|604409808|705663616
25555|0|70269|04/01/2024 14:44:13||35147|4809937112|6391899416
26655|0|21411|04/01/2024 22:24:05||7555|12426238112|31137855528
25509|0|24262|04/01/2024 14:22:06||36474|8672564696|9394155224
24829|0|25907|04/01/2024 09:57:34||52346|1928045848|1949523688
26386|0|75211|04/01/2024 20:32:12||14268|533646584|764619256
24308|0|41122|04/01/2024 06:19:39|05/01/2024 00:28:45|65346|4948186088|6898594448
26858|0|49018|04/01/2024 23:45:25||2675|208924808|285189136
25720|0|56861|04/01/2024 15:52:43||31037|7623449568|8561275296
26762|0|33950|04/01/2024 23:04:45||5115|1395279448|1743671112
24812|0|5229|04/01/2024 09:45:36||53064|4506276624|6304469568
26821|0|15108|04/01/2024 23:35:35||3265|515162552|649260328
26317|0|53244|04/01/2024 20:09:52||15608|5487465672|5962013992
25585|0|58268|04/01/2024 14:51:43||34697|3016441296|3401610792
24830|0|85851|04/01/2024 09:59:01||52259|4186439688|5135230528
26875|0|40573|04/01/2024 23:56:47||1993|280000096|320119584
25010|0|94887|04/01/2024 11:14:36||47724|32977811400|48931722192
26735|0|25908|04/01/2024 22:50:40||5960|2496728520|2742530200
26706|0|59942|04/01/2024 22:40:53||6547|1475187520|1962418336
26192|0|31921|04/01/2024 19:13:36||18984|1225094832|1507710656
25246|0|28755|04/01/2024 12:47:24||42156|1833269744|2067493664
26153|0|23060|04/01/2024 18:53:02||20218|3578792872|5072658832
26122|0|38179|04/01/2024 18:41:19||20921|36381428640|73322252704
26360|0|64648|04/01/2024 20:24:46||14714|5456336200|7561020760
26291|0|91369|04/01/2024 19:55:21||16479|12208952960|14443353168
25486|0|11122|04/01/2024 14:12:12||37068|5621220032|5706459352
24813|0|78285|04/01/2024 09:40:59||53341|4269261840|4785265280
26493|0|84206|04/01/2024 21:11:24||11916|5950210688|6025024848
26519|0|60833|04/01/2024 21:26:56||10984|1886554136|2308678072
26022|0|7960|04/01/2024 18:04:33||23127|7645597176|10665262744
25462|0|62179|04/01/2024 14:03:19||37601|637841416|892589392
26602|0|22823|04/01/2024 22:08:36||8484|866756744|1229198888
26073|0|37004|04/01/2024 18:20:46||22154|4815797728|5427490536
26675|0|66796|04/01/2024 22:36:36||6804|1523547528|2149101640
26260|0|56301|04/01/2024 19:48:24||16896|589741752|624845456
25883|0|87107|04/01/2024 17:03:36||26784|615357656|629511520
26261|0|19514|04/01/2024 19:48:40||16880|3151462648|4093993064
26023|0|21333|04/01/2024 18:07:42||22938|10007950592|10338508240
25787|0|45176|04/01/2024 16:23:03||29217|15824747752|17285449384
24631|0|6702|04/01/2024 08:22:02||58078|20744383768|30169374816
25636|0|33922|04/01/2024 15:11:39||33501|9705144664|9950676376
24909|0|82971|04/01/2024 10:24:52||50708|128689025768|241506667840
25760|0|41315|04/01/2024 16:11:30||29910|2068648400|2351634600
25463|0|22367|04/01/2024 14:06:32||37408|10627693096|13940128248
25556|0|37027|04/01/2024 14:44:17||35143|1329424224|1446273064
24699|0|25403|04/01/2024 08:50:43||56357|194069853168|379888450392
25183|0|13573|04/01/2024 12:17:45||43935|1843296520|1972361896
25677|0|46855|04/01/2024 15:31:02||32338|3223643640|4213583664
24501|0|13064|04/01/2024 07:36:44||60796|4656215272|5777295600
25464|0|21657|04/01/2024 14:06:28||37412|2788777064|3534500096
26876|0|78282|04/01/2024 23:50:50||2350|553197760|770636552
26193|0|15513|04/01/2024 19:18:35||18685|576412240|690244128
25206|0|16280|04/01/2024 12:27:03||43377|16393469816|21444606840
25465|0|85960|04/01/2024 14:02:58||37622|29245624880|76203961520
25994|0|40171|04/01/2024 17:50:09||23991|14031612344|9442338016
26631|0|88558|04/01/2024 22:15:48||8052|4639717400|4836126096
26435|0|59724|04/01/2024 20:50:12||13188|4770083160|6262024112
26123|0|50288|04/01/2024 18:43:08||20812|9752211184|12306872672
26024|0|97249|04/01/2024 18:05:03||23097|8332315504|10709172896
25831|0|81508|04/01/2024 16:45:02||27898|111997401160|209507283824
26603|0|4995|04/01/2024 22:01:58||8882|274654328|336953720
25510|0|49181|04/01/2024 14:22:48||36432|917268216|1239464944
25832|0|37382|04/01/2024 16:48:34||27686|38245124568|25334897568
25247|0|16510|04/01/2024 12:47:04||42176|1784853184|2586570496
26243|0|41861|04/01/2024 19:35:09||17691|45441092856|121228461800
25954|0|7448|04/01/2024 17:36:25||24815|2744076344|3016057800
24772|0|10330|04/01/2024 09:20:54||54546|2369518584|2909856496
26436|0|42719|04/01/2024 20:55:34||12866|7772103720|9314625800
26169|0|7790|04/01/2024 19:01:25||19715|47211268016|93685598776
24633|0|73530|04/01/2024 08:25:52||57848|9447582192|13001427696
25653|0|26163|04/01/2024 15:21:45||32895|1559872488|1815027792
24851|0|25062|04/01/2024 10:08:35||51685|17201383496|21016825424
25613|0|38527|04/01/2024 15:04:15||33945|66422232536|148842898064
26899|0|72510|05/01/2024 00:00:52||1748|608307424|633862496
25995|0|61372|04/01/2024 17:59:11||23449|3753984816|3997749672
25707|0|77953|04/01/2024 15:48:50||31270|72932643888|171250874800
26707|0|24748|04/01/2024 22:47:12||6168|15986012592|34422158536
25011|0|74191|04/01/2024 11:18:19||47501|23360077408|31650318824
25884|0|86727|04/01/2024 17:08:05||26515|4281846296|5801970384
24523|0|73152|04/01/2024 07:48:54||60066|22261105088|30923881672
24226|0|6144|04/01/2024 05:42:03||67677|11483838800|14352214464
26387|0|96200|04/01/2024 20:37:46||13934|536060856|751256192
24311|0|16415|04/01/2024 06:19:22|05/01/2024 00:26:57|65255|33401541432|37200470080
25352|0|54905|04/01/2024 13:25:23||39877|23571124224|30904975936
25411|0|92449|04/01/2024 13:43:17||38803|7940625928|9657722920
26736|0|67715|04/01/2024 22:56:46||5594|284968008|331020944
25557|0|74606|04/01/2024 14:41:47||35293|1385930472|1628812288
25039|0|57472|04/01/2024 11:26:02||47038|6480594552|9612201216
25678|0|76991|04/01/2024 15:37:56||31924|6856725720|8684598768
25586|0|99981|04/01/2024 14:57:14||34366|6418136144|7920443936
26410|0|30566|04/01/2024 20:49:55||13205|3634456672|4533345328
26920|0|83555|05/01/2024 00:12:40||1040|46697224|54300440
26632|0|78954|04/01/2024 22:14:46||8114|662710096|854946592
26797|0|74187|04/01/2024 23:24:21||3939|186198768|273148728
26921|0|78514|05/01/2024 00:15:09||891|9577944|12537648
24910|0|45128|04/01/2024 10:22:12||50868|25896846648|33840194376
26224|0|32470|04/01/2024 19:23:32||18388|9090162944|11356004336
26388|0|60921|04/01/2024 20:39:05||13855|5846698784|7193536688
26737|0|18073|04/01/2024 22:54:44||5716|5483708872|13772514504
26437|0|36837|04/01/2024 20:55:56||12844|1142422232|1683588640
26949|0|8887|05/01/2024 00:20:02||598|301837544|304544968
26520|0|37896|04/01/2024 21:27:18||10962|20898641112|54339179320
26263|0|9592|04/01/2024 19:46:41||16999|2931484720|4259578384
26877|0|13874|04/01/2024 23:56:37||2003|405274768|437838456
25811|0|66917|04/01/2024 16:37:13||28367|2623326152|2981249384
25093|0|5171|04/01/2024 11:47:32||45748|1149237960|1718987960
26708|0|34230|04/01/2024 22:49:36||6024|2915699480|2949227952
25353|0|13532|04/01/2024 13:29:37||39623|2881354272|3221170200
25654|0|7887|04/01/2024 15:21:43||32897|13961812224|19068759240
25558|0|79889|04/01/2024 14:45:40||35060|14886868160|19775368648
26676|0|50814|04/01/2024 22:31:54||7086|1302950344|1610774520
24548|0|47736|04/01/2024 07:57:36||59544|168258760160|497621218792
25328|0|5765|04/01/2024 13:11:59||40681|16046683088|18873260856
25853|0|19910|04/01/2024 16:51:59||27481|13177801088|18470257056
24911|0|31368|04/01/2024 10:28:42||50478|27141483032|29687270832
25412|0|85717|04/01/2024 13:42:08||38872|7612249624|8359069496
25761|0|78694|04/01/2024 16:13:22||29798|12031169496|12406745288
26604|0|58580|04/01/2024 22:09:56||8404|1428808048|1697573528
25305|0|76117|04/01/2024 13:00:14||41386|8535437248|9397280240
26709|0|29115|04/01/2024 22:49:20||6040|485062000|508817752
26494|0|13858|04/01/2024 21:13:13||11807|847591600|1073791856
26438|0|87860|04/01/2024 20:55:08||12892|2739350968|3358608976
26470|0|47451|04/01/2024 21:08:23||12097|135538888|136719112
26075|0|78814|04/01/2024 18:21:02||22138|2687790000|2820990096
26922|0|10483|05/01/2024 00:18:54||666|29762128|37277544
26124|0|90250|04/01/2024 18:49:22||20438|1286772896|1809953072
26341|0|7562|04/01/2024 20:11:16||15524|46122408256|111695107872
26495|0|84677|04/01/2024 21:13:01||11819|1123784848|1591169968
25124|0|89149|04/01/2024 11:53:02||45418|2072040392|2564375200
25955|0|13155|04/01/2024 17:30:20||25180|2854469024|3674348600
26605|0|43871|04/01/2024 22:09:43||8417|356477416|456820072
26496|0|73860|04/01/2024 21:14:15||11745|2852316632|3474603816
26539|0|40447|04/01/2024 21:31:41||10699|3820280544|4288885128
26154|0|90343|04/01/2024 18:50:45||20355|3076246016|3435962064
26105|0|65245|04/01/2024 18:38:54||21066|2079005088|2836542656
24480|0|20961|04/01/2024 07:26:30||61410|26147101848|38903346880
26677|0|87297|04/01/2024 22:30:57||7143|6155222720|6557881144
25721|0|75227|04/01/2024 15:53:42||30978|127569832|144920592
26225|0|91648|04/01/2024 19:27:35||18145|1258293432|1833196760
26471|0|9020|04/01/2024 21:04:02||12358|992870496|1149003776
26226|0|45954|04/01/2024 19:25:16||18284|991690832|1288452920
24912|0|74253|04/01/2024 10:25:55|05/01/2024 00:29:53|50638|10262038640|12457856680
26194|0|70904|04/01/2024 19:12:13||19067|345286488|403917048
25722|0|42629|04/01/2024 15:51:17||31123|11061768928|13352984168
26025|0|89944|04/01/2024 18:04:53||23107|6041854640|8062858680
26195|0|70346|04/01/2024 19:18:23||18697|502818208|512451760
25354|0|74426|04/01/2024 13:28:09||39711|3182982472|4128546760
26606|0|70569|04/01/2024 22:00:32||8968|336310520|415177096
25559|0|43395|04/01/2024 14:40:03||35397|2247821016|2346586808
26923|0|57299|05/01/2024 00:11:09||1131|73458408|93442256
26822|0|56614|04/01/2024 23:30:24||3576|1576804616|1676439144
25833|0|17698|04/01/2024 16:43:08||28012|892197672|992104496
25380|0|74809|04/01/2024 13:31:24||39516|7559536888|10987938040
25616|0|5677|04/01/2024 15:05:02||33898|501432152|658268840
25355|0|29286|04/01/2024 13:28:18||39702|8051489824|8288849832
25356|0|77182|04/01/2024 13:20:51||40149|14616422384|21897843632
25330|0|56312|04/01/2024 13:17:43||40337|9720511376|9998463368
24525|0|41285|04/01/2024 07:46:02||60238|7004518104|7893816760
26245|0|82691|04/01/2024 19:32:47||17833|976828840|1445872880
25588|0|15873|04/01/2024 14:54:33||34527|13153004368|14984155912
26076|0|56825|04/01/2024 18:29:31||21629|16207575336|19220598896
25906|0|77390|04/01/2024 17:12:38||26242|28701249264|17225132608
26777|0|72368|04/01/2024 23:14:27||4533|1881676368|2180128616
26585|0|20444|04/01/2024 21:52:01||9479|2076737928|2460191488
25467|0|9063|04/01/2024 14:07:25||37355|74778525480|145073574376
25063|0|98692|04/01/2024 11:38:46||46274|6649849280|7135412768
26763|0|70496|04/01/2024 23:00:33||5367|1764078360|2035764448
25886|0|54206|04/01/2024 17:08:31||26489|51101169424|130523833760
25155|0|87711|04/01/2024 12:07:03||44577|12162793896|17927209992
26389|0|74720|04/01/2024 20:32:40||14240|6878500992|7015414464
26924|0|17617|05/01/2024 00:12:21||1059|106240984|141766600
25679|0|29622|04/01/2024 15:31:20||32320|32896333576|65458281968
25468|0|64031|04/01/2024 14:03:02||37618|14858986880|20164098664
24832|0|79158|04/01/2024 09:55:18||52482|14031929544|16592878960
26878|0|30036|04/01/2024 23:58:06||1914|425549576|612673912
26196|0|96433|04/01/2024 19:12:59||19021|1098457432|1579994024
26342|0|53041|04/01/2024 20:17:40|05/01/2024 00:22:03|14663|11135174520|28838354464
26950|0|53041|05/01/2024 00:22:33||447|737517064|1482552792
25617|0|53850|04/01/2024 15:00:37||34163|4490543752|5860814784
26264|0|88578|04/01/2024 19:42:05||17275|999399312|1057452920
26657|0|89561|04/01/2024 22:22:50||7630|4626875408|6348435288
24601|0|36684|04/01/2024 08:15:26||58474|25827942280|27858961776
25228|0|39563|04/01/2024 12:38:53||42667|5026068912|6133695256
26900|0|7740|05/01/2024 00:01:27||1713|390214800|559348552
24852|0|69934|04/01/2024 10:07:23||51757|40331298064|25663378200
26197|0|9538|04/01/2024 19:18:47||18673|900675328|1121165552
25740|0|89271|04/01/2024 16:07:03||30177|17623642512|25902359056
25997|0|71449|04/01/2024 17:55:59||23641|11648335920|14994209232
24878|0|36306|04/01/2024 10:10:34||51566|7219855416|8518667888
26823|0|80154|04/01/2024 23:39:16||3044|23091856|32507992
26125|0|82096|04/01/2024 18:49:07||20453|9990688920|12578674376
26246|0|28192|04/01/2024 19:31:27||17913|2416696192|2690597352
26607|0|81191|04/01/2024 22:08:43||8477|1383580616|2054633976
26798|0|22160|04/01/2024 23:29:21||3639|4215569504|4237571936
25929|0|98931|04/01/2024 17:28:38||25282|1882920872|2013353064
26901|0|15723|05/01/2024 00:02:51||1629|49271168|71658448
25531|0|99991|04/01/2024 14:31:16||35924|6294546784|7042413208
26293|0|5554|04/01/2024 19:55:49||16451|1609755160|1896996328
25438|0|12514|04/01/2024 13:51:16||38324|6103114872|6366161328
25723|0|92554|04/01/2024 15:53:09||31011|3544133480|4572268272
26411|0|55659|04/01/2024 20:49:55||13205|259762112|302024992
26738|0|26980|04/01/2024 22:56:37||5603|1580685136|1587346008
26678|0|67040|04/01/2024 22:37:24||6756|1253052528|1529168848
26710|0|63399|04/01/2024 22:49:56||6004|1722547312|1853310928
26126|0|16246|04/01/2024 18:47:22||20558|1693228888|2317847856
25041|0|75162|04/01/2024 11:21:43||47297|6974524488|10064883232
26739|0|78184|04/01/2024 22:55:17||5683|3919786256|4213469376
25229|0|66942|04/01/2024 12:33:18||43002|2826365176|3089017536
26560|0|96811|04/01/2024 21:40:08||10192|85108344|117163536
24481|0|95455|04/01/2024 07:20:55||61745|18571296080|24625674344
25125|0|66990|04/01/2024 11:53:52||45368|10567332992|13878270216
26951|0|14679|05/01/2024 00:20:08||592|129472216|162317640
26265|0|17303|04/01/2024 19:45:44||17056|2459679728|3367187056
26633|0|60664|04/01/2024 22:19:14||7846|2428225944|3111710112
26343|0|36699|04/01/2024 20:10:25||15575|1151680432|1572515976
25513|0|36740|04/01/2024 14:23:18||36402|6860137328|7237457376
25561|0|19323|04/01/2024 14:46:31||35009|3953013224|5377566392
26778|0|8753|04/01/2024 23:17:25||4355|3033943240|3330415840
25763|0|53716|04/01/2024 16:16:18||29622|12028054528|12347012776
26824|0|31406|04/01/2024 23:30:57||3543|2168230904|3219448208
25469|0|15403|04/01/2024 14:00:25||37775|299920744|413532416
25359|0|89681|04/01/2024 13:22:47||40033|18776783912|20965918040
25439|0|9025|04/01/2024 13:55:01||38099|35556549880|91199547112
26879|0|95882|04/01/2024 23:53:37||2183|174647584|256566520
25383|0|84376|04/01/2024 13:35:53||39247|3617227072|4927487376
26740|0|32883|04/01/2024 22:58:41||5479|20716532776|41411083000
24975|0|41534|04/01/2024 10:59:42||48618|23574813392|32028520480
26344|0|80480|04/01/2024 20:13:20||15400|54601413872|114880642768
24637|0|68489|04/01/2024 08:22:07||58073|33677199232|33816189352
26561|0|73643|04/01/2024 21:48:52||9668|76602312|101034976
26049|0|64590|04/01/2024 18:10:17||22783|44357226072|111152857680
24701|0|69746|04/01/2024 08:55:55||56045|8251656216|11874749432
26859|0|34494|04/01/2024 23:44:49||2711|1137769816|1342384776
26026|0|79522|04/01/2024 18:00:25||23375|3102211752|3447609784
25487|0|59647|04/01/2024 14:17:03||36777|2550905656|3163876184
24682|0|62299|04/01/2024 08:44:46||56714|4871690928|7097987920
26825|0|61365|04/01/2024 23:31:15||3525|698053208|1027792816
24957|0|18924|04/01/2024 10:49:59||49201|17692518808|24089006768
26608|0|93865|04/01/2024 22:06:25||8615|1400467136|1855290808
24958|0|87573|04/01/2024 10:49:27||49233|2671807440|2711755840
26106|0|69030|04/01/2024 18:31:29||21511|11249476752|16616844928
25360|0|29761|04/01/2024 13:23:13||40007|15383262424|17081443720
25813|0|93486|04/01/2024 16:30:46||28754|9830839352|14104726208
26540|0|66034|04/01/2024 21:32:18||10662|1256897776|1281396320
26799|0|38696|04/01/2024 23:21:34||4106|2244179120|3291259792
24880|0|88305|04/01/2024 10:18:24||51096|56071378776|34221152840
26155|0|37461|04/01/2024 18:53:04||20216|1618201384|2001177752
25931|0|75397|04/01/2024 17:21:01||25739|2772361840|4033549368
26170|0|88311|04/01/2024 19:00:40||19760|1525836656|1880442088
25126|0|79100|04/01/2024 11:57:52|05/01/2024 00:24:40|44808|4283847816|4794234296
26826|0|62211|04/01/2024 23:34:20||3340|20948784|24274496
25888|0|15250|04/01/2024 17:06:50||26590|3220730056|3910766848
26925|0|70247|05/01/2024 00:15:08||892|405535288|465275952
25741|0|78878|04/01/2024 16:06:10||30230|7594449456|8394164168
26609|0|22049|04/01/2024 22:01:02||8938|506129656|607263784
25790|0|78058|04/01/2024 16:22:43||29237|2652657472|3828457160
26521|0|97600|04/01/2024 21:27:52||10928|764219536|851813128
26522|0|64944|04/01/2024 21:29:11||10849|1414878768|1437793760
26198|0|46691|04/01/2024 19:13:09||19011|1130010928|1694910120
25681|0|37373|04/01/2024 15:39:06||31854|12999648336|13006592408
25589|0|97429|04/01/2024 14:53:29||34591|547615376|581548040
24402|0|8653|04/01/2024 06:44:32||63928|6401027248|8621306600
24194|0|60264|04/01/2024 05:37:46||67934|50481977928|58168158392
26764|0|67781|04/01/2024 23:06:30||5010|1679348384|2038293280
26362|0|54164|04/01/2024 20:23:26||14794|5879608840|7182122240
26247|0|52200|04/01/2024 19:39:44||17416|4609946848|6577037248
26679|0|41071|04/01/2024 22:35:32||6868|15777769712|41432314952
25591|0|67972|04/01/2024 14:55:15||34485|12917560992|15594417584
25908|0|75579|04/01/2024 17:15:07||26093|41053925072|109478577528
26171|0|40650|04/01/2024 19:02:52||19628|2231961680|3322115856
25488|0|75387|04/01/2024 14:17:22||36758|258258496|274913960
26077|0|24707|04/01/2024 18:28:49||21671|872016928|928847784
24367|0|25888|04/01/2024 06:33:21||64599|12468899600|18665327096
26472|0|32552|04/01/2024 21:06:03||12237|9304905440|11049678512
25385|0|33163|04/01/2024 13:39:15||39045|871579984|1085319904
24743|0|26328|04/01/2024 09:17:26||54754|25908013528|27445332664
25932|0|84441|04/01/2024 17:26:23||25417|4434188208|5858552360
24368|0|81769|04/01/2024 06:33:27||64593|15395840624|15834508520
26800|0|23113|04/01/2024 23:27:56||3724|2670412112|2951012120
26680|0|32474|04/01/2024 22:39:08||6652|1820674280|2534814912
26880|0|45501|04/01/2024 23:57:26||1954|172023416|245789608
24684|0|91241|04/01/2024 08:47:08||56572|22719831864|28022501528
26363|0|46136|04/01/2024 20:20:23||14977|11174000720|8453319544
25682|0|41768|04/01/2024 15:38:52||31868|19606275656|21573446920
25998|0|60186|04/01/2024 17:50:29||23971|3415799016|4228294640
24371|0|42894|04/01/2024 06:36:50||64390|19609794112|27320214312
26801|0|84893|04/01/2024 23:25:38||3862|1639422576|2060270624
26027|0|15784|04/01/2024 18:08:42||22878|7548402992|8790860160
26050|0|94526|04/01/2024 18:18:32||22288|66172499008|161153429152
26711|0|45550|04/01/2024 22:49:29||6031|20821974136|42752037280
26473|0|44974|04/01/2024 21:05:12||12288|22961214888|50537268320
24314|0|14688|04/01/2024 06:13:41||65779|26402734328|26587976184
25956|0|47779|04/01/2024 17:30:35||25165|55312234728|144297095496
26741|0|33486|04/01/2024 22:52:44||5836|532804240|599653736
25361|0|11468|04/01/2024 13:29:27||39633|5339702656|5696329552
26474|0|61384|04/01/2024 21:06:09||12231|4940343840|6134704648
25957|0|33797|04/01/2024 17:35:50||24850|6163867080|7070076904
25638|0|25987|04/01/2024 15:12:46||33434|985286328|1105925264
25386|0|42183|04/01/2024 13:32:27||39453|61928493088|178773412264
25710|0|91126|04/01/2024 15:49:54||31206|11619219608|13537873320
25889|0|90576|04/01/2024 17:01:17||26923|5580126600|6947839424
24685|0|92744|04/01/2024 08:49:09||56451|15204425960|20262263008
26860|0|40836|04/01/2024 23:43:39||2781|506887936|643497472
26475|0|72360|04/01/2024 21:04:11||12349|9561403640|10645184576
26541|0|46288|04/01/2024 21:32:20||10660|849666288|920208448
26028|0|54152|04/01/2024 18:00:23||23377|14645214152|14860792112
26742|0|77531|04/01/2024 22:52:00||5880|149159480|155859152
25387|0|81933|04/01/2024 13:37:49||39131|6078324168|8985911984
25958|0|10430|04/01/2024 17:32:21||25059|5294683832|6262287768
26127|0|15270|04/01/2024 18:42:55||20825|9931976752|12117383752
25250|0|51690|04/01/2024 12:41:15||42525|11224916680|12597367984
26476|0|21950|04/01/2024 21:08:59||12061|653427528|822577400
26498|0|30436|04/01/2024 21:12:31||11849|134647472|141479136
26439|0|90381|04/01/2024 20:51:08||13132|3290594464|4648248992
26952|0|68752|05/01/2024 00:26:57||183|20229832|20686328
26658|0|75203|04/01/2024 22:28:59||7261|1093747000|1393848592
26861|0|5756|04/01/2024 23:45:40||2660|370730992|484216848
25593|0|40008|04/01/2024 14:58:22||34298|9119430704|13536994776
25620|0|58105|04/01/2024 15:04:46||33914|12885288648|17922511288
24573|0|65310|04/01/2024 08:01:13||59327|654242374088|432318424360
25959|0|9476|04/01/2024 17:33:49||24971|5660219496|7564539712
26128|0|24588|04/01/2024 18:41:11||20929|6190332808|8725399896
25415|0|60292|04/01/2024 13:40:35||38965|10909892280|12979444192
24744|0|34339|04/01/2024 09:13:35||54985|42589181744|98316339848
24482|0|30094|04/01/2024 07:20:42|05/01/2024 00:28:15|61653|7447096696|9837705960
26765|0|7952|04/01/2024 23:06:09||5031|4153656272|12389697936
25416|0|51101|04/01/2024 13:40:12||38988|3986845976|4311668648
24937|0|68365|04/01/2024 10:36:11||50029|14730185328|18660911232
25042|0|53932|04/01/2024 11:21:34||47306|13270750840|13327000664
24443|0|83599|04/01/2024 07:07:21||62559|8869879224|12855226856
26129|0|67078|04/01/2024 18:46:12||20628|2655877968|3484958720
25791|0|27868|04/01/2024 16:21:44||29296|37418729704|26109386944
24836|0|84433|04/01/2024 09:53:44||52576|16875258032|16921680232
24551|0|40947|04/01/2024 07:55:09||59691|6464167936|7051460808
26681|0|13644|04/01/2024 22:35:00||6900|65211776|73861920
26364|0|24758|04/01/2024 20:28:41||14479|1050449000|1085596152
25742|0|24472|04/01/2024 16:08:36||30084|5964618688|8156266632
25743|0|72535|04/01/2024 16:02:41||30439|9915752160|11731658496
24175|0|80629|04/01/2024 05:28:49||68471|18017599920|18720599672
26902|0|46046|05/01/2024 00:04:16||1544|152293648|195021424
26248|0|12661|04/01/2024 19:38:41||17479|2934523640|3123482064
26266|0|52880|04/01/2024 19:43:52||17168|2569130280|3190286776
26610|0|49082|04/01/2024 22:06:24||8616|3216977544|2461216040
25835|0|34544|04/01/2024 16:47:59||27721|1022266000|1418944120
24995|0|67100|04/01/2024 11:05:04||48296|8262713640|10843194672
25857|0|35371|04/01/2024 16:50:02||27598|2272312048|2971160216
26903|0|75092|05/01/2024 00:03:46||1574|226695168|267730936
26346|0|27428|04/01/2024 20:14:45||15315|1394908880|1577576664
25621|0|20831|04/01/2024 15:03:06||34014|7140689328|8353633944
25417|0|10415|04/01/2024 13:44:41||38719|21117954544|24652996656
26295|0|73449|04/01/2024 19:57:19||16361|6544634344|6948861648
26634|0|5960|04/01/2024 22:12:41||8239|967498912|1285182160
26052|0|56858|04/01/2024 18:15:25|05/01/2024 00:21:53|21988|4049384232|5788051624
26586|0|26946|04/01/2024 21:52:59||9421|254710456|382037080
24575|0|46420|04/01/2024 08:03:37||59183|14204406520|16311189160
25683|0|64555|04/01/2024 15:31:06||32334|1718119424|2498009944
26365|0|25756|04/01/2024 20:23:28||14792|4189725264|5287425192
25251|0|53799|04/01/2024 12:44:21||42339|32704249120|79137073936
26199|0|56313|04/01/2024 19:15:31||18869|50521421936|133429706344
25594|0|74999|04/01/2024 14:51:49||34691|4559772968|4706141392
26228|0|49336|04/01/2024 19:21:42||18498|998181080|1095741816
26682|0|52925|04/01/2024 22:33:48||6972|2636963440|3246983416
26200|0|60476|04/01/2024 19:18:47||18673|3509146160|3673338040
26683|0|78586|04/01/2024 22:33:38||6982|930300744|1163434672
26107|0|98481|04/01/2024 18:38:59||21061|29333865600|57999955360
26659|0|53455|04/01/2024 22:21:02||7738|901265096|976704128
24854|0|87755|04/01/2024 10:07:19||51761|1927705920|1955462304
25890|0|9229|04/01/2024 17:08:33||26487|1204100840|1791904152
26926|0|10342|05/01/2024 00:19:17||643|90432072|93688864
25933|0|17883|04/01/2024 17:22:30||25650|529411336|548738512
26802|0|59506|04/01/2024 23:27:51||3729|548849536|641137792
25891|0|49399|04/01/2024 17:06:20||26620|2187457512|2639539584
25960|0|53922|04/01/2024 17:32:51||25029|4126861464|5466705288
25209|0|30711|04/01/2024 12:27:59||43321|11185769192|11689712784
25534|0|69336|04/01/2024 14:31:10||35930|68666242816|201995664576
25129|0|29976|04/01/2024 11:56:58||45182|4730515088|5310004432
26660|0|98324|04/01/2024 22:28:55||7265|2194239208|2579321160
24855|0|58708|04/01/2024 10:02:18||52062|10715098096|14072789648
26587|0|93764|04/01/2024 21:51:04|05/01/2024 00:24:40|9216|1874844024|2758654456
26712|0|30705|04/01/2024 22:46:03||6237|4041745000|4921315712
26542|0|32503|04/01/2024 21:37:26||10354|4605436896|4796338152
26296|0|71584|04/01/2024 19:52:30||16650|5406925688|7417321840
26201|0|82121|04/01/2024 19:11:15||19125|11976264288|22583759984
25562|0|31421|04/01/2024 14:47:32||34948|3924824760|4974544056
25188|0|6962|04/01/2024 12:19:25||43835|3667441776|4493207928
26635|0|97500|04/01/2024 22:13:22||8198|1724681432|1837232440
26414|0|57039|04/01/2024 20:42:24||13656|6766983344|8859092896
26499|0|19702|04/01/2024 21:15:30||11670|2612321784|2937731136
26713|0|35850|04/01/2024 22:48:10||6110|15273360304|33763142928
24857|0|61450|04/01/2024 10:09:45||51615|8834560216|9513707496
26297|0|46505|04/01/2024 19:52:22||16658|667439336|977616440
25418|0|31309|04/01/2024 13:49:24||38436|1618208720|1695100216
24798|0|75589|04/01/2024 09:34:11||53749|5037205184|6385780576
26477|0|42113|04/01/2024 21:02:21||12459|6780171504|9375825904
25516|0|57284|04/01/2024 14:22:09||36471|2944487968|3084396120
24917|0|55178|04/01/2024 10:25:07||50693|15776546640|19752151928
26366|0|45073|04/01/2024 20:22:22||14858|6361493728|8031400072
25069|0|28838|04/01/2024 11:37:26||46354|73899867592|183839284080
24344|0|35529|04/01/2024 06:26:29||65011|108365256488|319229516096
26927|0|15694|05/01/2024 00:17:39||741|312893016|232802384
25390|0|22722|04/01/2024 13:32:30||39450|5219055336|7587569000
26661|0|12413|04/01/2024 22:26:42||7398|888247896|1297713792
25977|0|24600|04/01/2024 17:45:26||24274|5931367072|8479908752
24883|0|4204|04/01/2024 10:19:33||51027|11830973144|12880204960
24979|0|93380|04/01/2024 10:51:25||49115|9321104592|10680082144
25744|0|85581|04/01/2024 16:06:44||30196|3867209528|3960335976
25961|0|98584|04/01/2024 17:34:35||24925|4510886128|5324231008
25978|0|29541|04/01/2024 17:41:57||24483|4311725144|6217885184
24885|0|71810|04/01/2024 10:16:22||51218|12520716312|13443768272
24814|0|22663|04/01/2024 09:47:11||52969|100478575984|192009127312
25013|0|71126|04/01/2024 11:10:05||47995|19078709720|28032829240
24919|0|74646|04/01/2024 10:22:35||50845|14790859384|18159595656
26928|0|54245|05/01/2024 00:18:05||715|15846208|20004720
25892|0|45063|04/01/2024 17:06:18||26622|3913715320|5789697728
26478|0|7109|04/01/2024 21:07:33||12147|2231017680|3048642632
25962|0|30310|04/01/2024 17:33:58||24962|5311056840|7887871048
26827|0|98665|04/01/2024 23:37:34||3146|2046886544|2145125000
26173|0|79054|04/01/2024 19:09:33||19227|34837825000|68182498176
25014|0|25230|04/01/2024 11:12:17||47863|116453435568|259496514312
25745|0|56533|04/01/2024 16:03:31||30389|4862807256|4939389904
26030|0|70980|04/01/2024 18:04:45||23115|3433404168|3844060680
25837|0|24630|04/01/2024 16:46:15||27825|7585951976|8205226264
26662|0|43026|04/01/2024 22:23:48||7572|842281592|1128471816
26636|0|85978|04/01/2024 22:18:24||7896|17700353288|39847488832
26298|0|23549|04/01/2024 19:56:24||16416|932127456|1218398544
26637|0|56033|04/01/2024 22:11:35||8305|254990984|295130264
25838|0|90901|04/01/2024 16:40:32|05/01/2024 00:21:01|27629|2263217528|2545704296
26320|0|52424|04/01/2024 20:04:15||15945|5608464936|7862858240
25130|0|57912|04/01/2024 11:58:42||45078|6937181072|7236641920
24507|0|32418|04/01/2024 07:36:19||60821|9659164560|13914001584
26828|0|33173|04/01/2024 23:38:20||3100|870226104|892414992
26743|0|7558|04/01/2024 22:57:07||5573|2922154360|4290644720
26803|0|5686|04/01/2024 23:29:34||3626|1853428816|2352441368
26347|0|78157|04/01/2024 20:13:29||15391|2777081072|3426524032
26766|0|24424|04/01/2024 23:02:16||5264|352678832|460663344
25191|0|30678|04/01/2024 12:11:27||44313|14244290800|16659180944
25420|0|69086|04/01/2024 13:41:44||38896|13445812960|19869527856
25935|0|60740|04/01/2024 17:20:15||25785|10333417864|11301827784
26684|0|24679|04/01/2024 22:35:14||6886|1812075688|2627424680
25936|0|85942|04/01/2024 17:22:59||25621|5216584216|7153818480
25726|0|99421|04/01/2024 15:55:18||30882|5209544880|7098982952
26612|0|82233|04/01/2024 22:01:14||8926|37083480|37346096
26714|0|56808|04/01/2024 22:43:53||6367|14351594064|27384472960
26202|0|28052|04/01/2024 19:17:31||18749|1803967032|2437443392
26108|0|82548|04/01/2024 18:35:46||21254|4156989600|5727416800
26348|0|45996|04/01/2024 20:16:09||15231|65640578920|150456612624
25097|0|7300|04/01/2024 11:49:25||45635|7203803280|9770553144
26929|0|74383|05/01/2024 00:12:37||1043|454544328|510154816
25045|0|82486|04/01/2024 11:29:25||46835|8618819392|12647772112
25909|0|4164|04/01/2024 17:11:30||26310|6556840264|7921627224
25910|0|17166|04/01/2024 17:16:54||25986|4538875328|5923806760
26415|0|75847|04/01/2024 20:48:11||13309|3188591160|4086343208
26804|0|66419|04/01/2024 23:20:29||4171|75585200|82207976
26031|0|41951|04/01/2024 18:05:31||23069|21547460968|15327184384
26440|0|13135|04/01/2024 20:59:35||12625|10955034032|12233748368
26930|0|16435|05/01/2024 00:13:53||967|26312032|31945696
26685|0|60913|04/01/2024 22:39:23||6637|7478812984|11124956184
25622|0|88827|04/01/2024 15:06:26||33814|133849653016|344274263960
26321|0|58953|04/01/2024 20:03:05||16015|6670756168|9293955712
26203|0|68651|04/01/2024 19:16:27||18813|517191296|706163160
24799|0|77415|04/01/2024 09:31:31||53909|7639545088|8823888472
25495|0|24502|04/01/2024 14:18:26||36694|13469595056|14448452984
25860|0|84404|04/01/2024 16:51:27||27513|1982947640|2507893752
26953|0|52399|05/01/2024 00:20:49||551|245563200|262175440
26500|0|66019|04/01/2024 21:12:53||11827|665483016|844681520
26109|0|70478|04/01/2024 18:34:00||21360|10525928968|10667689768
26441|0|33322|04/01/2024 20:50:02||13198|1985908728|2562196040
26881|0|99158|04/01/2024 23:51:14||2326|185128160|249857384
26080|0|8079|04/01/2024 18:20:03||22197|10414104832|12230793000
26501|0|98864|04/01/2024 21:12:06||11874|23946442544|44492538864
26663|0|79316|04/01/2024 22:21:42||7698|1975543680|2408468048
26715|0|96555|04/01/2024 22:47:33||6147|356622360|491861256
25639|0|36037|04/01/2024 15:16:21||33219|47210146152|122314520072
26931|0|54757|05/01/2024 00:16:02||838|50622456|62480048
24781|0|65452|04/01/2024 09:29:03||54057|15550950480|20823886824
