IdSession|IdPSX|IdSubscriber|StartSession|EndSession|Duartion|UpTx|DownTx
28376|0|44433|05/01/2024 10:46:32||30808|18767980512|24282029552
27589|0|5202|05/01/2024 05:14:24||50736|6721805704|7017851344
28943|0|89706|05/01/2024 14:40:30||16770|262826160|292353784
26829|0|14391|04/01/2024 23:49:36||70224|166647701592|415969146032
27280|0|78614|05/01/2024 02:54:31||59129|11543602256|12385196400
27736|0|36342|05/01/2024 06:11:57||47283|8367202672|8839357424
28986|0|19403|05/01/2024 15:01:07||15533|34256000|46857352
29278|0|88207|05/01/2024 17:02:28||8252|3568099064|4216866784
29198|0|58567|05/01/2024 16:33:27||9993|3546493088|3590257456
27854|0|96775|05/01/2024 07:05:36||44064|61796731536|160439012552
27693|0|26538|05/01/2024 05:55:16||48284|144232855816|283294758160
27971|0|65418|05/01/2024 07:55:38||41062|8284018320|12139506520
29304|0|93199|05/01/2024 17:17:10||7370|207186664|228169672
27694|0|26136|05/01/2024 05:52:17||48463|32679624280|43456366688
29199|0|68950|05/01/2024 16:36:38||9802|2165158912|2525328968
28499|0|44892|05/01/2024 11:37:42||27738|1893595192|2749647808
27633|0|31741|05/01/2024 05:35:13||49487|7878197456|10511381744
28878|0|67328|05/01/2024 14:19:36||18024|2785027168|3540333672
29279|0|18190|05/01/2024 17:07:19||7961|17554558864|44465445960
27972|0|27387|05/01/2024 07:55:29||41071|1013477008|1095461312
29430|0|55243|05/01/2024 18:19:43||3617|265370704|365976672
29247|0|26108|05/01/2024 16:51:06||8934|411382680|503736520
28399|0|7629|05/01/2024 10:51:59||30481|6323042264|7384124776
27855|0|63503|05/01/2024 07:05:40||44060|11610194984|11850510736
28542|0|15054|05/01/2024 11:59:59||26401|8994801920|13399012264
28352|0|25776|05/01/2024 10:34:52||31508|7625379648|9432889144
27250|0|30644|05/01/2024 02:40:24||59976|19731447064|20034572544
29200|0|35838|05/01/2024 16:32:51||10029|841687272|1143815136
29150|0|11292|05/01/2024 16:15:57||11043|1134592872|1223353984
29370|0|43200|05/01/2024 17:45:17||5683|756835776|823132448
28695|0|42085|05/01/2024 13:09:29||22231|38558999840|104310772264
28094|0|72193|05/01/2024 08:52:30||37650|499807736|682731752
28472|0|56454|05/01/2024 11:23:01||28619|9289354832|11358914960
27362|0|24107|05/01/2024 03:25:03||57297|2732703792|3280607720
28674|0|79155|05/01/2024 12:56:00||23040|2861346376|3093260976
27775|0|24555|05/01/2024 06:30:48||46152|3972634856|5610059280
28764|0|13510|05/01/2024 13:32:42||20838|7747839272|8802954384
28917|0|30713|05/01/2024 14:38:55||16865|1488354928|2140265704
28814|0|28950|05/01/2024 13:57:11||19369|27483019216|16296771304
29015|0|45897|05/01/2024 15:12:17||14863|9720934536|12177983920
28473|0|24996|05/01/2024 11:27:33||28347|11486430608|12246786240
28987|0|80722|05/01/2024 15:05:52||15248|1417416232|1977045008
29541|0|53251|05/01/2024 18:53:16||1604|2378560152|6709200888
29461|0|61298|05/01/2024 18:28:36||3084|457194664|563993792
29462|0|90987|05/01/2024 18:20:59||3541|3825063704|8377722496
29396|0|91907|05/01/2024 17:52:12||5268|8495870192|17187627416
29518|0|84326|05/01/2024 18:48:47||1873|297586856|378649072
28842|0|64201|05/01/2024 14:00:53||19147|3050271680|4298578920
27058|0|25943|05/01/2024 01:25:54||64446|27666932984|30264580056
29519|0|77820|05/01/2024 18:41:38||2302|868298016|911256528
28918|0|37805|05/01/2024 14:35:47||17053|1925139464|2784870552
27170|0|47260|05/01/2024 02:14:08||61552|91587815184|196628749576
27824|0|93566|05/01/2024 06:58:51||44469|24498878224|24579157976
29062|0|61304|05/01/2024 15:32:04||13676|3630883976|4492416824
28500|0|52562|05/01/2024 11:30:56||28144|3926519120|5609122416
27417|0|95343|05/01/2024 03:43:14||56206|15285438088|20858434776
27252|0|54052|05/01/2024 02:43:52||59768|27354059744|29700135896
28178|0|10787|05/01/2024 09:25:34||35666|4073310296|4393588976
27696|0|93644|05/01/2024 05:54:47||48313|17047586624|19018164096
27947|0|92867|05/01/2024 07:49:28||41432|157140902352|352244643040
28967|0|46098|05/01/2024 14:53:17||16003|980756544|1077565080
28543|0|93881|05/01/2024 11:52:55||26825|98336362440|219431892136
27418|0|29316|05/01/2024 03:40:00||56400|100951560448|256721168176
29116|0|36558|05/01/2024 15:55:15||12285|5942917184|6360473328
27738|0|78566|05/01/2024 06:18:17||46903|11594249240|14940647464
28121|0|15938|05/01/2024 09:04:48||36912|1022855040|1256556504
28015|0|57451|05/01/2024 08:17:13||39767|967770232|1413000008
29117|0|5821|05/01/2024 15:55:14||12286|2341260776|3057210488
28988|0|83136|05/01/2024 15:06:53||15187|5916268816|8610126744
28607|0|39820|05/01/2024 12:20:33||25167|5624359440|6833488928
27214|0|74181|05/01/2024 02:33:52||60368|5565772160|7468674288
28968|0|77035|05/01/2024 14:59:01||15659|878891672|1225365688
28675|0|66329|05/01/2024 12:56:47||22993|2890236832|4091320944
29463|0|93506|05/01/2024 18:23:39||3381|408686112|534178616
27948|0|23656|05/01/2024 07:43:55||41765|14141621664|15177122024
27825|0|6427|05/01/2024 06:57:58||44522|1613389072|1778253184
28544|0|95199|05/01/2024 11:50:06||26994|14167614488|14236485344
27949|0|46454|05/01/2024 07:45:06||41694|14859376408|18669628480
28377|0|90327|05/01/2024 10:49:21||30639|9976870552|12580190464
27826|0|43252|05/01/2024 06:52:56||44824|4979799920|7087781968
29176|0|99815|05/01/2024 16:22:34||10646|26875192016|73661258904
29431|0|64267|05/01/2024 18:11:21||4119|259372432|269163760
29118|0|9613|05/01/2024 15:55:41||12259|1524200288|1576276592
28696|0|77350|05/01/2024 13:09:33||22227|2694153992|3128826544
28425|0|15352|05/01/2024 11:07:45||29535|9994526768|10347803080
27994|0|41561|05/01/2024 08:04:37||40523|11558385920|13543482392
28582|0|18443|05/01/2024 12:10:10||25790|81017529664|176921619064
28608|0|99818|05/01/2024 12:28:30||24690|2383161920|2649427008
29464|0|4110|05/01/2024 18:29:02||3058|589401232|826300104
28501|0|56667|05/01/2024 11:37:09||27771|45580699400|116024022408
28043|0|39434|05/01/2024 08:29:17||39043|6500854656|6612502928
27173|0|36730|05/01/2024 02:10:29||61771|3876418568|4367226720
28765|0|33546|05/01/2024 13:30:53||20947|3644052688|5258164784
28426|0|19300|05/01/2024 11:02:45||29835|82076665384|236427779952
28766|0|31663|05/01/2024 13:39:55||20405|12659025672|14002905928
29520|0|15564|05/01/2024 18:43:40||2180|4787743752|10912266640
27336|0|5705|05/01/2024 03:13:00||58020|28055104144|37512502224
28944|0|11226|05/01/2024 14:48:35||16285|43159925592|105485854776
28767|0|67697|05/01/2024 13:32:41||20839|18340264112|24599988128
29202|0|5396|05/01/2024 16:32:23||10057|370028736|446381200
28989|0|6308|05/01/2024 15:04:32||15328|4098489128|5289609120
28208|0|65668|05/01/2024 09:39:19||34841|3495977152|5218651608
27535|0|56875|05/01/2024 04:41:07||52733|152906722144|308980392288
28843|0|59525|05/01/2024 14:00:32||19168|58237986888|138022575352
29040|0|20713|05/01/2024 15:20:11||14389|13342580944|15442270632
28844|0|88069|05/01/2024 14:02:27||19053|513668688|569471016
28990|0|85910|05/01/2024 15:01:51||15489|739814504|1054042552
28583|0|98470|05/01/2024 12:18:32||25288|13129711280|13750560128
27926|0|81078|05/01/2024 07:38:26||42094|16095248880|17866355320
29280|0|91299|05/01/2024 17:09:08||7852|105855496|143332864
29281|0|57141|05/01/2024 17:08:44||7876|129387896|140982480
29571|0|82194|05/01/2024 19:08:28||692|271672304|357245296
28079|0|6876|05/01/2024 08:40:14||38386|4358888576|5985680976
29086|0|75330|05/01/2024 15:49:45||12615|2395452344|2842141224
28427|0|28032|05/01/2024 11:02:32||29848|23053038768|32144611848
27882|0|93299|05/01/2024 07:18:13||43307|1835713024|2738732280
29248|0|39639|05/01/2024 16:58:11||8509|3644596184|4423281976
28452|0|11201|05/01/2024 11:10:52||29348|25926553976|30159393784
28298|0|80308|05/01/2024 10:10:00||33000|3816681512|5272422032
27436|0|53228|05/01/2024 03:51:01||55739|186690752|211896368
29017|0|88393|05/01/2024 15:11:13||14927|3487504368|3508574088
29041|0|56267|05/01/2024 15:24:38||14122|644043648|854963752
29087|0|77342|05/01/2024 15:47:51||12729|30292130416|90761090472
29347|0|82220|05/01/2024 17:35:39||6261|1277004112|1801905544
28584|0|28839|05/01/2024 12:13:56||25564|4021761584|4853487192
28380|0|23299|05/01/2024 10:40:44||31156|789267504|934398992
29348|0|29885|05/01/2024 17:35:10||6290|539880864|642724032
29177|0|92893|05/01/2024 16:24:48||10512|1928048856|2674269424
29042|0|81968|05/01/2024 15:20:27||14373|6102206216|6817077968
29349|0|79073|05/01/2024 17:36:05||6235|1807967264|2328308016
28609|0|79333|05/01/2024 12:24:28||24932|2082045384|3108281032
28545|0|99099|05/01/2024 11:58:46||26474|3476332776|5186087880
29043|0|71426|05/01/2024 15:26:17||14023|22778586384|59355505968
29282|0|89898|05/01/2024 17:00:04||8396|234549992|246721704
29414|0|28056|05/01/2024 18:03:21||4599|3220904184|3685045376
28845|0|70133|05/01/2024 14:09:17||18643|1460007936|2100056272
27591|0|56042|05/01/2024 05:16:59||50581|10530113832|14237965488
28635|0|68094|05/01/2024 12:39:14||24046|2766877656|4140731312
29397|0|63188|05/01/2024 17:51:36||5304|1805010616|2106223312
28677|0|52757|05/01/2024 12:53:33||23187|922689880|1003608912
28558|0|37520|05/01/2024 12:02:05||26275|1515378504|1598941960
28678|0|47084|05/01/2024 12:52:21||23259|3536508976|5274024112
27283|0|67076|05/01/2024 02:55:11||59089|18979000352|23369473232
29151|0|88465|05/01/2024 16:13:53||11167|10515406656|12915274320
29521|0|78337|05/01/2024 18:41:47||2293|1166909864|1400163056
29230|0|29483|05/01/2024 16:47:35||9145|5725527120|11403541464
29283|0|95563|05/01/2024 17:02:10||8270|603310664|722929208
29542|0|47559|05/01/2024 18:52:24||1656|2497489272|5758347072
28502|0|44711|05/01/2024 11:31:09||28131|10508092288|14532547560
28299|0|45658|05/01/2024 10:18:04|05/01/2024 19:19:26|32482|6423665024|7809385712
29591|0|45658|05/01/2024 19:19:51||9|0|0
29231|0|10590|05/01/2024 16:40:14||9586|4530086328|5898668736
28328|0|48287|05/01/2024 10:26:44||31996|3373284672|3742291312
28561|0|77250|05/01/2024 12:07:48||25932|1443863520|1838308656
29305|0|44624|05/01/2024 17:16:05|05/01/2024 19:16:02|7197|800534120|1186321912
27778|0|97692|05/01/2024 06:31:24||46116|7729937064|10620776944
29018|0|46712|05/01/2024 15:15:41||14659|23984076488|60765378328
28846|0|47108|05/01/2024 14:02:01||19079|8727162712|9603844864
27337|0|27389|05/01/2024 03:13:06||58014|13416793696|13813082128
27549|0|28990|05/01/2024 04:59:09||51651|7135566856|8138311080
27194|0|53667|05/01/2024 02:24:05||60955|5366365584|5871010184
29543|0|80199|05/01/2024 18:52:51||1629|1712640520|1895206664
27420|0|69250|05/01/2024 03:42:25||56255|4151549144|5693622272
29063|0|72259|05/01/2024 15:37:24||13356|42516486488|81949315808
28405|0|80210|05/01/2024 10:51:04||30536|1792300040|2028875768
29019|0|69961|05/01/2024 15:19:27||14433|5540094664|6608330000
27636|0|79654|05/01/2024 05:38:02||49318|27686909016|17153475600
29137|0|40278|05/01/2024 16:03:25||11795|3351155648|4947879672
28768|0|37966|05/01/2024 13:35:43||20657|52528906152|132197074896
29284|0|83650|05/01/2024 17:07:49||7931|67579632|82170016
29484|0|18539|05/01/2024 18:30:12||2988|331242896|360241104
29119|0|76563|05/01/2024 15:57:38||12142|334130424|410565248
28562|0|5610|05/01/2024 12:01:04||26336|428103928|523406352
27911|0|98341|05/01/2024 07:27:01||42779|10836734168|15487278088
29485|0|64301|05/01/2024 18:37:33||2547|509671232|553281856
28095|0|60779|05/01/2024 08:51:31||37709|2825914672|3627538456
28546|0|55077|05/01/2024 11:50:45||26955|1159354096|1197951520
29152|0|68698|05/01/2024 16:17:07||10973|1603465888|1783156368
27393|0|20203|05/01/2024 03:31:11||56929|3253053600|3323087624
27478|0|63505|05/01/2024 04:12:24||54456|4081973784|4752294344
29350|0|22851|05/01/2024 17:37:50||6130|49575056|54244952
29398|0|93625|05/01/2024 17:54:09||5151|2786011952|3207350880
28301|0|46661|05/01/2024 10:14:46||32714|3520680704|3916841488
29432|0|31481|05/01/2024 18:11:36||4104|1186835304|1447493944
27856|0|68217|05/01/2024 07:01:51||44289|2666326344|3668689056
27741|0|79002|05/01/2024 06:15:22||47078|5247339432|6145879816
29153|0|57917|05/01/2024 16:16:03||11037|4563103512|4680994552
29203|0|66799|05/01/2024 16:34:59||9901|4373146296|5154004776
27110|0|49022|05/01/2024 01:46:15||63225|18461335784|24710536464
27952|0|94914|05/01/2024 07:40:03||41997|4533132864|4903853232
29371|0|68387|05/01/2024 17:46:13||5627|16759058480|33719480464
29044|0|40176|05/01/2024 15:27:14||13966|4875146336|6267477024
28587|0|77197|05/01/2024 12:14:08||25552|46047049752|111566429880
28353|0|36355|05/01/2024 10:31:27||31713|2301589296|3228721984
29088|0|85963|05/01/2024 15:43:30||12990|1870356784|1894736912
29522|0|39648|05/01/2024 18:48:59||1861|1306725944|1662064272
28610|0|8129|05/01/2024 12:28:30||24690|5914983800|7192975688
29089|0|67015|05/01/2024 15:47:54||12726|1831116120|2726068208
29486|0|85484|05/01/2024 18:35:51||2649|275139872|347780464
29204|0|5362|05/01/2024 16:31:38||10102|2095005752|2165822464
29045|0|50427|05/01/2024 15:20:29||14371|92350504|116136888
28454|0|34226|05/01/2024 11:16:37||29003|4389374096|6411065936
29523|0|45892|05/01/2024 18:49:15||1845|422000328|470239640
29487|0|23097|05/01/2024 18:33:14||2806|564309016|785581616
28946|0|37399|05/01/2024 14:40:33||16767|2770884040|3841476984
28611|0|89373|05/01/2024 12:22:24||25056|2090157256|2852178312
28847|0|79162|05/01/2024 14:08:38||18682|2193337080|2875632400
29572|0|41118|05/01/2024 19:00:59||1141|358279448|457034664
29372|0|34484|05/01/2024 17:45:34||5666|1578160648|1968549800
28652|0|13087|05/01/2024 12:46:25||23615|4220009856|5011193792
27928|0|97042|05/01/2024 07:30:37||42563|5097083824|5774180736
29573|0|19469|05/01/2024 19:01:32||1108|60281744|65439688
28096|0|15805|05/01/2024 08:52:08||37672|3546762096|3642887224
29090|0|90351|05/01/2024 15:40:36||13164|2724073480|3799834560
29351|0|14111|05/01/2024 17:39:56||6004|17135599240|34827687864
28769|0|7489|05/01/2024 13:37:57||20523|13117982528|16466713016
29524|0|67635|05/01/2024 18:48:40||1880|126574840|130396064
28329|0|18836|05/01/2024 10:22:56||32224|327284064|420636448
28256|0|90411|05/01/2024 09:54:57||33903|564648320|580297936
29373|0|38203|05/01/2024 17:41:45||5895|85532160|96327704
27421|0|74516|05/01/2024 03:46:05||56035|15394228232|18556867744
29155|0|20075|05/01/2024 16:14:21||11139|1066874264|1076952088
28848|0|45093|05/01/2024 14:06:44||18796|2291019192|2613289248
29399|0|94273|05/01/2024 17:52:50||5230|1417261928|1542245560
27513|0|61183|05/01/2024 04:32:03||53277|8733198096|11616113112
27340|0|25662|05/01/2024 03:10:37||58163|9765982872|10666324368
29488|0|69062|05/01/2024 18:35:08||2692|2412087560|1503921184
27459|0|27146|05/01/2024 04:00:13||55187|5933350952|7974306544
28638|0|19023|05/01/2024 12:35:11||24289|3891298352|4656539384
27152|0|32399|05/01/2024 02:01:47||62293|85805047600|240520145832
28721|0|69490|05/01/2024 13:17:31||21749|5195085520|6298780448
27802|0|71070|05/01/2024 06:42:38||45442|21380963384|29774867768
28920|0|59913|05/01/2024 14:35:54||17046|2462091296|2944229248
28921|0|96471|05/01/2024 14:30:30||17370|6499957416|8661079472
28330|0|15045|05/01/2024 10:21:43||32297|1811973416|2147588560
29327|0|67782|05/01/2024 17:26:42||6798|1312436848|1789820888
28639|0|56720|05/01/2024 12:39:52||24008|8335314456|8981374816
28098|0|35649|05/01/2024 08:55:34||37466|14560011912|15180142928
29306|0|19964|05/01/2024 17:13:04||7616|72698056512|55667214112
28564|0|11533|05/01/2024 12:03:59||26161|80513850720|159355369408
29091|0|27027|05/01/2024 15:48:08||12712|1318141720|1916232616
29120|0|86498|05/01/2024 15:57:43||12137|1796622472|2575206080
29307|0|51035|05/01/2024 17:17:07||7373|263635728|327283512
28278|0|91723|05/01/2024 10:04:45||33315|5055794776|6435936328
29121|0|60277|05/01/2024 15:57:43||12137|2388158904|3115781608
28849|0|9625|05/01/2024 14:08:36||18684|4456205728|5604466280
27285|0|9179|05/01/2024 02:58:48||58872|2419953216|3216119448
29489|0|26300|05/01/2024 18:35:52||2648|463270648|475584112
27723|0|69718|05/01/2024 06:08:05||47515|14802195216|18676563264
27929|0|59915|05/01/2024 07:31:35||42505|69486396960|159391845616
27479|0|15258|05/01/2024 04:13:10||54410|95866944576|253816869264
28992|0|95361|05/01/2024 15:01:40||15500|5601251328|6739465112
28018|0|8386|05/01/2024 08:17:40||39740|9689654280|13924489408
28080|0|32028|05/01/2024 08:45:09||38091|7368045576|10812740368
29046|0|26151|05/01/2024 15:25:05||14095|3502349368|3916903680
27514|0|91512|05/01/2024 04:32:40||53240|6457131960|7171534792
27700|0|80733|05/01/2024 05:55:11||48289|897141112|1188974952
27724|0|83622|05/01/2024 06:07:27||47553|9217303352|11159821984
28815|0|88927|05/01/2024 13:53:10||19610|9348467008|13575272776
28816|0|50961|05/01/2024 13:54:59||19501|4308388728|5985131288
29047|0|49446|05/01/2024 15:27:29||13951|3092972504|3261707064
29415|0|99833|05/01/2024 18:05:17||4483|2431416208|2711823824
28354|0|90750|05/01/2024 10:34:23||31537|5382338032|6925079520
27218|0|85681|05/01/2024 02:31:55||60485|20769312480|30509304872
28503|0|92358|05/01/2024 11:33:51||27969|7675912208|7883559552
27574|0|89291|05/01/2024 05:09:48||51012|5263589992|6635975240
29092|0|76797|05/01/2024 15:47:31||12749|3864749352|5341987504
28180|0|7833|05/01/2024 09:21:09||35931|3177600416|4423788216
29544|0|90208|05/01/2024 18:53:57||1563|1105661760|1169148088
28589|0|90547|05/01/2024 12:16:47||25393|2233299984|2325907080
27742|0|39540|05/01/2024 06:13:14|05/01/2024 19:17:48|47074|8119215712|9884939976
28181|0|13853|05/01/2024 09:24:29||35731|3133317808|4584496656
28081|0|16779|05/01/2024 08:47:49||37931|774237472|905596112
29250|0|40600|05/01/2024 16:56:55||8585|523447616|739329336
28922|0|89263|05/01/2024 14:33:26||17194|3008503016|3214593296
29233|0|47038|05/01/2024 16:40:14||9586|2092761520|2638338936
27497|0|63156|05/01/2024 04:20:19||53981|1450550488|1491313808
27640|0|67016|05/01/2024 05:38:26||49294|40146324096|41919507368
27422|0|76866|05/01/2024 03:47:40||55940|3966948792|4749733672
28382|0|17351|05/01/2024 10:42:35||31045|3423137248|4848622360
29328|0|20661|05/01/2024 17:21:45||7095|267150952|298064680
27669|0|25964|05/01/2024 05:40:39||49161|13218560112|13558191312
28879|0|46869|05/01/2024 14:14:25||18335|2823226736|3542394352
28476|0|13220|05/01/2024 11:28:58||28262|5338562136|5649648736
28152|0|21923|05/01/2024 09:19:04||36056|1269413272|1679735552
28970|0|21912|05/01/2024 14:58:13||15707|3452104664|4979668008
29545|0|69158|05/01/2024 18:55:38||1462|427672760|447070768
29352|0|64315|05/01/2024 17:31:32||6508|299955880|425474768
28590|0|84943|05/01/2024 12:18:03||25317|2388810616|3224230464
28302|0|32864|05/01/2024 10:19:43||32417|13739656696|16455640792
28182|0|33989|05/01/2024 09:27:45||35535|6162175936|6841629704
28850|0|87856|05/01/2024 14:02:35||19045|46772680128|107135489408
28793|0|32738|05/01/2024 13:46:26||20014|2722499128|3870916688
29329|0|13981|05/01/2024 17:22:46||7034|529643464|532140736
27395|0|39952|05/01/2024 03:38:13||56507|23159097536|23704595456
28124|0|79203|05/01/2024 09:02:43||37037|119841944|121107200
28993|0|25884|05/01/2024 15:05:39||15261|4433265976|5452144648
29416|0|6051|05/01/2024 18:02:32||4648|129775792|171640368
27670|0|76091|05/01/2024 05:40:10||49190|2017541728|2237778720
29308|0|23271|05/01/2024 17:14:27||7533|14401808|19386512
29546|0|49528|05/01/2024 18:51:25||1715|245630208|352255608
26959|0|31550|05/01/2024 00:38:18||67302|26669845752|35955703576
28280|0|69121|05/01/2024 10:07:01||33179|9016923304|9289089816
27498|0|98518|05/01/2024 04:24:15||53745|9369084672|10799551240
28794|0|18411|05/01/2024 13:43:07||20213|399423560|455727840
29417|0|93627|05/01/2024 18:04:23||4537|685147776|856749776
28209|0|16505|05/01/2024 09:37:22||34958|5653247688|6234045208
27859|0|48354|05/01/2024 07:01:17||44323|3043052720|4297084680
28698|0|86521|05/01/2024 13:01:19||22721|27572880664|30195280392
29547|0|85520|05/01/2024 18:53:18||1602|489357024|677226152
29207|0|51631|05/01/2024 16:34:56||9904|25116655360|53495292984
29093|0|53839|05/01/2024 15:49:36||12624|1043191872|1453246312
28477|0|98958|05/01/2024 11:27:09||28371|8512777112|10088639576
29208|0|93403|05/01/2024 16:30:48||10152|208755808|250317936
28331|0|96689|05/01/2024 10:24:40||32120|8272868592|9539564136
29251|0|31700|05/01/2024 16:52:21||8859|481192736|589574624
27829|0|78379|05/01/2024 06:50:50||44950|2525483080|2869873216
27930|0|13583|05/01/2024 07:32:35||42445|9511202264|10857777360
28238|0|83210|05/01/2024 09:41:37||34703|4456988064|5188180864
29252|0|16818|05/01/2024 16:52:36||8844|23991234256|59643254920
29209|0|36006|05/01/2024 16:39:43||9617|13565357576|33093200056
29592|0|56289|05/01/2024 19:19:56||4|0|0
29525|0|47458|05/01/2024 18:46:52||1988|148526320|211034424
28900|0|47468|05/01/2024 14:26:34||17606|3799588816|4817936816
28126|0|50187|05/01/2024 09:07:33||36747|834892632|1251375960
29179|0|57468|05/01/2024 16:28:39||10281|3343781472|4186638120
28455|0|53702|05/01/2024 11:18:31||28889|68011869224|142775125464
28612|0|47314|05/01/2024 12:22:46||25034|1502397640|2004881472
28082|0|52594|05/01/2024 08:42:35||38245|5949320944|6256047392
27744|0|95953|05/01/2024 06:19:30||46830|18827936176|20429500048
28281|0|41355|05/01/2024 10:07:50||33130|2928056616|3154641704
29253|0|28423|05/01/2024 16:51:13||8927|3935434360|5815564976
28994|0|56946|05/01/2024 15:09:08||15052|5275573184|6824477816
29156|0|94591|05/01/2024 16:10:44||11356|6599522424|7277219080
27914|0|55328|05/01/2024 07:22:50||43030|4735884176|4892512448
28430|0|12418|05/01/2024 11:04:12||29748|12330186768|13721783656
28971|0|33855|05/01/2024 14:59:13||15647|36986792632|85464256320
28521|0|43820|05/01/2024 11:44:55||27305|6807787552|9088636272
28355|0|65875|05/01/2024 10:30:43||31757|546680536|764699568
28083|0|23810|05/01/2024 08:44:32||38128|6266721352|6598305952
27370|0|98440|05/01/2024 03:22:18||57462|33660991720|38166300064
27671|0|93541|05/01/2024 05:46:33||48807|6446824968|8437916136
29574|0|97507|05/01/2024 19:00:43||1157|34000112|40591416
28258|0|11267|05/01/2024 09:53:48||33972|3452564184|3464292704
28947|0|23640|05/01/2024 14:45:58||16442|1865199248|2484436768
29138|0|31851|05/01/2024 16:08:40||11480|38415592|49492824
27701|0|99997|05/01/2024 05:52:48||48432|12254893992|17403742776
28591|0|69461|05/01/2024 12:17:54||25326|1391359352|1705916680
27672|0|93127|05/01/2024 05:46:32||48808|13867304560|18882512328
28456|0|40614|05/01/2024 11:11:20||29320|15128591896|21934980712
28210|0|12784|05/01/2024 09:31:05||35335|3454344176|4290537648
28045|0|76227|05/01/2024 08:27:37||39143|695977992|733934136
29593|0|21671|05/01/2024 19:19:01||59|30999016|39316864
29465|0|38376|05/01/2024 18:23:12||3408|900077728|909856232
28817|0|18908|05/01/2024 13:54:54||19506|67224562216|139301101848
27860|0|36200|05/01/2024 07:04:18||44142|95973587712|275928270760
27423|0|76281|05/01/2024 03:45:07||56093|21997274176|29105501184
29309|0|53746|05/01/2024 17:14:34||7526|207920920|274666944
27953|0|41346|05/01/2024 07:46:47||41593|10641686160|10844305008
28818|0|72646|05/01/2024 13:52:44||19636|5667151360|8121664688
29285|0|54313|05/01/2024 17:04:56||8104|692547072|959932256
29210|0|82980|05/01/2024 16:36:59||9781|1358818016|2020584240
28653|0|79857|05/01/2024 12:49:07||23453|14418708184|17932804208
27915|0|74614|05/01/2024 07:28:16||42704|47208069264|28750703016
29286|0|10206|05/01/2024 17:08:30||7890|1926858744|2276591584
29330|0|17670|05/01/2024 17:23:24||6996|69801568|81625328
29020|0|87499|05/01/2024 15:15:01||14699|647137888|798516104
29158|0|41796|05/01/2024 16:13:07||11213|22433283272|58732228992
27976|0|27276|05/01/2024 07:54:34||41126|15360070480|15529904936
28019|0|47817|05/01/2024 08:16:21||39819|15224541776|22829227264
28995|0|97540|05/01/2024 15:03:41||15379|1086829728|1114299560
27916|0|56731|05/01/2024 07:23:50||42970|910484464|984141608
29211|0|23553|05/01/2024 16:38:07||9713|3072368920|2005191112
29331|0|98869|05/01/2024 17:27:06||6774|975067152|1101033688
28923|0|76270|05/01/2024 14:35:41||17059|1250607592|1807197488
28504|0|87483|05/01/2024 11:39:40||27620|79885372704|170318573184
29418|0|29084|05/01/2024 18:07:02||4378|1841181440|2601121344
28020|0|59224|05/01/2024 08:19:42||39618|17445179672|20759177232
28548|0|91336|05/01/2024 11:54:16||26744|1795108536|2327518152
29400|0|4883|05/01/2024 17:52:42||5238|49066584|60424328
29310|0|64359|05/01/2024 17:12:18||7662|208318280|276031736
27593|0|32570|05/01/2024 05:19:14||50446|9765215240|12083871384
28948|0|43849|05/01/2024 14:45:49||16451|188863488|279918744
28099|0|55154|05/01/2024 08:54:21||37539|28860650432|22903731320
29353|0|16490|05/01/2024 17:34:35||6325|284729552|421827216
29548|0|35261|05/01/2024 18:59:49||1211|16550424|19888336
29287|0|45606|05/01/2024 17:00:41||8359|1994831728|2126334768
29549|0|87863|05/01/2024 18:53:46||1574|3477114600|7773522992
28700|0|37879|05/01/2024 13:07:51||22329|26727911384|73828324888
28613|0|19913|05/01/2024 12:28:49||24671|14198587536|17495120128
29433|0|99904|05/01/2024 18:15:59||3841|1407473672|2002176976
27312|0|92409|05/01/2024 03:06:02||58438|9262177080|11895759504
29575|0|17154|05/01/2024 19:05:45||855|157925944|162585584
28431|0|86385|05/01/2024 11:07:37||29543|51447359712|114627396128
29434|0|57307|05/01/2024 18:10:02||4198|2989030152|1814564304
29435|0|17717|05/01/2024 18:15:36||3864|2009736864|4741887056
29526|0|44780|05/01/2024 18:44:10||2150|605277128|766825000
28154|0|77032|05/01/2024 09:12:39||36441|15487526448|18664362888
28304|0|68878|05/01/2024 10:10:02||32998|9924823600|11643392808
28406|0|69340|05/01/2024 10:58:22||30098|8949457608|9493852240
28383|0|88899|05/01/2024 10:40:39||31161|3151895272|3861466320
29288|0|77854|05/01/2024 17:02:46||8234|4276618560|4293156136
29490|0|31522|05/01/2024 18:38:00||2520|54335784|78318824
28332|0|49279|05/01/2024 10:24:33||32127|14700034888|19626072976
27257|0|68053|05/01/2024 02:45:58||59642|168891487024|435463764240
27884|0|77217|05/01/2024 07:17:29||43351|7447234656|9385142160
28654|0|10808|05/01/2024 12:41:27||23913|4397478936|5521600312
28680|0|89909|05/01/2024 12:56:22||23018|5276913344|6307778384
27954|0|24143|05/01/2024 07:49:50||41410|11653040960|14040871680
27673|0|19688|05/01/2024 05:49:08||48652|7081154536|8247699048
28972|0|60139|05/01/2024 14:51:22||16118|1786943800|2498628456
28566|0|39792|05/01/2024 12:02:17||26263|4851765176|5413339904
28567|0|47169|05/01/2024 12:04:39||26121|124783539040|239065536384
29466|0|29721|05/01/2024 18:24:34||3326|1335429800|1607018072
29212|0|25887|05/01/2024 16:38:22||9698|2572235864|3550397464
28701|0|27570|05/01/2024 13:03:56|05/01/2024 19:18:16|22460|378494488|436565304
29594|0|27570|05/01/2024 19:18:45||75|932232|1384024
28478|0|34200|05/01/2024 11:29:50||28210|1914667928|1923300480
28212|0|60061|05/01/2024 09:37:55||34925|5416319304|7282050128
28213|0|52044|05/01/2024 09:39:54||34806|22860617488|60409880776
28655|0|29712|05/01/2024 12:43:38||23782|843612872|989125160
28614|0|10941|05/01/2024 12:24:44||24916|3034285584|3502805768
27703|0|32616|05/01/2024 05:53:38||48382|14025862112|15364980472
28305|0|98338|05/01/2024 10:16:24||32616|9251985976|5965390448
28853|0|72615|05/01/2024 14:04:29||18931|4948385432|5542240704
29491|0|21926|05/01/2024 18:31:10||2930|1298825968|1473802576
28925|0|9914|05/01/2024 14:36:30||17010|29792041736|20292749984
29213|0|82418|05/01/2024 16:34:13||9947|1510627096|1563563960
28333|0|22507|05/01/2024 10:29:58||31802|1650259040|1732847224
27932|0|80719|05/01/2024 07:32:09||42471|8396013456|9950171728
27998|0|67557|05/01/2024 08:02:35||40645|16688936016|17380885536
29139|0|7575|05/01/2024 16:03:01||11819|13456960944|14407289816
27917|0|96953|05/01/2024 07:27:13||42767|20230532784|22004647968
28022|0|27975|05/01/2024 08:19:40||39620|16264287552|16441016560
29159|0|66658|05/01/2024 16:10:16||11384|1555156872|1954764416
29049|0|14643|05/01/2024 15:22:44||14236|375367520|554168248
29254|0|5939|05/01/2024 16:57:40||8540|1495814720|1656479336
28722|0|63622|05/01/2024 13:16:43||21797|5907739008|6221631416
28569|0|17504|05/01/2024 12:08:24||25896|28828927000|70415243128
28820|0|98298|05/01/2024 13:52:05||19675|3288903464|3316109816
27977|0|61217|05/01/2024 07:50:54||41346|17100172032|11045849360
29374|0|56210|05/01/2024 17:43:56||5764|20873896080|44574566656
28656|0|34618|05/01/2024 12:45:56||23644|2857227600|3395197240
28772|0|97800|05/01/2024 13:38:12||20508|7894620408|10796579960
28702|0|8816|05/01/2024 13:00:53||22747|7244892280|8037369176
27461|0|57813|05/01/2024 04:06:32||54808|5701511512|6212300168
27258|0|28055|05/01/2024 02:44:22|05/01/2024 19:15:43|59481|49814649848|29826958712
29214|0|70723|05/01/2024 16:34:57||9903|403334920|250230680
27726|0|98424|05/01/2024 06:04:27||47733|22098185856|24342318128
28522|0|63848|05/01/2024 11:46:36||27204|49879417384|94336631688
29255|0|29370|05/01/2024 16:51:31||8909|5287684720|13729598224
27045|0|16017|05/01/2024 01:17:12||64968|30203324696|38083597544
28432|0|30539|05/01/2024 11:00:22||29978|1579123704|1850173928
28926|0|49120|05/01/2024 14:30:09||17391|28014444136|57909006904
29160|0|88451|05/01/2024 16:18:41||10879|915171728|1324520880
27536|0|10654|05/01/2024 04:47:38||52342|22471832536|32842350136
28023|0|31332|05/01/2024 08:11:10||40130|8488454992|10914206904
28334|0|46124|05/01/2024 10:25:26||32074|4314048616|5690154520
29215|0|10036|05/01/2024 16:38:46||9674|956632648|1392916904
28880|0|52225|05/01/2024 14:15:15||18285|1871771248|2612858832
29527|0|23803|05/01/2024 18:45:12||2088|73601984|80115520
28723|0|50238|05/01/2024 13:11:35||22105|5656731928|8071485416
28505|0|42428|05/01/2024 11:37:21||27759|7586496560|9472271400
29216|0|74145|05/01/2024 16:34:14||9946|1382328760|1871944664
28335|0|74526|05/01/2024 10:28:01||31919|5501347152|7435733872
28855|0|26093|05/01/2024 14:03:30||18990|1720752680|1838600184
27371|0|17156|05/01/2024 03:28:32||57088|3724165736|4240594208
29419|0|30835|05/01/2024 18:09:39||4221|67769328|74661360
28795|0|28124|05/01/2024 13:43:17||20203|39214702912|85900149664
27597|0|22317|05/01/2024 05:11:38||50902|6031505832|7187068168
28523|0|25051|05/01/2024 11:41:36||27504|5306530544|5974847752
28214|0|91511|05/01/2024 09:36:40||35000|13883557464|14819003424
29436|0|80236|05/01/2024 18:18:52||3668|902168032|1079014792
28479|0|66310|05/01/2024 11:24:01||28559|11754080744|13798516888
29123|0|41124|05/01/2024 15:52:57||12423|5276910912|5737522424
28506|0|53714|05/01/2024 11:39:28||27632|54233922112|107341484360
28408|0|77148|05/01/2024 10:55:46||30254|14196795032|14329654872
28901|0|48874|05/01/2024 14:20:56||17944|67689124832|130438669928
28703|0|93041|05/01/2024 13:06:46||22394|6940355288|7682596552
27518|0|80096|05/01/2024 04:39:50||52810|63985016160|52008517120
27599|0|34312|05/01/2024 05:15:24||50676|5772162648|6051497592
29050|0|63103|05/01/2024 15:29:16||13844|3542079304|3990376776
28821|0|83597|05/01/2024 13:55:56||19444|1722829608|2408379256
27804|0|83129|05/01/2024 06:43:18||45402|8554970184|9298171120
27462|0|74601|05/01/2024 04:09:44||54616|90333379448|208598615896
27519|0|64781|05/01/2024 04:35:07||53093|5239746416|7527285296
28724|0|62055|05/01/2024 13:16:53||21787|27627835264|73068125936
27259|0|31527|05/01/2024 02:49:22||59438|20909120480|27808420376
28084|0|71041|05/01/2024 08:43:37||38183|19107549360|23527028592
29550|0|79389|05/01/2024 18:50:52||1748|397301032|592769120
29065|0|6073|05/01/2024 15:39:49||13211|7968653928|9714488896
28409|0|47971|05/01/2024 10:55:21||30279|815440496|1143869400
29021|0|29306|05/01/2024 15:19:11||14449|3654417888|5431574832
28856|0|76670|05/01/2024 14:02:18||19062|2626832784|3589908840
28550|0|59433|05/01/2024 11:51:57||26883|2882465808|3186529672
28857|0|93311|05/01/2024 14:01:15||19125|2710846432|3305753024
27314|0|27416|05/01/2024 03:09:07||58253|23285919288|31785839408
28681|0|19123|05/01/2024 12:55:31||23069|1361412216|1541105288
28156|0|48946|05/01/2024 09:11:53||36487|1898210368|2754418056
29401|0|53676|05/01/2024 17:58:38||4882|780194656|967255584
28773|0|38060|05/01/2024 13:32:37||20843|2867870624|4258917208
29551|0|27730|05/01/2024 18:54:59||1501|48783496|66686336
28336|0|96896|05/01/2024 10:22:03||32277|92154848128|202672308096
29552|0|17009|05/01/2024 18:55:16||1484|604816904|712448664
28127|0|48902|05/01/2024 09:05:33||36867|16845153592|24345938376
27887|0|24903|05/01/2024 07:14:24||43536|5054632832|7500828008
29311|0|75957|05/01/2024 17:17:36||7344|378037592|408982584
28640|0|19759|05/01/2024 12:30:56||24544|1145053032|1342977680
28307|0|34442|05/01/2024 10:14:08||32752|1958841528|2667362608
29354|0|15203|05/01/2024 17:34:41||6319|116093368|128181920
29595|0|24906|05/01/2024 19:14:59||301|188016040|136764720
29235|0|7842|05/01/2024 16:45:05|05/01/2024 19:17:49|9164|1501845896|1598241960
29596|0|7842|05/01/2024 19:18:39||81|11018512|13552560
29437|0|84725|05/01/2024 18:15:32||3868|913922032|980261632
29094|0|25982|05/01/2024 15:48:26||12694|26436205912|65198858696
29355|0|24245|05/01/2024 17:36:13||6227|527411288|765040400
28570|0|26819|05/01/2024 12:08:13||25907|1966736480|2322947464
29256|0|63750|05/01/2024 16:56:10||8630|993650056|1427850296
28308|0|83551|05/01/2024 10:10:56||32944|55497211544|104725715648
29467|0|23151|05/01/2024 18:26:42||3198|9791535608|20280868720
29553|0|64459|05/01/2024 18:58:42||1278|90618192|104059216
28796|0|39569|05/01/2024 13:47:38||19942|17846414480|18537051648
28974|0|34668|05/01/2024 14:56:15||15825|4486639888|6571856832
29095|0|98196|05/01/2024 15:41:30||13110|5682813192|7539872336
28385|0|84711|05/01/2024 10:44:43||30917|7239059216|9391342864
28524|0|19779|05/01/2024 11:49:25||27035|877744112|933918976
29492|0|83416|05/01/2024 18:36:11||2629|3693099648|4954261056
28822|0|15205|05/01/2024 13:55:28||19472|2652201264|3645037016
27918|0|81876|05/01/2024 07:27:10||42770|132924882208|295695103504
28507|0|60347|05/01/2024 11:39:47||27613|638571976|797640624
28215|0|49963|05/01/2024 09:35:13||35087|3460842600|4065285696
28128|0|53977|05/01/2024 09:03:19||37001|12333261928|14779424848
27198|0|47511|05/01/2024 02:20:39||61161|15563604872|18302263656
28975|0|39224|05/01/2024 14:51:48||16092|3991674568|4017511816
28797|0|43761|05/01/2024 13:44:27||20133|5297986024|6439872920
28882|0|58449|05/01/2024 14:18:37||18083|921882808|954705488
28525|0|64525|05/01/2024 11:47:10||27170|2768743784|3122745984
28949|0|57595|05/01/2024 14:45:50||16450|172432128|198400144
28823|0|49047|05/01/2024 13:58:59||19261|43609000624|91521663824
28927|0|99858|05/01/2024 14:36:37||17003|1103400|1650672
29554|0|5329|05/01/2024 18:56:12||1428|618035104|831388928
27832|0|16277|05/01/2024 06:53:55||44765|1778781200|2368817848
28824|0|63116|05/01/2024 13:58:04||19316|1917876992|2617998256
28825|0|4984|05/01/2024 13:55:41||19459|20631104008|13460618848
29289|0|4814|05/01/2024 17:01:04||8336|4404628176|4704633792
28996|0|46329|05/01/2024 15:04:01||15359|4000997744|5292338112
26939|0|17550|05/01/2024 00:28:45||67875|38717122664|50929494904
29290|0|45287|05/01/2024 17:09:04||7856|923427352|1210517096
27978|0|54532|05/01/2024 07:52:44||41236|8244430656|8910522640
29257|0|66727|05/01/2024 16:50:24||8976|2888558088|4088269680
28657|0|31810|05/01/2024 12:49:24||23436|5831818464|6470332768
29555|0|30453|05/01/2024 18:53:12||1608|1818380096|1154108576
29576|0|24571|05/01/2024 19:05:30||870|18589912|18815576
28065|0|32232|05/01/2024 08:37:32||38548|18824106976|19250884472
28705|0|31906|05/01/2024 13:05:22||22478|4399931168|4608550168
29236|0|18957|05/01/2024 16:49:54||9006|853933992|902248136
28157|0|54433|05/01/2024 09:19:10||36050|3577522608|3669345624
28774|0|51211|05/01/2024 13:33:53||20767|1115125472|1174264920
29493|0|70169|05/01/2024 18:37:22||2558|1562398520|2319494776
28480|0|46986|05/01/2024 11:29:25||28235|2083284848|2589993256
29258|0|23505|05/01/2024 16:59:20||8440|1352490232|1833772320
29468|0|42726|05/01/2024 18:29:36||3024|1027634344|1039321656
29438|0|60604|05/01/2024 18:19:30||3630|717266424|843273720
28826|0|90189|05/01/2024 13:51:14||19726|57534358792|133753042560
28357|0|12303|05/01/2024 10:30:30||31770|6996850320|9257329704
28551|0|84423|05/01/2024 11:52:14||26866|10383410424|12116294432
28950|0|88803|05/01/2024 14:44:35||16525|368180552|372749512
29022|0|12863|05/01/2024 15:15:50||14650|3657347584|3893960992
28024|0|98215|05/01/2024 08:17:00||39780|25593042504|35177037288
28309|0|85856|05/01/2024 10:13:47||32773|9057981992|9410814640
27833|0|74749|05/01/2024 06:53:12||44808|2862863136|3026090336
28158|0|84447|05/01/2024 09:11:38||36502|60493293048|153239460600
29291|0|59369|05/01/2024 17:00:58||8342|194963160|272707688
28997|0|14295|05/01/2024 15:08:12||15108|2092083664|3066435488
28659|0|44381|05/01/2024 12:47:14||23566|2847409328|4027556080
27979|0|66095|05/01/2024 07:56:43||40997|6091601344|8466948512
29439|0|41383|05/01/2024 18:19:18||3642|469134864|560557720
29066|0|5616|05/01/2024 15:36:23||13417|23555216784|48959279784
28508|0|5989|05/01/2024 11:36:25||27815|706699976|1046891152
29124|0|96379|05/01/2024 15:50:11||12589|803751712|1150087608
29140|0|90014|05/01/2024 16:04:37||11723|5564739008|6430175728
27483|0|90493|05/01/2024 04:18:02||54118|13009780576|18722370072
29420|0|36973|05/01/2024 18:05:39||4461|416481064|505543024
28951|0|4593|05/01/2024 14:47:54||16326|716167616|1031740056
28660|0|75854|05/01/2024 12:49:50||23410|95070701288|177744479256
29023|0|88091|05/01/2024 15:11:30||14910|1022650456|1398396832
28434|0|31308|05/01/2024 11:00:57||29943|1858014944|2197395672
29469|0|49376|05/01/2024 18:26:58||3182|979024616|1430787440
29096|0|7743|05/01/2024 15:49:18||12642|6554991872|7553284688
29180|0|87865|05/01/2024 16:24:41||10519|3603456992|4410496160
27936|0|81346|05/01/2024 07:37:42||42138|7156701776|9148953568
27199|0|31214|05/01/2024 02:28:09||60711|19645398032|25226457448
28243|0|23717|05/01/2024 09:46:40||34400|119577899168|318764372608
28260|0|63011|05/01/2024 09:54:53||33907|503694096|681899008
29217|0|26764|05/01/2024 16:38:23||9697|923609896|1099214888
29528|0|92224|05/01/2024 18:49:14||1846|1818838760|1924089528
28187|0|76634|05/01/2024 09:23:46||35774|135495757416|310011227128
29597|0|29929|05/01/2024 19:19:03||57|1572912|1864824
28129|0|65810|05/01/2024 09:02:31||37049|6845313392|7820515472
29556|0|78957|05/01/2024 18:54:11||1549|119451104|119587592
29051|0|73491|05/01/2024 15:29:16||13844|989114264|1174069104
27920|0|38718|05/01/2024 07:25:27||42873|85086719144|209732282744
27263|0|62800|05/01/2024 02:43:28||59792|34384786480|35580511888
27956|0|15351|05/01/2024 07:40:27||41973|3361706032|4944340624
29375|0|60165|05/01/2024 17:47:30||5550|707262680|973572400
28159|0|58684|05/01/2024 09:18:38||36082|298297552|394659856
27290|0|86640|05/01/2024 02:57:08||58972|21035395536|28839039520
28661|0|31189|05/01/2024 12:44:52||23708|3148977848|3537004936
29097|0|13450|05/01/2024 15:44:32||12928|3231230000|4320139616
29440|0|78223|05/01/2024 18:11:36||4104|1151294712|1606270568
27760|0|47552|05/01/2024 06:21:36||46704|87632350912|233651021504
27443|0|38222|05/01/2024 03:51:08||55732|16250845592|19151935200
29598|0|21763|05/01/2024 19:17:25||155|15211472|21589344
27863|0|28387|05/01/2024 07:09:53||43807|120630444400|235502400064
27864|0|52962|05/01/2024 07:03:37||44183|399671960|528463768
28858|0|79493|05/01/2024 14:04:29||18931|615047616|907383560
29259|0|34127|05/01/2024 16:56:17||8623|10030030336|5621394512
29181|0|6802|05/01/2024 16:27:08||10372|26116889912|59119296480
28130|0|62492|05/01/2024 09:06:50||36790|10394796328|10605614504
28617|0|60248|05/01/2024 12:21:37||25103|37995885896|107574377152
28358|0|78104|05/01/2024 10:33:17||31603|10235227880|11489099504
29332|0|82589|05/01/2024 17:21:00||7140|516481776|687188184
29218|0|60821|05/01/2024 16:35:54||9846|922450664|1316932936
28359|0|18066|05/01/2024 10:31:03||31737|54600100432|155015676664
29237|0|66307|05/01/2024 16:48:38|05/01/2024 19:14:20|8742|247127648|306128224
29599|0|66307|05/01/2024 19:15:35||265|51303896|53392800
29441|0|91475|05/01/2024 18:19:16||3644|448229280|569952872
29098|0|64119|05/01/2024 15:49:28||12632|2796439456|3077661808
29182|0|41167|05/01/2024 16:20:33||10767|5757858208|8203147128
29067|0|46705|05/01/2024 15:32:50||13630|11711235112|12912107976
28775|0|38141|05/01/2024 13:39:31||20429|1757925736|1807536520
27888|0|16344|05/01/2024 07:17:18||43362|87795018808|234179892304
28662|0|67666|05/01/2024 12:42:47||23833|4635332152|5773301320
28706|0|62937|05/01/2024 13:07:29||22351|12583858696|14388736280
28726|0|42018|05/01/2024 13:13:26||21994|3082323432|4388032720
28776|0|62028|05/01/2024 13:32:52||20828|20634978728|12481669088
28085|0|38580|05/01/2024 08:44:57||38103|6800546272|8675256632
28904|0|57517|05/01/2024 14:28:57||17463|2724942096|3522215824
28216|0|52747|05/01/2024 09:34:30||35130|1012872848|1156454416
28311|0|40916|05/01/2024 10:19:20||32440|5319270616|5982600616
29162|0|61437|05/01/2024 16:14:09||11151|3575361400|4342438824
29529|0|97782|05/01/2024 18:47:10||1970|299130464|675462424
29442|0|52466|05/01/2024 18:16:37||3803|17152214960|35340570240
27602|0|54993|05/01/2024 05:18:41||50479|35371784384|36524918624
29577|0|73198|05/01/2024 19:00:46||1154|240675832|279796400
28618|0|16518|05/01/2024 12:26:43||24797|2265067664|3184854200
28483|0|24519|05/01/2024 11:28:55||28265|14065338640|14547392192
29292|0|4618|05/01/2024 17:02:46||8234|19923128120|42503479656
29356|0|11077|05/01/2024 17:38:14||6106|1609078024|2101567304
27957|0|55593|05/01/2024 07:43:35||41785|24701133368|26701449976
27346|0|66256|05/01/2024 03:14:06||57954|27255903496|39479788896
28952|0|48135|05/01/2024 14:43:11||16609|2017706120|2236904040
28999|0|14893|05/01/2024 15:04:00||15360|2038997536|2246893000
29163|0|26014|05/01/2024 16:18:15||10905|3250955104|3594691552
28859|0|39980|05/01/2024 14:00:56||19144|9102471896|9740578696
27783|0|76363|05/01/2024 06:35:29||45871|1745123688|2517390472
28827|0|32834|05/01/2024 13:57:31||19349|628871336|675296864
26989|0|18927|05/01/2024 00:41:17||67123|29843924328|36310130616
27958|0|44714|05/01/2024 07:47:33||41547|8298926864|9243061912
28047|0|51889|05/01/2024 08:27:55||39125|24044267792|25666480120
29600|0|34760|05/01/2024 19:13:01||419|67323472|92829176
28798|0|43410|05/01/2024 13:44:49||20111|4435162648|6501180288
29557|0|26002|05/01/2024 18:56:06||1434|313410576|343065752
26990|0|95066|05/01/2024 00:48:14||66706|1473135536|1490182544
28244|0|67595|05/01/2024 09:48:58||34262|36664021896|100282879672
29558|0|88096|05/01/2024 18:53:35||1585|871739360|981889552
28883|0|4606|05/01/2024 14:13:44||18376|4913268392|7033973608
27761|0|58246|05/01/2024 06:26:27||46413|1100982648|1371270888
28284|0|49105|05/01/2024 10:05:35||33265|17086188328|17512291520
29494|0|47228|05/01/2024 18:34:23||2737|5549323096|13968314288
28929|0|24213|05/01/2024 14:35:53||17047|41489304936|85228997608
27200|0|89014|05/01/2024 02:23:45||60975|47559119608|31322448040
29183|0|65611|05/01/2024 16:28:13||10307|740327032|760152928
28337|0|89046|05/01/2024 10:24:55||32105|2587755280|3367902064
29000|0|59817|05/01/2024 15:09:42||15018|10917796896|14725165792
29559|0|19943|05/01/2024 18:59:09||1251|315972656|323180760
27747|0|56598|05/01/2024 06:12:27||47253|8724623128|10053497928
28509|0|90141|05/01/2024 11:32:09||28071|2135000056|2925701976
29376|0|64625|05/01/2024 17:43:39||5781|2059818840|2216906320
28485|0|21232|05/01/2024 11:23:32||28588|11107255248|13185674888
29377|0|63065|05/01/2024 17:43:20||5800|2568273448|3703254176
26849|0|36128|04/01/2024 23:43:31|05/01/2024 19:10:28|70017|24164293896|36088122856
29601|0|36128|05/01/2024 19:10:50||550|109144136|136249624
29260|0|42069|05/01/2024 16:57:32||8548|1158742616|1253614208
28410|0|15177|05/01/2024 10:59:10||30050|32212017288|72420959368
28777|0|86394|05/01/2024 13:35:44||20656|6322815672|7478126064
29578|0|90354|05/01/2024 19:00:44||1156|107807616|144455792
28261|0|63511|05/01/2024 09:54:44||33916|81578185000|233415543376
29579|0|10794|05/01/2024 19:09:54||606|84402960|118537312
28190|0|93514|05/01/2024 09:28:47||35473|2611474336|3655989264
28086|0|20600|05/01/2024 08:49:50||37810|13045296048|13435949408
27554|0|21691|05/01/2024 04:51:33||52107|2423397536|2646230952
29293|0|31198|05/01/2024 17:04:00||8160|4717055968|5691575088
29294|0|59271|05/01/2024 17:01:58||8282|1812405240|1903429008
29238|0|40852|05/01/2024 16:43:23||9397|2301003712|2377644968
27705|0|81367|05/01/2024 05:56:42||48198|19750620528|26570182616
27729|0|7986|05/01/2024 06:08:08||47512|4523395480|5029082680
28663|0|75318|05/01/2024 12:48:50||23470|5193919472|5306630408
27464|0|91924|05/01/2024 04:02:38||55042|13789933488|18796194336
28486|0|58220|05/01/2024 11:22:19||28661|6255631400|8793364312
28620|0|76632|05/01/2024 12:28:27||24693|6283806872|8292937608
28191|0|58272|05/01/2024 09:20:32||35968|6723654384|7399444176
28778|0|82918|05/01/2024 13:31:08||20932|12973785408|13543170096
27678|0|65442|05/01/2024 05:43:40||48980|163330762464|305767067104
28026|0|78582|05/01/2024 08:12:31||40049|5641909576|6348651544
27921|0|89998|05/01/2024 07:28:09|05/01/2024 19:17:54|42585|16349107384|18125425208
29357|0|44391|05/01/2024 17:33:58||6362|205497520|223990264
29125|0|20346|05/01/2024 15:59:56||12004|1756052336|2623146120
28799|0|23057|05/01/2024 13:46:43||19997|11972240024|13727172984
27784|0|78811|05/01/2024 06:30:23||46177|865984232|998417200
29184|0|53550|05/01/2024 16:28:03||10317|1586049072|2196264136
29313|0|53450|05/01/2024 17:19:19||7241|1041955688|1290567736
29024|0|82975|05/01/2024 15:11:39||14901|1266740648|1360420640
29295|0|66003|05/01/2024 17:01:13|05/01/2024 19:11:52|7839|172640296|233507296
28572|0|61892|05/01/2024 12:03:31||26189|4213599792|4973021328
28860|0|77070|05/01/2024 14:09:49||18611|3873521480|4177514872
28728|0|79497|05/01/2024 13:11:38||22102|8525246784|12601560992
29126|0|68717|05/01/2024 15:50:10||12590|633795280|933838072
29185|0|91131|05/01/2024 16:27:47||10333|1553435304|2001934616
27891|0|57014|05/01/2024 07:16:55||43385|141258741352|295361887128
28729|0|73381|05/01/2024 13:17:57||21723|6073665736|6334000040
27374|0|94806|05/01/2024 03:20:25||57575|16347006304|20005583128
28905|0|77752|05/01/2024 14:21:12||17928|965100648|1291992008
27347|0|47290|05/01/2024 03:13:47||57973|15623928392|18222084280
28161|0|61999|05/01/2024 09:17:19||36161|7268301160|10601848416
29378|0|38204|05/01/2024 17:40:04||5996|2565357472|3265269352
29025|0|10306|05/01/2024 15:13:16||14804|1695388896|2318780088
29333|0|24936|05/01/2024 17:21:11||7129|771224296|855222144
29580|0|58622|05/01/2024 19:02:34||1046|665365848|762141912
29470|0|30399|05/01/2024 18:25:18||3282|4458167912|8840440760
29443|0|12192|05/01/2024 18:14:57||3903|437738848|452045096
29495|0|25186|05/01/2024 18:37:39||2541|3443406856|2216403872
28828|0|19163|05/01/2024 13:57:38||19342|1154393968|1325371744
29334|0|89836|05/01/2024 17:25:49||6851|1719336944|2243220568
28779|0|28713|05/01/2024 13:39:45||20415|5137642120|7173238472
29402|0|67103|05/01/2024 17:57:52||4928|18274631064|39753145712
28621|0|92282|05/01/2024 12:23:57||24963|2440356976|2527011920
28458|0|73562|05/01/2024 11:14:41||29119|3035334992|3591409664
29560|0|55102|05/01/2024 18:52:49||1631|255890168|335633760
29314|0|80867|05/01/2024 17:11:44||7696|202687432|212166752
29315|0|66198|05/01/2024 17:10:33||7767|3657930600|4300371632
28885|0|33865|05/01/2024 14:18:19||18101|782834296|1058795368
28087|0|57145|05/01/2024 08:48:35||37885|14028479088|17875600104
28800|0|26795|05/01/2024 13:40:33||20367|860107144|1001073528
29099|0|99675|05/01/2024 15:44:37||12923|733672184|739172040
28412|0|33122|05/01/2024 10:52:28||30452|67225341632|135587124680
28931|0|21673|05/01/2024 14:35:04||17096|31171959800|73702829712
29358|0|21827|05/01/2024 17:32:24||6456|418553520|464329824
27558|0|51103|05/01/2024 04:51:55||52085|12928912272|13983545216
28683|0|53935|05/01/2024 12:59:35||22825|4508979840|4565782152
28906|0|38745|05/01/2024 14:22:56||17824|368438928|539618160
28387|0|20811|05/01/2024 10:49:02||30658|1632410736|2094481048
28088|0|32328|05/01/2024 08:46:30||38010|6037176672|6387356728
29296|0|90370|05/01/2024 17:09:20||7840|839091912|925530240
29444|0|50008|05/01/2024 18:17:17||3763|619072936|793272488
28684|0|20016|05/01/2024 12:57:35||22945|396870464|467214784
29359|0|99132|05/01/2024 17:31:43||6497|2031000720|2565035160
28622|0|46657|05/01/2024 12:23:18||25002|3776243840|4575354968
29360|0|83926|05/01/2024 17:35:49||6251|1980843672|2604220720
28459|0|90910|05/01/2024 11:17:56||28924|11320523440|13883620768
29164|0|85555|05/01/2024 16:17:27||10953|20043681064|55894271376
29403|0|97084|05/01/2024 17:54:09||5151|2528954088|3578259544
28780|0|22859|05/01/2024 13:33:16||20804|1585145600|1738270872
28553|0|47454|05/01/2024 11:54:56||26704|265364064|367327704
27706|0|79123|05/01/2024 05:52:48||48432|49702960136|34297827952
28685|0|88502|05/01/2024 12:59:17||22843|95583490024|247775692808
28862|0|26176|05/01/2024 14:09:21||18639|1714877736|2276628496
27426|0|53116|05/01/2024 03:43:38||56182|13225418304|15834115648
28217|0|87020|05/01/2024 09:36:36||35004|3618669880|4995708808
29335|0|81151|05/01/2024 17:29:42||6618|404147920|527580384
28730|0|9286|05/01/2024 13:16:55||21785|4397969392|5362345640
29052|0|66185|05/01/2024 15:27:52||13928|8509052248|10536347136
29261|0|90018|05/01/2024 16:53:17||8803|584163536|605540328
28731|0|9820|05/01/2024 13:14:10||21950|15299213784|19857815536
28069|0|24393|05/01/2024 08:39:07||38453|20465430712|24830532280
28597|0|80798|05/01/2024 12:14:59||25501|5280677320|6877814144
28829|0|45845|05/01/2024 13:54:27||19533|1776256688|2113405720
29219|0|76719|05/01/2024 16:32:12||10068|25739506784|50000391936
29581|0|36934|05/01/2024 19:05:29||871|399900608|435863416
28388|0|53663|05/01/2024 10:42:31||31049|3721916248|4426579488
27980|0|29777|05/01/2024 07:51:22||41318|2272665688|2469431200
29001|0|41862|05/01/2024 15:07:55||15125|3480113896|3757308704
27403|0|4405|05/01/2024 03:38:32||56488|10555298984|14973153520
28641|0|67368|05/01/2024 12:37:24||24156|5392472984|7439045520
29262|0|4697|05/01/2024 16:52:57||8823|30648908744|73253228800
29379|0|96661|05/01/2024 17:41:50||5890|939806960|1390620792
28953|0|86178|05/01/2024 14:47:02||16378|740643832|1097569184
28954|0|89519|05/01/2024 14:49:39||16221|57885569952|112029871024
27748|0|11325|05/01/2024 06:10:27||47373|52646659496|122140715336
29141|0|55642|05/01/2024 16:07:01||11579|253842520|363502832
28103|0|54879|05/01/2024 08:52:28||37652|12068773752|12275076864
28510|0|10559|05/01/2024 11:31:26||28114|20174060872|21047397000
27623|0|38624|05/01/2024 05:25:57||50043|136244906672|258732621760
29496|0|55502|05/01/2024 18:39:47||2413|469447784|501009104
28664|0|5653|05/01/2024 12:49:34||23426|2557710072|2643832544
27707|0|9731|05/01/2024 05:56:28||48212|100420581416|213890198224
28750|0|76157|05/01/2024 13:21:32||21508|2955055200|3984181360
28751|0|40982|05/01/2024 13:23:17||21403|5388926384|6047508656
28263|0|96177|05/01/2024 09:59:21||33639|87312921104|203220220344
29582|0|92304|05/01/2024 19:06:39||801|301464928|389375192
28752|0|96870|05/01/2024 13:23:08||21412|86920171432|164650433824
29127|0|86096|05/01/2024 15:52:39||12441|49830619056|133897800128
28886|0|10021|05/01/2024 14:14:10||18350|386017368|441547696
29316|0|15671|05/01/2024 17:18:47||7273|471352288|687166656
27762|0|24594|05/01/2024 06:25:23||46477|4371217696|6063784232
29404|0|86952|05/01/2024 17:59:59||4801|5944120608|3987728808
29165|0|55313|05/01/2024 16:11:41||11299|7738116328|8599373048
28360|0|18593|05/01/2024 10:33:47||31573|20430832576|22837467096
27268|0|60247|05/01/2024 02:45:39||59661|13985439704|16889112400
28003|0|66325|05/01/2024 08:08:47||40273|5113051928|5340813312
28887|0|79106|05/01/2024 14:12:20||18460|2958849344|3557967496
27763|0|25586|05/01/2024 06:28:28||46292|5765737256|7551634608
28004|0|32026|05/01/2024 08:08:47||40273|3805897280|4301667432
29002|0|12453|05/01/2024 15:07:50||15130|1421673736|1749600128
27892|0|45528|05/01/2024 07:19:11||43249|96460505272|262608087800
27785|0|78121|05/01/2024 06:31:33||46107|20769868688|29340653424
28686|0|41018|05/01/2024 12:56:46||22994|1260192776|1424373416
29380|0|93099|05/01/2024 17:47:55||5525|9905336|12129512
28340|0|88853|05/01/2024 10:25:25||32075|7038316360|8558281224
28049|0|79262|05/01/2024 08:20:40||39560|12413373272|16817783184
29445|0|11561|05/01/2024 18:12:35||4045|1323294512|1363707496
29186|0|8522|05/01/2024 16:29:40||10220|95341160|105456592
28907|0|96983|05/01/2024 14:22:51||17829|8268247888|12312979712
29263|0|8450|05/01/2024 16:50:40||8960|246867464|364559408
27231|0|23100|05/01/2024 02:36:38||60202|3400389968|4236896880
28753|0|68623|05/01/2024 13:21:46||21494|9006727672|13389268704
28623|0|22149|05/01/2024 12:26:22||24818|3519193704|5233386352
27348|0|6953|05/01/2024 03:18:53||57667|10475412584|12537625512
27786|0|18374|05/01/2024 06:37:22||45758|77904269856|226537507976
27836|0|18673|05/01/2024 06:51:43||44897|3129369480|4635649384
27730|0|21544|05/01/2024 06:08:01||47519|19694740480|21487860848
28732|0|19065|05/01/2024 13:17:18||21762|14043971144|20368553024
29602|0|82973|05/01/2024 19:10:47||553|20263280|20818792
27837|0|79371|05/01/2024 06:54:08||44752|57557861760|118158889368
28314|0|78455|05/01/2024 10:13:44||32776|6566729200|9283078144
29101|0|51972|05/01/2024 15:42:00||13080|3876491920|5017757200
28286|0|48466|05/01/2024 10:06:05||33235|6761823240|9578737408
28287|0|47102|05/01/2024 10:06:22||33218|5930788992|8028234400
27894|0|19347|05/01/2024 07:15:39||43461|1026440664|1117024368
29003|0|50119|05/01/2024 15:08:50||15070|3291651952|3468763224
29361|0|89878|05/01/2024 17:39:14||6046|1097782360|1643103720
29497|0|69231|05/01/2024 18:35:30||2670|2623971328|2709408992
28830|0|71826|05/01/2024 13:59:45||19215|1109179080|1620921584
28219|0|78405|05/01/2024 09:37:37||34943|169499903848|360699729912
29317|0|80903|05/01/2024 17:10:09||7791|4850108088|12107247736
29583|0|86957|05/01/2024 19:02:24||1056|9540528|13406552
28527|0|62538|05/01/2024 11:47:37||27143|1001086232|1298713504
28598|0|7155|05/01/2024 12:17:23||25357|302010776|313581184
29471|0|84557|05/01/2024 18:20:45||3555|8037843008|15921282848
27448|0|38351|05/01/2024 03:58:51||55269|22599334984|23204044952
29069|0|6918|05/01/2024 15:34:07||13553|4037468960|4768465176
27731|0|60391|05/01/2024 06:05:22||47678|16808181488|18397827032
29405|0|76396|05/01/2024 17:54:13||5147|2063678424|2630569600
27375|0|78294|05/01/2024 03:22:55||57425|31412339064|45627636400
27682|0|87788|05/01/2024 05:40:14||49186|5043385264|5578417448
29102|0|30325|05/01/2024 15:49:07||12653|3570203960|4616172336
29166|0|70362|05/01/2024 16:10:07||11393|258896040|284723456
29026|0|83640|05/01/2024 15:16:34||14606|28184268232|55423857072
28955|0|14822|05/01/2024 14:47:45||16335|3005311280|3942695152
29264|0|11392|05/01/2024 16:51:58||8882|482209184|595831648
29336|0|75110|05/01/2024 17:24:14||6946|2469540040|3065696104
28220|0|45814|05/01/2024 09:35:26||35074|416286592|566581432
29362|0|97683|05/01/2024 17:34:12||6348|217704992|279590800
29103|0|9484|05/01/2024 15:45:20||12880|3704139680|3817583184
27683|0|99765|05/01/2024 05:47:00||48780|11763822024|12325089400
29584|0|17646|05/01/2024 19:05:15||885|200016400|256695832
29142|0|87648|05/01/2024 16:04:59||11701|10986614264|13200764200
27233|0|41487|05/01/2024 02:34:54|05/01/2024 19:14:45|59991|14380435952|16740373688
29603|0|41487|05/01/2024 19:16:16||224|136088376|183231272
29265|0|7936|05/01/2024 16:59:53||8407|597688584|895669416
28245|0|85504|05/01/2024 09:42:29||34651|9386512944|11986925104
28976|0|45641|05/01/2024 14:57:26||15754|4073716144|4749160680
29337|0|81865|05/01/2024 17:25:08||6892|1015031576|1436491104
27026|0|87989|05/01/2024 01:01:06||65934|11499232840|12424329800
27524|0|9699|05/01/2024 04:31:22||53318|4013676720|5269803840
28802|0|22793|05/01/2024 13:45:20||20080|11476435440|11763163168
27576|0|32356|05/01/2024 05:03:18||51402|11796688184|17309492304
27684|0|10022|05/01/2024 05:49:11||48649|7003347264|8410251152
29561|0|7659|05/01/2024 18:57:14||1366|44370104|55914312
28105|0|67811|05/01/2024 08:52:59||37621|445286984|548438040
29498|0|61780|05/01/2024 18:30:35||2965|449014488|593499000
29585|0|23997|05/01/2024 19:06:26||814|148535952|175606952
29027|0|83574|05/01/2024 15:13:25||14795|75263922776|147199555792
29586|0|7181|05/01/2024 19:04:29||931|51764064|61298720
29381|0|98621|05/01/2024 17:44:11||5749|1077589768|1420060280
28687|0|68529|05/01/2024 12:58:22||22898|15624411848|18141243672
28288|0|80682|05/01/2024 10:02:40||33440|2537165768|2780433144
29143|0|5584|05/01/2024 16:02:51||11829|10297015520|12285270992
29104|0|11094|05/01/2024 15:48:56||12664|2511230040|3242189376
29006|0|89326|05/01/2024 15:04:15||15345|3024989592|3799361888
28511|0|99205|05/01/2024 11:35:32||27868|7547177568|8978670336
29499|0|7018|05/01/2024 18:36:11||2629|371640272|489027104
28665|0|37512|05/01/2024 12:49:12||23448|9614044032|11701111736
28289|0|34867|05/01/2024 10:06:14||33226|1655043824|2037939776
28031|0|74252|05/01/2024 08:14:32||39928|140245153456|315914895656
27270|0|72885|05/01/2024 02:44:10||59750|21337262328|23253690368
29318|0|44332|05/01/2024 17:14:01||7559|1750967544|1888138840
28708|0|71110|05/01/2024 13:00:01||22799|7013188504|8107513568
29382|0|89700|05/01/2024 17:47:10||5570|1770532888|2266140704
28437|0|97929|05/01/2024 11:00:16||29984|15261829048|18027672144
29446|0|66446|05/01/2024 18:18:31||3689|149323304|168282528
28831|0|45519|05/01/2024 13:59:47||19213|10357934760|12190838032
27789|0|9390|05/01/2024 06:34:21||45939|15381741112|17208499960
28438|0|95175|05/01/2024 11:00:33||29967|10216134664|12882186000
28162|0|98472|05/01/2024 09:14:59||36301|8868661224|9797662232
27812|0|76698|05/01/2024 06:44:53||45307|1038321576|1283352536
29406|0|49854|05/01/2024 17:54:29||5131|222138480|275803928
27895|0|75357|05/01/2024 07:18:09||43311|8694159360|11445014504
28642|0|51641|05/01/2024 12:35:00||24300|44418779872|86326675736
28132|0|81674|05/01/2024 09:09:31||36629|1281251352|1442208752
28643|0|82539|05/01/2024 12:35:19||24281|642741776|780938040
29447|0|85726|05/01/2024 18:18:47||3673|11236130600|25413180792
29188|0|3957|05/01/2024 16:27:06||10374|371098664|469077056
27790|0|35063|05/01/2024 06:39:27||45633|100315783392|271093054592
28221|0|19394|05/01/2024 09:35:02||35098|90430156680|181981015488
27982|0|42042|05/01/2024 07:59:19||40841|4089741880|5031107168
28956|0|39548|05/01/2024 14:49:55||16205|3657012744|4947124992
27506|0|75915|05/01/2024 04:27:19||53561|1963737256|2566371480
27813|0|45148|05/01/2024 06:49:53|05/01/2024 19:10:44|44451|16893719288|18246966528
28599|0|62410|05/01/2024 12:14:59||25501|2360206488|3191335752
29472|0|20792|05/01/2024 18:27:40||3140|726817408|1715263744
27839|0|26500|05/01/2024 06:59:37||44423|10252027224|12885297768
28864|0|96779|05/01/2024 14:00:09||19191|1794897360|1824722552
29448|0|77834|05/01/2024 18:13:09||4011|473716032|681286088
29338|0|81917|05/01/2024 17:24:37||6923|231107144|262486344
29239|0|55293|05/01/2024 16:44:34||9326|630583232|657084576
28908|0|89206|05/01/2024 14:22:45||17835|7927167432|10738677384
28934|0|58035|05/01/2024 14:39:17||16843|1094579368|1316482768
29500|0|48275|05/01/2024 18:35:17||2683|110268208|140867648
29007|0|96826|05/01/2024 15:09:56||15004|1942014584|2234904664
28688|0|5630|05/01/2024 12:54:14||23146|41664296848|117155026168
28529|0|61600|05/01/2024 11:47:20||27160|4308445472|4992451776
29501|0|99822|05/01/2024 18:39:50||2410|911643008|1259360496
29071|0|20360|05/01/2024 15:35:30||13470|6127578672|6871739408
29502|0|68549|05/01/2024 18:32:59||2821|298608120|354359968
28865|0|42501|05/01/2024 14:06:12||18828|634066216|827966856
28512|0|19463|05/01/2024 11:32:22||28058|10693147536|12404260072
29240|0|20362|05/01/2024 16:44:49||9311|604118048|630867728
28977|0|95722|05/01/2024 14:56:55||15785|1227726272|1440176704
28266|0|18382|05/01/2024 09:52:59||34021|12624281024|15024429440
29562|0|10152|05/01/2024 18:52:30||1650|1006053832|1233919856
27840|0|12037|05/01/2024 06:53:00||44820|539536656|631810360
29128|0|47261|05/01/2024 15:51:02||12538|1391612776|1463283872
29530|0|14256|05/01/2024 18:44:42||2118|2792779320|3208381392
29266|0|13261|05/01/2024 16:50:22||8978|109510568|156370248
29363|0|57590|05/01/2024 17:37:41||6139|787114592|919270040
27938|0|14486|05/01/2024 07:33:49||42371|8595577184|11240239552
29339|0|89349|05/01/2024 17:26:59||6781|581020064|583374160
28135|0|54507|05/01/2024 09:05:06||36894|858562208|1073587528
27542|0|49346|05/01/2024 04:42:44||52636|2742845256|3788362888
28315|0|4441|05/01/2024 10:17:25||32555|23746197832|28902477184
27096|0|68378|05/01/2024 01:31:09||64131|7705581040|9660117912
29473|0|33554|05/01/2024 18:21:44||3496|6942201352|13886274400
27814|0|15632|05/01/2024 06:45:03||45297|21732069440|23637235992
28781|0|50596|05/01/2024 13:32:20||20860|29724241928|61151960632
29220|0|89993|05/01/2024 16:38:02||9718|868030664|868290464
27377|0|7207|05/01/2024 03:21:51||57489|26190568576|37159134432
28573|0|14734|05/01/2024 12:09:16||25844|3854329752|5728978512
28290|0|30801|05/01/2024 10:08:59||33061|17812510576|19213469248
29604|0|18827|05/01/2024 19:11:35||505|43576680|46324864
28888|0|69962|05/01/2024 14:13:11||18409|703475808|919219960
27647|0|31771|05/01/2024 05:34:01||49559|313416584|371594536
28053|0|96638|05/01/2024 08:29:18||39042|9846081296|12339810336
29072|0|34171|05/01/2024 15:35:59||13441|1898652072|1978197240
28317|0|89289|05/01/2024 10:13:19||32801|8066917848|10323818792
28754|0|30802|05/01/2024 13:24:52||21308|5211193504|6419846536
29008|0|79133|05/01/2024 15:06:05||15235|818376792|951202648
29073|0|7346|05/01/2024 15:39:05||13255|1630631576|1845981304
29267|0|4571|05/01/2024 16:58:43||8477|126949344|163831720
29407|0|97195|05/01/2024 17:59:12||4848|196906272|232670296
28490|0|10159|05/01/2024 11:25:47||28453|22222310800|32808253552
29028|0|99367|05/01/2024 15:16:24||14616|1451015176|1990685272
28978|0|77547|05/01/2024 14:59:01||15659|436289328|606747112
28600|0|84629|05/01/2024 12:13:20||25600|3087538152|3496752328
29130|0|24235|05/01/2024 15:50:37||12563|765899240|788612592
29241|0|18451|05/01/2024 16:42:33||9447|833207912|893053736
27271|0|69104|05/01/2024 02:43:10||59810|14863985888|20160699424
28733|0|36534|05/01/2024 13:13:16||22004|7318296296|9391445632
28625|0|85532|05/01/2024 12:21:49||25091|8682559288|10501497200
28194|0|62232|05/01/2024 09:28:33||35487|4507991272|6258565960
27295|0|17819|05/01/2024 02:51:17||59323|1349394528|1787721568
27816|0|15781|05/01/2024 06:46:28||45212|7322520128|8146165304
28531|0|32359|05/01/2024 11:41:12||27528|9339438640|12687230592
27924|0|46049|05/01/2024 07:25:44||42856|11925328360|17451647208
28689|0|99338|05/01/2024 12:56:03||23037|7825698160|10883349760
29421|0|64565|05/01/2024 18:05:38||4462|6563432288|4316808656
27869|0|50421|05/01/2024 07:07:35||43945|10139229056|14212578528
28866|0|8845|05/01/2024 14:06:30||18810|946106776|1124561448
29144|0|59094|05/01/2024 16:01:45||11895|3272468104|4271727896
28626|0|96049|05/01/2024 12:21:07||25133|286897488|389207480
29029|0|51793|05/01/2024 15:16:20||14620|10738032600|13753132928
29074|0|87765|05/01/2024 15:38:14||13306|609026200|799025528
29298|0|71149|05/01/2024 17:08:56||7864|15002628464|40826250096
29319|0|55345|05/01/2024 17:16:30||7410|1123697920|1534547296
28710|0|44668|05/01/2024 13:08:54||22266|8559299592|12086655512
29131|0|71414|05/01/2024 15:54:06||12354|2908157584|3929518464
29449|0|76454|05/01/2024 18:12:39||4041|1395711208|1612235320
28755|0|32519|05/01/2024 13:22:59||21421|3661396088|3674738976
27378|0|47605|05/01/2024 03:22:10||57470|10046935888|14376859752
29221|0|30269|05/01/2024 16:34:50||9910|1703544880|1825112232
27897|0|74461|05/01/2024 07:11:23||43717|4547840384|6115273448
29053|0|82164|05/01/2024 15:28:22||13898|6643211280|7513840272
28734|0|54529|05/01/2024 13:15:52||21848|14137372368|14174022744
29054|0|12117|05/01/2024 15:26:37||14003|2819531672|2863356248
27792|0|99443|05/01/2024 06:37:01||45779|3614696032|4910902080
29030|0|56682|05/01/2024 15:11:44||14896|2546532672|3225640944
28574|0|15289|05/01/2024 12:07:56||25924|792280128|979242472
27765|0|94231|05/01/2024 06:20:19||46781|28690253368|29271157800
29383|0|97245|05/01/2024 17:48:13||5507|1378543984|1488351968
28138|0|66723|05/01/2024 09:05:15||36885|3640168648|4423222952
27870|0|38245|05/01/2024 07:08:59||43861|10414199568|11128303536
28644|0|60261|05/01/2024 12:33:47||24373|5959924496|6211692904
28554|0|32313|05/01/2024 11:53:30||26790|651924688|821931144
29055|0|28726|05/01/2024 15:23:29||14191|1289885976|1675158976
27939|0|75998|05/01/2024 07:37:24||42156|5366989536|5747468208
28979|0|57797|05/01/2024 14:52:33||16047|2302267672|2327836384
29132|0|33192|05/01/2024 15:59:36||12024|1199550112|1675778512
27379|0|34656|05/01/2024 03:22:32||57448|20619043688|30804190768
28575|0|86308|05/01/2024 12:08:10||25910|34147685040|98596744472
27605|0|93183|05/01/2024 05:10:23||50977|7328584888|8087771632
29222|0|5135|05/01/2024 16:36:05||9835|5663919152|5975210648
29531|0|79232|05/01/2024 18:49:14||1846|1106583912|1553235816
28415|0|57831|05/01/2024 10:56:48||30192|9501737824|11225715528
28889|0|82438|05/01/2024 14:16:57||18183|5898567696|7832175096
29032|0|12734|05/01/2024 15:12:40||14840|699433512|1042567528
29167|0|25961|05/01/2024 16:19:12||10848|5765875952|7387017144
29009|0|42706|05/01/2024 15:05:38||15262|2269637248|2767755624
29133|0|64351|05/01/2024 15:55:56||12244|4113167016|5740624432
28627|0|71343|05/01/2024 12:28:14||24706|3380120000|4304469424
28736|0|41100|05/01/2024 13:13:59||21961|6379668472|9459323136
29223|0|34410|05/01/2024 16:35:10||9890|1492950480|1759805784
27686|0|69883|05/01/2024 05:41:55||49085|4939949720|6649861776
27793|0|90329|05/01/2024 06:30:21||46179|118820168568|274743010672
29587|0|8680|05/01/2024 19:07:47||733|928463208|2690646216
27241|0|26103|05/01/2024 02:33:23||60397|6965659840|7233482696
29242|0|96489|05/01/2024 16:41:00||9540|21745850048|61660380424
27962|0|61971|05/01/2024 07:41:15||41925|1307021128|1949791456
27899|0|27111|05/01/2024 07:15:16||43484|4443015624|5199208024
29532|0|61934|05/01/2024 18:44:42||2118|978128096|1139289200
27844|0|12623|05/01/2024 06:57:57||44523|4963663408|6732907720
28804|0|70023|05/01/2024 13:48:43||19877|12016842056|17270041384
29268|0|98624|05/01/2024 16:56:25||8615|1036827224|1332947128
29533|0|8192|05/01/2024 18:49:39||1821|1961446024|2158776296
29408|0|15492|05/01/2024 17:56:30||5010|23213059760|60317125016
27449|0|8672|05/01/2024 03:51:49||55691|13634187088|16218245688
28628|0|17757|05/01/2024 12:29:45||24615|5013282080|5537396472
28629|0|29377|05/01/2024 12:23:29||24991|8060512224|8972828464
28832|0|70958|05/01/2024 13:57:29||19351|4029898792|4263702504
27650|0|48473|05/01/2024 05:32:57||49623|23672222744|23961957792
28166|0|80768|05/01/2024 09:16:38||36202|13099241448|15657590064
27963|0|14576|05/01/2024 07:42:51||41829|12294239152|18393801624
28867|0|41412|05/01/2024 14:05:02||18898|802089768|1105991480
28462|0|6895|05/01/2024 11:13:43||29177|24485069808|24660819104
28758|0|77975|05/01/2024 13:20:47||21553|4354253576|5138142296
27580|0|96606|05/01/2024 05:02:08||51472|138773559896|261494642104
29056|0|24307|05/01/2024 15:21:34||14306|1940203736|2548179144
29534|0|16254|05/01/2024 18:42:21||2259|2297280176|5621558688
27872|0|52231|05/01/2024 07:02:59||44221|9143457176|10792430560
28711|0|95887|05/01/2024 13:08:19||22301|7442858568|10548948424
28223|0|92408|05/01/2024 09:37:41||34939|2548682776|3704627432
29588|0|98757|05/01/2024 19:07:33||747|182538200|205075208
29269|0|35718|05/01/2024 16:57:03||8577|793651856|932369944
27900|0|20749|05/01/2024 07:18:44||43276|38919422064|31676362256
28344|0|83600|05/01/2024 10:20:07||32393|8210915744|8345877640
27752|0|45693|05/01/2024 06:15:52||47048|13103713600|19041890184
28249|0|97815|05/01/2024 09:45:19||34481|2144803456|2294746688
28513|0|88931|05/01/2024 11:36:27||27813|1020308504|1331363128
27014|0|35317|05/01/2024 00:58:07||66113|4290256120|5625333192
28034|0|94257|05/01/2024 08:11:47||40093|37582900160|39455666008
29563|0|80531|05/01/2024 18:57:23||1357|100632424|105994352
29168|0|83607|05/01/2024 16:10:32||11368|9499648776|10286534656
29474|0|93067|05/01/2024 18:29:07||3053|155668256|220212432
28602|0|3851|05/01/2024 12:17:20||25360|55843523024|118457657768
29450|0|83499|05/01/2024 18:13:33||3987|166134360|230873136
28491|0|59429|05/01/2024 11:20:24||28776|1928168352|2627473560
28035|0|99435|05/01/2024 08:11:06||40134|2989976208|4099630096
28224|0|5229|05/01/2024 09:34:19||35141|1091338376|1597574648
28712|0|43993|05/01/2024 13:03:08||22612|15797196408|15978380256
29076|0|27338|05/01/2024 15:35:12||13488|2314468832|3402291792
28463|0|35667|05/01/2024 11:14:08||29152|2830505752|2883288280
28071|0|85851|05/01/2024 08:37:34||38546|4916634160|5386458696
27525|0|40573|05/01/2024 04:36:20||53020|3479093136|3906561920
29299|0|59942|05/01/2024 17:01:23||8317|3415463792|3773908560
29384|0|31921|05/01/2024 17:47:32||5548|2032268864|2106741248
28935|0|28755|05/01/2024 14:39:59||16801|127243616|153882120
28532|0|79793|05/01/2024 11:43:51||27369|22270237840|59866600752
28072|0|38179|05/01/2024 08:36:21||38619|53894133056|161282892640
27846|0|49770|05/01/2024 06:57:37||44543|4860623968|5969793208
28514|0|84206|05/01/2024 11:39:15||27645|15148004968|15308832616
29503|0|41631|05/01/2024 18:30:17||2983|445857336|572053488
28225|0|60833|05/01/2024 09:35:56||35044|6242785352|6337236424
29385|0|36055|05/01/2024 17:47:37||5543|953042040|1251930336
28630|0|37004|05/01/2024 12:25:39||24861|3839449800|5250613912
27354|0|97059|05/01/2024 03:15:47||57853|4168108760|5105209704
29564|0|87107|05/01/2024 18:51:56||1684|40057464|45088216
28464|0|73857|05/01/2024 11:19:29||28831|83428004000|239687605352
29107|0|82971|05/01/2024 15:42:16||13064|30701454416|60224255656
27581|0|27341|05/01/2024 05:05:45||51255|4668843240|6063270456
28783|0|21019|05/01/2024 13:35:49||20651|590444208|627145392
28533|0|29612|05/01/2024 11:49:11||27049|25103385256|15475817152
27627|0|13573|05/01/2024 05:26:25||50015|2797262408|3307215208
28362|0|52834|05/01/2024 10:39:59||31201|4382539488|4451718856
29386|0|46855|05/01/2024 17:49:10||5450|259225712|332754024
28054|0|13064|05/01/2024 08:24:15||39345|3950585784|4915126376
28267|0|31411|05/01/2024 09:56:02||33838|53912270152|157007508368
28980|0|34153|05/01/2024 14:54:22||15938|1394405432|1604399152
29224|0|78282|05/01/2024 16:30:15||10185|2268034296|2274299888
27902|0|50750|05/01/2024 07:15:56||43444|11476060664|13962888528
29504|0|15513|05/01/2024 18:35:45||2655|1653918264|2004672160
28981|0|6116|05/01/2024 14:55:58||15842|30016464168|60517999672
29409|0|44902|05/01/2024 17:55:03||5097|22654234480|42112727104
28805|0|97249|05/01/2024 13:43:22||20198|8129845432|8465848032
28631|0|53664|05/01/2024 12:23:25||24995|4650273616|5993224800
29505|0|16510|05/01/2024 18:34:54||2706|178051544|214343968
27242|0|35214|05/01/2024 02:37:49||60131|129106626280|350286203264
29077|0|41861|05/01/2024 15:36:43||13397|26526468200|51132179608
28646|0|36487|05/01/2024 12:33:01||24419|2592467768|3509532840
27451|0|66957|05/01/2024 03:59:46||55214|5623910776|5924677696
29225|0|57918|05/01/2024 16:30:24||10176|2649613600|3521718152
28738|0|10330|05/01/2024 13:15:05||21895|1277505600|1658743000
28739|0|79624|05/01/2024 13:10:56||22144|6517278168|8898929600
28690|0|42719|05/01/2024 12:55:39||23061|3534680504|4335790128
29300|0|92645|05/01/2024 17:07:58||7922|15926136488|31973010256
27984|0|21385|05/01/2024 07:58:31||40889|6845556832|9221727872
27299|0|52719|05/01/2024 02:50:41||59359|20319276824|24029002712
28534|0|38527|05/01/2024 11:44:07||27353|46909637744|94780264304
29270|0|56679|05/01/2024 16:59:55||8405|5596528152|5977973032
28891|0|72510|05/01/2024 14:10:47||18553|5916037096|8782554584
29108|0|61372|05/01/2024 15:47:57||12723|1324237784|1921402568
28442|0|77953|05/01/2024 11:05:28||29672|66785555624|189482357528
27472|0|46653|05/01/2024 04:08:38||54682|6094423752|8663076424
29134|0|24748|05/01/2024 15:58:38||12082|28062816648|74027944976
28913|0|53567|05/01/2024 14:22:13||17867|13295143752|14984506568
28936|0|35563|05/01/2024 14:37:52||16928|2496162832|2684279496
28647|0|13922|05/01/2024 12:33:39||24381|2323022432|2911173720
27873|0|70666|05/01/2024 07:05:09||44091|69585687096|163986731304
28536|0|54905|05/01/2024 11:48:52||27068|5301586520|6892556208
27965|0|74606|05/01/2024 07:44:36||41724|1453468920|1684680680
27847|0|10919|05/01/2024 06:52:32||44848|4216815528|6267666920
29410|0|30566|05/01/2024 17:50:15||5385|1164886912|1179637488
29146|0|83555|05/01/2024 16:08:53||11467|687233872|788595696
27074|0|16612|05/01/2024 01:27:16|05/01/2024 19:12:07|63891|17642662192|21688563344
29605|0|16612|05/01/2024 19:13:25||395|78307768|91686216
29189|0|74187|05/01/2024 16:26:10||10430|114067848|165110048
29589|0|60921|05/01/2024 19:03:51||969|158486560|212419512
29422|0|18073|05/01/2024 18:01:45||4695|4579995784|9130148528
28363|0|63004|05/01/2024 10:32:36||31644|7602727512|10079131048
28346|0|99591|05/01/2024 10:26:21||32019|7310703944|7787236752
29387|0|8887|05/01/2024 17:43:12||5808|1170536312|1391123912
28806|0|37896|05/01/2024 13:40:09||20391|58863564160|117836772848
29606|0|37259|05/01/2024 19:15:21||279|416259600|964034904
28958|0|13874|05/01/2024 14:45:29||16471|1203512024|1780195016
29226|0|13244|05/01/2024 16:37:34||9746|1112443408|1246814920
29271|0|86624|05/01/2024 16:58:13||8507|610850152|819411008
28759|0|42008|05/01/2024 13:23:52||21368|11614209248|11730342304
28515|0|53860|05/01/2024 11:38:15||27705|6456503616|6468166528
27654|0|16348|05/01/2024 05:32:30||49650|8993726488|9841606208
27275|0|38202|05/01/2024 02:42:06||59874|7667538720|8780538616
29109|0|36263|05/01/2024 15:49:29||12631|35573694736|84066999896
29607|0|85680|05/01/2024 19:19:38||22|24463536|62957496
28713|0|34464|05/01/2024 13:04:45||22515|50280045776|125104533608
27490|0|7887|05/01/2024 04:13:02||54418|35997510216|36842284040
29423|0|20821|05/01/2024 18:02:22||4658|1087120720|1256285440
29451|0|79889|05/01/2024 18:17:01||3779|2357491728|3043210832
28982|0|40465|05/01/2024 14:55:00||15900|3681496760|4185687440
29272|0|27721|05/01/2024 16:53:37||8783|276940264|292349640
27688|0|5765|05/01/2024 05:44:12||48948|87345447312|47155390216
29057|0|17337|05/01/2024 15:28:58||13862|33544736904|62716533224
29452|0|16546|05/01/2024 18:15:19||3881|1719783232|2167497672
29033|0|74137|05/01/2024 15:14:16||14744|11222386400|16536684416
29273|0|79354|05/01/2024 16:57:16||8564|329365832|395765696
27119|0|78694|05/01/2024 01:49:38||63022|20217812296|25799646784
28057|0|61026|05/01/2024 08:23:53||39367|8899278408|8981330024
28959|0|28160|05/01/2024 14:48:26||16294|1782376032|1895339504
29475|0|37488|05/01/2024 18:21:51||3489|859640976|1264867976
29110|0|65912|05/01/2024 15:42:03|05/01/2024 19:11:30|12567|4175888696|4187572736
27966|0|43064|05/01/2024 07:47:20|05/01/2024 19:18:17|41457|4330329816|5114471032
28667|0|48487|05/01/2024 12:46:23||23617|2368846264|3370880240
28960|0|79910|05/01/2024 14:42:29||16651|7248294392|7678869928
28937|0|29115|05/01/2024 14:35:46||17054|386052728|575386288
29565|0|67192|05/01/2024 18:59:34||1226|944268896|965455432
29058|0|85331|05/01/2024 15:25:52||14048|751575568|1052399040
28109|0|41623|05/01/2024 08:58:09||37311|26785573992|31108706528
28807|0|95533|05/01/2024 13:46:25||20015|4205487880|5288810112
27733|0|90250|05/01/2024 06:02:39||47841|8810349984|10478104200
29147|0|84677|05/01/2024 16:01:36||11904|2135812640|3047433832
28365|0|20316|05/01/2024 10:35:31||31469|12569469160|16051072016
28983|0|41686|05/01/2024 14:58:22||15698|4443630000|5724733784
27713|0|43871|05/01/2024 05:52:39||48441|18265225360|26723517120
28168|0|73860|05/01/2024 09:15:37||36263|7089713984|10398342984
29320|0|80970|05/01/2024 17:15:48||7452|133510816|177997616
28632|0|87297|05/01/2024 12:20:46||25154|10252066712|12533273080
29566|0|75227|05/01/2024 18:59:14||1246|724760|951872
28418|0|16244|05/01/2024 10:59:09||30051|17234319464|18522136448
29148|0|74253|05/01/2024 16:06:48||11592|4766679952|4868031160
28938|0|70904|05/01/2024 14:32:10||17270|501527616|659263888
28760|0|89944|05/01/2024 13:23:15||21405|8395504688|9009269104
28516|0|74426|05/01/2024 11:33:28||27992|2117740320|2716055584
29111|0|36839|05/01/2024 15:40:10||13190|330699176|334556248
27940|0|43395|05/01/2024 07:30:21||42579|1367872744|1416152384
29243|0|56614|05/01/2024 16:40:11||9589|3751465408|4665786288
28366|0|74809|05/01/2024 10:34:37||31523|8953009056|10576701752
27849|0|5677|05/01/2024 06:59:14||44446|642834456|733800696
27795|0|24638|05/01/2024 06:36:24||45816|20130430752|26305786432
29365|0|72445|05/01/2024 17:32:31||6449|444699976|480001600
28668|0|25252|05/01/2024 12:40:32||23968|618833600|620231360
28419|0|57805|05/01/2024 10:57:05||30175|1789133608|1994424216
27941|0|41285|05/01/2024 07:35:02||42298|5885329720|7479320048
28892|0|82691|05/01/2024 14:16:00||18240|2136189504|2312195584
27942|0|15873|05/01/2024 07:36:14||42226|12412888360|17988989448
28199|0|98961|05/01/2024 09:28:07||35513|4307369960|5300474936
28741|0|77390|05/01/2024 13:11:26||22114|23726395136|14637504320
28089|0|72368|05/01/2024 08:40:30||38370|18784627952|22943358048
28961|0|9063|05/01/2024 14:42:25||16655|30604099056|79927094776
29010|0|26265|05/01/2024 15:09:30||15030|4440547736|6395336216
29506|0|70496|05/01/2024 18:34:15||2745|1937305200|1991414752
28914|0|87711|05/01/2024 14:28:12||17508|8130735672|9946624216
28200|0|29622|05/01/2024 09:26:33||35607|27191797824|63437214256
28391|0|79158|05/01/2024 10:41:51||31089|9492220704|10645500432
26878|0|30036|04/01/2024 23:58:06||69714|20455408240|27479613992
28111|0|36269|05/01/2024 08:56:45||37395|38903174648|105644248632
27032|0|78865|05/01/2024 01:03:43||65777|37874134184|44274967496
28169|0|53041|05/01/2024 09:15:52||36248|42434480528|123606628800
29476|0|64710|05/01/2024 18:26:32||3208|1988866472|2477323160
27850|0|88578|05/01/2024 06:54:08||44752|1493883936|1873488496
28367|0|89561|05/01/2024 10:34:15||31545|22963197496|30237002208
29388|0|39563|05/01/2024 17:43:46||5774|325280632|340796016
29608|0|69934|05/01/2024 19:16:02||238|182151168|109975176
28869|0|95245|05/01/2024 14:05:09||18891|20025499480|59393485328
28318|0|32447|05/01/2024 10:17:02||32578|98234215640|225059132384
28603|0|68258|05/01/2024 12:15:07||25493|1185452912|1285984280
28742|0|88441|05/01/2024 13:11:03||22137|11316687432|15074801360
28228|0|71449|05/01/2024 09:37:52||34928|3535107768|5168810264
29477|0|36306|05/01/2024 18:27:34||3146|524306616|705645736
28893|0|80154|05/01/2024 14:18:58||18062|163666496|235394288
29567|0|54959|05/01/2024 18:53:17||1603|640649736|952357192
29453|0|51234|05/01/2024 18:13:05||4015|542584424|809316768
29454|0|82096|05/01/2024 18:14:30||3930|1229728600|1669839224
28517|0|54041|05/01/2024 11:37:29||27751|2584503872|3859398640
28833|0|55135|05/01/2024 13:54:32||19528|9438889376|13456194376
29478|0|78162|05/01/2024 18:29:28||3032|12649116872|28757005448
29568|0|22160|05/01/2024 18:56:49||1391|1442567232|1735573560
29389|0|32888|05/01/2024 17:48:11||5509|477384424|715115912
29059|0|15723|05/01/2024 15:28:12||13908|641488288|898678080
28870|0|99991|05/01/2024 14:06:32||18808|7198404072|10652594952
28112|0|5554|05/01/2024 08:50:42||37758|2846707872|3181230864
29535|0|12514|05/01/2024 18:43:08||2212|375772672|393492144
29011|0|70438|05/01/2024 15:01:57||15483|2870780952|3078712104
28939|0|92554|05/01/2024 14:34:19||17141|635784976|876566504
29034|0|21659|05/01/2024 15:10:46||14954|1125514080|1251103176
29411|0|55659|05/01/2024 17:51:02||5338|108831864|134456560
28785|0|26980|05/01/2024 13:30:40||20960|4255787024|4689226512
29169|0|20436|05/01/2024 16:19:19||10841|1907374744|2119872272
28894|0|63399|05/01/2024 14:19:11||18049|7666270976|11479488224
28229|0|15875|05/01/2024 09:36:14||35026|3588753408|3625468264
29274|0|75162|05/01/2024 16:52:31||8849|1391285976|2084201904
29507|0|73330|05/01/2024 18:37:57||2523|389709472|432204904
29078|0|29468|05/01/2024 15:35:23||13477|2906043488|2951041888
28761|0|86773|05/01/2024 13:22:31||21449|5088523816|5107833344
29112|0|17303|05/01/2024 15:41:14||13126|3771448840|5585851248
28369|0|86252|05/01/2024 10:30:18||31782|2148940944|3209113976
28984|0|36699|05/01/2024 14:54:00||15960|1254442328|1707727136
28370|0|36740|05/01/2024 10:31:00||31740|7161111152|10538724536
29035|0|19323|05/01/2024 15:13:51||14769|1571917216|2294538312
28714|0|8753|05/01/2024 13:03:51||22569|12185388640|16639458536
28073|0|28078|05/01/2024 08:34:01||38759|7894436928|9771203848
28743|0|77387|05/01/2024 13:13:08||22012|1024172816|1482175624
28170|0|53716|05/01/2024 09:15:12||36288|12207047080|16806305464
29569|0|31406|05/01/2024 18:55:02||1498|770400344|1096402400
27530|0|15403|05/01/2024 04:37:31||52949|617504552|867821400
28392|0|9025|05/01/2024 10:41:44||31096|21390079928|48249969704
28871|0|55717|05/01/2024 14:07:47||18733|76302736|81480184
27943|0|84376|05/01/2024 07:32:41||42439|2245447288|2810509424
29390|0|32883|05/01/2024 17:47:37||5543|18595750096|54570376768
29412|0|41534|05/01/2024 17:54:51||5109|1577673400|1957391648
28962|0|80480|05/01/2024 14:41:07||16733|32762483744|76476295264
27583|0|52658|05/01/2024 05:08:01|05/01/2024 19:18:42|51041|8726569280|10323686352
29609|0|52658|05/01/2024 19:18:57||63|1323456|1717232
29244|0|34494|05/01/2024 16:44:18||9342|3258592504|4762343904
28114|0|79522|05/01/2024 08:56:12||37428|2226824024|2284789448
27734|0|47755|05/01/2024 06:05:52||47648|6446661296|8979983976
27945|0|18924|05/01/2024 07:34:41||42319|14393384760|14706420912
27429|0|99751|05/01/2024 03:48:33||55887|31522070248|39290308960
29340|0|93865|05/01/2024 17:29:14||6646|946199872|987633504
28141|0|77766|05/01/2024 09:05:36||36864|15634331720|17181524800
28230|0|27167|05/01/2024 09:39:35||34825|13855843960|14241973864
28010|0|69030|05/01/2024 08:03:24||40596|16752452320|25119965976
29508|0|93486|05/01/2024 18:35:33||2667|1030451160|1439319368
29227|0|66034|05/01/2024 16:39:15||9645|961926592|1286236992
29570|0|6017|05/01/2024 18:50:36||1764|1464432392|1692047144
27631|0|79586|05/01/2024 05:23:11|05/01/2024 19:11:38|49707|6427269496|6985892248
29610|0|79586|05/01/2024 19:12:11||469|30524592|34846984
27386|0|32116|05/01/2024 03:25:59|05/01/2024 19:18:37|57158|124620074728|275009704320
27818|0|14807|05/01/2024 06:40:43||45557|8525051320|12127178304
29479|0|38696|05/01/2024 18:21:30||3510|438138336|595801312
28171|0|54838|05/01/2024 09:13:44||36376|7187369384|9834282168
28604|0|37461|05/01/2024 12:18:43||25277|1605763512|2000678800
28172|0|73341|05/01/2024 09:16:02||36238|3227075136|4610599648
28834|0|63083|05/01/2024 13:58:04||19316|358769304|520974776
28116|0|79100|05/01/2024 08:52:57||37623|2374230944|2468475592
29424|0|62211|05/01/2024 18:03:13||4607|18879440|24695856
28835|0|47912|05/01/2024 13:56:57||19383|13832477592|11270330912
28518|0|39715|05/01/2024 11:30:21||28179|1101778936|1560910328
28538|0|15250|05/01/2024 11:48:27||27093|703217128|764229136
29480|0|47036|05/01/2024 18:29:13||3047|6871437280|17938735456
28058|0|78878|05/01/2024 08:23:42||39378|6225188304|9153267680
28963|0|89204|05/01/2024 14:41:11||16729|5285457672|5316916608
28808|0|82518|05/01/2024 13:47:33||19947|1180873976|1353658784
28372|0|94344|05/01/2024 10:38:19||31301|5732741744|7628241408
27566|0|97600|05/01/2024 04:55:04||51896|5558505312|6606975288
28648|0|64944|05/01/2024 12:37:28||24152|6288555056|6521925840
28445|0|47360|05/01/2024 11:06:28||29612|16122897192|20181552968
27387|0|97429|05/01/2024 03:23:55||57365|1106789992|1430418680
28090|0|67781|05/01/2024 08:47:01||37979|9007979200|13185857336
28649|0|52200|05/01/2024 12:39:33||24027|10224201408|11317772488
29079|0|41071|05/01/2024 15:38:20||13300|29207223296|86168457104
28895|0|8643|05/01/2024 14:16:23||18217|2362374056|2622261088
29190|0|74891|05/01/2024 16:21:42||10698|1204720720|1554301376
28964|0|67649|05/01/2024 14:47:00||16380|863593904|1101635304
29301|0|25888|05/01/2024 17:05:10||8090|223593272|294919120
29191|0|75360|05/01/2024 16:28:20||10300|8505285480|9986243608
29455|0|85848|05/01/2024 18:10:39||4161|1670265216|2098735984
28173|0|26328|05/01/2024 09:10:28||36572|14037009360|14072613968
27967|0|42520|05/01/2024 07:41:54||41886|1839488048|2427110904
28011|0|86567|05/01/2024 08:08:29||40291|15397713080|17620752752
29341|0|84441|05/01/2024 17:24:40||6920|427936864|479632800
29536|0|81769|05/01/2024 18:49:52||1808|907266880|938960112
28347|0|32474|05/01/2024 10:28:04||31916|8108366488|8519890992
27767|0|56819|05/01/2024 06:21:55||46685|1840008936|2222968736
29060|0|9574|05/01/2024 15:25:45||14055|2434567696|2710428432
28117|0|6697|05/01/2024 08:50:58||37742|15366262552|20469175392
28519|0|91241|05/01/2024 11:38:31||27689|8420894440|9419528432
27413|0|29642|05/01/2024 03:30:53||56947|16382140848|20227211904
28142|0|13123|05/01/2024 09:09:27||36633|59893369432|162100522672
29537|0|51131|05/01/2024 18:44:23||2137|88103448|122697936
27877|0|84893|05/01/2024 07:07:42||43938|3619688960|4238265864
29366|0|15784|05/01/2024 17:37:29||6151|1096237312|1445709632
29192|0|94526|05/01/2024 16:26:47||10393|23772723736|56514131952
29391|0|45550|05/01/2024 17:44:42||5718|18056277832|48821452808
28251|0|13115|05/01/2024 09:41:35||34705|1959552560|2256353344
28468|0|44974|05/01/2024 11:10:18||29382|39939223264|119681168936
28786|0|14688|05/01/2024 13:36:20||20620|16193351616|16361903672
29193|0|11468|05/01/2024 16:24:33||10527|1613126744|1683062432
28872|0|18427|05/01/2024 14:03:34||18986|254638368|298950088
29509|0|17526|05/01/2024 18:33:28||2792|3727256136|2274948960
28787|0|42183|05/01/2024 13:38:06||20514|39654699224|102019721336
27584|0|91126|05/01/2024 05:02:00||51480|11526909360|12724169144
27105|0|78367|05/01/2024 01:37:49||63731|18112758440|22966198296
28985|0|72360|05/01/2024 14:59:32||15628|5344199344|6098539384
28873|0|46288|05/01/2024 14:04:20||18940|4006126888|5930320912
28446|0|74466|05/01/2024 11:02:45||29835|3555918528|3948216200
29080|0|10430|05/01/2024 15:39:31||13229|3198849512|4412765768
28671|0|17529|05/01/2024 12:44:33||23727|28560766784|29452114616
27609|0|51690|05/01/2024 05:11:01||50939|8290471784|9282036736
29275|0|26784|05/01/2024 16:57:16||8564|80325440|81371904
29276|0|30436|05/01/2024 16:50:21||8979|103253344|134348168
28788|0|87710|05/01/2024 13:37:12||20568|8283364136|8541062056
29302|0|37084|05/01/2024 17:06:31||8009|1198584464|1259181112
29611|0|36241|05/01/2024 19:16:00||240|21416824|21625960
28036|0|39666|05/01/2024 08:14:25||39935|43475883680|94929897336
29413|0|43733|05/01/2024 17:58:39||4881|188167472|272567608
27278|0|40008|05/01/2024 02:48:24|05/01/2024 19:13:10|59086|24252244312|29716804920
28940|0|67711|05/01/2024 14:38:36||16884|32851699176|62197952928
28320|0|24588|05/01/2024 10:10:31||32969|17793112256|20566721120
29170|0|82712|05/01/2024 16:12:30||11250|6208826488|6236779656
29081|0|41678|05/01/2024 15:31:29||13711|1388659856|1939976136
29538|0|30094|05/01/2024 18:45:25||2075|484250544|514005088
28810|0|7952|05/01/2024 13:45:28||20072|13020302704|35703377064
28493|0|51101|05/01/2024 11:27:31||28349|3496846128|3644121528
28692|0|81927|05/01/2024 12:56:15||23025|9565929496|11873602704
29342|0|83599|05/01/2024 17:20:48||7152|254338272|306560176
27474|0|75426|05/01/2024 04:06:03|05/01/2024 19:10:09|54246|3166122472|3641930424
27851|0|27868|05/01/2024 06:51:07||44933|58171753048|41443672952
28789|0|84433|05/01/2024 13:35:03||20697|10155710400|12625467472
29539|0|39764|05/01/2024 18:47:05||1975|967835384|1092174488
28605|0|40947|05/01/2024 12:11:57||25683|618409488|889608504
29510|0|73249|05/01/2024 18:34:06||2754|2003986112|2212273152
29082|0|13644|05/01/2024 15:32:29||13651|122090336|163801608
28836|0|24758|05/01/2024 13:56:33||19407|1773811304|1789811032
29511|0|24472|05/01/2024 18:37:55||2525|821668720|988604448
27106|0|46327|05/01/2024 01:37:32||63748|26599958856|39237958160
29246|0|3821|05/01/2024 16:46:17||9223|1143324448|664980488
26974|0|50225|05/01/2024 00:32:25||67655|50099785712|55900178248
28716|0|14760|05/01/2024 13:07:23||22357|4125993776|5189766680
29456|0|27502|05/01/2024 18:10:35||4165|1525644536|1752302984
28811|0|80629|05/01/2024 13:49:55||19805|6350590576|7870713576
29149|0|91467|05/01/2024 16:02:34||11846|1138549248|1278552640
29457|0|71024|05/01/2024 18:17:15||3765|1025820328|1330561656
28494|0|81286|05/01/2024 11:21:17||28723|16189812312|21637893624
28578|0|64035|05/01/2024 12:00:42||26358|1581269528|1854954184
29228|0|96155|05/01/2024 16:31:10||10130|1289243880|1677993872
28202|0|45196|05/01/2024 09:22:19||35861|2880737328|3241365088
28837|0|15888|05/01/2024 13:54:05||19555|11696224880|16689807616
28555|0|12661|05/01/2024 11:50:03||26997|1410547896|1614878736
27415|0|28727|05/01/2024 03:36:54||56586|37214992936|44444076824
28539|0|97251|05/01/2024 11:41:27||27513|35453895200|27932927184
29012|0|38360|05/01/2024 15:00:11||15589|24311292112|55604247824
28321|0|15994|05/01/2024 10:10:08||32992|2733964824|3242922600
29321|0|35371|05/01/2024 17:10:43||7757|675562592|918125544
29392|0|75092|05/01/2024 17:45:45||5655|879971168|1263009864
27989|0|24511|05/01/2024 07:57:50||40930|88698213416|174922655280
27769|0|23614|05/01/2024 06:29:29||46231|3145798976|3903257856
27969|0|46741|05/01/2024 07:48:19||41501|5916440488|7098906504
28420|0|12021|05/01/2024 10:54:05||30355|9003423256|10432444872
29013|0|46420|05/01/2024 15:02:11||15469|3694342912|4234799872
28037|0|25756|05/01/2024 08:19:05||39655|9664015376|10289993320
27852|0|74999|05/01/2024 06:58:51||44469|12368313960|16137456176
29367|0|49336|05/01/2024 17:33:40||6380|1251438480|1764720768
29343|0|95669|05/01/2024 17:25:37||6863|277357536|316874024
28838|0|60476|05/01/2024 13:58:26||19294|2841971392|3860358240
29322|0|99376|05/01/2024 17:18:39||7281|600954176|731799944
29323|0|87755|05/01/2024 17:11:53||7687|927268160|1228475408
29368|0|17458|05/01/2024 17:31:16||6524|201643296|207783400
26926|0|10342|05/01/2024 00:19:17||68443|9532378232|10526983784
29512|0|17883|05/01/2024 18:34:19||2741|87630448|91047272
28060|0|59776|05/01/2024 08:28:12||39108|21841518240|32156082608
28579|0|4388|05/01/2024 12:00:10||26390|3731889232|4756623792
29171|0|93076|05/01/2024 16:10:19||11381|5187682032|10252557296
27990|0|75143|05/01/2024 07:54:50|05/01/2024 19:11:10|40580|111742171200|212193369624
29612|0|75143|05/01/2024 19:11:44||496|1112086328|2448029624
27771|0|33082|05/01/2024 06:25:05||46495|69135729776|150577778344
28915|0|83742|05/01/2024 14:29:39||17421|3700120824|5158192416
29393|0|69336|05/01/2024 17:41:48||5892|17254645200|33257202336
29513|0|70727|05/01/2024 18:36:54||2586|2058406600|2628277568
29425|0|98324|05/01/2024 18:03:15||4605|1566561528|1946182120
28606|0|15160|05/01/2024 12:16:06||25434|2192366376|2999022192
27879|0|58708|05/01/2024 07:01:24||44316|9465656448|11890103760
28497|0|35671|05/01/2024 11:29:07||28253|8884402328|12787144536
28812|0|4646|05/01/2024 13:46:01||20039|10064400720|10160370936
28393|0|68114|05/01/2024 10:48:51||30669|27662664712|19795952328
28394|0|90072|05/01/2024 10:45:43||30857|6588679360|7827944912
29061|0|32503|05/01/2024 15:28:22||13898|2513752392|3363947976
28719|0|59161|05/01/2024 13:04:14||22546|22454675080|27586583680
28580|0|82121|05/01/2024 12:01:22||26318|13027831136|34730324208
29458|0|18146|05/01/2024 18:10:01||4199|352377976|412651992
28916|0|31421|05/01/2024 14:26:48||17592|1414833216|1718787936
28941|0|16859|05/01/2024 14:36:04||17036|406828768|432092992
29344|0|69677|05/01/2024 17:29:39||6621|634710848|839620144
28965|0|86390|05/01/2024 14:48:25||16295|5331291960|5927913696
28763|0|33168|05/01/2024 13:23:46||21374|11208573328|16738991776
27925|0|43566|05/01/2024 07:20:50||43150|11741184344|12207295256
28744|0|4860|05/01/2024 13:18:11||21709|3429676136|4648917200
27880|0|97500|05/01/2024 07:07:14||43966|10669136072|14487305384
28395|0|51861|05/01/2024 10:49:20||30640|5484129936|6306632120
29113|0|57039|05/01/2024 15:43:40||12980|4510977152|4970991576
28176|0|26901|05/01/2024 09:17:50||36130|3259394040|4806557680
28322|0|19702|05/01/2024 10:14:05||32755|4694959392|5249180560
28839|0|35850|05/01/2024 13:56:25||19415|38538649120|88186521560
29426|0|84397|05/01/2024 18:00:38||4762|659335672|951416432
29369|0|61450|05/01/2024 17:31:39||6501|876897984|1109816920
29459|0|27506|05/01/2024 18:10:09||4191|101729944|104723424
29084|0|50701|05/01/2024 15:31:36||13704|3506958952|4557164552
29345|0|7644|05/01/2024 17:23:53||6967|853529424|1157171680
29540|0|4923|05/01/2024 18:40:18||2382|24142480|30384360
29172|0|45073|05/01/2024 16:16:06||11034|5463658984|6129725504
29194|0|47404|05/01/2024 16:26:14||10426|898891944|1276636400
29324|0|26809|05/01/2024 17:13:57||7563|617153552|808023984
27147|0|8108|05/01/2024 01:51:58||62882|14457711272|14526717696
28348|0|35529|05/01/2024 10:22:57||32223|51231635448|103991507872
28874|0|15694|05/01/2024 14:00:21||19179|9124913232|5163801688
28374|0|52881|05/01/2024 10:38:12||31308|17099184344|20942580440
27992|0|12413|05/01/2024 07:56:28||41012|6092301576|6759218544
29394|0|54260|05/01/2024 17:46:48||5592|1188337288|1428552664
28746|0|98340|05/01/2024 13:13:39||21981|4979934768|6158902112
27455|0|24600|05/01/2024 03:51:56|05/01/2024 19:10:49|55133|16743151072|23193585856
29613|0|24600|05/01/2024 19:11:13||527|-1403264|-1774408
29514|0|5553|05/01/2024 18:34:15||2745|978500656|1108990680
28520|0|5407|05/01/2024 11:38:04||27716|10698355760|5921681984
28274|0|93380|05/01/2024 09:50:52||34148|6553862352|7490014648
27107|0|35530|05/01/2024 01:39:57||63603|6049081016|8395028112
28232|0|40197|05/01/2024 09:39:46||34814|1635840320|1729121616
29014|0|43477|05/01/2024 15:00:04||15596|1031424824|1165636064
29277|0|50762|05/01/2024 16:59:31||8429|26289003984|66342920032
28875|0|11079|05/01/2024 14:09:18||18642|7578815696|7986567736
28634|0|24608|05/01/2024 12:20:19||25181|72389006520|134581414088
28694|0|55704|05/01/2024 12:51:20||23320|13615074632|19089213048
29195|0|94745|05/01/2024 16:28:26||10294|2444395064|3640750760
28672|0|28591|05/01/2024 12:44:01||23759|33752001608|72557582352
29481|0|56295|05/01/2024 18:20:25||3575|532205384|539443448
28146|0|91538|05/01/2024 09:07:45||36735|4466200096|5161431184
27533|0|29541|05/01/2024 04:34:39||53121|3186561696|4561160632
27820|0|71810|05/01/2024 06:49:29||45031|4984595152|5923346448
29173|0|71126|05/01/2024 16:12:46||11234|5536576272|5746095328
28120|0|74646|05/01/2024 08:58:02||37318|21806297800|23146671592
28581|0|97572|05/01/2024 12:04:57||26103|4766530400|5537152088
28233|0|7109|05/01/2024 09:33:25||35195|3686079400|3847940568
27773|0|38071|05/01/2024 06:20:17||46783|141935130408|317820810376
29515|0|13773|05/01/2024 18:34:52||2708|1150230392|1387496568
28177|0|70348|05/01/2024 09:14:30||36330|6956594448|7615678880
29614|0|52973|05/01/2024 19:18:27||93|89187560|53548464
28396|0|34241|05/01/2024 10:45:24||30876|21106230672|25080440712
29482|0|98665|05/01/2024 18:20:56||3544|1981335208|2414298640
29346|0|79054|05/01/2024 17:25:23||6877|10270230816|24302617480
28790|0|68988|05/01/2024 13:30:29||20971|71085784808|136363536640
27545|0|25230|05/01/2024 04:42:05||52675|121281319128|247329662144
28234|0|60715|05/01/2024 09:32:11||35269|3266037888|4216364920
27881|0|24630|05/01/2024 07:03:51||44169|9328981424|10636804368
29615|0|43026|05/01/2024 19:15:18||282|10364752|13907880
29516|0|27463|05/01/2024 18:31:35||2905|6068976480|12652192408
28323|0|56033|05/01/2024 10:15:44||32656|11825779360|17173365296
28448|0|90901|05/01/2024 11:06:51||29589|7198555728|8754834840
29427|0|69165|05/01/2024 18:02:07||4673|757454760|1048344864
29196|0|97941|05/01/2024 16:21:45||10695|2230888664|3320415160
28876|0|52424|05/01/2024 14:04:29||18931|6741703032|9098399568
27821|0|57912|05/01/2024 06:43:25||45395|13689153832|16407845688
28791|0|85330|05/01/2024 13:35:55||20645|1944121832|2660877408
29460|0|10055|05/01/2024 18:16:28||3812|546004568|804814880
29325|0|33173|05/01/2024 17:14:11||7549|339460152|387356232
29197|0|7558|05/01/2024 16:21:16||10724|6541297968|8868557048
27664|0|5686|05/01/2024 05:33:48||49572|18853368144|21174210936
27588|0|30678|05/01/2024 05:01:14||51526|17315277376|20171592032
27718|0|69086|05/01/2024 05:58:33||48087|19417346800|20201541248
28061|0|60740|05/01/2024 08:28:47||39073|13150953352|14240190736
28840|0|85942|05/01/2024 13:53:01||19619|6923596584|9322734432
28540|0|82233|05/01/2024 11:41:48||27492|698372040|833276008
28841|0|56808|05/01/2024 13:53:43||19577|20455346944|60623591752
27017|0|62577|05/01/2024 00:59:38||66022|24640575112|31695841816
29085|0|84504|05/01/2024 15:33:51||13569|5066988616|6564852280
29037|0|16378|05/01/2024 15:13:48||14772|514806944|574687592
28897|0|99657|05/01/2024 14:18:06||18114|2172474600|2525979264
29483|0|35452|05/01/2024 18:26:26||3214|1644981344|1787391304
28252|0|48969|05/01/2024 09:43:34||34586|4452736152|6270920376
26929|0|74383|05/01/2024 00:12:37||68843|17747407176|19608716888
28423|0|82486|05/01/2024 10:58:15||30105|7899225032|10867499368
29114|0|86139|05/01/2024 15:46:38||12802|737903952|1082791680
29517|0|66419|05/01/2024 18:34:40||2720|40806088|42416240
29038|0|5932|05/01/2024 15:13:46||14774|3643972568|4201541088
26979|0|41951|05/01/2024 00:39:35||67225|58991859816|35501849880
27039|0|93926|05/01/2024 01:08:50||65470|34628331144|40836381704
28877|0|13135|05/01/2024 14:09:11||18649|12588116760|14539322832
29616|0|88827|05/01/2024 19:11:38||502|2127803720|4876929832
27692|0|54435|05/01/2024 05:49:20||48640|1445499160|2142596080
29136|0|58953|05/01/2024 15:58:11||12109|5908932392|6709796528
29428|0|76409|05/01/2024 18:02:04|05/01/2024 19:19:58|4674|2450789744|3462288192
27993|0|21833|05/01/2024 07:52:31||41249|18535194648|27594661008
27907|0|84404|05/01/2024 07:15:58||43442|4424302616|5064023336
28556|0|46341|05/01/2024 11:54:28||26732|2683748696|3853923648
29429|0|70015|05/01/2024 18:04:24||4536|1662323520|2202842248
28673|0|4936|05/01/2024 12:47:33||23547|4183935672|4729616712
29229|0|15981|05/01/2024 16:37:47||9733|316324032|425002848
28450|0|8079|05/01/2024 11:08:42||29478|15910234896|16153196056
28295|0|10292|05/01/2024 10:03:24||33396|3468924968|4364488392
28351|0|62496|05/01/2024 10:28:31||31889|651869968|960982200
27908|0|79316|05/01/2024 07:17:08||43372|7981415096|8291356288
29590|0|56063|05/01/2024 19:01:43||1097|786736192|999171240
29395|0|96555|05/01/2024 17:49:22|05/01/2024 19:15:19|5157|218732160|327285568
27735|0|93620|05/01/2024 06:01:21||47919|9386354744|12885409256
