IdSession|IdPSX|IdSubscriber|StartSession|EndSession|Duartion|UpTx|DownTx
22116|0|5202|03/01/2024 15:33:24||14196|1782702608|1923116736
22481|0|7922|03/01/2024 18:01:23||5317|1211374672|1802967720
22280|0|78614|03/01/2024 16:47:32||9748|2192072864|3067718808
21510|0|48015|03/01/2024 11:31:40||28700|54693149776|153598420472
22163|0|19403|03/01/2024 15:59:23||12637|39542440|44207728
22196|0|98935|03/01/2024 16:01:18||12522|11594993624|12353279800
21029|0|88207|03/01/2024 08:24:25||39935|24976157016|25789151112
21789|0|21605|03/01/2024 13:16:17||22423|6467384160|7419936064
22540|0|92317|03/01/2024 18:23:09||4011|1341484696|1537685056
22513|0|76996|03/01/2024 18:14:33||4527|969939392|1129268872
19999|0|26136|03/01/2024 01:09:48||66012|32298083720|47003555264
22253|0|68950|03/01/2024 16:38:42||10278|1901653648|2645187112
22541|0|91056|03/01/2024 18:29:53||3607|9734395472|21521945048
20985|0|17916|03/01/2024 08:03:17||41203|12697736496|17181870624
22453|0|85288|03/01/2024 17:50:32||5968|2816471928|3090867944
20830|0|88537|03/01/2024 06:59:11||45049|7837849192|7957639688
20902|0|83726|03/01/2024 07:21:24||43716|6579814656|6887878080
21419|0|44892|03/01/2024 10:57:29|03/01/2024 19:25:12|30463|3854516360|4460698464
20447|0|67328|03/01/2024 04:27:12||54168|14359602272|16479345872
22307|0|95402|03/01/2024 16:56:33||9207|327374408|377593496
21846|0|16747|03/01/2024 13:35:17||21283|453494928|578949376
21869|0|71287|03/01/2024 13:42:52||20828|10495164008|13543266896
22591|0|93345|03/01/2024 18:44:45||2715|1245203880|1270601872
21420|0|7629|03/01/2024 10:57:33||30747|4242227680|5727697896
21005|0|43470|03/01/2024 08:18:03||40317|85543789656|182175194784
21273|0|63503|03/01/2024 10:07:24||33756|4865218800|6963238792
22636|0|20044|03/01/2024 19:08:55||1265|103822064|116176056
21626|0|15054|03/01/2024 12:19:26||25834|9737105752|10503566096
22668|0|91513|03/01/2024 19:12:30||1050|100286320|109902848
20095|0|48067|03/01/2024 01:44:32||63928|3058114944|3653800176
21299|0|86150|03/01/2024 10:16:50||33190|5800684384|8474207160
22145|0|46936|03/01/2024 15:45:10||13490|426075952|602815320
20963|0|31978|03/01/2024 07:52:15||41865|3014004528|4358661968
22454|0|42572|03/01/2024 17:59:08||5452|2393111672|3001425808
22004|0|20049|03/01/2024 14:48:55||16865|900446752|1273735032
20485|0|35838|03/01/2024 04:31:34||53906|4740989680|4812621520
22254|0|8227|03/01/2024 16:31:19||10721|686418976|963992192
21511|0|88811|03/01/2024 11:36:57||28383|1183160376|1539841632
22117|0|42085|03/01/2024 15:39:13||13847|21094558216|48667539968
21870|0|58443|03/01/2024 13:49:02||20458|2353702872|2438669360
20687|0|24107|03/01/2024 06:05:38||48262|1221083280|1544422904
22431|0|79155|03/01/2024 17:47:45||6135|807688256|1035293872
22281|0|4497|03/01/2024 16:42:18||10062|19322712624|53469369552
21301|0|24555|03/01/2024 10:10:09||33591|4496914600|5483746896
22047|0|34503|03/01/2024 15:01:51||16089|1327603304|1612020144
22615|0|28950|03/01/2024 18:56:00||2040|2421212224|1882442672
20937|0|45897|03/01/2024 07:47:12||42168|25085111496|28453039856
22233|0|24996|03/01/2024 16:28:20||10900|3457052800|4102443944
22692|0|40816|03/01/2024 19:21:17||523|9269760|10138352
22455|0|93054|03/01/2024 17:59:21||5439|581409064|670708312
21479|0|70354|03/01/2024 11:21:42||29298|66232028288|144863978872
21436|0|80722|03/01/2024 11:03:44||30376|3687287536|4462785032
22637|0|73756|03/01/2024 19:09:02||1258|2310775544|4947333448
20803|0|84326|03/01/2024 06:41:53||46087|6256301712|8292234256
21790|0|25943|03/01/2024 13:15:20||22480|7901762048|11620940128
21030|0|45874|03/01/2024 08:22:55||40025|118374706896|340916324496
22482|0|67155|03/01/2024 18:08:24||4896|104515648|139818040
22118|0|54643|03/01/2024 15:35:56||14044|35080203464|87574622184
21847|0|98233|03/01/2024 13:39:49||21011|5830596704|6294378864
21658|0|93566|03/01/2024 12:29:21||25239|5659243080|8312941744
22282|0|61304|03/01/2024 16:46:59||9781|250259472|341898096
21685|0|52562|03/01/2024 12:32:51||25029|2780761648|3051132344
21146|0|43220|03/01/2024 09:14:52||36908|4459522888|4872520072
20964|0|96629|03/01/2024 07:53:30||41790|10369385256|13540238008
21274|0|95343|03/01/2024 10:00:01||34199|2380883248|3433483448
22366|0|56883|03/01/2024 17:18:19||7901|683857936|769122200
22367|0|54729|03/01/2024 17:13:17||8203|102530936|123363440
22215|0|33952|03/01/2024 16:19:54||11406|3729285160|4622765448
22483|0|37550|03/01/2024 18:06:53||4987|1187951712|1563100624
22411|0|93308|03/01/2024 17:31:30||7110|837897952|935337920
22669|0|10594|03/01/2024 19:18:48||672|101105064|103400008
21627|0|16938|03/01/2024 12:12:31||26249|3248853152|4779020472
22338|0|46098|03/01/2024 17:08:13||8507|122762456|134115696
22638|0|40281|03/01/2024 19:04:13||1547|196245720|218316000
21941|0|15938|03/01/2024 14:15:18||18882|1148629408|1373208328
20314|0|84412|03/01/2024 03:16:06||58434|20680722264|20779096288
22255|0|73714|03/01/2024 16:32:30||10650|993475528|1477517216
20315|0|5821|03/01/2024 03:18:03||58317|8439509936|10521981096
22146|0|60286|03/01/2024 15:43:16||13604|2894686608|3492471296
21960|0|56605|03/01/2024 14:27:16||18164|1583625408|1961743832
21437|0|45426|03/01/2024 11:09:35||30025|4067228304|5575274240
22542|0|52066|03/01/2024 18:27:03||3777|413334912|611534080
22639|0|39820|03/01/2024 19:07:31||1349|289845720|389008840
22091|0|66329|03/01/2024 15:22:03||14877|1940202632|2269720840
22197|0|93506|03/01/2024 16:06:45||12195|2350225920|2745554960
22640|0|61111|03/01/2024 19:01:57||1683|1042757904|1353287944
21302|0|23656|03/01/2024 10:10:06||33594|9487672512|11972221136
20853|0|84652|03/01/2024 07:02:40||44840|51289459744|144638318144
22484|0|95199|03/01/2024 18:04:43||5117|2961001696|3912577632
22566|0|43252|03/01/2024 18:33:12||3408|456048184|490491416
21726|0|85932|03/01/2024 12:58:36||23484|4341893240|5250524464
20832|0|89576|03/01/2024 06:55:14||45286|6737337632|7431293872
21275|0|36168|03/01/2024 10:04:27||33933|10358755992|11852214184
22165|0|22560|03/01/2024 15:58:28||12692|7361131872|10201927000
21075|0|64267|03/01/2024 08:46:40||38600|6524835976|8294947152
21394|0|77350|03/01/2024 10:46:54||31386|3971870176|5929521064
21942|0|96303|03/01/2024 14:16:08||18832|20480704456|56993097392
22234|0|70049|03/01/2024 16:22:54||11226|22390665816|47630544752
21599|0|15352|03/01/2024 12:04:30||26730|1352279448|1377204576
22092|0|41561|03/01/2024 15:23:13||14807|4663263312|6121805104
21175|0|36518|03/01/2024 09:23:11||36409|26215627920|31977818216
22308|0|79017|03/01/2024 16:55:41||9259|29037593248|86132193248
21366|0|18443|03/01/2024 10:39:30||31830|120983058552|241240737624
22543|0|36794|03/01/2024 18:24:51||3909|280290824|345956712
21894|0|99818|03/01/2024 13:54:45||20115|1240605216|1691072808
20744|0|88045|03/01/2024 06:26:32||47008|1640120336|2225298368
21943|0|4110|03/01/2024 14:16:25||18815|4672675352|6486891680
22616|0|93202|03/01/2024 18:59:54||1806|5257149528|14604057832
22119|0|58424|03/01/2024 15:31:24||14316|18730992328|44546100568
20141|0|19300|03/01/2024 02:09:27||62433|140318427304|406884305464
21543|0|89604|03/01/2024 11:44:00||27960|6875074392|7921959528
22693|0|11226|03/01/2024 19:24:16||344|900726128|2178764312
22485|0|81514|03/01/2024 18:08:23||4897|15830443792|36131718840
22412|0|67697|03/01/2024 17:34:13||6947|3230406128|4059280504
21944|0|73620|03/01/2024 14:17:09|03/01/2024 19:27:19|18610|42651777848|82559099600
22256|0|5396|03/01/2024 16:35:03||10497|214631080|303195328
21895|0|6308|03/01/2024 13:51:58||20282|4644034168|5863573864
21818|0|99065|03/01/2024 13:27:14||21766|11557972360|14332401808
20625|0|65668|03/01/2024 05:35:14||50086|6746333824|9344557504
20376|0|26509|03/01/2024 03:44:58||56702|6540272008|6651134008
22432|0|95731|03/01/2024 17:40:50||6550|113107496|167359120
22235|0|39299|03/01/2024 16:29:57||10803|406894104|581703544
20448|0|55366|03/01/2024 04:22:43||54437|18187597968|19811525312
21176|0|43902|03/01/2024 09:24:52||36308|7417002016|10326684080
22283|0|88069|03/01/2024 16:40:18|03/01/2024 19:21:31|9673|438093584|510159312
22389|0|85910|03/01/2024 17:24:36||7524|725960112|755709440
22456|0|98470|03/01/2024 17:55:27||5673|2467707008|2508082096
20688|0|50824|03/01/2024 06:06:32||48208|11150708960|12943549528
22617|0|33480|03/01/2024 18:58:57||1863|3341266152|8651109584
20601|0|91299|03/01/2024 05:25:38||50662|5428966736|7432952504
21149|0|57141|03/01/2024 09:15:26||36874|2798068272|3250187672
22216|0|36420|03/01/2024 16:12:18||11862|3351836944|3775710704
21848|0|35423|03/01/2024 13:34:12||21348|15182128472|16987223448
19951|0|43035|03/01/2024 00:44:35||67525|10204813080|14134044816
21076|0|75330|03/01/2024 08:41:04||38936|5022751416|6296842936
21577|0|28032|03/01/2024 11:59:15||27045|4970185576|7331397432
22257|0|22775|03/01/2024 16:34:03||10557|4597989184|4975650776
21961|0|93299|03/01/2024 14:29:36||18024|952180544|1310925488
22284|0|11625|03/01/2024 16:46:49||9791|28399539792|70657996224
22433|0|61072|03/01/2024 17:49:57||6003|1142702056|1172942112
22198|0|53228|03/01/2024 16:02:04||12476|53672040|63708736
20004|0|8547|03/01/2024 01:00:19||66581|6158027424|6502591072
22544|0|77342|03/01/2024 18:24:35||3925|13852842120|26069153160
21150|0|82220|03/01/2024 09:14:58||36902|4179228976|5426283464
21660|0|97010|03/01/2024 12:22:18||25662|11557676344|7456972040
22670|0|28839|03/01/2024 19:16:24||816|470519840|563000568
22368|0|37333|03/01/2024 17:17:42||7938|1548441064|1632231496
22486|0|5018|03/01/2024 18:09:34||4826|513860008|634790680
22093|0|99615|03/01/2024 15:21:39||14901|2178953768|2874348504
22545|0|60167|03/01/2024 18:22:18||4062|693394384|796667040
21009|0|97205|03/01/2024 08:10:37||40763|7081756360|10312278704
20986|0|6440|03/01/2024 08:03:13||41207|25719792888|32662036384
20584|0|40407|03/01/2024 05:10:13||51587|203236046920|471965148184
22390|0|13461|03/01/2024 17:26:08||7432|461084536|578433544
21600|0|79812|03/01/2024 12:05:09||26691|45701677968|100733615184
22285|0|41123|03/01/2024 16:49:34||9626|106630760|129723776
22028|0|29885|03/01/2024 14:56:30||16410|1466823224|2171335480
21686|0|92893|03/01/2024 12:39:58||24602|4864764144|5143633592
20328|0|96738|03/01/2024 03:24:37||57923|6637859320|7512309368
22005|0|79073|03/01/2024 14:45:24||17076|1327472384|1834240832
20240|0|82325|03/01/2024 02:46:12||60228|13570558784|17783757560
22339|0|79333|03/01/2024 17:04:16||8744|374548504|482469664
21122|0|71426|03/01/2024 09:02:42||37638|53477821768|142841674632
22120|0|17708|03/01/2024 15:32:49||14231|43915362848|104380764288
21123|0|59626|03/01/2024 09:07:14||37366|2136296664|2699651120
21033|0|63188|03/01/2024 08:28:23||39697|12396105200|14172935728
21246|0|52757|03/01/2024 09:51:20||34720|1287859328|1643790744
22121|0|20266|03/01/2024 15:39:55||13805|2754137832|3835388016
20348|0|28791|03/01/2024 03:36:16||57224|38074266344|39816543448
21601|0|50014|03/01/2024 12:04:09||26751|8584188024|12127511032
21096|0|15246|03/01/2024 08:57:18||37962|7580640720|8058764688
21728|0|67076|03/01/2024 12:57:29||23551|9103686024|9854932512
21729|0|80461|03/01/2024 12:51:46||23894|5336838680|5626809672
22391|0|88465|03/01/2024 17:20:38||7762|602668248|837433976
20533|0|5871|03/01/2024 04:57:13||52367|12119044016|17915429120
21483|0|20815|03/01/2024 11:28:17||28903|16872396088|20998572832
22258|0|69178|03/01/2024 16:32:20||10660|1277963312|1325054336
21578|0|41928|03/01/2024 11:53:58||27362|1460863768|2038480216
22413|0|18951|03/01/2024 17:33:00||7020|913912736|1307607568
20746|0|97802|03/01/2024 06:20:37||47363|3738205472|5464122328
22048|0|45833|03/01/2024 15:09:13||15647|26421202280|53872225984
20117|0|95563|03/01/2024 01:53:55||63365|4499855640|6561473944
20725|0|44711|03/01/2024 06:15:54||47646|19448672960|24099167392
22457|0|77250|03/01/2024 17:59:57||5403|340294904|508840672
21962|0|44624|03/01/2024 14:26:18||18222|309479048|432452272
21221|0|81920|03/01/2024 09:43:39||35181|4643604440|5486117392
22340|0|57494|03/01/2024 17:03:56||8764|14271144976|39819014000
21963|0|46712|03/01/2024 14:21:48||18492|21913320352|47653447416
21303|0|62316|03/01/2024 10:10:02||33598|9434579264|11962351272
20807|0|27389|03/01/2024 06:44:10||45950|3742199192|5611710976
22199|0|28990|03/01/2024 16:02:34||12446|2501049408|3242095848
21791|0|29967|03/01/2024 13:14:23||22537|28570872864|71206963440
21395|0|51457|03/01/2024 10:45:05||31495|134937188296|307799467216
21484|0|85714|03/01/2024 11:28:34||28886|2023904440|2464167352
21819|0|32642|03/01/2024 13:25:35||21865|3376764928|3589685032
22166|0|10222|03/01/2024 15:57:08||12772|7565921432|8124834432
22694|0|23308|03/01/2024 19:28:45||75|9522376|12437664
21197|0|72259|03/01/2024 09:31:45|03/01/2024 19:28:37|35812|90241124304|168917289976
20808|0|69961|03/01/2024 06:48:16||45704|5035367856|5092272488
21602|0|40278|03/01/2024 12:02:40||26840|7495647448|10181721728
22641|0|51442|03/01/2024 19:03:28||1592|64573008|70659280
21276|0|37966|03/01/2024 10:06:49||33791|86485656144|218691699096
22167|0|22388|03/01/2024 15:57:35||12745|4874835792|5849139496
20726|0|76297|03/01/2024 06:10:16||47984|6524061056|7447451272
22341|0|45544|03/01/2024 17:01:31||8909|139037368|161752472
21579|0|65864|03/01/2024 11:51:14||27526|2245422312|2295360616
22458|0|98341|03/01/2024 17:51:30||5910|2879905384|3484389872
22094|0|64301|03/01/2024 15:22:39||14841|2094473632|2894878248
21012|0|44915|03/01/2024 08:12:24||40656|2691142408|3494261960
22168|0|60779|03/01/2024 15:58:22||12698|1000615056|1304649664
22006|0|55077|03/01/2024 14:46:16||17024|1560404944|2181896080
20433|0|20203|03/01/2024 04:19:27||54633|8720280616|9954155328
21919|0|63505|03/01/2024 14:02:20||19660|1350818064|1514549568
21339|0|22851|03/01/2024 10:28:16||32504|1416512288|1835954608
21920|0|11546|03/01/2024 14:06:40||19400|1929728592|2013766880
20329|0|85741|03/01/2024 03:25:07||57893|16787757304|17732573952
22147|0|68217|03/01/2024 15:40:40||13760|3981793312|4703564832
21872|0|90789|03/01/2024 13:40:50||20950|4835272416|6953320152
21687|0|53387|03/01/2024 12:31:25||25115|208314264|304116712
22487|0|98712|03/01/2024 18:06:00||5040|3017031704|3769983136
22514|0|57917|03/01/2024 18:16:26||4414|1348491056|1927904816
22095|0|74290|03/01/2024 15:25:31||14669|1421879344|1888876408
21629|0|49022|03/01/2024 12:10:55||26345|8070144760|10550846032
21545|0|94914|03/01/2024 11:47:48||27732|2083042240|2825235496
20119|0|96532|03/01/2024 01:53:46||63374|12483702160|15512179272
22123|0|85963|03/01/2024 15:35:53||14047|1435569112|2109867224
22546|0|41995|03/01/2024 18:28:17||3703|172928144|235327136
20987|0|39648|03/01/2024 08:05:41||41059|16077653632|21103230416
22124|0|8129|03/01/2024 15:38:09||13911|5045477792|7089004200
21512|0|67015|03/01/2024 11:31:18||28722|10449140440|10513765696
20349|0|62739|03/01/2024 03:31:51||57489|4776824536|6163380312
22488|0|95660|03/01/2024 18:07:57||4923|9910148240|19178501536
20377|0|85484|03/01/2024 03:41:18||56922|6162717768|8735775352
22200|0|5362|03/01/2024 16:06:45||12195|2935734160|2975982096
22309|0|59464|03/01/2024 16:51:00||9540|364605816|488672344
22259|0|45450|03/01/2024 16:36:41||10399|926476672|1225840936
21792|0|34226|03/01/2024 13:19:12||22248|5485526624|5930933056
22392|0|60885|03/01/2024 17:20:00||7800|564615792|791776040
21034|0|66346|03/01/2024 08:25:53||39847|7370424776|8228885312
21247|0|62761|03/01/2024 09:54:46||34514|11661620680|12770017472
21458|0|81795|03/01/2024 11:11:39||29901|1630800840|1731179792
21248|0|85722|03/01/2024 09:51:25||34715|3026991192|3351995856
21979|0|89373|03/01/2024 14:38:08||17512|525568064|529292568
21980|0|90846|03/01/2024 14:38:12||17508|4181325768|4914388576
22459|0|34484|03/01/2024 17:55:48||5652|1508415336|2152584840
21223|0|59946|03/01/2024 09:42:56||35224|1220880328|1587440568
21763|0|97042|03/01/2024 13:00:03||23397|4688246608|6477950168
21035|0|97309|03/01/2024 08:27:18||39762|4925489432|7166254456
22342|0|42971|03/01/2024 17:01:17||8923|11139144|12096968
21224|0|19469|03/01/2024 09:43:02||35218|3119387272|4591658616
21706|0|90351|03/01/2024 12:49:43||24017|3514590936|4171165808
20782|0|64668|03/01/2024 06:33:08||46612|5794660264|7190524072
20435|0|14111|03/01/2024 04:15:50||54850|113367067816|278073989784
21439|0|7489|03/01/2024 11:00:14||30586|21607900672|24271019288
21198|0|18836|03/01/2024 09:39:52||35408|247243616|356315776
22217|0|40642|03/01/2024 16:10:46||11954|909410392|1126317432
20535|0|73978|03/01/2024 04:52:49||52631|3684549648|4943774096
22567|0|16748|03/01/2024 18:33:25||3395|884082832|1111046384
20988|0|16200|03/01/2024 08:02:16||41264|13796936320|16685031184
21820|0|45093|03/01/2024 13:28:53||21667|5860227768|6816643584
22169|0|33422|03/01/2024 15:50:49||13151|3205221552|4694202496
22489|0|94273|03/01/2024 18:05:08||5092|1099733392|1353807400
20604|0|69046|03/01/2024 05:23:02||50818|15712280272|22841502568
20834|0|27146|03/01/2024 06:53:42||45378|1125829744|1413387192
22170|0|19023|03/01/2024 15:59:15||12645|5611998440|6327371560
21707|0|29867|03/01/2024 12:49:48||24012|1523333032|1640486256
22171|0|32399|03/01/2024 15:55:38||12862|22924552496|54963413208
22414|0|69490|03/01/2024 17:31:08||7132|974800528|1085607432
22568|0|70096|03/01/2024 18:35:17||3283|2995226896|3353561152
22515|0|52429|03/01/2024 18:17:16||4364|364646840|519689960
22618|0|96471|03/01/2024 18:57:20||1960|1926402592|2553220904
22569|0|46857|03/01/2024 18:30:36||3564|1058324088|1242793960
20690|0|16397|03/01/2024 06:03:38||48382|6945242664|9519471560
21731|0|67782|03/01/2024 12:59:43||23417|4264828352|5010489720
20939|0|99986|03/01/2024 07:45:17||42283|3148898736|4504863584
21036|0|82044|03/01/2024 08:25:09||39891|4440553064|6118902816
22547|0|74678|03/01/2024 18:28:44||3676|238906048|296933856
21764|0|69195|03/01/2024 13:09:54||22806|1373529704|1888165416
21873|0|14341|03/01/2024 13:44:14||20746|6417734272|8071958632
21981|0|19964|03/01/2024 14:31:16||17924|46447369352|87179902168
21305|0|59909|03/01/2024 10:16:46||33194|4358411048|4493622216
21874|0|27027|03/01/2024 13:41:48||20892|2120599768|2879140152
21946|0|29092|03/01/2024 14:14:19||18941|4611731288|6512331704
22310|0|40566|03/01/2024 16:53:06||9414|19200983920|43049806304
21982|0|91723|03/01/2024 14:38:59||17461|957826920|1365864120
22642|0|60277|03/01/2024 19:01:37||1703|177829248|199116120
20921|0|9625|03/01/2024 07:38:31||42689|19173539128|25193086072
20784|0|86913|03/01/2024 06:31:26||46714|99567136224|186984856272
22393|0|62947|03/01/2024 17:26:07||7433|279122424|399831840
20536|0|86266|03/01/2024 04:57:10|03/01/2024 19:20:15|51785|146089410944|424763471328
22125|0|91512|03/01/2024 15:30:53||14347|2991690912|3079642608
21821|0|39702|03/01/2024 13:23:05||22015|4183423952|5480244784
21708|0|80733|03/01/2024 12:46:20||24220|463016744|643142384
22695|0|88927|03/01/2024 19:26:13||227|116102360|165158336
20051|0|70616|03/01/2024 01:27:41||64939|34140248328|35254145552
20665|0|78093|03/01/2024 05:53:44||48976|10895205480|14336204296
22490|0|63698|03/01/2024 18:00:45||5355|1313502832|1796888200
20904|0|11685|03/01/2024 07:29:48||43212|4029218456|4950105352
20451|0|71946|03/01/2024 04:24:44||54316|8261918448|8893098584
21421|0|35034|03/01/2024 10:55:46||30854|3415272936|1913147024
21661|0|23699|03/01/2024 12:24:19||25541|1742092640|2420945144
20874|0|50961|03/01/2024 07:17:26||43954|5822832216|6895049840
21709|0|49446|03/01/2024 12:47:40||24140|3328808344|4235251144
21921|0|99833|03/01/2024 14:09:12||19248|1918446664|2157088400
21200|0|90750|03/01/2024 09:37:41||35539|6014365264|8516660856
22491|0|59256|03/01/2024 18:04:44||5116|2812937648|3423694856
22343|0|66348|03/01/2024 17:06:23||8617|23094504|33626344
21983|0|11775|03/01/2024 14:34:44||17716|2644981168|3424142360
20258|0|28116|03/01/2024 02:55:37||59663|21481725008|24892993360
21153|0|92358|03/01/2024 09:11:51||37089|10612198696|11319842960
20836|0|34665|03/01/2024 06:56:39||45201|9143761864|9769001008
22415|0|76797|03/01/2024 17:30:51||7149|1194221584|1436093648
21306|0|5237|03/01/2024 10:15:15||33285|391579096|534488528
21732|0|90208|03/01/2024 12:52:33||23847|7476407672|8993662272
22236|0|59720|03/01/2024 16:29:03||10857|2755004160|4022246840
22671|0|13853|03/01/2024 19:14:17||943|29178296|36897784
21154|0|89263|03/01/2024 09:15:31||36869|10054842680|10626149808
22370|0|63156|03/01/2024 17:13:59||8161|146424928|204222168
21984|0|67016|03/01/2024 14:33:24||17796|1618107064|2122122112
22416|0|78248|03/01/2024 17:39:31||6629|2178848448|2383218664
21765|0|68841|03/01/2024 13:09:41||22819|7028179848|9421082224
22029|0|5650|03/01/2024 14:57:34||16346|1755800360|4343155312
21766|0|20661|03/01/2024 13:07:42||22938|3730239440|4139838552
22007|0|46869|03/01/2024 14:45:51||17049|734486296|750376472
21201|0|28349|03/01/2024 09:37:42||35538|2714039080|3893102048
20317|0|13220|03/01/2024 03:17:30||58350|13346289888|19226196672
22030|0|77911|03/01/2024 14:55:27||16473|1000478360|1207604552
21514|0|24704|03/01/2024 11:33:50|03/01/2024 19:29:16|28526|11576890624|14128980240
20259|0|21912|03/01/2024 02:56:49||59591|18560300384|25418310648
21307|0|84943|03/01/2024 10:17:22||33158|3483671688|3554925808
21460|0|40115|03/01/2024 11:14:01||29759|2476836864|2553964328
21249|0|33989|03/01/2024 09:58:25||34295|3138943696|4035516640
21631|0|87856|03/01/2024 12:15:23|03/01/2024 19:23:34|25691|70245867128|133122853128
22696|0|87856|03/01/2024 19:23:53||367|586313040|1516649368
20965|0|32738|03/01/2024 07:56:34||41606|10465902712|11927780344
20941|0|13981|03/01/2024 07:45:50||42250|3053585992|3940313240
22260|0|6051|03/01/2024 16:32:22||10658|1046397152|1311746000
22261|0|76091|03/01/2024 16:32:31||10649|96036408|117228896
20691|0|91703|03/01/2024 06:04:54||48306|24545645216|24955674248
22672|0|33250|03/01/2024 19:19:25||635|19700800|28821256
22344|0|49528|03/01/2024 17:01:12||8928|208609608|260987056
22417|0|69121|03/01/2024 17:30:31||7169|679161696|745415000
21922|0|18411|03/01/2024 14:01:24||19716|814311800|909898816
22592|0|93627|03/01/2024 18:45:20||2680|550757696|662096024
22570|0|48354|03/01/2024 18:37:54||3126|676814840|839536136
21850|0|77111|03/01/2024 13:30:07||21593|15044164120|15427117416
22516|0|94288|03/01/2024 18:18:33||4287|801271072|834440840
22345|0|31903|03/01/2024 17:00:40||8960|20725932848|50680542264
22031|0|16868|03/01/2024 14:55:26||16474|8833207504|9931262560
22619|0|53839|03/01/2024 18:54:17||2143|388939360|488846904
22286|0|22939|03/01/2024 16:40:02||10198|657767192|866868840
21767|0|45745|03/01/2024 13:04:15||23145|4103840232|10258000360
22548|0|57061|03/01/2024 18:20:02||4198|903080776|1275137528
22492|0|80025|03/01/2024 18:06:12||5028|2762028544|3180982024
20216|0|49784|03/01/2024 02:36:16||60824|23190007144|34472264552
21308|0|48137|03/01/2024 10:14:59||33301|22414618760|26669618160
20748|0|31700|03/01/2024 06:23:30||47190|2133289368|2810128112
21516|0|78379|03/01/2024 11:30:02||28798|687863664|757627960
21155|0|53820|03/01/2024 09:10:56||37144|5418146736|6232576576
20692|0|16818|03/01/2024 06:04:27||48333|150000059968|320860808792
21768|0|63546|03/01/2024 13:09:29||22831|101372932248|200213429456
22517|0|56289|03/01/2024 18:13:49||4571|3171605048|3621158152
22394|0|47458|03/01/2024 17:23:44||7576|276379616|406865416
20942|0|47468|03/01/2024 07:46:44||42196|12036592312|15636806496
22218|0|52439|03/01/2024 16:15:29||11671|26746214600|63071816952
21964|0|47314|03/01/2024 14:22:29||18451|1857545528|1896442168
22346|0|52594|03/01/2024 17:08:17||8503|120790448|132324752
22096|0|17099|03/01/2024 15:21:46||14894|25420960776|53953854408
21632|0|87066|03/01/2024 12:10:29||26371|1242780224|1362719648
22149|0|91262|03/01/2024 15:45:37||13463|3135445576|3360021304
22571|0|41355|03/01/2024 18:35:00||3300|235499632|258166768
21947|0|40878|03/01/2024 14:12:29||19051|6714188944|7333654720
20142|0|9694|03/01/2024 02:01:31|03/01/2024 19:26:07|62676|17974833848|23590869296
20966|0|56946|03/01/2024 07:51:50||41890|11047594080|16084315624
22371|0|14654|03/01/2024 17:13:43||8177|23647770096|59034113792
21823|0|12418|03/01/2024 13:20:32||22168|8537123112|12160348976
22064|0|14203|03/01/2024 15:13:53||15367|39425286824|91129437872
22549|0|19426|03/01/2024 18:22:02||4078|18447083648|14992749472
21517|0|17223|03/01/2024 11:38:45||28275|14117849088|17787067568
21603|0|74230|03/01/2024 12:08:03||26517|15336718360|17941984392
22697|0|23640|03/01/2024 19:24:21||339|2216536|2307056
21604|0|99997|03/01/2024 12:06:29||26611|3098859200|4369898024
21398|0|31911|03/01/2024 10:43:42||31578|10514417984|13775478720
22620|0|95243|03/01/2024 18:55:48||2052|2192176568|1411017984
22572|0|70498|03/01/2024 18:34:18||3342|1190727104|1384641112
22126|0|50074|03/01/2024 15:37:01||13979|5847690192|6787414520
22493|0|82324|03/01/2024 18:03:06||5214|2161959992|2906389664
21633|0|8451|03/01/2024 12:17:02||25978|407240656|510920144
20694|0|40614|03/01/2024 06:08:26||48094|23680407984|30463146832
22347|0|70372|03/01/2024 17:04:35||8725|22225056|24010528
22201|0|52154|03/01/2024 16:09:15||12045|1663871840|2363656288
21733|0|28435|03/01/2024 12:50:49||23951|399857448|475067536
22348|0|72601|03/01/2024 17:06:12||8628|413839576|471605176
22643|0|85672|03/01/2024 19:02:39||1641|782938944|1099975304
22312|0|12784|03/01/2024 16:52:08||9472|229418224|313680008
22395|0|45387|03/01/2024 17:26:11||7429|392658096|475979496
22220|0|81351|03/01/2024 16:12:50||11830|9840083016|11563228064
21734|0|63153|03/01/2024 12:50:49||23951|11357255240|12020834680
22550|0|5094|03/01/2024 18:28:26||3694|475151240|640826824
20944|0|36200|03/01/2024 07:44:10||42350|130105463616|292566875528
22172|0|76281|03/01/2024 15:50:33||13167|9115573160|9446021416
21824|0|41346|03/01/2024 13:24:25||21935|4786747728|4812751224
22396|0|72646|03/01/2024 17:28:43||7277|1463796760|1932581360
22065|0|29605|03/01/2024 15:15:09||15291|27469897296|55383466096
20858|0|87836|03/01/2024 07:09:48||44412|83062535576|175630318016
21340|0|82980|03/01/2024 10:26:11|03/01/2024 19:26:09|32398|6594075176|9016418720
22698|0|82980|03/01/2024 19:26:35||205|26901280|29635344
21081|0|13499|03/01/2024 08:40:16||38984|803566592|1147635264
22150|0|28225|03/01/2024 15:47:58||13322|2321965728|2859220392
21876|0|82499|03/01/2024 13:44:12||20748|460167440|473909392
22494|0|74614|03/01/2024 18:03:32||5188|1125281040|1516001368
22518|0|19213|03/01/2024 18:13:22||4598|550054800|607871888
19954|0|10263|03/01/2024 00:43:17||67603|16241228632|22911189336
22066|0|22665|03/01/2024 15:19:48||15012|3583872088|3656277824
21037|0|17670|03/01/2024 08:27:42||39738|341602512|488732768
21038|0|18578|03/01/2024 08:23:42||39978|134842682856|401544062600
21127|0|67246|03/01/2024 09:02:40||37640|8254989112|9801141624
22008|0|47817|03/01/2024 14:43:50||17170|877351400|914589144
20905|0|97540|03/01/2024 07:28:06||43314|2584829376|3023601632
20454|0|14496|03/01/2024 04:23:01||54419|9743941336|13847574320
20878|0|98869|03/01/2024 07:16:51||43989|3803987416|5657436824
20217|0|31958|03/01/2024 02:35:50||60850|632978424|812945952
22151|0|76270|03/01/2024 15:43:37||13583|928161576|1074914520
20945|0|91336|03/01/2024 07:43:12||42408|7496077024|7875186120
21309|0|64359|03/01/2024 10:19:58||33002|7038454200|9147381200
20839|0|43849|03/01/2024 06:51:44||45496|856136136|935269656
20811|0|55154|03/01/2024 06:46:44||45796|35495419600|24835332840
22349|0|25332|03/01/2024 17:06:05||8635|1750233952|1775842040
22372|0|56440|03/01/2024 17:18:27||7893|685942936|794828112
22593|0|12576|03/01/2024 18:44:57||2703|2590256000|3363754208
21582|0|35261|03/01/2024 11:57:24||27156|281223544|295586104
21896|0|72890|03/01/2024 13:52:03||20277|5488021856|5978597040
21182|0|87863|03/01/2024 09:23:51||36369|59557984608|168385841472
21226|0|31105|03/01/2024 09:41:30||35310|5805428304|7714360160
22594|0|83901|03/01/2024 18:45:18||2682|1042192464|1364575456
22434|0|53899|03/01/2024 17:46:43||6197|242629600|339112744
20455|0|19801|03/01/2024 04:21:08||54532|8847653088|9542569352
22519|0|28804|03/01/2024 18:15:10||4490|1094419128|1361952840
20669|0|50847|03/01/2024 05:52:16||49064|12522411624|13585403760
21368|0|80460|03/01/2024 10:37:28||31952|5992734384|6138381752
22397|0|86290|03/01/2024 17:29:39||7221|166144816|213378312
21635|0|71541|03/01/2024 12:15:13||26087|4556096608|5381853288
22435|0|87537|03/01/2024 17:48:13||6107|2424555216|3463357920
21736|0|57307|03/01/2024 12:58:26||23494|1027411080|1208906432
21985|0|17717|03/01/2024 14:30:58||17942|13592541776|37937962680
21636|0|44780|03/01/2024 12:12:40||26240|6004705840|6725959296
22373|0|63585|03/01/2024 17:11:06||8334|705980200|960642592
21737|0|88899|03/01/2024 12:58:41||23479|2143429400|3167815888
22673|0|49279|03/01/2024 19:18:08||712|871269872|1172431168
20587|0|30280|03/01/2024 05:16:12||51228|18690351552|22782588560
22495|0|10808|03/01/2024 18:07:08||4972|1888127232|2431404936
20398|0|85350|03/01/2024 03:51:13||56327|15981615192|21938826528
21487|0|58441|03/01/2024 11:25:48||29052|6567068880|6751512280
20786|0|58233|03/01/2024 06:39:02||46258|8332781840|11409860496
21739|0|55176|03/01/2024 12:54:14||23746|7858191312|11325260392
22032|0|3805|03/01/2024 14:50:00||16800|1239002576|1268072032
22097|0|60139|03/01/2024 15:22:12||14868|1042659576|1178438680
22436|0|23126|03/01/2024 17:48:04||6116|314025568|317791184
22033|0|39792|03/01/2024 14:55:24||16476|6056697704|8246888584
21770|0|47169|03/01/2024 13:01:02||23338|50463776416|136896001192
22009|0|29721|03/01/2024 14:47:58||16922|675548368|884040024
22262|0|52416|03/01/2024 16:39:23||10237|132860552|176003104
22644|0|54160|03/01/2024 19:01:15||1725|1708455704|2283688840
21663|0|47747|03/01/2024 12:20:00||25800|1021988328|1451516928
20880|0|23908|03/01/2024 07:14:07||44153|6236229824|7921464280
21518|0|55316|03/01/2024 11:30:28||28772|3854779216|3874911344
22418|0|52044|03/01/2024 17:36:04||6836|7101886392|16563813320
20421|0|29712|03/01/2024 04:00:52||55748|2246719000|2347106544
21098|0|73999|03/01/2024 08:50:37||38363|2768179112|3964715416
20881|0|98149|03/01/2024 07:17:38||43942|3147473968|3167543520
20882|0|76963|03/01/2024 07:12:01||44279|5403720312|8016970384
21688|0|32616|03/01/2024 12:35:19||24881|5598132840|6087401416
21877|0|44450|03/01/2024 13:44:53||20707|1588790376|2267946296
21897|0|72615|03/01/2024 13:58:03||19917|5284569560|5412077088
21638|0|42134|03/01/2024 12:16:01||26039|2569303216|2732505224
22595|0|82418|03/01/2024 18:40:21||2979|434233616|534284344
22127|0|80719|03/01/2024 15:37:44||13936|5705039008|6811831880
22551|0|67557|03/01/2024 18:24:45||3915|851341960|1257189744
20514|0|37117|03/01/2024 04:46:21||53019|7294002576|9374390712
22621|0|82986|03/01/2024 18:55:59||2041|19952280|25228128
21250|0|66658|03/01/2024 09:54:50||34510|2110966248|2400904664
21794|0|98774|03/01/2024 13:10:53||22747|7218019592|8122376432
21639|0|14643|03/01/2024 12:19:41||25819|1657117216|2340172440
22203|0|5939|03/01/2024 16:05:09||12291|2171317304|2766563640
19827|0|98298|02/01/2024 23:52:14||70666|9014157936|12784829728
22221|0|87153|03/01/2024 16:17:54||11526|5060267584|5409613592
21311|0|43543|03/01/2024 10:11:27||33513|4790815672|5965678168
22674|0|40101|03/01/2024 19:12:21||1059|2070209936|4128364200
21548|0|97800|03/01/2024 11:41:20||28120|4111862176|5985985240
22313|0|37360|03/01/2024 16:53:47||9373|76094096|87844384
22173|0|67152|03/01/2024 15:56:01||12839|53080853224|111407073400
21461|0|41429|03/01/2024 11:15:15||29685|1619441608|2059668328
22520|0|28055|03/01/2024 18:19:59||4201|3716978520|2210142632
21184|0|98424|03/01/2024 09:27:54||36126|7158642320|7337829552
21689|0|29370|03/01/2024 12:37:27||24753|13818398456|39962914984
20922|0|30539|03/01/2024 07:38:12||42708|1922398568|2200035560
21898|0|49120|03/01/2024 13:50:17||20383|44714302880|86534716848
22067|0|49678|03/01/2024 15:11:33||15507|2869323960|4167533832
22098|0|61139|03/01/2024 15:28:39||14481|1573184168|2268390952
22573|0|52225|03/01/2024 18:39:45||3015|1298294256|1763162864
21488|0|10454|03/01/2024 11:20:02||29398|6932874976|7711239240
20144|0|90059|03/01/2024 02:04:30||62730|8792721072|10626137440
21740|0|74145|03/01/2024 12:59:23||23437|10244274968|11648983256
21128|0|26093|03/01/2024 09:07:02||37378|6915765008|8570236272
22129|0|90076|03/01/2024 15:30:30||14370|1693536656|2218565880
21690|0|56866|03/01/2024 12:32:34||25046|4031014696|5875207576
20859|0|6867|03/01/2024 07:02:37||44843|3176088536|4147110432
22099|0|22317|03/01/2024 15:29:32||14428|1690023928|2300883312
22130|0|79035|03/01/2024 15:39:28||13832|168111176|187004400
22374|0|66310|03/01/2024 17:19:51||7809|3326790936|3619143968
22350|0|53714|03/01/2024 17:04:58||8702|14125442832|37337701384
20331|0|59145|03/01/2024 03:22:44||58036|26974902736|27863355560
22263|0|8839|03/01/2024 16:32:15||10665|722627456|840497888
21711|0|18055|03/01/2024 12:45:39||24261|3811893968|5712037928
21795|0|80096|03/01/2024 13:11:18||22722|11731680008|13553078792
22011|0|18914|03/01/2024 14:49:38||16822|1939491768|2746143368
21640|0|74601|03/01/2024 12:17:36||25944|39882140480|83313528880
21796|0|24152|03/01/2024 13:18:53||22267|9569813640|12233080552
22675|0|62055|03/01/2024 19:15:32||868|773356128|2077932880
21987|0|31527|03/01/2024 14:35:06||17694|5412522552|7750105352
22174|0|90512|03/01/2024 15:59:45||12615|7959018360|9723768376
21923|0|71041|03/01/2024 14:05:16||19484|4944016208|6024453016
22314|0|79389|03/01/2024 16:59:25||9035|590622416|667486840
22034|0|56736|03/01/2024 14:50:53||16747|3331376176|4468266792
22676|0|53064|03/01/2024 19:18:23||697|17419872|23229992
21423|0|29306|03/01/2024 10:55:32||30868|6698308336|6945179296
22035|0|27416|03/01/2024 14:57:32||16348|3538889432|4156333192
21342|0|94445|03/01/2024 10:24:49||32711|1803602232|2302364360
21251|0|83254|03/01/2024 09:50:58||34742|3938889648|4506636776
21967|0|48946|03/01/2024 14:21:37||18503|1259603784|1716773472
21691|0|47902|03/01/2024 12:38:09||24711|5312378680|5949541032
21278|0|83921|03/01/2024 10:01:52||34088|11058894704|12998200480
21900|0|53676|03/01/2024 13:51:22||20318|2641257056|3928676072
20728|0|89545|03/01/2024 06:10:33||47967|56382845656|147575556784
21100|0|28652|03/01/2024 08:52:48||38232|1636569136|1703841384
21851|0|5859|03/01/2024 13:35:41||21259|999034648|1083713168
21550|0|34442|03/01/2024 11:45:37||27863|1268403552|1435149976
22049|0|15203|03/01/2024 15:03:48||15972|566476552|658596232
21664|0|36711|03/01/2024 12:24:04||25556|720684312|967322600
22068|0|24245|03/01/2024 15:13:27||15393|2467227008|2946694600
22437|0|27001|03/01/2024 17:41:14||6526|4807574600|5726376592
20561|0|23151|03/01/2024 05:09:39||51621|123816032312|268303559528
22287|0|39569|03/01/2024 16:46:55||9785|1065314480|1579100312
20730|0|98196|03/01/2024 06:19:03||47457|11873072848|14906930312
22351|0|84711|03/01/2024 17:09:22||8438|177161520|258587576
22012|0|96945|03/01/2024 14:47:57||16923|1091393440|1333034288
22069|0|15205|03/01/2024 15:10:14||15586|3601277304|4198515040
22131|0|27772|03/01/2024 15:30:26||14374|5706368440|8393107880
21186|0|81876|03/01/2024 09:22:56||36424|90430973984|230126377376
21440|0|60347|03/01/2024 11:07:33||30147|1618257992|2240048752
20754|0|49963|03/01/2024 06:24:20||47140|10614651488|12363021648
21279|0|78611|03/01/2024 10:07:07||33773|4892482800|5738782744
22101|0|53977|03/01/2024 15:28:54||14466|9226786304|9689347400
22315|0|47511|03/01/2024 16:50:21||9579|4529952720|4647648200
20671|0|43761|03/01/2024 05:59:27||48633|14763148720|15594345256
22102|0|64525|03/01/2024 15:20:45||14955|3041162528|4147986680
22222|0|79622|03/01/2024 16:12:52||11828|32311829888|65101982800
22103|0|63116|03/01/2024 15:26:13||14627|2035268496|3005682896
22419|0|96423|03/01/2024 17:39:00||6660|607429752|784028528
22438|0|46329|03/01/2024 17:42:41||6439|3039082808|3209157152
22070|0|17550|03/01/2024 15:13:46||15374|4185171576|4819043808
21665|0|66727|03/01/2024 12:29:32||25228|2326678856|2405871080
20563|0|31810|03/01/2024 05:03:27||51993|11948792440|15838241144
22036|0|31906|03/01/2024 14:59:54||16206|1820739680|1895914840
21879|0|51211|03/01/2024 13:44:22||20738|865585192|937468456
20840|0|70169|03/01/2024 06:51:56||45484|5945865472|7059943104
22288|0|42351|03/01/2024 16:44:50||9910|5726151792|6893110984
20696|0|16362|03/01/2024 06:09:40||48020|6901047536|9073359304
21712|0|42726|03/01/2024 12:42:14||24466|4922311208|6064437928
22496|0|7332|03/01/2024 18:04:12||5148|1644302472|1783857488
22645|0|60604|03/01/2024 19:02:49||1631|195895880|272803568
22352|0|76590|03/01/2024 17:04:20||8740|713594520|1034029064
21315|0|18825|03/01/2024 10:13:57||33363|30476324960|35296643864
22353|0|90189|03/01/2024 17:09:51||8409|24813838136|53501098192
22460|0|12303|03/01/2024 17:57:07||5573|697208920|804688464
21968|0|43504|03/01/2024 14:20:37||18563|2079451376|2412718360
22175|0|44745|03/01/2024 15:59:21||12639|12023371800|12087047824
21101|0|85856|03/01/2024 08:56:33||38007|14031814368|16104934080
22264|0|74749|03/01/2024 16:31:01||10739|1276926168|1473561120
20489|0|5866|03/01/2024 04:35:05||53695|4681865408|4843623576
21489|0|36663|03/01/2024 11:24:17||29143|13103741640|14459605624
21585|0|44381|03/01/2024 11:57:29||27151|2694233464|3361994232
22677|0|55726|03/01/2024 19:16:35||805|192579576|266978312
20335|0|37635|03/01/2024 03:24:02||57958|477619384|609282608
22237|0|66095|03/01/2024 16:28:52||10868|4453667992|4539535248
21798|0|41383|03/01/2024 13:14:30||22530|4907573600|4914433232
22596|0|5616|03/01/2024 18:40:06||2994|4458763832|10040746592
21014|0|5989|03/01/2024 08:16:33||40407|3033173896|3398654040
22439|0|9797|03/01/2024 17:43:23||6397|1997873880|2209045208
22420|0|90014|03/01/2024 17:31:42||7098|2301756512|2816156488
21741|0|74840|03/01/2024 12:53:41||23779|2066252320|2982068488
22204|0|90493|03/01/2024 16:02:24||12456|5055538528|7270009984
22132|0|85391|03/01/2024 15:32:06||14274|845607216|1268174400
22421|0|16644|03/01/2024 17:38:24||6696|2352455080|2969305712
21015|0|88091|03/01/2024 08:19:57||40203|2170717424|2331320656
22622|0|90408|03/01/2024 18:56:20||2020|1102394472|1645966432
21400|0|31214|03/01/2024 10:41:23||31717|9956140864|12199098280
21666|0|63011|03/01/2024 12:20:07||25793|214703592|233805144
21424|0|92224|03/01/2024 10:54:50||30910|21731503408|23466280872
20401|0|8148|03/01/2024 03:56:43||55997|8133618280|11549887248
22224|0|69759|03/01/2024 16:11:29||11911|4430265056|5834621872
22354|0|26780|03/01/2024 17:00:14||8986|1163889000|1181613696
21714|0|73491|03/01/2024 12:47:16||24164|1551275832|1602338560
19958|0|15351|03/01/2024 00:46:35||67405|12884731112|19058645456
22552|0|60165|03/01/2024 18:23:30||3990|604766728|732041040
22152|0|65638|03/01/2024 15:45:40||13460|2588319232|2708138240
21230|0|58684|03/01/2024 09:43:27||35193|463309744|475719832
22316|0|86640|03/01/2024 16:53:17||9403|239159008|320424032
20266|0|31189|03/01/2024 02:54:35||59725|7210064600|7240112776
20697|0|13450|03/01/2024 06:01:31||48509|5179122216|6582776368
21715|0|87848|03/01/2024 12:49:15||24045|8990776736|10924801808
21231|0|22919|03/01/2024 09:41:55||35285|8812363776|11860089584
21232|0|66722|03/01/2024 09:43:20||35200|2559706888|2816156312
21988|0|78509|03/01/2024 14:37:02||17578|526210432|746721224
21252|0|8441|03/01/2024 09:58:28||34292|6906403784|7550540040
22553|0|43396|03/01/2024 18:20:52||4148|540297880|629174640
22014|0|48689|03/01/2024 14:43:17||17203|54281654056|159399359496
20672|0|36175|03/01/2024 05:58:17||48703|28878859504|32680875152
22461|0|15798|03/01/2024 17:51:48||5892|863828320|1017024752
22038|0|79082|03/01/2024 14:58:39||16281|2626016624|2734152160
21490|0|38222|03/01/2024 11:21:56||29284|11273966416|11508518152
20813|0|21763|03/01/2024 06:45:07||45893|2502723224|3153312600
21880|0|4569|03/01/2024 13:46:43||20597|7331187984|8470324256
22521|0|28387|03/01/2024 18:10:08||4792|18137770728|35782654032
21881|0|52962|03/01/2024 13:45:42||20658|740511872|1002942680
21948|0|64081|03/01/2024 14:11:41||19099|1664492328|1740446072
21425|0|23876|03/01/2024 10:57:35||30745|17222126496|12850708176
21901|0|66619|03/01/2024 13:54:12||20148|15919318776|47580966488
22015|0|31694|03/01/2024 14:44:57||17103|5289215216|6879038536
22554|0|34127|03/01/2024 18:28:09||3711|5096430336|2909705232
21606|0|6802|03/01/2024 12:04:22||26738|52066645488|141548566272
20424|0|90297|03/01/2024 04:05:59||55441|221680600448|499141221968
20698|0|62492|03/01/2024 06:07:15||48165|12025464416|17521653408
22238|0|60248|03/01/2024 16:24:26||11134|20131036880|47599124040
21607|0|78104|03/01/2024 12:05:32||26668|5007592664|5711924896
21716|0|60821|03/01/2024 12:41:21||24519|2237817112|2611829656
22317|0|68760|03/01/2024 16:53:54||9366|1004791568|1302615656
21989|0|18066|03/01/2024 14:30:27||17973|36245548936|67744335520
21553|0|66307|03/01/2024 11:46:54||27786|1280368776|1393363408
22623|0|78636|03/01/2024 18:52:15||2265|123891416|183483504
22375|0|86179|03/01/2024 17:10:01||8399|18619284288|36565114544
21316|0|97111|03/01/2024 10:10:34||33566|3502433072|4458626848
20459|0|72443|03/01/2024 04:20:38||54562|3018559696|3350142472
21442|0|97067|03/01/2024 11:04:54||30306|558620560|566811200
20460|0|54407|03/01/2024 04:29:14||54046|8846660576|11560155744
22205|0|42018|03/01/2024 16:02:20||12460|1144318168|1432721000
22016|0|62028|03/01/2024 14:49:49||16811|14250955616|10322494768
20037|0|42829|03/01/2024 01:12:32||65848|6504533560|8400156656
22239|0|38580|03/01/2024 16:26:04||11036|2247215600|2452968584
20196|0|52747|03/01/2024 02:29:48||61212|648566536|775682904
20059|0|88059|03/01/2024 01:21:47|03/01/2024 19:26:29|65082|1997248392|2340756152
22699|0|88059|03/01/2024 19:27:32||148|17252496|21386096
22017|0|73198|03/01/2024 14:46:19||17021|3510391528|3868464768
20589|0|4492|03/01/2024 05:18:58||51062|22887308184|29941102600
20323|0|37858|03/01/2024 03:17:59||58321|9477285608|9575554992
21318|0|29132|03/01/2024 10:14:52||33308|16724497488|18817864168
22240|0|23399|03/01/2024 16:27:30||10950|7798705888|9768461224
21157|0|4618|03/01/2024 09:17:50|03/01/2024 19:27:25|36575|83499446520|215696932680
21608|0|11077|03/01/2024 12:00:27||26973|929180120|1274026664
21253|0|73499|03/01/2024 09:54:32||34528|2155168016|2258154120
21554|0|32705|03/01/2024 11:45:32||27868|3734969984|3824556600
21771|0|18852|03/01/2024 13:01:36||23304|3162177232|4389403248
20842|0|66256|03/01/2024 06:53:46||45374|9868549752|12066294472
21401|0|56307|03/01/2024 10:41:44||31696|271432640|273449280
21158|0|48135|03/01/2024 09:15:19||36881|20418708792|21196182856
22266|0|76363|03/01/2024 16:38:04||10316|1104520072|1314349320
22555|0|61149|03/01/2024 18:29:32||3628|1127832952|1346309552
21641|0|32834|03/01/2024 12:15:09||26091|554151904|643633752
21102|0|71703|03/01/2024 08:55:50||38050|30054890784|30183743256
21234|0|96362|03/01/2024 09:48:27||34893|4267494072|5335635768
21103|0|95066|03/01/2024 08:56:44||37996|631057800|770068616
21159|0|13803|03/01/2024 09:17:40||36740|432292984|504476232
22318|0|88096|03/01/2024 16:54:12||9348|1131524888|1330669024
22355|0|22300|03/01/2024 17:08:54||8466|3292774712|3658592840
20699|0|47228|03/01/2024 06:07:19||48161|87814543616|260766228456
21586|0|99768|03/01/2024 11:50:12||27588|2836055488|4218749664
22104|0|54681|03/01/2024 15:29:13||14447|7834214352|10993977456
20673|0|24545|03/01/2024 05:58:58||48662|17041310904|17563342064
20674|0|89014|03/01/2024 05:59:42||48618|43519853320|24002383280
22241|0|22301|03/01/2024 16:23:17||11203|1201908920|1540420224
20461|0|89046|03/01/2024 04:29:18|03/01/2024 19:22:11|53573|7261059728|7367245288
22700|0|89046|03/01/2024 19:22:48||432|66081608|84081216
21104|0|5708|03/01/2024 08:50:33||38367|12272950384|17057476992
22522|0|21901|03/01/2024 18:18:36||4284|646460648|815583376
22319|0|19943|03/01/2024 16:59:13||9047|1431063256|1471810072
21105|0|56598|03/01/2024 08:53:01||38219|8982728808|12402148768
21426|0|63065|03/01/2024 10:52:23||31057|15270262360|17770561440
21443|0|6890|03/01/2024 11:09:23||30037|6423261528|7630007864
21969|0|36128|03/01/2024 14:27:03||18177|3180208408|3627275192
22399|0|91272|03/01/2024 17:29:57||7203|2825724120|3530336608
20015|0|58712|03/01/2024 01:00:03||66597|35483388848|38330449648
21203|0|51005|03/01/2024 09:35:00||35700|4819164256|5401630256
22225|0|49797|03/01/2024 16:19:24||11436|24197928112|65695778208
21903|0|63511|03/01/2024 13:57:30||19950|53882306032|119634527280
20293|0|93514|03/01/2024 03:04:35||59125|9018327424|11533999384
22574|0|93609|03/01/2024 18:35:31||3269|758327512|779246776
21040|0|61887|03/01/2024 08:26:36||39804|16046930528|21352166424
22176|0|31198|03/01/2024 15:54:03||12957|5474277304|7489186224
21519|0|82469|03/01/2024 11:32:54||28626|2300459392|2605159488
21555|0|59271|03/01/2024 11:49:45||27615|5937290784|7859451608
22575|0|72262|03/01/2024 18:36:46||3194|6273369752|13734900936
22646|0|70352|03/01/2024 19:03:38||1582|826534304|847705192
22376|0|64617|03/01/2024 17:12:20||8260|17065074584|46742332288
22647|0|91924|03/01/2024 19:08:11||1309|480110704|515647576
21717|0|58272|03/01/2024 12:49:01||24059|12163645536|13012466864
20336|0|82918|03/01/2024 03:20:01||58199|30676891376|43935878984
22289|0|92306|03/01/2024 16:47:15||9765|1189117352|1360337512
21828|0|89998|03/01/2024 13:20:12||22188|7498951816|10448889032
22624|0|42589|03/01/2024 18:52:51||2229|292347736|351219208
20360|0|55364|03/01/2024 03:35:05||57295|12152125656|17854944944
21927|0|44391|03/01/2024 14:05:16||19484|3925830616|4413312424
21187|0|58156|03/01/2024 09:25:53||36247|5780152272|8154691920
21718|0|24609|03/01/2024 12:49:58||24002|18737920712|19009202688
21204|0|23057|03/01/2024 09:39:57|03/01/2024 19:22:35|34958|9241468064|9460643712
22523|0|78811|03/01/2024 18:12:31||4649|79875696|103300016
21719|0|15233|03/01/2024 12:47:21||24159|6349670488|7773304208
20888|0|53550|03/01/2024 07:19:22||43838|4419513808|6608130544
21235|0|69279|03/01/2024 09:46:44||34996|9643825080|11574923416
21799|0|75256|03/01/2024 13:16:47||22393|10425135168|12966364344
22597|0|33334|03/01/2024 18:40:46||2954|1233838952|1701853496
22290|0|53450|03/01/2024 16:40:17||10183|865156384|1178509784
21130|0|82975|03/01/2024 09:02:12||37668|10945205520|11111790976
20814|0|61892|03/01/2024 06:45:53||45847|7772220096|8626927184
22648|0|65551|03/01/2024 19:06:06||1434|699275992|875957928
20382|0|89308|03/01/2024 03:49:30||56430|8118255752|10200608288
21882|0|67178|03/01/2024 13:40:02||20998|32589661256|93563205424
21042|0|79497|03/01/2024 08:29:16||39644|16192653560|16278630944
21520|0|12492|03/01/2024 11:30:41||28759|4348230072|6517653928
22226|0|56137|03/01/2024 16:14:15||11745|2432053976|2458927824
22050|0|61923|03/01/2024 15:00:55||16145|150074976|150083696
21062|0|26625|03/01/2024 08:32:26||39454|127432139328|363580755248
21521|0|36522|03/01/2024 11:39:32||28228|4107114016|4483913880
22598|0|52355|03/01/2024 18:42:34||2846|85410384|121097296
22177|0|69727|03/01/2024 15:56:17||12823|3737617104|4864003240
22267|0|87529|03/01/2024 16:34:52||10508|988501632|1206091128
22462|0|47096|03/01/2024 17:51:12||5928|1779612896|1969008912
19909|0|57014|03/01/2024 00:20:34||68966|227817151096|457370203816
22678|0|38509|03/01/2024 19:17:25||755|16403992|16867504
20567|0|77752|03/01/2024 05:01:29||52111|9181090888|12275345736
21523|0|52021|03/01/2024 11:34:23||28537|3711789568|5031555264
21883|0|47290|03/01/2024 13:49:08||20452|3447709704|3908416504
21491|0|25002|03/01/2024 11:26:30||29010|1870976896|2615543512
21492|0|53526|03/01/2024 11:29:25||28835|7118744880|8363171424
22556|0|91231|03/01/2024 18:24:02||3958|261458248|310693552
21205|0|54759|03/01/2024 09:35:20||35680|13212944376|16865958480
22320|0|38204|03/01/2024 16:57:35||9145|3269889016|3523720728
21884|0|89387|03/01/2024 13:47:45||20535|4724464744|5215080000
22463|0|10306|03/01/2024 17:50:07||5993|637151400|763850200
21667|0|91721|03/01/2024 12:25:47||25453|8013405048|11567752352
20361|0|24936|03/01/2024 03:32:09||57471|15474248400|22214171520
22524|0|68298|03/01/2024 18:16:09||4431|1058969896|1094823184
21402|0|25186|03/01/2024 10:44:46||31514|4929280592|6354735984
21928|0|63883|03/01/2024 14:06:22||19418|558094760|760442576
21371|0|55387|03/01/2024 10:34:41||32119|197399648|243767960
21494|0|19163|03/01/2024 11:21:22||29318|685308176|983219952
22072|0|84290|03/01/2024 15:16:54||15186|491918464|670962328
22599|0|92282|03/01/2024 18:41:36||2904|547126104|553551336
20591|0|73562|03/01/2024 05:16:33||51207|7438368160|8421488176
21465|0|35810|03/01/2024 11:12:50||29830|4639645008|6394336408
21853|0|80867|03/01/2024 13:36:09||21231|3766020784|4114375216
22576|0|66198|03/01/2024 18:37:34||3146|1922064608|2436853608
21466|0|99225|03/01/2024 11:17:53||29527|4552287040|6635430112
22377|0|57145|03/01/2024 17:14:47||8113|529986144|706571272
21467|0|39723|03/01/2024 11:16:23||29617|1311998912|1641950352
21587|0|80397|03/01/2024 11:51:59||27481|1830694096|2137537704
22154|0|99675|03/01/2024 15:43:56||13564|127478336|140088616
22625|0|31381|03/01/2024 18:56:30||2010|41133600|42919560
22440|0|35949|03/01/2024 17:42:17||6463|2007164096|2330778320
21524|0|21827|03/01/2024 11:30:35||28765|1682493976|2132149912
20463|0|41400|03/01/2024 04:24:34||54326|20580896072|26437156800
21446|0|20487|03/01/2024 11:03:08||30412|1376632816|1848341848
22557|0|51103|03/01/2024 18:25:09||3891|994694728|1322805496
22626|0|61582|03/01/2024 18:54:35||2125|2229910024|1519486696
21949|0|12816|03/01/2024 14:19:01||18659|15919431416|31497719344
20269|0|38745|03/01/2024 02:54:44||59716|27811777176|30369538872
22464|0|4662|03/01/2024 17:59:23||5437|934535344|946477944
21929|0|32328|03/01/2024 14:02:59||19621|2478348280|3131484008
21610|0|90420|03/01/2024 12:03:25||26795|3174068976|4207693416
21525|0|90370|03/01/2024 11:35:36||28464|5361604848|6163068032
22242|0|66645|03/01/2024 16:22:20||11260|1138348800|1486582864
22649|0|99132|03/01/2024 19:03:41||1579|285663848|300070584
20701|0|83926|03/01/2024 06:06:44||48196|23223294856|24635200280
22650|0|90910|03/01/2024 19:04:36||1524|652218776|801681888
21106|0|63833|03/01/2024 08:59:39||37821|130929432|185444408
22179|0|54549|03/01/2024 15:53:48||12972|3306373200|3669773112
22651|0|78575|03/01/2024 19:08:31||1289|326664832|428276848
21236|0|97084|03/01/2024 09:40:50||35350|9868611552|13896584688
22227|0|64521|03/01/2024 16:14:22||11738|4767277952|5448523832
21800|0|14982|03/01/2024 13:14:50||22510|3775502376|5112141120
22292|0|88502|03/01/2024 16:46:23||9817|40046500032|76702113080
21495|0|53116|03/01/2024 11:26:37||29003|4909397032|6959271744
21064|0|87020|03/01/2024 08:36:16||39224|4261035672|6251627504
21107|0|81151|03/01/2024 08:53:30||38190|16999116912|21388661232
21526|0|52373|03/01/2024 11:34:11||28549|28323378520|18192031896
22018|0|66185|03/01/2024 14:49:34||16826|1708015080|2014392328
22600|0|54120|03/01/2024 18:40:20||2980|1922112496|2649112008
22134|0|70222|03/01/2024 15:34:47||14113|4344272552|5211574792
20175|0|80798|03/01/2024 02:15:33||62067|15535563104|16294531032
21527|0|13029|03/01/2024 11:33:03|03/01/2024 19:29:53|28610|2561880320|3331591800
21831|0|4087|03/01/2024 13:20:25||22175|13385636216|13596986704
22321|0|44497|03/01/2024 16:52:21||9459|1978302656|2470324584
22401|0|76729|03/01/2024 17:29:21||7239|4676424|6972536
21428|0|4405|03/01/2024 10:51:15||31125|5600170552|7899608816
22558|0|67368|03/01/2024 18:28:02||3718|1487637120|2158310088
21496|0|39392|03/01/2024 11:23:33||29187|14115084664|18368437616
21832|0|4697|03/01/2024 13:26:01||21839|56309433624|135041461992
21017|0|26137|03/01/2024 08:10:44||40756|27042625168|38376103016
21373|0|77259|03/01/2024 10:30:23||32377|486028232|628487048
22497|0|76870|03/01/2024 18:03:15||5205|1059985672|1240474480
20404|0|86178|03/01/2024 03:58:22||55898|4380169384|6008639512
20968|0|89519|03/01/2024 07:58:39||41481|148863876656|298992482384
21772|0|54879|03/01/2024 13:03:16||23204|2670246360|3868292552
21374|0|10559|03/01/2024 10:30:44||32356|9270725608|10824017720
22357|0|55502|03/01/2024 17:06:01||8639|1151802120|1258603400
22627|0|98651|03/01/2024 18:54:24||2136|337669896|384825992
22269|0|97289|03/01/2024 16:33:41||10579|1682798704|2003263552
21906|0|39921|03/01/2024 13:58:28||19892|7594768584|8958547528
21256|0|9731|03/01/2024 09:58:20||34300|66857462200|164106575104
20156|0|32366|03/01/2024 02:00:34||62966|263656890704|532695487304
21854|0|60773|03/01/2024 13:31:14||21526|5980592304|7846938552
20952|0|81894|03/01/2024 07:45:29||42271|4785012560|4981066184
21613|0|10021|03/01/2024 12:01:47||26893|343971136|393529240
22498|0|13744|03/01/2024 18:05:44||5056|1764484088|2623548464
21131|0|68860|03/01/2024 09:02:41||37639|2329571992|3118630504
20466|0|86952|03/01/2024 04:27:40||54140|65034899680|36730926432
21066|0|18593|03/01/2024 08:32:24||39456|20974318152|27114639512
20862|0|60247|03/01/2024 07:00:17||44983|10907315480|12144710952
20816|0|25586|03/01/2024 06:40:31||46169|2425389328|2773816200
21908|0|45528|03/01/2024 13:57:54||19926|63228134040|132402438808
22441|0|41018|03/01/2024 17:42:49||6431|524519752|581815184
20817|0|50999|03/01/2024 06:41:23|03/01/2024 19:20:33|45550|27858711488|34570757440
22701|0|50999|03/01/2024 19:22:13||467|382124904|456186360
22206|0|48342|03/01/2024 16:01:38||12502|6782692456|7443202920
20338|0|26118|03/01/2024 03:22:27||58053|9837180720|13358821104
22525|0|12799|03/01/2024 18:15:39||4461|1109085760|1291531480
21283|0|11561|03/01/2024 10:06:15||33825|7680780144|10032598488
20467|0|66920|03/01/2024 04:21:43||54497|17967647032|21466728928
22465|0|58938|03/01/2024 17:50:10||5990|620453360|852603232
22652|0|16861|03/01/2024 19:04:55||1505|85401328|112918664
22526|0|92612|03/01/2024 18:10:21||4779|13247286216|31915917552
21347|0|28556|03/01/2024 10:20:27||32973|9349450288|12016731992
22322|0|68623|03/01/2024 16:52:28||9452|7912495576|8277674504
21833|0|22149|03/01/2024 13:26:59||21781|10136638640|11525840056
22422|0|5632|03/01/2024 17:35:41||6859|2101410488|2571218152
21429|0|93398|03/01/2024 10:52:05||31075|12841550768|15713712232
22628|0|6953|03/01/2024 18:51:47||2293|413381096|551782104
20494|0|71600|03/01/2024 04:35:55||53645|9981227400|10797320128
22180|0|18673|03/01/2024 15:51:28||13112|4312246584|5592095024
22073|0|21544|03/01/2024 15:19:47||15013|4617572040|4991422016
22466|0|18513|03/01/2024 17:51:02||5938|2886701232|3825534840
21558|0|19065|03/01/2024 11:40:21||28179|4791449024|5709001136
22270|0|78455|03/01/2024 16:31:48||10692|5624183120|6484745392
22207|0|51972|03/01/2024 16:02:31||12449|3361871624|4853555880
21801|0|70264|03/01/2024 13:10:34||22766|8628768744|11877294720
22527|0|54035|03/01/2024 18:12:25||4655|115688256|138823008
22358|0|90216|03/01/2024 17:07:17||8563|471562640|487728136
21238|0|37232|03/01/2024 09:43:45||35175|7030860616|8358959728
21930|0|50119|03/01/2024 14:00:07||19793|15579172328|23281234600
21615|0|71826|03/01/2024 12:05:30||26670|3017891720|3086861624
22181|0|54072|03/01/2024 15:55:15||12885|2233753896|3036425416
22041|0|20461|03/01/2024 14:53:11||16609|1462063440|1651528168
22528|0|86957|03/01/2024 18:12:16||4664|150833136|207782072
22208|0|99817|03/01/2024 16:07:03|03/01/2024 19:25:04|11881|20136777968|42754884200
22271|0|84557|03/01/2024 16:39:30||10230|32739325992|62964168552
22106|0|12099|03/01/2024 15:22:19||14861|831379224|951295408
20593|0|13481|03/01/2024 05:10:22||51578|21517338424|24354394392
21931|0|6918|03/01/2024 14:01:31||19709|7247321576|7330352768
21018|0|60391|03/01/2024 08:18:02||40318|10910056888|16262287696
22135|0|76396|03/01/2024 15:30:49||14351|5457150576|7280812448
21498|0|78294|03/01/2024 11:21:28||29312|22698276848|25359727704
22499|0|87788|03/01/2024 18:02:30||5250|656635904|659017520
21773|0|11392|03/01/2024 13:09:00||22860|13817259232|20596252672
21468|0|75110|03/01/2024 11:13:52||29768|11158766336|15517688088
22378|0|17555|03/01/2024 17:10:06||8394|109133320|116254704
22107|0|8691|03/01/2024 15:25:49||14651|769548728|1125365536
20363|0|99765|03/01/2024 03:38:26||57094|6453253984|8839965464
21932|0|17646|03/01/2024 14:01:35||19705|3672508696|5397459168
22402|0|7936|03/01/2024 17:25:33||7467|2092264504|3017261768
21802|0|91770|03/01/2024 13:13:49||22571|4894013352|6819128200
21695|0|45641|03/01/2024 12:38:14||24706|11719886304|12680709992
21774|0|72276|03/01/2024 13:08:20||22900|2642220392|3873409496
21834|0|50217|03/01/2024 13:23:41||21979|8019614352|9867344072
22209|0|53565|03/01/2024 16:07:36||12144|3175522440|4570104568
21559|0|24620|03/01/2024 11:40:11||28189|3930605040|5305296840
21403|0|31714|03/01/2024 10:40:04||31796|261166320|264788024
20969|0|87989|03/01/2024 07:50:02||41998|10060194416|12259189856
22379|0|32356|03/01/2024 17:19:07||7853|2439871568|2473933240
21350|0|73038|03/01/2024 10:29:24||32436|2772757896|3380029640
22403|0|78053|03/01/2024 17:21:27||7713|100749672|141158896
21529|0|10022|03/01/2024 11:38:15||28305|3685822896|4552744816
21803|0|33659|03/01/2024 13:13:34||22586|2217364224|2776655944
21721|0|44151|03/01/2024 12:45:07||24293|8120486840|9226912984
22051|0|81175|03/01/2024 15:05:54||15846|1224807608|1678968072
21319|0|61780|03/01/2024 10:16:22||33218|7644218248|9535848656
21642|0|65242|03/01/2024 12:18:18||25902|2991430664|3801554136
22404|0|7181|03/01/2024 17:29:34||7226|355892440|439303104
21209|0|28979|03/01/2024 09:31:23||35917|3958162680|5755128344
21044|0|59285|03/01/2024 08:22:53||40027|7496776688|8935836264
20970|0|40452|03/01/2024 07:54:48||41712|66618048256|186756870768
21404|0|68529|03/01/2024 10:45:39||31461|18942462664|27364077424
21469|0|11094|03/01/2024 11:12:44||29836|8768897136|10746888816
22272|0|20948|03/01/2024 16:39:38||10222|2794832272|3672883088
22293|0|95443|03/01/2024 16:40:53||10147|470240024|472665120
22182|0|95063|03/01/2024 15:55:11||12889|3749417344|3946832280
21258|0|89326|03/01/2024 09:53:03|03/01/2024 19:24:36|34293|6460010320|7486264992
22702|0|89326|03/01/2024 19:25:06||294|90911040|130253512
21589|0|35844|03/01/2024 11:56:07||27233|6490040928|7631352320
21804|0|34867|03/01/2024 13:12:33||22647|386536104|469301432
22244|0|40236|03/01/2024 16:27:34||10946|9678950600|7279026272
22442|0|36211|03/01/2024 17:41:00||6540|367602056|386689024
22074|0|72885|03/01/2024 15:14:42||15318|4639324544|6530667152
21910|0|95626|03/01/2024 13:56:11||20029|1665279112|2068299328
22679|0|96899|03/01/2024 19:17:11||769|2188280|2279392
22273|0|44332|03/01/2024 16:37:34||10346|1765021384|1972357048
22577|0|50061|03/01/2024 18:31:28||3512|396372664|550272080
22653|0|36650|03/01/2024 19:05:15||1485|126226480|154035208
20425|0|30183|03/01/2024 04:09:28||55232|23856667312|25966777416
21775|0|55562|03/01/2024 13:04:42||23118|1420866296|1640385072
20704|0|97644|03/01/2024 06:05:39||48261|14259994288|17405867256
22680|0|66446|03/01/2024 19:13:21||999|78830312|81056024
22443|0|45519|03/01/2024 17:49:18||6042|1299240216|1617305472
22467|0|9390|03/01/2024 17:54:23||5737|696885664|768866688
22323|0|95175|03/01/2024 16:56:48||9192|2558707168|3609077872
22405|0|86299|03/01/2024 17:25:52||7448|593896184|775164272
22042|0|19965|03/01/2024 14:53:11||16609|1777211856|2134700960
21021|0|36373|03/01/2024 08:18:20||40300|9454706960|10524310216
21320|0|98472|03/01/2024 10:13:51||33369|10274429080|11995264376
22578|0|68194|03/01/2024 18:30:03||3597|462576824|564615584
22529|0|76698|03/01/2024 18:13:04||4616|488396792|650454520
20274|0|40634|03/01/2024 02:54:28||59732|770384120|1153088760
22601|0|75357|03/01/2024 18:46:39||2601|1624553304|1869474952
22245|0|47910|03/01/2024 16:23:11||11209|1360800064|2039316808
21022|0|3957|03/01/2024 08:17:58|03/01/2024 19:24:43|40005|6570002816|7383443008
22703|0|3957|03/01/2024 19:25:40||260|8126704|11410280
21835|0|35063|03/01/2024 13:27:53||21727|45551252632|134049159168
22075|0|14250|03/01/2024 15:16:32||15208|3451978352|4336983632
20971|0|44695|03/01/2024 07:56:34||41606|11128652960|11139957856
21470|0|13619|03/01/2024 11:16:11||29629|1525736432|2176668408
22681|0|24829|03/01/2024 19:19:59||601|8359328|11417848
21321|0|19394|03/01/2024 10:19:46||33014|76049988304|191894186920
22629|0|79473|03/01/2024 18:56:03||2037|421736768|542439552
22500|0|16663|03/01/2024 18:08:17||4903|1295309912|1351081432
22579|0|82477|03/01/2024 18:35:57||3243|1779597784|3617281544
22501|0|31666|03/01/2024 18:05:14||5086|290747800|362317064
21855|0|56510|03/01/2024 13:39:45||21015|14398694256|18848718328
20912|0|45148|03/01/2024 07:27:31||43349|13068334816|15205673144
21499|0|61954|03/01/2024 11:24:52||29108|2208874288|2750299640
20972|0|82075|03/01/2024 07:59:21||41439|80120275280|208662257912
22654|0|20792|03/01/2024 19:04:25||1535|255609264|691566552
20733|0|26500|03/01/2024 06:19:22||47438|12706918568|14887964440
20275|0|96779|03/01/2024 02:50:15||59985|4200453960|6067875944
20543|0|77834|03/01/2024 04:56:16||52424|4368536624|6282150720
21068|0|82781|03/01/2024 08:30:07||39593|9031848744|10604757664
21590|0|81917|03/01/2024 11:59:47||27013|1341508688|1400324648
21322|0|55293|03/01/2024 10:15:28||33272|5939682568|6896003400
22108|0|35946|03/01/2024 15:28:32||14488|2438981760|3089763712
22602|0|66793|03/01/2024 18:46:18||2622|1667544936|1864186120
21406|0|58035|03/01/2024 10:41:11||31729|2767029144|3068998408
21210|0|48275|03/01/2024 09:30:20||35980|1446403112|1919435856
22360|0|11466|03/01/2024 17:06:58||8582|590818424|637476688
22502|0|11799|03/01/2024 18:02:07||5273|373199632|393028280
22630|0|99822|03/01/2024 18:54:41||2119|787529416|974696096
21911|0|12070|03/01/2024 13:58:46||19874|8652661344|12622781056
22559|0|91531|03/01/2024 18:29:22||3638|141213192|169768048
21836|0|10079|03/01/2024 13:29:40||21620|42179396216|78365855864
22183|0|93368|03/01/2024 15:55:53||12847|11677376304|14759325496
21108|0|42501|03/01/2024 08:54:29||38131|1212843136|1409475400
22603|0|83317|03/01/2024 18:49:17||2443|250557672|339553680
21447|0|24196|03/01/2024 11:02:21||30459|64037649528|163669246168
21109|0|95722|03/01/2024 08:52:30||38250|3488321536|5108309304
20998|0|18382|03/01/2024 08:06:58||40982|16405063712|20435599016
22580|0|19747|03/01/2024 18:39:37||3023|273130760|298727752
22361|0|14486|03/01/2024 17:07:25||8555|1863035880|2253464864
21561|0|22037|03/01/2024 11:40:55||28145|1848850680|2620253008
22294|0|54254|03/01/2024 16:40:00||10200|2349662368|3050792816
21352|0|68378|03/01/2024 10:26:20||32620|4174870608|4330051888
20245|0|86647|03/01/2024 02:40:13||60587|16385061880|16525436232
21240|0|76334|03/01/2024 09:49:56||34804|13103965064|13346360992
21805|0|89993|03/01/2024 13:11:47||22693|10593078592|10926831600
22210|0|30801|03/01/2024 16:00:53||12547|9773614184|9799374736
21287|0|18827|03/01/2024 10:06:35||33805|1171234512|1726330376
22052|0|93551|03/01/2024 15:06:40||15800|4179564336|4795950216
21806|0|69962|03/01/2024 13:11:05||22735|2346527384|2882936432
21950|0|96638|03/01/2024 14:19:31||18629|4389570272|6148593544
21500|0|34171|03/01/2024 11:24:48||29112|2762105872|3328321480
21377|0|70987|03/01/2024 10:32:10||32270|645153832|841933552
21562|0|80671|03/01/2024 11:48:23||27697|6858309976|7330002632
21161|0|78501|03/01/2024 09:17:40||36740|654810336|967672296
22043|0|79133|03/01/2024 14:54:51||16509|512275056|724649352
21669|0|7346|03/01/2024 12:28:29||25291|1604225920|2369559800
21162|0|23643|03/01/2024 09:16:28||36812|1704897136|2170467576
22682|0|10159|03/01/2024 19:17:50||730|705003712|805239856
22184|0|99367|03/01/2024 15:50:17||13183|3838808192|4111385360
21951|0|77547|03/01/2024 14:18:13||18707|2210152264|2861195136
20954|0|84629|03/01/2024 07:42:52||42428|5724342984|7204106288
22019|0|24235|03/01/2024 14:43:46||17174|318795024|400885736
20469|0|43936|03/01/2024 04:20:19||54581|14836274544|17048827992
22044|0|97014|03/01/2024 14:56:18||16422|43446282152|85645082440
20496|0|36534|03/01/2024 04:38:07||53513|15924845336|23155427992
21697|0|62232|03/01/2024 12:39:59||24601|8211389760|8411499184
22274|0|32359|03/01/2024 16:38:37||10283|3022691120|3959473744
20406|0|46049|03/01/2024 03:52:12||56268|19828765912|23957671536
22423|0|99338|03/01/2024 17:33:15||7005|1687141080|1730225592
21378|0|6168|03/01/2024 10:37:08||31972|11442401576|12831773120
22380|0|64565|03/01/2024 17:12:30||8250|1391434480|1731966424
22155|0|34436|03/01/2024 15:43:33||13587|4668673408|5424531080
21591|0|94877|03/01/2024 11:57:21||27159|793814984|950287056
21471|0|8845|03/01/2024 11:10:43||29957|4855836208|4855877416
21530|0|81330|03/01/2024 11:35:10||28490|2750956576|2861507536
22444|0|57313|03/01/2024 17:43:03||6417|3974601736|4853636024
21045|0|87765|03/01/2024 08:23:35||39985|2796639992|3202723568
22295|0|55345|03/01/2024 16:46:22||9818|937105560|1013791040
22296|0|71414|03/01/2024 16:48:48||9672|3302965968|3787293608
21241|0|37807|03/01/2024 09:48:58||34862|7054191744|8207109240
22136|0|76454|03/01/2024 15:39:04||13856|3578151520|3708057472
22530|0|33345|03/01/2024 18:15:23||4477|2036307280|2332516376
21472|0|62621|03/01/2024 11:16:44||29596|3186763112|4479982920
22468|0|94231|03/01/2024 17:59:04||5456|1050595224|1473930688
22229|0|97245|03/01/2024 16:19:47||11413|2070556280|2720121768
21616|0|66723|03/01/2024 12:01:22||26918|3843987320|4572460080
21856|0|99013|03/01/2024 13:36:41||21199|6370415872|8801191936
21189|0|33117|03/01/2024 09:27:12||36168|732656440|775367344
22156|0|92522|03/01/2024 15:41:02||13738|22582913520|42431747608
21354|0|60261|03/01/2024 10:23:44||32776|7338897344|10370574816
20930|0|39694|03/01/2024 07:34:16||42944|6278028856|7745255880
22424|0|32313|03/01/2024 17:34:26||6934|2723345560|3328983424
22230|0|81845|03/01/2024 16:13:31||11789|2771945200|3965462648
22560|0|28726|03/01/2024 18:25:35||3865|551082920|729998888
22020|0|66807|03/01/2024 14:45:52||17048|789329216|1095996856
20759|0|51683|03/01/2024 06:22:23||47257|588492928|600682056
21912|0|33192|03/01/2024 13:51:49||20291|2855565408|2938336592
22704|0|96840|03/01/2024 19:21:01||539|30591016|33526080
22705|0|76706|03/01/2024 19:27:17||163|3683032|4816616
22076|0|66039|03/01/2024 15:14:31|03/01/2024 19:28:21|15230|2216252232|2853200672
22469|0|22415|03/01/2024 17:55:27||5673|1087693896|1542209808
21563|0|27750|03/01/2024 11:49:33||27627|14591467408|16406715264
22604|0|79232|03/01/2024 18:43:49||2771|2051760432|2289673392
21933|0|57831|03/01/2024 14:07:39||19341|6079061040|7263461752
22381|0|25961|03/01/2024 17:19:25||7835|694026128|696629632
21592|0|64351|03/01/2024 11:53:09||27411|9520250808|12886778816
20734|0|16845|03/01/2024 06:15:04||47696|5173453104|6089505328
21671|0|35133|03/01/2024 12:27:10||25370|955753168|1056274264
22137|0|81922|03/01/2024 15:39:26||13834|2934403568|3609871640
21111|0|35026|03/01/2024 08:59:08||37852|4218757848|4703065544
22605|0|78649|03/01/2024 18:41:28||2912|1382692016|2055320816
22324|0|72116|03/01/2024 16:59:28||9032|2469278128|3430750056
21617|0|34410|03/01/2024 12:06:07||26633|3345512488|4581440416
22138|0|90329|03/01/2024 15:36:12||14028|21685964592|40859882520
22425|0|8680|03/01/2024 17:36:09||6831|13058226744|33487236200
21885|0|26103|03/01/2024 13:41:31||20909|5790735664|7360906128
20913|0|96489|03/01/2024 07:27:21||43359|72873401264|207089067792
20548|0|65965|03/01/2024 04:54:54|03/01/2024 19:25:46|52252|3167611984|3434960144
22706|0|65965|03/01/2024 19:26:55||185|10861424|13831808
21190|0|80075|03/01/2024 09:27:55||36125|3399490648|4473946896
22445|0|23556|03/01/2024 17:40:48||6552|16493000504|38477028656
22503|0|32944|03/01/2024 18:08:50|03/01/2024 19:29:39|4849|1435683816|1949608672
22446|0|12623|03/01/2024 17:44:44||6316|380796256|510045048
22185|0|32980|03/01/2024 15:59:14||12646|12797668760|37578790624
21046|0|75783|03/01/2024 08:20:29||40171|14957433464|17794105512
22470|0|70958|03/01/2024 17:52:02||5878|511960024|682570104
22471|0|48473|03/01/2024 17:51:43||5897|2690063192|3453368016
20426|0|50353|03/01/2024 04:05:42||55458|10348448632|14222078696
21112|0|9141|03/01/2024 08:52:18||38262|7908296664|10305192712
21646|0|68727|03/01/2024 12:15:07||26093|2012140936|2573114032
20248|0|14576|03/01/2024 02:48:28||60092|28650163320|34878663400
21618|0|94454|03/01/2024 12:05:16||26684|3364276520|3776727168
22325|0|60954|03/01/2024 16:57:06||9174|973981680|1238169040
22683|0|98606|03/01/2024 19:10:51||1149|500169264|599829720
21324|0|41412|03/01/2024 10:11:30||33510|2099181912|2247172600
20498|0|6895|03/01/2024 04:30:09||53991|19417618568|26031772296
21564|0|77887|03/01/2024 11:49:37||27623|5145353120|5592586104
20615|0|95545|03/01/2024 05:21:27||50913|34867978992|35716340752
22531|0|8196|03/01/2024 18:16:49||4391|893642896|964280808
22561|0|24285|03/01/2024 18:20:18||4182|12450018712|27636701120
20999|0|68801|03/01/2024 08:09:32||40828|7527609544|7550936696
22247|0|52231|03/01/2024 16:25:36||11064|5154444488|5522521600
22139|0|33277|03/01/2024 15:38:15||13905|1817990560|2701537248
22109|0|91980|03/01/2024 15:24:02||14758|6686207352|7722298192
19836|0|64022|02/01/2024 23:57:26|03/01/2024 19:28:35|70269|30747108992|38304443888
22707|0|64022|03/01/2024 19:29:32||28|9052552|10207968
22248|0|35718|03/01/2024 16:27:44||10936|1006082344|1171699472
21502|0|20749|03/01/2024 11:24:47||29113|4735397704|6309978240
21380|0|94257|03/01/2024 10:38:53||31867|28041316096|34791211592
21935|0|70269|03/01/2024 14:03:34||19586|1330756440|1604185704
21744|0|83607|03/01/2024 12:51:24||23916|5539534608|6800927640
22110|0|74236|03/01/2024 15:25:17||14683|4214660952|6157639776
21136|0|68955|03/01/2024 09:00:32||37768|2193624336|2806780416
21565|0|25429|03/01/2024 11:47:59||27721|7145330168|19688108352
22053|0|44559|03/01/2024 15:07:09||15771|2765431024|2842510264
22504|0|49018|03/01/2024 18:07:21||4959|1106744936|1594423736
20679|0|33950|03/01/2024 05:51:04||49136|12411915744|14862721656
22157|0|5229|03/01/2024 15:48:57||13263|3636026408|4317828160
21191|0|53244|03/01/2024 09:27:51||36129|8601846088|12441553400
21325|0|58268|03/01/2024 10:14:13||33347|3334700352|3963902328
21566|0|74855|03/01/2024 11:47:32||27748|19477163832|54433206752
21407|0|61870|03/01/2024 10:49:01||31259|7474975392|8540359392
21137|0|9124|03/01/2024 09:06:58||37382|2430780584|3234026168
21808|0|59942|03/01/2024 13:14:16||22544|7352464136|9635363408
20407|0|31921|03/01/2024 03:52:00||56280|11411348768|12944135080
20250|0|79793|03/01/2024 02:49:14||60046|36166377952|95403807520
21047|0|38179|03/01/2024 08:24:15||39945|58228839040|150941849120
21858|0|26034|03/01/2024 13:38:47||21073|3664859496|4540164032
21048|0|11122|03/01/2024 08:21:37|03/01/2024 19:24:06|39749|5436140008|6323379136
22655|0|78438|03/01/2024 19:05:54||1446|454254072|545644080
21672|0|73115|03/01/2024 12:29:26||25234|70554483848|161781014264
21970|0|84206|03/01/2024 14:25:48||18252|10096267800|10761857424
21971|0|85153|03/01/2024 14:23:14||18406|76744475552|204425023832
21049|0|60833|03/01/2024 08:26:49||39791|24452852056|32632691544
21072|0|7960|03/01/2024 08:35:13||39287|15033997568|21682391760
22077|0|62179|03/01/2024 15:15:12||15288|77669536|114122552
22606|0|36055|03/01/2024 18:45:34||2666|1689484552|2007982528
22447|0|99107|03/01/2024 17:42:15||6465|613124344|890580992
22562|0|31918|03/01/2024 18:25:22||3878|894541728|1146598240
22631|0|13249|03/01/2024 18:53:08||2212|33690256|41342696
22382|0|4620|03/01/2024 17:12:55||8225|11326368336|7958743592
20707|0|56301|03/01/2024 06:00:45||48555|1597323368|1691457208
22326|0|97719|03/01/2024 16:51:28||9512|4060566792|4526083656
22297|0|6702|03/01/2024 16:49:30||9630|4230482328|4871884312
22383|0|77642|03/01/2024 17:14:54||8106|11639206888|6456305400
21448|0|15748|03/01/2024 11:06:30||30210|21692836712|16908419040
20477|0|82971|03/01/2024 04:28:55||54065|114952726664|288926906512
21700|0|21019|03/01/2024 12:36:41||24799|374599608|478632696
22581|0|29612|03/01/2024 18:34:53||3307|437144256|643992616
19993|0|37027|03/01/2024 00:54:10|03/01/2024 19:26:26|66736|7414083544|7921323240
22708|0|37027|03/01/2024 19:27:35||145|2342656|3397856
21745|0|13573|03/01/2024 12:59:05||23455|1209797008|1242095968
21165|0|52834|03/01/2024 09:15:35||36865|1780574424|2041932800
22111|0|13064|03/01/2024 15:28:31||14489|1481054592|1532502608
21166|0|68749|03/01/2024 09:15:20||36880|639294560|741399640
21674|0|34153|03/01/2024 12:29:40||25220|4606758168|6486345008
21619|0|78282|03/01/2024 12:04:11||26749|4814245416|5779773040
20797|0|50750|03/01/2024 06:38:27||46293|15094344504|16411169120
21746|0|16280|03/01/2024 12:58:27||23493|7633399952|9230641440
21747|0|18658|03/01/2024 12:56:05||23635|4014287456|5039309304
20410|0|40171|03/01/2024 03:55:05||56095|2905123528|3025632968
22656|0|6116|03/01/2024 19:08:25||1295|2108765192|4456784328
22632|0|44902|03/01/2024 18:56:08||2032|7990512264|17853437328
20181|0|88558|03/01/2024 02:17:08||61972|23281424336|27513475672
21381|0|81508|03/01/2024 10:33:59||32161|194098852104|455276174256
21837|0|49181|03/01/2024 13:24:42||21918|1253882152|1345479392
22563|0|16510|03/01/2024 18:26:21||3819|190330328|228758984
22684|0|35214|03/01/2024 19:10:59||1141|1919376168|5286851728
22021|0|36487|03/01/2024 14:43:31||17189|2881819456|4114687664
22582|0|66957|03/01/2024 18:33:10||3410|451726368|654217792
21089|0|10330|03/01/2024 08:49:22||38438|1009800032|1435993064
21408|0|79624|03/01/2024 10:44:32||31528|9531360128|13238314264
22583|0|42719|03/01/2024 18:30:26||3574|1654768440|1890467528
21647|0|26163|03/01/2024 12:16:57||25983|1329915288|1710481520
22657|0|92645|03/01/2024 19:08:59||1261|1590852040|3840246760
21242|0|12085|03/01/2024 09:46:10||35030|2232032536|2967825128
22406|0|38527|03/01/2024 17:23:52||7568|14471780664|27871700600
21994|0|31268|03/01/2024 14:32:26||17854|2720903048|2765577688
20411|0|46835|03/01/2024 03:50:28||56372|4545605008|6301338656
21260|0|61372|03/01/2024 09:54:20||34540|3952151912|5717839568
22112|0|77953|03/01/2024 15:24:11||14749|29520271872|65485917952
21533|0|46653|03/01/2024 11:30:34||28766|6667521136|7377011616
21356|0|17802|03/01/2024 10:21:45||32895|3741726520|3834048776
21648|0|24748|03/01/2024 12:16:14||26026|53307089072|113458689920
21675|0|53567|03/01/2024 12:20:19||25781|3634910448|3814473104
22426|0|73152|03/01/2024 17:37:30||6750|2265031928|2515300592
22022|0|6144|03/01/2024 14:48:25||16895|1481533448|2215398088
22275|0|96200|03/01/2024 16:32:07||10673|629126024|730738832
20573|0|33515|03/01/2024 05:06:26||51814|4376098432|5662624112
22658|0|92449|03/01/2024 19:06:26||1414|193416912|269539784
22362|0|67715|03/01/2024 17:06:13||8627|575927456|777180336
22078|0|74606|03/01/2024 15:14:17||15343|255377480|327060168
21777|0|99981|03/01/2024 13:07:57||22923|6434257032|6851610736
21382|0|6993|03/01/2024 10:31:27||32313|10441356688|11636954544
22584|0|83555|03/01/2024 18:34:58||3302|107125976|159500368
20680|0|74015|03/01/2024 05:59:38||48622|3802154456|3943930880
20893|0|78954|03/01/2024 07:15:57||44043|6734702336|6972286704
21432|0|86831|03/01/2024 10:59:41||30619|14325260128|16825595712
21749|0|16612|03/01/2024 12:59:41||23419|9931313472|10913859992
21859|0|74187|03/01/2024 13:37:24||21156|271358472|368883680
21886|0|66099|03/01/2024 13:42:57||20823|3292916848|3800764440
22079|0|78514|03/01/2024 15:15:46||15254|1757439464|1945889496
21701|0|45128|03/01/2024 12:35:35||24865|9262979936|10969308640
21838|0|63120|03/01/2024 13:22:47||22033|4260657536|4914666728
21534|0|32470|03/01/2024 11:39:44||28216|18476946424|19535275512
22659|0|60921|03/01/2024 19:07:24||1356|58839592|87650664
20708|0|18073|03/01/2024 06:02:21||48459|60309847184|132071457296
21750|0|36837|03/01/2024 12:53:05||23815|1456418088|2035834216
21809|0|86624|03/01/2024 13:17:26||22354|17341480272|21005168912
22080|0|66917|03/01/2024 15:15:50||15250|2266432192|3252968128
21620|0|89198|03/01/2024 12:02:35||26845|8898714592|10064116944
21722|0|53860|03/01/2024 12:46:39||24201|7467368752|9530544800
21211|0|71602|03/01/2024 09:32:00||35880|2851665312|2859786912
22427|0|85680|03/01/2024 17:33:10||7010|14580357976|30875967968
21261|0|26181|03/01/2024 09:53:31||34589|2889375552|3694132616
22472|0|34464|03/01/2024 17:55:56||5644|13699973144|28670960968
21778|0|13040|03/01/2024 13:03:06||23214|39316594520|82405779672
21810|0|3946|03/01/2024 13:13:32||22588|5590278928|5788634544
21936|0|20821|03/01/2024 14:04:09||19551|1815660560|2369305392
21357|0|79889|03/01/2024 10:22:06||32874|27255762168|27440682440
22564|0|50814|03/01/2024 18:27:30||3750|1486038752|1717990712
22448|0|45977|03/01/2024 17:42:33||6447|601872952|895964888
20301|0|27721|03/01/2024 03:06:13||59027|7634088416|8415725824
22081|0|47736|03/01/2024 15:12:38||15442|61926289648|116800047720
22607|0|5765|03/01/2024 18:44:45||2715|1324401360|1858708544
22685|0|86538|03/01/2024 19:13:05||1015|3073648|3674600
22505|0|19910|03/01/2024 18:00:09||5391|1643128560|2251550168
21503|0|85717|03/01/2024 11:24:32||29128|5317600808|6291589984
20521|0|51345|03/01/2024 04:46:48||52992|201399971960|421611127992
21213|0|93153|03/01/2024 09:39:36||35424|10136897064|10821011616
22585|0|79354|03/01/2024 18:38:40||3080|452630696|650635344
21593|0|79205|03/01/2024 11:53:39||27381|3080744224|4526083192
22449|0|58580|03/01/2024 17:41:47||6493|1432636320|1631159536
21358|0|28160|03/01/2024 10:23:01||32819|6787053784|9755110320
20798|0|94374|03/01/2024 06:39:56||46204|649756096|768059984
22328|0|43064|03/01/2024 16:58:49||9071|156442392|214962848
22608|0|55218|03/01/2024 18:41:53||2887|5269950912|13697224680
21433|0|13858|03/01/2024 10:58:54||30666|4193411320|5050006952
20975|0|47451|03/01/2024 07:58:43||41477|302831504|374889536
21839|0|6009|03/01/2024 13:21:28||22112|6308610456|7591778000
21327|0|20316|03/01/2024 10:19:41||33019|11660406440|13861068200
21450|0|13155|03/01/2024 11:08:38||30082|3626257952|4140660104
21649|0|41686|03/01/2024 12:14:32||26128|10870060960|10989536544
20931|0|43871|03/01/2024 07:36:44||42796|5552834224|6545183152
20574|0|73860|03/01/2024 05:07:06||51774|12377731744|14010314712
22023|0|90343|03/01/2024 14:41:29||17311|817689096|1191232720
21953|0|75227|03/01/2024 14:14:02||18958|27089480|30191424
21192|0|91648|03/01/2024 09:25:28||36272|3540413912|4448603184
22473|0|16244|03/01/2024 17:58:01||5519|3241756400|3269503568
22686|0|74253|03/01/2024 19:13:58||962|95753656|137846744
21779|0|70904|03/01/2024 13:06:37||23003|6059226640|6214228072
21475|0|89944|03/01/2024 11:16:03||29637|11789422632|13666688384
20764|0|70346|03/01/2024 06:20:26||47374|4317397720|4371998496
22660|0|74426|03/01/2024 19:09:56||1204|56973144|58098760
20182|0|9648|03/01/2024 02:14:42||62118|21780795816|25110118232
22054|0|84422|03/01/2024 15:00:19||16181|6445088416|6968906192
22363|0|36839|03/01/2024 17:03:47||8773|173102072|231083512
22450|0|43395|03/01/2024 17:44:41||6319|304616880|435640200
22329|0|56614|03/01/2024 16:52:57||9423|3707414768|4469706456
22661|0|29032|03/01/2024 19:03:27||1593|352088112|469869008
21570|0|50580|03/01/2024 11:46:59||27781|3397508744|4513652760
22158|0|29286|03/01/2024 15:45:22||13478|2227655568|2312504080
21594|0|87745|03/01/2024 11:58:34||27086|78729401240|163843150704
20110|0|72445|03/01/2024 01:42:46||64034|4774198576|5711914584
20737|0|57805|03/01/2024 06:18:39||47481|1153041472|1569216344
21972|0|52866|03/01/2024 14:28:04||18116|522171976|571838720
22586|0|98961|03/01/2024 18:32:30||3450|1445185936|1885000040
20914|0|77390|03/01/2024 07:26:55||43385|10118959000|14603062880
22330|0|97647|03/01/2024 16:57:14||9166|22562723624|43892414464
22609|0|72368|03/01/2024 18:49:51||2409|1698329360|2292469648
22429|0|9063|03/01/2024 17:37:02||6778|17168122288|42743137960
21913|0|26265|03/01/2024 13:59:07||19853|4110984616|5771655112
21451|0|43118|03/01/2024 11:01:14||30526|30882957552|90338053680
21887|0|54206|03/01/2024 13:42:57||20823|47584899560|95114096896
20236|0|87711|03/01/2024 02:37:10||60770|18099485872|19678494136
21328|0|74720|03/01/2024 10:15:21||33279|13503799648|15530763920
21572|0|8989|03/01/2024 11:48:57||27663|1594392072|1747384080
21888|0|29622|03/01/2024 13:45:34||20666|18796534336|44644451816
21861|0|79158|03/01/2024 13:35:42||21258|6503376704|9733504928
22331|0|30036|03/01/2024 16:56:04||9236|2340661720|2751882368
21780|0|69277|03/01/2024 13:09:42||22818|8854900552|9688809240
22633|0|36269|03/01/2024 18:55:11||2089|2297362360|5754034256
21702|0|33181|03/01/2024 12:34:11||24949|2984915272|4473986320
20575|0|78865|03/01/2024 05:05:39||51861|28148426896|38729323064
21168|0|88578|03/01/2024 09:15:20||36880|3369739504|4360730144
22140|0|36684|03/01/2024 15:38:31||13889|8218663984|9273273528
21840|0|59349|03/01/2024 13:21:34||22106|5766534856|7906420376
21889|0|7740|03/01/2024 13:47:41||20539|5972389912|8577695712
20204|0|69934|03/01/2024 02:29:10||61250|9293098280|10919492400
20022|0|95245|03/01/2024 01:09:56||66004|64439001056|168177990280
20865|0|87562|03/01/2024 07:05:07|03/01/2024 19:22:58|44271|7108275608|7260255104
22634|0|32447|03/01/2024 18:52:31||2249|5583405432|11321990976
20280|0|89271|03/01/2024 02:56:19||59621|21708386384|22633112856
22055|0|25510|03/01/2024 15:08:34||15686|2528978048|3394806176
22662|0|44473|03/01/2024 19:06:27||1413|260069144|370764528
22532|0|24096|03/01/2024 18:12:20||4660|13544086824|26167092104
22211|0|81191|03/01/2024 16:02:46||12434|9466839760|10156605616
22142|0|22160|03/01/2024 15:39:32||13828|7149875944|7794439848
21411|0|98931|03/01/2024 10:47:09||31371|1156932112|1186488776
22474|0|12086|03/01/2024 17:50:18||5982|127993088|165888496
21477|0|6889|03/01/2024 11:11:43||29897|13970778384|18910054064
20848|0|48626|03/01/2024 06:57:55||45125|115901329416|236063522904
22231|0|5554|03/01/2024 16:13:09||11811|1021114008|1203029896
22024|0|12514|03/01/2024 14:40:02||17398|1526568488|1624681368
21954|0|71332|03/01/2024 14:12:24||19056|33497867120|67562274248
21504|0|70438|03/01/2024 11:26:36||29004|9104811280|9765965792
22533|0|23244|03/01/2024 18:14:01||4559|15137951144|34775194976
21811|0|21659|03/01/2024 13:12:37||22643|1030811264|1082820096
21862|0|55659|03/01/2024 13:33:42||21378|478630392|543682328
21290|0|63399|03/01/2024 10:01:58||34082|4156069048|5950700624
21996|0|15875|03/01/2024 14:39:10||17450|523352656|715285496
22025|0|16246|03/01/2024 14:41:30||17310|1362848592|2020165136
22298|0|65268|03/01/2024 16:42:18||10062|2797677432|3154510552
20956|0|25336|03/01/2024 07:41:47||42493|12294648920|12702749696
22475|0|74245|03/01/2024 17:54:55||5705|522794488|746738992
22056|0|73330|03/01/2024 15:05:55||15845|1878765464|1956625680
22635|0|86773|03/01/2024 18:50:11||2389|308085104|407565976
21385|0|22215|03/01/2024 10:30:32||32368|6176469264|8687920368
20849|0|36740|03/01/2024 06:52:20||45460|7742208152|10961269896
22407|0|19323|03/01/2024 17:25:16||7484|339408824|503369208
21863|0|77387|03/01/2024 13:36:05||21235|384629136|435141816
20442|0|53716|03/01/2024 04:10:54||55146|14764602768|16423359264
22587|0|31406|03/01/2024 18:34:51||3309|2026601648|2220430872
21864|0|15403|03/01/2024 13:39:03||21057|1091714776|1462490888
22187|0|76199|03/01/2024 15:50:16||13184|31337095256|75017450624
21937|0|31306|03/01/2024 14:08:52||19268|1181135352|1485096672
21359|0|84376|03/01/2024 10:20:00||33000|2276923200|3043210632
22188|0|32883|03/01/2024 15:50:02||13198|37146800160|102127809184
21812|0|41534|03/01/2024 13:15:00||22500|6948585800|9578585664
22709|0|26294|03/01/2024 19:24:25||335|116631448|135228672
21386|0|73643|03/01/2024 10:38:58||31862|216437008|313092792
22026|0|64590|03/01/2024 14:42:15||17265|29725999872|61214516800
20024|0|79522|03/01/2024 01:01:46||66494|8815318096|12045661768
20739|0|5022|03/01/2024 06:19:30||47430|27489252056|31110628680
20916|0|62299|03/01/2024 07:24:58||43502|1823979440|2155804600
20480|0|61365|03/01/2024 04:22:49||54431|5651764400|7594367704
21215|0|47755|03/01/2024 09:33:39||35781|5731538864|6189054816
21387|0|18924|03/01/2024 10:35:07||32093|12675353240|13972606560
22333|0|64948|03/01/2024 16:57:21||9159|1400153416|1569343584
20501|0|87573|03/01/2024 04:39:37||53423|1591829672|2218713656
21412|0|27167|03/01/2024 10:44:14||31546|15513683832|17552103144
20635|0|66034|03/01/2024 05:34:21||50139|10618149224|12444653456
20390|0|6017|03/01/2024 03:46:09||56631|28979746304|40201789320
22663|0|19991|03/01/2024 19:09:14||1246|25471424|34445568
21329|0|38696|03/01/2024 10:11:16||33524|8941083720|13064788640
22506|0|88305|03/01/2024 18:08:55||4865|6572872384|4126050904
22710|0|54838|03/01/2024 19:21:32||508|152401136|157957784
22534|0|37461|03/01/2024 18:14:28||4532|946589776|971898112
21216|0|9216|03/01/2024 09:30:13||35987|3362798904|3617572496
21865|0|46547|03/01/2024 13:34:47||21313|1279129960|1778314376
20977|0|88311|03/01/2024 07:54:27||41733|1763054784|1779330144
22057|0|62211|03/01/2024 15:05:18||15882|204590032|263448488
21751|0|91204|03/01/2024 12:57:16||23564|183828695600|100912513424
22711|0|15250|03/01/2024 19:20:39||561|13462504|20051864
21651|0|11551|03/01/2024 12:17:35||25945|6024178872|6612562656
22507|0|91266|03/01/2024 18:05:23||5077|261772696|349038888
22299|0|47036|03/01/2024 16:47:24||9756|11898012224|31015786120
21116|0|70247|03/01/2024 08:50:18||38382|16362740096|18337259232
22276|0|82518|03/01/2024 16:33:22||10598|511039952|548558472
21293|0|94344|03/01/2024 10:08:51||33669|5091513232|5103986160
20523|0|80812|03/01/2024 04:43:57||53163|55606770304|38517221912
21535|0|28019|03/01/2024 11:37:15||28365|4819810888|6614439664
19868|0|56599|03/01/2024 00:08:45||69675|141908515928|377876409336
20577|0|47360|03/01/2024 05:09:35||51625|12944859336|15330425000
22300|0|97429|03/01/2024 16:41:40||10100|74884664|103720216
20636|0|8653|03/01/2024 05:33:33||50187|6404050736|7488421760
22451|0|67781|03/01/2024 17:48:52||6068|2027351696|2638076288
22334|0|15419|03/01/2024 16:55:23||9277|98959232|145928024
22610|0|54164|03/01/2024 18:40:59||2941|585395824|608803048
22250|0|52200|03/01/2024 16:26:14||11026|9021432776|11762284296
21091|0|8643|03/01/2024 08:42:06||38874|6063356456|6177966616
22159|0|40650|03/01/2024 15:48:46||13274|4765567072|4926481616
21782|0|67649|03/01/2024 13:01:19||23321|16440411256|16806782312
20825|0|75387|03/01/2024 06:49:06||45654|146810888|151075272
22408|0|24707|03/01/2024 17:26:55||7385|215734864|275696080
20502|0|66263|03/01/2024 04:34:05||53755|9631716360|12883058008
21171|0|33163|03/01/2024 09:12:41||37039|1391071672|1618564792
21973|0|36369|03/01/2024 14:28:43||18077|84665384|109530536
22664|0|86567|03/01/2024 19:00:57||1743|859026952|1166592336
22302|0|84441|03/01/2024 16:40:22||10178|318712536|441529664
21574|0|81769|03/01/2024 11:47:33||27747|1647282032|2037079048
21536|0|32474|03/01/2024 11:39:40||28220|3972387736|4585198560
20771|0|65054|03/01/2024 06:28:30||46890|7553458952|9086700784
20826|0|45501|03/01/2024 06:48:16||45704|3870549688|4261187936
21294|0|87768|03/01/2024 10:03:25||33995|4708120944|6294461928
21331|0|9574|03/01/2024 10:11:31||33509|6267181136|6741818424
21842|0|6697|03/01/2024 13:25:20||21880|12858064344|19149744192
22687|0|58144|03/01/2024 19:16:35||805|9604704|13240344
22058|0|60186|03/01/2024 15:09:55||15605|1877843384|2184785448
20370|0|84893|03/01/2024 03:33:02||57418|13573268480|14502862544
20325|0|71258|03/01/2024 03:16:48||58392|18859081800|20420147616
22665|0|14688|03/01/2024 19:05:08||1492|546911048|663891600
21622|0|33486|03/01/2024 12:04:12||26748|3478711840|3871532960
22611|0|56421|03/01/2024 18:43:10||2810|1181360040|1594042456
22251|0|12030|03/01/2024 16:24:41||11119|6177234176|6596229712
22688|0|95438|03/01/2024 19:11:25||1115|538138376|744532000
21974|0|18427|03/01/2024 14:26:04||18236|607001064|668357200
21453|0|17526|03/01/2024 11:00:11||30589|40751660312|22951973304
21264|0|42183|03/01/2024 09:59:54||34206|70417342888|205801452056
22535|0|91126|03/01/2024 18:19:51||4209|799505448|999915320
21814|0|90576|03/01/2024 13:19:55||22205|10886917024|15682482376
21938|0|54152|03/01/2024 14:04:51||19509|9329308536|12523161216
20092|0|67240|03/01/2024 01:31:57|03/01/2024 19:29:15|64638|13710933736|19939977048
22189|0|77531|03/01/2024 15:53:54||12966|893007608|1147392408
22083|0|13502|03/01/2024 15:16:37||15203|2453056544|2460456448
20578|0|56662|03/01/2024 05:06:48||51792|6820942616|7405079840
22712|0|40530|03/01/2024 19:29:15||45|2952096|3324112
21093|0|50460|03/01/2024 08:45:13||38687|160351107632|108093457512
22536|0|78985|03/01/2024 18:15:36||4464|2107954024|2638420056
20392|0|10430|03/01/2024 03:49:16||56444|20745681288|22147908240
21595|0|22390|03/01/2024 11:52:52||27428|57720750448|170106504632
21361|0|77550|03/01/2024 10:25:02||32698|6697869472|7202785464
22508|0|90381|03/01/2024 18:05:05||5095|629255544|927154376
22409|0|75203|03/01/2024 17:27:59||7321|513936016|696899336
22612|0|36241|03/01/2024 18:47:42||2538|864404064|868310176
21939|0|80171|03/01/2024 14:03:57||19563|524640112|702788776
21414|0|29502|03/01/2024 10:48:08||31312|6183042584|7011456936
21914|0|9476|03/01/2024 13:50:16||20384|2764287688|4056811592
21998|0|87332|03/01/2024 14:38:33||17487|5959128600|7235930760
21752|0|54452|03/01/2024 12:53:45||23775|2961155800|4172783528
20773|0|24588|03/01/2024 06:20:43||47357|18596945600|23723787440
21652|0|60292|03/01/2024 12:16:59||25981|6390320304|7074711312
21915|0|21029|03/01/2024 13:58:33||19887|2521718312|3659694952
21193|0|7952|03/01/2024 09:24:28||36332|27639354096|53288580920
22713|0|81927|03/01/2024 19:22:33||447|485910696|500182912
22304|0|67642|03/01/2024 16:48:49||9671|466912568|566027656
21094|0|68365|03/01/2024 08:47:42||38538|10707577232|14945069872
21843|0|75426|03/01/2024 13:25:15||21885|3667025136|3756083208
22613|0|84433|03/01/2024 18:42:05||2875|1540612104|2007907416
21724|0|39764|03/01/2024 12:41:55||24485|13330162768|18809163408
22509|0|13644|03/01/2024 18:08:31||4889|45786944|64586512
22510|0|13458|03/01/2024 18:07:23||4957|893127536|1062375552
19918|0|46327|03/01/2024 00:25:53|03/01/2024 19:21:05|68112|19576236640|24917015120
22714|0|46327|03/01/2024 19:21:51||489|258214368|373378808
22537|0|14760|03/01/2024 18:18:26||4294|430364800|496450712
20979|0|72535|03/01/2024 07:52:11||41869|6730569792|8750537248
20164|0|27502|03/01/2024 02:01:35||62905|17766048416|22068420104
22689|0|67622|03/01/2024 19:17:59||721|125382128|87450936
19945|0|91467|03/01/2024 00:38:30||67890|2529809496|3757360048
21703|0|71024|03/01/2024 12:36:05||24835|8413196368|12067696192
20483|0|37438|03/01/2024 04:24:35||54325|96156943440|241324543968
21505|0|61837|03/01/2024 11:23:33||29187|3082404968|3912423920
21975|0|46046|03/01/2024 14:24:57||18303|1463162768|1968803072
22059|0|34517|03/01/2024 15:07:33||15747|2820099000|2907622880
22060|0|64035|03/01/2024 15:03:00||16020|579702968|862800896
22364|0|51863|03/01/2024 17:01:41||8899|3726455064|5466036272
21956|0|12661|03/01/2024 14:19:14||18646|1520978904|2145355040
22588|0|36475|03/01/2024 18:32:02||3478|47458200|68263088
22384|0|34544|03/01/2024 17:11:41||8299|1022450528|1466426416
21538|0|93036|03/01/2024 11:32:56||28624|11271914320|12856970664
20959|0|75092|03/01/2024 07:47:36||42144|7152891824|7161254496
21815|0|73449|03/01/2024 13:11:53||22687|9585372600|9976333720
22430|0|23614|03/01/2024 17:32:23||7057|252847264|358692896
21265|0|5960|03/01/2024 09:58:04||34316|4881095328|5017037336
21679|0|77767|03/01/2024 12:24:00||25560|1829623736|1851598200
21844|0|64555|03/01/2024 13:22:36||22044|764577224|1041088816
21597|0|18035|03/01/2024 11:58:46||27074|595451448|606509752
22191|0|85010|03/01/2024 15:50:14||13186|2187195208|3063877168
20869|0|95669|03/01/2024 07:03:59||44761|2264142264|2949060960
21753|0|60476|03/01/2024 12:52:20||23860|6665811624|8882269904
20206|0|99376|03/01/2024 02:20:13||61787|14927430992|15144169072
21957|0|53455|03/01/2024 14:16:04||18836|13413212776|17324912816
21785|0|87755|03/01/2024 13:08:39||22881|2046249256|2238200064
22538|0|17458|03/01/2024 18:15:38||4462|550936496|659895304
21332|0|9229|03/01/2024 10:14:08||33352|2414868680|3333430856
22061|0|59506|03/01/2024 15:03:55||15965|4135720240|5592075944
20207|0|59776|03/01/2024 02:27:29||61351|19488923272|26974151224
20185|0|71274|03/01/2024 02:12:34||62246|15281324912|16265869952
21073|0|4388|03/01/2024 08:35:05||39295|6406562632|8906129040
20960|0|53922|03/01/2024 07:47:52||42128|7778187080|11646032744
22511|0|4039|03/01/2024 18:08:19||4901|9414637360|19298401920
22476|0|30711|03/01/2024 17:53:59||5761|1688685016|1779254432
21999|0|33082|03/01/2024 14:38:59|03/01/2024 19:26:08|17229|24205355032|56548966752
22715|0|33082|03/01/2024 19:27:40||140|274504376|540859136
21786|0|69336|03/01/2024 13:05:57||23043|65533456520|134479758304
21976|0|15160|03/01/2024 14:28:12||18108|965081096|1273475552
22666|0|35671|03/01/2024 19:07:25||1355|143203488|169582824
21362|0|4646|03/01/2024 10:21:06||32934|10128165176|14282639216
21218|0|51824|03/01/2024 09:32:16||35864|3234246656|3302671016
19947|0|93764|03/01/2024 00:35:05||68095|20997481456|22489653472
22589|0|30705|03/01/2024 18:37:20||3160|1945615952|2228985224
22160|0|32503|03/01/2024 15:47:58||13322|2974309640|3986722080
22114|0|27218|03/01/2024 15:24:36||14724|2137119728|2826366864
20775|0|59161|03/01/2024 06:28:27||46893|21990661080|25616230888
22085|0|31421|03/01/2024 15:19:45||15015|2277161720|2971549480
22086|0|86390|03/01/2024 15:15:30||15270|1850065704|2180316904
21725|0|53872|03/01/2024 12:42:50||24430|8759994032|10299995320
22000|0|43566|03/01/2024 14:37:09||17571|5773420856|6796593848
21977|0|4860|03/01/2024 14:24:37||18323|2649249832|3765354472
20283|0|58021|03/01/2024 02:51:39||59901|6642530016|7252174960
22087|0|97500|03/01/2024 15:11:15||15525|3363812584|4698235784
20981|0|31701|03/01/2024 07:59:09||41451|5685594224|8446036416
22192|0|7953|03/01/2024 15:56:37||12803|7419764192|7512637672
22614|0|29859|03/01/2024 18:43:22||2798|133143552|178188240
21074|0|27506|03/01/2024 08:37:41||39139|680340136|696901456
22161|0|50701|03/01/2024 15:46:22||13418|2242761600|2982617496
20896|0|63728|03/01/2024 07:19:44||43816|12136025056|15600883160
21816|0|35201|03/01/2024 13:11:15||22725|16838313400|17785685128
20114|0|42113|03/01/2024 01:45:18|03/01/2024 19:26:09|63651|17607272808|20917338776
21027|0|55178|03/01/2024 08:12:01||40679|11418717616|12503383616
22305|0|4923|03/01/2024 16:49:37||9623|158364824|178024704
22385|0|51907|03/01/2024 17:19:56||7804|1102309904|1146138400
22001|0|75972|03/01/2024 14:38:03||17517|9680630968|24913583848
21754|0|28838|03/01/2024 12:59:13||23447|51185826744|110108697368
22477|0|8108|03/01/2024 17:50:44||5956|1665900936|2466286768
20047|0|22722|03/01/2024 01:12:08||65872|13418795216|18792260152
21541|0|52881|03/01/2024 11:31:51||28689|7277637800|10640575584
22335|0|12413|03/01/2024 16:58:15||9105|301261552|314666272
20829|0|5710|03/01/2024 06:46:19||45821|23370661040|23551255936
22193|0|5157|03/01/2024 15:51:54||13086|6096570128|11430788104
21654|0|98340|03/01/2024 12:12:13||26267|5385774184|6848126072
22002|0|18601|03/01/2024 14:32:55||17825|1409958544|1963088976
22194|0|5407|03/01/2024 15:55:11||12889|5957290528|4056927816
21507|0|93380|03/01/2024 11:22:44||29236|5581345552|7315820272
19975|0|78114|03/01/2024 00:44:43||67517|12376373328|15177941376
21682|0|32901|03/01/2024 12:29:34||25226|3480441552|4738986448
22478|0|43477|03/01/2024 17:59:58||5402|283549464|389244680
21755|0|57750|03/01/2024 12:59:24||23436|6464306120|8569049976
22667|0|50762|03/01/2024 19:00:42||1758|4224056768|12525463376
22213|0|11079|03/01/2024 16:01:00||12540|5015768896|6234512128
21916|0|94745|03/01/2024 13:59:57||19803|6135760944|6242284488
22590|0|56295|03/01/2024 18:34:33||3327|1157294840|1349166536
21867|0|91538|03/01/2024 13:38:47||21073|2652705272|3762422496
21266|0|98584|03/01/2024 09:58:17|03/01/2024 19:20:31|33734|2859523368|3477454144
21297|0|29541|03/01/2024 10:08:23||33697|4023395032|5000592696
21267|0|71810|03/01/2024 09:51:54||34686|3036386848|3465056440
20933|0|13568|03/01/2024 07:34:12||42948|22275566952|30830793656
21268|0|71126|03/01/2024 09:59:19||34241|11179165080|12264872992
22003|0|74646|03/01/2024 14:39:04||17456|7264247304|9866636752
22336|0|97572|03/01/2024 16:54:15||9345|2294441592|2663005392
20962|0|7288|03/01/2024 07:42:16||42464|10992327168|11158685776
21173|0|45063|03/01/2024 09:14:15||36945|16700265552|22983538584
21417|0|38071|03/01/2024 10:49:13||31247|89789090600|234451758744
22088|0|13773|03/01/2024 15:10:33||15567|3370440496|4709137264
21787|0|76738|03/01/2024 13:02:16||23264|73642227272|187931764880
20898|0|56191|03/01/2024 07:18:19||43901|8227188344|11863352872
21624|0|99710|03/01/2024 12:09:49||26411|10400631840|10825138680
22690|0|86370|03/01/2024 19:15:43||857|112317224|119758968
21269|0|64570|03/01/2024 09:51:47||34693|4054238256|5244922800
21940|0|79054|03/01/2024 14:09:00||19260|31622721032|60260016760
20983|0|56533|03/01/2024 07:55:29||41671|7204546016|10267632952
21756|0|70980|03/01/2024 12:57:01||23579|4383164992|5326836016
20394|0|43026|03/01/2024 03:41:33||56907|5130223800|6969738464
21655|0|52424|03/01/2024 12:10:53||26347|2781716192|4130006192
22337|0|57912|03/01/2024 16:59:41||9019|295453448|326293336
22306|0|32418|03/01/2024 16:47:18||9762|215130184|241151608
21508|0|7558|03/01/2024 11:25:02||29098|16671160528|20656431568
22410|0|78157|03/01/2024 17:26:59||7381|806284976|1063603904
21891|0|30678|03/01/2024 13:49:51||20409|11184593488|11811420752
21143|0|35632|03/01/2024 09:03:55||37565|2285951464|2895606088
22565|0|48030|03/01/2024 18:23:28||3992|1329902344|1333611544
21684|0|60740|03/01/2024 12:26:42||25398|10392396352|10424544120
21656|0|24679|03/01/2024 12:18:04||25916|4192983112|5074718872
21454|0|99421|03/01/2024 11:00:00||30600|5431470120|7509682176
22365|0|56808|03/01/2024 17:00:47||8953|10814760064|21194981584
22691|0|84504|03/01/2024 19:16:51||789|13884696|15804856
21363|0|34115|03/01/2024 10:20:28||32972|1883213232|2407249512
20870|0|45996|03/01/2024 07:01:45||44895|130988734336|313967238880
20984|0|57188|03/01/2024 07:54:28||41732|7833634968|8093617744
22277|0|69042|03/01/2024 16:39:32||10228|2260304992|1387863472
21455|0|7300|03/01/2024 11:08:30||30090|6790752144|8037162328
22539|0|82486|03/01/2024 18:15:00||4500|636468512|901675056
21364|0|12669|03/01/2024 10:27:00||32580|3164169216|4592972128
22387|0|72291|03/01/2024 17:13:56||8164|366243064|484469368
21625|0|86139|03/01/2024 12:01:12||26928|698361328|901611560
20899|0|17166|03/01/2024 07:17:14||43966|9273688528|10897990328
21978|0|66419|03/01/2024 14:23:15||18405|147189248|189144944
22027|0|16435|03/01/2024 14:49:21||16839|368558120|430649616
21365|0|60913|03/01/2024 10:20:07||32993|31236911960|33364167408
22162|0|54435|03/01/2024 15:42:00||13680|328173072|439136616
22452|0|73521|03/01/2024 17:43:23||6397|3810987216|3902297000
22252|0|77415|03/01/2024 16:24:16||11144|4392605112|4532431432
22388|0|39733|03/01/2024 17:11:27||8313|357892496|385478504
21393|0|52399|03/01/2024 10:34:15||32145|12525812616|16084187064
21758|0|14174|03/01/2024 12:58:12||23508|9584744688|12861182560
21028|0|4936|03/01/2024 08:13:41||40579|11297555520|11891243440
22479|0|66019|03/01/2024 17:59:25||5435|290731584|298497448
21959|0|99158|03/01/2024 14:13:17||19003|1763180904|1825461240
20900|0|38904|03/01/2024 07:15:11||44089|4467796872|5442451728
21509|0|8079|03/01/2024 11:24:50||29110|14725095432|18496643416
22278|0|95288|03/01/2024 16:32:14||10666|2002022632|2834229208
22480|0|10292|03/01/2024 17:56:45||5595|502709528|636917144
22232|0|62496|03/01/2024 16:17:31||11549|577813504|813031056
22512|0|21481|03/01/2024 18:07:20||4960|3049942872|4112040600
21760|0|79316|03/01/2024 12:52:19||23861|6458800888|9307678512
20484|0|96555|03/01/2024 04:20:14||54586|2669389048|3340420024
21195|0|56939|03/01/2024 09:26:48||36192|2138839432|2534612984
20719|0|36037|03/01/2024 06:06:59||48181|85236993456|247267656808
22214|0|24382|03/01/2024 16:07:58||12122|4518554520|4763165792
22143|0|23532|03/01/2024 15:33:00||14220|3329997736|4125125872
22279|0|11886|03/01/2024 16:32:05||10675|5531580072|6544481224
22144|0|26244|03/01/2024 15:36:13||14027|4219759008|6229962200
