IdSession|IdPSX|IdSubscriber|StartSession|EndSession|Duartion|UpTx|DownTx
32335|0|44433|06/01/2024 13:51:48||13092|8070859496|9711419312
32439|0|20384|06/01/2024 14:30:19||10781|290351776|421417536
32406|0|89706|06/01/2024 14:22:18||11262|80510976|91266016
31848|0|50339|06/01/2024 10:33:15||25005|1793200104|2437743928
32736|0|14391|06/01/2024 16:33:30||3390|8473529024|16336675008
30901|0|7922|06/01/2024 03:51:30||49110|13346317408|14954347720
31658|0|33541|06/01/2024 09:18:09||29511|4609628528|4651175920
31124|0|94342|06/01/2024 05:35:07||42893|765017960|1063474904
32015|0|48015|06/01/2024 11:48:55||20465|35580734304|103191286904
31849|0|98935|06/01/2024 10:31:16||25124|10057835160|10184908920
32280|0|21605|06/01/2024 13:35:46||14054|4745752792|5148051216
31746|0|92317|06/01/2024 09:57:25||27155|31865330104|18645117448
32281|0|11622|06/01/2024 13:32:51||14229|71659661120|176870575960
31167|0|58567|06/01/2024 05:56:20||41620|15222289448|19842549000
31343|0|4129|06/01/2024 07:01:18||37722|9765508264|10883283456
31986|0|68950|06/01/2024 11:38:29||21091|5837960552|6219525064
30535|0|88103|06/01/2024 01:30:37||57563|5042227472|6322264488
32804|0|67328|06/01/2024 17:05:08||1492|339763792|441687424
32396|0|95402|06/01/2024 14:18:37||11483|1630441008|1747503936
32336|0|18190|06/01/2024 13:53:49||12971|42812309536|83690310640
31344|0|27387|06/01/2024 07:01:55||37685|276425280|397342032
31748|0|45935|06/01/2024 09:51:37||27503|6855571648|8475225000
32094|0|81205|06/01/2024 12:19:27||18633|1376561552|1613559264
31476|0|38865|06/01/2024 07:58:06||34314|14790105664|17326259432
32776|0|33584|06/01/2024 16:52:13||2267|298855272|361224016
30853|0|26108|06/01/2024 03:35:34||50066|3001913472|3037783432
30468|0|79129|06/01/2024 01:08:08||58912|149363006984|426544549184
32364|0|47680|06/01/2024 14:02:31||12449|5615439752|6770623344
32407|0|63503|06/01/2024 14:24:34||11126|6969712848|8111264992
32440|0|91513|06/01/2024 14:38:39||10281|275983312|317430432
30990|0|86150|06/01/2024 04:38:22||46298|14966359560|15832811536
32615|0|46936|06/01/2024 15:41:00||6540|384908768|457569104
31168|0|52916|06/01/2024 05:57:28||41552|83036948384|185949577872
31677|0|68906|06/01/2024 09:22:56||29224|55103785480|38498816344
31215|0|88811|06/01/2024 06:19:57||40203|828241800|948557672
32571|0|66637|06/01/2024 15:26:38||7402|22826276520|51745460992
32115|0|17602|06/01/2024 12:28:11||18109|23421972256|12636184528
31946|0|45688|06/01/2024 11:15:41||22459|6300195728|17615355912
32805|0|72193|06/01/2024 17:07:45||1335|1060552|1262712
32516|0|4497|06/01/2024 15:05:28||8672|17074817800|33559757616
32187|0|28950|06/01/2024 12:51:39||16701|23397911864|13343983320
31920|0|24996|06/01/2024 11:07:29||22951|7727288736|9255196080
32305|0|70354|06/01/2024 13:42:25||13655|35385784288|71967500064
31639|0|53897|06/01/2024 09:02:04||30476|3185894864|3484578216
30196|0|61298|05/01/2024 23:22:47||65233|5850459240|5966060824
32638|0|73756|06/01/2024 15:50:15||5985|8104884672|23134665600
31599|0|34091|06/01/2024 08:40:37||31763|6096022728|7174753688
31014|0|25943|06/01/2024 04:45:09||45891|9823652672|12658550608
30138|0|7716|05/01/2024 23:08:41|06/01/2024 17:28:06|65965|9388532672|13961546256
32849|0|7716|06/01/2024 17:29:50||10|2236224|2381176
32461|0|47260|06/01/2024 14:48:23||9697|13388262040|25463440792
31190|0|69315|06/01/2024 06:01:11||41329|1198725768|1728841520
31778|0|54643|06/01/2024 10:08:28||26492|54742529112|162251082736
32517|0|37596|06/01/2024 15:04:08||8752|1759649264|2368738464
31947|0|61304|06/01/2024 11:13:43||22577|11081300320|11588248888
32826|0|95343|06/01/2024 17:11:06||1134|12147264|13672152
32490|0|54052|06/01/2024 14:59:38||9022|3815289232|4351839448
32337|0|56883|06/01/2024 13:58:47||12673|420184472|555451560
31800|0|10787|06/01/2024 10:11:33||26307|2197958104|3059720400
32549|0|10594|06/01/2024 15:14:41||8119|1447267344|1454773672
31678|0|92867|06/01/2024 09:22:26||29254|83503876776|170367094920
31415|0|93881|06/01/2024 07:32:38||35842|115369076768|273674874576
31238|0|29316|06/01/2024 06:20:56||40144|79020482632|196496473736
32777|0|40281|06/01/2024 16:59:52||1808|105250376|122038824
30172|0|78566|05/01/2024 23:12:36||65844|16204991576|20414465048
31826|0|73714|06/01/2024 10:20:59||25741|2867680816|3018800688
30486|0|60286|06/01/2024 01:11:57||58683|13950411704|19114015184
32667|0|45426|06/01/2024 16:02:08||5272|659231384|819531088
32212|0|55584|06/01/2024 13:04:57||15903|5910247184|6981120136
31315|0|52066|06/01/2024 06:58:00||37920|1166845392|1533383104
32755|0|23656|06/01/2024 16:41:35||2905|1033876336|1420393360
32408|0|53886|06/01/2024 14:26:53||10987|3454770304|3681674504
30608|0|6427|06/01/2024 02:02:40||55640|1114711152|1387433816
31872|0|89576|06/01/2024 10:44:50||24310|6484630312|7983435552
31779|0|44368|06/01/2024 10:03:17||26803|8837266776|12660042224
30902|0|9613|06/01/2024 03:54:09||48951|4784233256|5006631472
32135|0|77350|06/01/2024 12:39:28||17432|1721948096|1876266568
32410|0|15352|06/01/2024 14:20:50||11350|315053984|355729312
30991|0|36518|06/01/2024 04:38:03||46317|29301515464|40184685144
32282|0|40329|06/01/2024 13:35:33||14067|10430883816|14385749440
32165|0|36794|06/01/2024 12:48:53||16867|846435360|1167990088
32116|0|4110|06/01/2024 12:21:16||18524|3786131824|5052997736
31659|0|71997|06/01/2024 09:12:56||29824|1714885792|2466903256
32518|0|19300|06/01/2024 15:09:43||8417|26580148568|62761391656
32597|0|57497|06/01/2024 15:33:02||7018|3580100864|4188632312
32136|0|10205|06/01/2024 12:38:15||17505|1962087264|2310298944
32166|0|89604|06/01/2024 12:48:13||16907|6680662144|7597357024
30274|0|11226|05/01/2024 23:55:37||63263|183237719480|520910492216
32307|0|98321|06/01/2024 13:40:37||13763|4785274560|5093499896
31600|0|67697|06/01/2024 08:42:41||31639|25207719992|26404919976
31894|0|5904|06/01/2024 10:56:58||23582|10170608992|13447122000
32283|0|56875|06/01/2024 13:33:21||14199|35204297680|101348324232
30513|0|26509|06/01/2024 01:21:06||58134|8520008072|11784264144
31827|0|95731|06/01/2024 10:24:57||25503|1885585208|2039493640
32519|0|24101|06/01/2024 15:06:58||8582|152976880|210732552
31371|0|20713|06/01/2024 07:18:40||36680|10488627616|10674826816
32044|0|37431|06/01/2024 11:59:09||19851|3909483208|4596943240
32095|0|98470|06/01/2024 12:14:45||18915|7880168720|9298683224
32118|0|50824|06/01/2024 12:29:52||18008|2198122208|2647831688
32045|0|91299|06/01/2024 11:54:56||20104|1307950280|1555690176
30358|0|57141|06/01/2024 00:20:22||61778|11606406592|14404763088
31921|0|82194|06/01/2024 11:06:15||23025|7261614976|7608896848
31390|0|91195|06/01/2024 07:22:10||36470|1371927200|2031217992
30746|0|55479|06/01/2024 02:56:15||52425|9267039104|11123638424
32491|0|75330|06/01/2024 14:53:41||9379|678274392|792610816
31146|0|35432|06/01/2024 05:43:45||42375|23876868632|30282010688
30926|0|28032|06/01/2024 04:01:08||48532|25559285408|32878559072
32167|0|51522|06/01/2024 12:45:04||17096|3397199840|4009496888
31345|0|61072|06/01/2024 07:06:57||37383|3250743536|3710838432
32806|0|34900|06/01/2024 17:03:57||1563|281305648|282267144
32492|0|14980|06/01/2024 14:56:00||9240|20080317232|48827232712
31577|0|80308|06/01/2024 08:32:01||32279|3947013464|4912782208
32441|0|8547|06/01/2024 14:38:04||10316|172899872|235585144
32339|0|82220|06/01/2024 13:50:14||13186|1795885848|2513731520
31989|0|97010|06/01/2024 11:39:46||21014|8749636056|6468765224
32397|0|37333|06/01/2024 14:12:51||11829|734781672|881579488
32442|0|99615|06/01/2024 14:33:30||10590|4344202496|5839836504
31801|0|97205|06/01/2024 10:19:14||25846|4446684128|4513944232
31802|0|6440|06/01/2024 10:17:05||25975|13433230216|15414029968
31660|0|32217|06/01/2024 09:15:51||29649|63483487856|156222035856
31372|0|79812|06/01/2024 07:12:54||37026|65179042160|152404714832
32137|0|41123|06/01/2024 12:33:58||17762|3002039192|3387618200
31697|0|29885|06/01/2024 09:36:02||28438|472045904|519738952
32259|0|92893|06/01/2024 13:26:47||14593|3748480248|5521039792
32707|0|27391|06/01/2024 16:28:53||3667|2987439392|4017189544
31217|0|79073|06/01/2024 06:18:17||40303|13594558496|18903606808
32462|0|82325|06/01/2024 14:45:02||9898|1454395216|2059841696
32598|0|99099|06/01/2024 15:36:55||6785|327198584|348839320
30854|0|41402|06/01/2024 03:30:52||50348|3554038128|4148949192
32756|0|71426|06/01/2024 16:49:47||2413|3506230952|7701892184
31851|0|28056|06/01/2024 10:31:30||25110|14157860240|16612636384
31127|0|93596|06/01/2024 05:31:06||43134|21071453080|22336250736
31720|0|25099|06/01/2024 09:43:30||27990|135466824|137573040
31128|0|28791|06/01/2024 05:34:48||42912|17189637848|24530110256
31450|0|83720|06/01/2024 07:48:57||34863|11287891344|13026371888
32520|0|20845|06/01/2024 15:03:56||8764|828132744|1109603096
30834|0|50014|06/01/2024 03:29:35||50425|15732646160|17644412744
31721|0|15246|06/01/2024 09:40:49||28151|5148134728|5914508160
32616|0|67076|06/01/2024 15:42:38||6442|2069026824|2671389864
32668|0|80461|06/01/2024 16:06:12||5028|1236297176|1372382080
32168|0|74504|06/01/2024 12:42:18||17262|7181422064|9124961064
31828|0|12018|06/01/2024 10:23:10||25610|4933637792|5505662096
31263|0|29483|06/01/2024 06:31:24||39516|16746408824|46586928216
30567|0|41928|06/01/2024 01:45:11||56689|11670449624|16034832048
32066|0|16715|06/01/2024 12:04:05||19555|1417451888|2021376944
31418|0|94236|06/01/2024 07:30:00||36000|12472214360|14097174888
30308|0|97802|06/01/2024 00:08:50||62470|4407117656|5404982432
32308|0|86608|06/01/2024 13:48:15||13305|12436729920|18415425704
30927|0|39152|06/01/2024 04:07:51||48129|112314805952|279748222480
32521|0|95563|06/01/2024 15:06:39||8601|789746456|1091014696
32260|0|45658|06/01/2024 13:23:18||14802|5327855736|5807543248
31722|0|40524|06/01/2024 09:47:26||27754|5730399744|8424996008
31873|0|48287|06/01/2024 10:45:40||24260|3104445824|3256039008
31346|0|77250|06/01/2024 07:05:01||37499|883452992|1212518016
31578|0|44624|06/01/2024 08:36:59||31981|14327467280|19591253416
32138|0|81920|06/01/2024 12:36:22||17618|2697811328|3625773288
32188|0|84240|06/01/2024 12:51:53||16687|61244017664|167902415336
31751|0|97692|06/01/2024 09:56:15|06/01/2024 17:23:15|26820|6556324920|7343441664
32683|0|47108|06/01/2024 16:10:19||4781|3007138704|3697180320
31874|0|29967|06/01/2024 10:45:51||24249|36753444240|74410677288
31949|0|92712|06/01/2024 11:13:28||22592|4875683224|6385270720
32737|0|80199|06/01/2024 16:32:09||3471|3183083944|4549892208
32189|0|32642|06/01/2024 12:50:33||16767|1787946616|1934601696
32284|0|10222|06/01/2024 13:38:09||13911|9557078952|10827969592
30514|0|23308|06/01/2024 01:29:34||57626|4411615312|5022714544
32238|0|69961|06/01/2024 13:19:40||15020|5139238016|5866398888
32309|0|79654|06/01/2024 13:47:41||13339|7320816928|4086569600
32190|0|37451|06/01/2024 12:51:01||16739|930280480|950532592
31295|0|18539|06/01/2024 06:40:38||38962|3907693048|4349265664
31752|0|36702|06/01/2024 09:52:29||27451|153529504|204598800
31853|0|5610|06/01/2024 10:37:27||24753|2645904272|2761253856
32599|0|24831|06/01/2024 15:39:48||6612|1422871952|1658278680
32017|0|93625|06/01/2024 11:47:14||20566|3025587936|3812846280
31058|0|11546|06/01/2024 05:08:24||44496|6512170632|9614522304
31723|0|46661|06/01/2024 09:45:46||27854|3833102944|4400758424
32493|0|7472|06/01/2024 14:50:20||9580|1859082608|2064099488
31950|0|68217|06/01/2024 11:15:36||22464|5667356160|7046938072
30968|0|90789|06/01/2024 04:25:18||47082|6222107488|7690501288
31218|0|63890|06/01/2024 06:15:05||40495|4138497072|4368327464
32097|0|79002|06/01/2024 12:16:04||18836|1028938896|1487694856
32169|0|52753|06/01/2024 12:45:02||17098|12236674200|14614853840
32214|0|57917|06/01/2024 13:02:14||16066|3600278824|3991492208
31080|0|74290|06/01/2024 05:17:25||43955|3079175952|3705091424
32600|0|49022|06/01/2024 15:30:23||7177|1219056416|1658133216
30332|0|64324|06/01/2024 00:11:42||62298|17326891416|21652491176
32572|0|68387|06/01/2024 15:23:52||7568|14902447472|40464092080
31506|0|40176|06/01/2024 08:00:06||34194|11401759256|16989204696
31169|0|36201|06/01/2024 05:52:16||41864|121419276608|316079089912
32522|0|97473|06/01/2024 15:08:29||8491|2512208968|3119915496
32261|0|96532|06/01/2024 13:23:29||14791|4166555848|5184135544
32411|0|97579|06/01/2024 14:25:32||11068|23229077736|51378154480
31265|0|86053|06/01/2024 06:32:03||39477|6527267800|9048251936
32573|0|85963|06/01/2024 15:25:21||7479|264526736|283644616
31680|0|39648|06/01/2024 09:28:53||28867|3310079976|4079128848
32738|0|8129|06/01/2024 16:37:40||3140|487689688|677130872
31922|0|67015|06/01/2024 11:01:51||23289|6519493096|8938291512
31724|0|85484|06/01/2024 09:40:02||28198|2075824688|2767788376
31532|0|59464|06/01/2024 08:15:33||33267|8353405640|11315431808
32684|0|60885|06/01/2024 16:17:10||4370|1500588840|1669731456
31782|0|75205|06/01/2024 10:08:18||26502|5530154712|6284768024
32365|0|45892|06/01/2024 14:02:46||12434|2834507168|3972248048
31725|0|89373|06/01/2024 09:47:21||27759|2063870896|2083551152
32262|0|90846|06/01/2024 13:27:07||14573|3058830464|3164397040
30835|0|34484|06/01/2024 03:20:10||50990|12929634328|14954659192
32574|0|86837|06/01/2024 15:28:39||7281|732313816|1005751496
30681|0|7083|06/01/2024 02:34:49||53711|8718831312|10386131984
31753|0|59946|06/01/2024 09:54:51||27309|1985811016|2716756160
32494|0|76954|06/01/2024 14:52:39||9441|1719978936|2195040880
32366|0|19469|06/01/2024 14:09:06||12054|1000155304|1052393288
32827|0|15805|06/01/2024 17:13:12||1008|27677640|35608232
30655|0|25102|06/01/2024 02:28:21||54099|9514043656|13820610752
30516|0|38674|06/01/2024 01:24:25|06/01/2024 17:27:50|57805|10183106992|13358165368
32850|0|38674|06/01/2024 17:28:53||67|16647472|16847768
32215|0|83295|06/01/2024 13:05:04||15896|4126639800|4507189864
30333|0|46467|06/01/2024 00:14:32||62128|4082154568|5272410792
32019|0|74481|06/01/2024 11:44:27||20733|21230265520|13972521408
32575|0|64668|06/01/2024 15:24:45||7515|1739689768|2412857328
32708|0|33734|06/01/2024 16:22:50||4030|1421599400|1773215816
30711|0|51516|06/01/2024 02:43:46||53174|16339608280|20894305080
31699|0|18836|06/01/2024 09:39:55||28205|228583456|248548512
32367|0|73978|06/01/2024 14:08:12||12108|1155256904|1218067728
32807|0|90411|06/01/2024 17:04:56||1504|2298320|3064152
32550|0|74516|06/01/2024 15:13:56||8164|2008447696|2785188432
32412|0|16200|06/01/2024 14:23:20||11200|430771800|504983000
30442|0|45093|06/01/2024 00:50:35||59965|10448784360|11385805064
32310|0|61183|06/01/2024 13:42:02||13678|5956943304|6188560520
31700|0|69046|06/01/2024 09:33:00||28620|14685303896|15331847352
32685|0|41652|06/01/2024 16:17:42||4338|1184055208|1375327744
30903|0|32399|06/01/2024 03:59:51||48609|58129779544|161444887592
32639|0|69490|06/01/2024 15:56:30||5610|1401735712|1555091440
32191|0|71070|06/01/2024 12:51:42||16698|4968881728|6973637504
31754|0|70096|06/01/2024 09:52:34||27446|4227274288|5139956112
30538|0|59913|06/01/2024 01:32:41||57439|23838373416|35155607232
32523|0|96471|06/01/2024 15:03:44||8776|1810615152|1957679152
31393|0|16397|06/01/2024 07:27:19||36161|2504761824|2534724480
31419|0|50342|06/01/2024 07:33:02||35818|6045368328|8396265672
32341|0|99986|06/01/2024 13:50:03||13197|591838856|782166544
31318|0|74678|06/01/2024 06:55:39||38061|2412488840|3555995072
32413|0|56720|06/01/2024 14:27:34||10946|193028576|194389568
31854|0|35649|06/01/2024 10:33:45||24975|18524369032|24173594336
32311|0|83554|06/01/2024 13:49:17||13243|813632216|991800096
31129|0|59909|06/01/2024 05:30:36||43164|9679435912|11781660200
32709|0|93851|06/01/2024 16:26:02||3838|238861992|358223936
31481|0|27027|06/01/2024 07:56:12||34428|2545974472|3393469072
32285|0|91723|06/01/2024 13:35:57||14043|496552496|715382784
31701|0|60277|06/01/2024 09:31:46||28694|3653011512|5125161352
31266|0|9625|06/01/2024 06:30:31||39569|19740570040|19803490760
31755|0|97664|06/01/2024 09:58:02||27118|2455126400|2833630400
32398|0|86913|06/01/2024 14:10:48||11952|24020829416|56643400312
31554|0|26300|06/01/2024 08:28:09||32511|5509013040|6204693432
31193|0|59915|06/01/2024 06:05:10|06/01/2024 17:23:42|40712|76694875472|159541642624
32851|0|59915|06/01/2024 17:24:12||348|646219336|1445077696
32047|0|95361|06/01/2024 11:53:45||20175|2050473880|2384260984
30247|0|8386|05/01/2024 23:47:08|06/01/2024 17:25:13|63485|12714439112|17589127576
31083|0|32028|06/01/2024 05:19:44||43816|11479270640|17037865632
31971|0|26151|06/01/2024 11:22:34||22046|14035856552|16240532488
32828|0|8061|06/01/2024 17:14:01||959|40323904|49260144
30857|0|62947|06/01/2024 03:32:34||50246|998281520|1298925104
32669|0|86266|06/01/2024 16:06:03||5037|15650096448|37223358104
31990|0|80733|06/01/2024 11:31:16||21524|463899480|529889840
30970|0|76418|06/01/2024 04:25:54||47046|5697607768|7570210416
32342|0|83622|06/01/2024 13:52:28||13052|3167640992|3222383376
31170|0|70616|06/01/2024 05:50:43||41957|35531765840|41672570688
31855|0|78093|06/01/2024 10:35:51||24849|9123806152|9970002832
32414|0|63698|06/01/2024 14:21:33||11307|841455120|984641480
32048|0|11970|06/01/2024 11:55:32||20068|887655568|894852032
31038|0|54570|06/01/2024 04:52:21||45459|3254809200|4737633088
31784|0|11685|06/01/2024 10:03:07||26813|1568011016|2014125688
30588|0|71946|06/01/2024 01:56:42||55998|5243244464|5971059176
31601|0|71960|06/01/2024 08:44:02||31558|22371471992|23791938008
32739|0|23699|06/01/2024 16:32:12||3468|304145248|329671872
30931|0|49446|06/01/2024 04:06:44||48196|12151546192|14604576112
32757|0|20426|06/01/2024 16:43:56||2764|198874536|232444408
32020|0|15917|06/01/2024 11:44:50||20710|1633169752|2169738192
32686|0|85681|06/01/2024 16:10:58||4742|2642964520|2705976288
31805|0|95942|06/01/2024 10:18:42||25878|3416843600|4675043720
32601|0|64729|06/01/2024 15:37:43||6737|3934102264|5780696640
32829|0|39032|06/01/2024 17:13:40||980|59644928|65012360
32710|0|10176|06/01/2024 16:29:36||3624|1080625864|1088183800
32098|0|89291|06/01/2024 12:13:33||18987|479177552|653095176
31220|0|34665|06/01/2024 06:15:23||40477|17996509200|21742253672
31221|0|5237|06/01/2024 06:12:20||40660|875987032|943535320
32524|0|7833|06/01/2024 15:00:00||9000|856967736|1162463032
30682|0|59720|06/01/2024 02:37:28||53552|36253032880|19748521368
30995|0|16779|06/01/2024 04:38:40||46280|3396954392|4547439528
30683|0|89263|06/01/2024 02:33:47||53773|7202871592|10282603048
31785|0|46036|06/01/2024 10:08:54||26466|7099689632|8954796296
32495|0|78248|06/01/2024 14:54:56||9304|1062443888|1252164944
32640|0|68841|06/01/2024 15:51:56||5884|1798285320|2284414488
31806|0|5650|06/01/2024 10:19:57||25803|2812052872|7439542880
31533|0|20661|06/01/2024 08:12:36||33444|5278411008|7484803608
32464|0|25964|06/01/2024 14:49:01||9659|1875963776|2337069712
31482|0|6906|06/01/2024 07:56:19||34421|1283211600|1738334136
31923|0|46869|06/01/2024 11:00:10||23390|4410524984|6591538432
32192|0|80945|06/01/2024 12:51:11||16729|9785165216|10984826400
32687|0|28349|06/01/2024 16:14:53||4507|2914509928|4186575488
30782|0|89642|06/01/2024 03:07:49||51731|4004268232|5758669744
30200|0|21912|05/01/2024 23:28:16||64904|16302054024|18505438904
32711|0|32864|06/01/2024 16:24:02||3958|3161741456|3789790504
32049|0|33989|06/01/2024 11:56:17||20023|1471175120|1653240160
31195|0|87856|06/01/2024 06:03:11||41209|108049968376|315514591832
32496|0|32738|06/01/2024 14:53:52||9368|772851824|956528744
32465|0|25884|06/01/2024 14:49:11||9649|1617624296|2104022064
32139|0|6051|06/01/2024 12:37:25||17555|1672246152|1732648784
31131|0|76091|06/01/2024 05:30:01||43199|1624233280|2254440040
31807|0|23271|06/01/2024 10:15:35||26065|426007416|559938360
32466|0|33250|06/01/2024 14:43:31||9989|236396208|258077520
31895|0|98518|06/01/2024 10:50:20||23980|4621887168|6408379864
30658|0|16505|06/01/2024 02:28:13||54107|16584457952|22341277880
30610|0|48354|06/01/2024 02:03:57||55563|3474959872|3692331592
32497|0|88076|06/01/2024 14:56:27||9213|1354554904|1606231200
32368|0|6262|06/01/2024 14:04:47|06/01/2024 17:20:11|11724|7046325752|8226207064
32852|0|6262|06/01/2024 17:21:25||515|243089200|283407264
31350|0|31903|06/01/2024 07:03:22||37598|93172242776|257994998664
31420|0|28402|06/01/2024 07:36:31||35609|2820084560|2948366736
32050|0|80025|06/01/2024 11:58:30||19890|13391399272|10348179536
32641|0|96689|06/01/2024 15:54:12||5748|1389637280|1991629336
31951|0|48137|06/01/2024 11:17:45||22335|14298452392|20323001424
31039|0|39646|06/01/2024 04:58:17||45103|23449103096|33574403448
31662|0|31700|06/01/2024 09:13:59||29761|1490740784|1844332984
32712|0|17139|06/01/2024 16:21:53||4087|5026070440|9501796936
31132|0|46671|06/01/2024 05:35:49||42851|5448867856|7650877000
32617|0|51519|06/01/2024 15:47:11||6169|1531959392|1594354208
32141|0|83210|06/01/2024 12:36:52||17588|5191069936|6962749040
31243|0|99756|06/01/2024 06:23:23||39997|4808309320|6048773408
30858|0|50187|06/01/2024 03:36:28||50012|547382240|813865216
32067|0|69541|06/01/2024 12:06:30||19410|2076256888|2703288840
32853|0|53702|06/01/2024 17:21:00||540|1258252200|3241961144
30364|0|47314|06/01/2024 00:21:26||61714|8123125352|9547520064
31875|0|67955|06/01/2024 10:42:32||24448|17091548840|13760524592
31896|0|9026|06/01/2024 10:59:12||23448|2400059480|3426937400
32099|0|52594|06/01/2024 12:18:25||18695|1486359296|2087009888
32312|0|17099|06/01/2024 13:45:25||13475|20418848624|44509485336
31108|0|91262|06/01/2024 05:22:44||43636|9010960704|9608045256
31973|0|95953|06/01/2024 11:26:06||21834|9562399768|12992104168
31829|0|40878|06/01/2024 10:24:16||25544|4707895576|5039057496
32854|0|9694|06/01/2024 17:22:15||465|200924128|206994544
31702|0|79312|06/01/2024 09:37:07||28373|1093897416|1365936480
32021|0|56946|06/01/2024 11:43:00||20820|2985098240|4259884152
32443|0|55328|06/01/2024 14:36:40||10400|839497656|976597840
32551|0|33855|06/01/2024 15:15:12||8088|21488812680|43503071360
30074|0|23810|05/01/2024 22:34:12||68148|11375527512|12334329856
31952|0|59395|06/01/2024 11:12:36||22644|521379320|750720664
31534|0|55254|06/01/2024 08:16:22||33218|15987118072|19348103928
30715|0|98957|06/01/2024 02:44:36||53124|8127572688|10017729096
31019|0|32700|06/01/2024 04:41:02||46138|10966385432|14764870992
30810|0|19426|06/01/2024 03:16:51||51189|229616496104|135845701232
31109|0|17223|06/01/2024 05:28:58||43262|10999706496|12066932752
32808|0|97507|06/01/2024 17:06:08||1432|43354168|45919032
31020|0|74230|06/01/2024 04:42:31||46049|18775895744|22893331008
30635|0|11267|06/01/2024 02:11:59||55081|5327589320|6594901456
31172|0|23640|06/01/2024 05:59:33||41427|12298102000|12437441928
30201|0|51535|05/01/2024 23:27:39||64941|161533648616|313675362576
30492|0|99997|06/01/2024 01:15:02||58498|10573251416|11672475328
32216|0|69461|06/01/2024 13:00:13||16187|1605895008|1927716816
31974|0|93127|06/01/2024 11:29:10||21650|8926523168|11342289136
32416|0|70498|06/01/2024 14:26:38||11002|2685047640|3624364480
30660|0|50074|06/01/2024 02:24:51||54309|14086610928|19153090792
32193|0|70372|06/01/2024 12:59:26||16234|53897080|79052240
32444|0|52154|06/01/2024 14:38:39||10281|444431296|592637280
31394|0|28435|06/01/2024 07:24:10||36350|267337200|276966104
31555|0|12784|06/01/2024 08:21:54||32886|11608596480|12633582320
31196|0|45387|06/01/2024 06:05:27||41073|5340080000|5860784248
32670|0|76227|06/01/2024 16:05:45||5055|293861640|421432176
31222|0|21671|06/01/2024 06:13:34||40586|17984232536|22044634072
32740|0|58494|06/01/2024 16:31:19||3521|905909928|1345064056
30684|0|81351|06/01/2024 02:34:29||53731|14855582024|14970972448
31925|0|61296|06/01/2024 11:01:50||23290|6130550888|7495115144
31376|0|5094|06/01/2024 07:10:38||37162|5055815592|6442439816
31626|0|36200|06/01/2024 08:52:55||31025|69290612704|182330147448
32758|0|76281|06/01/2024 16:42:59||2821|115552824|137374208
31664|0|72646|06/01/2024 09:13:39||29781|7493051584|10589268184
31757|0|8775|06/01/2024 09:58:05||27115|3161178560|3841472192
32778|0|26134|06/01/2024 16:58:56||1864|1010111680|1260546512
32855|0|88257|06/01/2024 17:23:05||415|3875907896|2613590632
32741|0|19213|06/01/2024 16:33:20||3400|42796120|55076264
32759|0|26675|06/01/2024 16:42:31||2849|53356912|54891128
31297|0|50467|06/01/2024 06:47:10||38570|1366073632|1746323832
31665|0|41796|06/01/2024 09:16:37||29603|56847411840|115099242488
31627|0|27276|06/01/2024 08:58:35||30685|7381527072|8702272888
32642|0|18578|06/01/2024 15:54:58||5702|22797804168|56231327984
32343|0|67246|06/01/2024 13:55:33||12867|3413499208|4069836544
32370|0|47817|06/01/2024 14:06:47||12193|1805115760|2255334840
32344|0|97540|06/01/2024 13:57:37||12743|514424976|670799552
32602|0|98869|06/01/2024 15:31:52||7088|2256328264|3290693344
30932|0|29084|06/01/2024 04:09:29||48031|12454135640|14662958768
32239|0|91336|06/01/2024 13:16:30||15210|2983723712|3243336856
31897|0|64359|06/01/2024 10:59:32||23428|11964543712|13516881968
31322|0|43571|06/01/2024 06:52:41||38239|1839465920|1902847984
32603|0|55154|06/01/2024 15:34:10||6950|6293992496|3620176432
31991|0|25332|06/01/2024 11:35:08||21292|2862737848|4079978776
31269|0|72524|06/01/2024 06:32:17||39463|6900587992|7048404848
30880|0|16490|06/01/2024 03:46:05||49435|3024957648|4166209664
31111|0|56440|06/01/2024 05:20:33||43767|25310102016|16576582656
31022|0|12576|06/01/2024 04:42:34||46046|14785696520|17328362912
31023|0|31105|06/01/2024 04:46:58||45782|9735352992|11821838512
31878|0|83901|06/01/2024 10:41:51||24489|5883527952|6612699440
31509|0|37879|06/01/2024 08:06:57||33783|46553235344|90018894288
31681|0|19801|06/01/2024 09:25:23|06/01/2024 17:26:20|28857|1214523328|1722835920
32856|0|19801|06/01/2024 17:28:11||109|6427728|6931120
31323|0|28804|06/01/2024 06:55:12||38088|9641819776|10905560160
32372|0|50847|06/01/2024 14:07:15||12165|3112171576|3219752232
32314|0|59408|06/01/2024 13:49:35||13225|3916126168|4904416408
32068|0|19913|06/01/2024 12:07:18||19362|3118758760|4206180840
32809|0|73583|06/01/2024 17:01:17||1723|811210984|1013295896
31423|0|87537|06/01/2024 07:30:28||35972|6903316720|7711039984
31198|0|17154|06/01/2024 06:00:07||41393|7062669808|9788029024
32263|0|57307|06/01/2024 13:26:35||14605|9745071224|5752599968
31556|0|44780|06/01/2024 08:24:45||32715|8914985816|13094589000
31926|0|33064|06/01/2024 11:09:48||22812|13249675312|13694835288
31603|0|68053|06/01/2024 08:45:46||31454|101205974864|199734353888
30753|0|77217|06/01/2024 02:51:23||52717|16561830960|20153419376
32286|0|10808|06/01/2024 13:36:20||14020|4617003792|6388925536
31808|0|85350|06/01/2024 10:17:33||25947|5833371672|8704700968
31112|0|58441|06/01/2024 05:26:24||43416|14131349888|17652612968
31758|0|58233|06/01/2024 09:57:49||27131|5586682000|7174650184
31424|0|55176|06/01/2024 07:38:27||35493|10203630848|10927618360
32643|0|89909|06/01/2024 15:57:14||5566|1444551104|1840614920
31975|0|24143|06/01/2024 11:25:44||21856|14671538672|15234020040
31483|0|39792|06/01/2024 07:51:00||34740|17638160816|21345828800
32399|0|47169|06/01/2024 14:18:58||11462|38145722808|109205654456
31583|0|52416|06/01/2024 08:33:42||32178|1519939640|1594406296
31879|0|60061|06/01/2024 10:49:46||24014|7533676104|8152580400
31173|0|89370|06/01/2024 05:57:05||41575|10912389128|12530615376
32644|0|47747|06/01/2024 15:52:46||5834|489863008|500432600
31992|0|23908|06/01/2024 11:35:21||21279|3018998848|3757892992
31927|0|55316|06/01/2024 11:01:57||23283|3633938032|4820640968
30569|0|83153|06/01/2024 01:40:38||56962|12516461792|16632413168
31199|0|52044|06/01/2024 06:01:47||41293|33744586416|98516438128
30997|0|10941|06/01/2024 04:32:12||46668|6044076856|8744319328
32779|0|44450|06/01/2024 16:59:46||1814|59197424|73591104
31898|0|43297|06/01/2024 10:57:59||23521|18629218712|19916405280
32051|0|29030|06/01/2024 11:50:21||20379|8271718936|9533262184
32618|0|22507|06/01/2024 15:49:14||6046|231389936|323256088
31759|0|7575|06/01/2024 09:56:35||27205|11217294208|12314402432
30933|0|98774|06/01/2024 04:01:23||48517|20371645784|26805608880
31584|0|5939|06/01/2024 08:32:07||32273|2330157472|3274170832
31727|0|17504|06/01/2024 09:43:47||27973|38663902344|82425598296
32052|0|97740|06/01/2024 11:58:12||19908|751814768|836945688
30422|0|70962|06/01/2024 00:42:25||60455|7472833240|9477425544
31809|0|47819|06/01/2024 10:13:22||26198|43669317824|128623603784
31703|0|87153|06/01/2024 09:39:26||28234|1875545080|2496535056
31114|0|56210|06/01/2024 05:27:13||43367|143094872528|291816461176
31880|0|43543|06/01/2024 10:48:58||24062|7719012568|8974303008
31643|0|34618|06/01/2024 09:06:53||30187|2953420144|4033992736
31425|0|87571|06/01/2024 07:34:07||35753|167469824|177096736
32142|0|97800|06/01/2024 12:39:25||17435|3092201488|3606124552
32576|0|8816|06/01/2024 15:28:40||7280|2353193480|3106487408
32240|0|57813|06/01/2024 13:10:17||15583|2410343320|2516903416
30661|0|64143|06/01/2024 02:27:51||54129|15301893944|16492221696
31760|0|72469|06/01/2024 09:56:58||27182|22131681632|11935415296
32498|0|29682|06/01/2024 14:56:10||9230|107034328|144625896
32445|0|67152|06/01/2024 14:32:44||10636|25464811792|50773115048
30998|0|41429|06/01/2024 04:34:16||46544|1570790544|1916339912
32830|0|70723|06/01/2024 17:18:46||674|55520768|42758120
30311|0|98424|06/01/2024 00:06:54||62586|23010246328|24396736768
30312|0|29370|06/01/2024 00:06:35||62605|46584219776|107065513856
32780|0|48807|06/01/2024 16:54:55||2105|1343964792|1604253496
30755|0|54200|06/01/2024 02:59:52||52208|8547660304|12409721576
32553|0|88451|06/01/2024 15:15:56||8044|713784088|787183440
32417|0|86735|06/01/2024 14:25:49||11051|6401219736|7944892512
32645|0|49678|06/01/2024 15:55:29||5671|1672268752|1965912104
30837|0|52225|06/01/2024 03:29:56||50404|20810459032|21120581120
31270|0|23803|06/01/2024 06:38:19||39101|1480427080|1989939352
31928|0|10454|06/01/2024 11:08:00||22920|5179724616|6540650304
31976|0|25125|06/01/2024 11:20:53||22147|2186344168|2495647464
32345|0|90059|06/01/2024 13:57:35||12745|413657376|557226976
32831|0|42428|06/01/2024 17:18:41||679|122774096|152850672
32100|0|90076|06/01/2024 12:11:19||19121|1247244056|1655211040
32832|0|17156|06/01/2024 17:10:44||1156|63462616|91461872
31484|0|69214|06/01/2024 07:53:24||34596|122414071344|263970654280
31856|0|35594|06/01/2024 10:36:31||24809|5682433528|7391977368
31455|0|28124|06/01/2024 07:46:29||35011|67600250424|161657559456
30662|0|56866|06/01/2024 02:20:03||54597|3342895664|5012549632
30570|0|6867|06/01/2024 01:40:46||56954|7698614768|8529976520
32604|0|88892|06/01/2024 15:31:33||7107|20175761656|38491286504
30447|0|25051|06/01/2024 00:59:16||59444|12844838992|14665180000
32144|0|80236|06/01/2024 12:36:34||17606|5473596368|6456147032
32688|0|12536|06/01/2024 16:11:21||4719|1591707648|1592309328
32194|0|79035|06/01/2024 12:55:14||16486|348460288|511092344
32287|0|66310|06/01/2024 13:31:15||14325|5193436440|5984671624
31605|0|41124|06/01/2024 08:43:31||31589|8920210384|10600895728
32374|0|77148|06/01/2024 14:01:14||12526|4867429232|5376914472
32781|0|30347|06/01/2024 16:54:17||2143|74055440|82989112
30686|0|48874|06/01/2024 02:34:44||53716|210038855744|539570095456
32833|0|59145|06/01/2024 17:10:28||1172|82124800|89764200
32526|0|8839|06/01/2024 15:04:44||8716|91803256|119005096
31024|0|18055|06/01/2024 04:46:54||45786|7511789112|10292003152
31761|0|80096|06/01/2024 09:57:04||27176|39883186408|23833748160
30448|0|34312|06/01/2024 00:52:49|06/01/2024 17:26:41|59632|7222903760|9352042096
32346|0|83597|06/01/2024 13:50:52||13148|3057535448|3301423456
31956|0|77268|06/01/2024 11:10:39||22761|8224052872|9146034920
31993|0|83129|06/01/2024 11:35:26||21274|8008354360|9248041056
31857|0|14433|06/01/2024 10:32:49||25031|16450236352|17291854640
32264|0|28927|06/01/2024 13:28:41||14479|3047020664|4009566112
32316|0|39739|06/01/2024 13:40:07||13793|987606400|1063099696
31994|0|90512|06/01/2024 11:37:40||21140|11000374512|11200329144
30033|0|56736|05/01/2024 22:18:08||69112|34892221232|38060310112
31762|0|69707|06/01/2024 09:54:17||27343|1343201120|1432102208
31511|0|53064|06/01/2024 08:01:35||34105|15382762832|19417147512
32646|0|93213|06/01/2024 15:56:42||5598|1018757792|1023042720
31176|0|93311|06/01/2024 05:55:42||41658|5136213264|7472738680
32217|0|19123|06/01/2024 13:08:23||15697|2285115784|3003147152
32418|0|94445|06/01/2024 14:20:14||11386|357742152|505182880
30973|0|48946|06/01/2024 04:24:08||47152|2173201712|2266086872
30756|0|47902|06/01/2024 02:59:49||52211|12710782528|14372043696
32782|0|83921|06/01/2024 16:54:49||2111|129999488|163894544
31041|0|53676|06/01/2024 04:55:19||45281|6525117864|8516837312
30423|0|38060|06/01/2024 00:43:17||60403|9822158472|14285525784
30721|0|27730|06/01/2024 02:40:03||53397|4202124464|5733256544
30722|0|17009|06/01/2024 02:42:07||53273|20108351856|22772194624
32022|0|5859|06/01/2024 11:40:41||20959|540373288|761030160
32499|0|34442|06/01/2024 14:52:45||9435|455447736|508756512
31271|0|20801|06/01/2024 06:37:18||39162|5443667568|7827627848
32145|0|24906|06/01/2024 12:30:17||17983|11121668592|8041340728
32419|0|36711|06/01/2024 14:22:25||11255|1187986424|1519000800
31456|0|25982|06/01/2024 07:40:56||35344|72978862312|167999473600
31061|0|26819|06/01/2024 05:03:54||44766|1208961688|1553138816
32648|0|89748|06/01/2024 15:58:04||5516|17165244784|47964091280
32400|0|27001|06/01/2024 14:15:16||11684|3176262136|3551132872
31200|0|63750|06/01/2024 06:01:31||41309|5386618416|7579669400
31858|0|14122|06/01/2024 10:33:04||25016|5374481024|5807291544
32446|0|23151|06/01/2024 14:39:17||10243|22309812032|45346951880
32101|0|95610|06/01/2024 12:11:33||19107|583367472|587778520
31585|0|64459|06/01/2024 08:36:17||32023|790357112|1011444208
32527|0|68700|06/01/2024 15:08:39||8481|764147544|1032470832
32713|0|34668|06/01/2024 16:25:53||3847|704696800|945041920
31899|0|15777|06/01/2024 10:58:24||23496|13498078712|19410353416
31090|0|54183|06/01/2024 05:10:31||44369|5970923984|7680915784
31536|0|30363|06/01/2024 08:12:45||33435|3586566760|4787809528
32121|0|21518|06/01/2024 12:26:33||18207|5455927000|7052752968
32783|0|24392|06/01/2024 16:50:51||2349|104030928|133654528
31025|0|84711|06/01/2024 04:42:48||46032|7701708192|9226236816
32317|0|96945|06/01/2024 13:44:52||13508|6849605144|9285968080
32196|0|15205|06/01/2024 12:58:53||16267|4838774512|4859513536
31062|0|49963|06/01/2024 05:05:35||44665|5157191920|7680327384
31537|0|78611|06/01/2024 08:16:25||33215|4240430496|4769713104
32318|0|39224|06/01/2024 13:47:55||13325|11411642712|14672471800
32528|0|43761|06/01/2024 15:08:55||8465|1802408232|1856493904
32810|0|64525|06/01/2024 17:06:51||1389|251566120|273465128
30934|0|49047|06/01/2024 04:00:57||48543|94862173928|239849897184
32811|0|63259|06/01/2024 17:06:29||1411|17333040|25285024
32420|0|99858|06/01/2024 14:26:10||11030|557992|623248
31485|0|96423|06/01/2024 07:50:27||34773|5630634544|6596700464
32529|0|4814|06/01/2024 15:02:13||8867|4245464888|5885594920
30884|0|17550|06/01/2024 03:40:03||49797|30231869248|45332120888
31683|0|86855|06/01/2024 09:21:18||29322|14175959016|14331275480
30520|0|54532|06/01/2024 01:21:07||58133|9295355176|12473836008
30910|0|40004|06/01/2024 03:50:24||49176|20685889456|27835970224
30154|0|51088|05/01/2024 23:05:38||66262|226118491296|432431091568
32468|0|66727|06/01/2024 14:46:59||9781|243606168|309874176
31457|0|31810|06/01/2024 07:48:42|06/01/2024 17:22:17|34415|9212911640|11174325776
31149|0|32232|06/01/2024 05:45:37||42263|15900981424|23544722472
31586|0|82321|06/01/2024 08:31:55||32285|23008517408|27298402328
31026|0|18957|06/01/2024 04:41:00||46140|6561013232|7365463688
32469|0|54433|06/01/2024 14:45:22||9878|629526704|798239712
31177|0|51211|06/01/2024 05:53:06||41814|2389236656|2600905032
32689|0|46986|06/01/2024 16:19:38||4222|464335904|626968848
32857|0|16362|06/01/2024 17:26:32||208|9628192|11118528
31704|0|42726|06/01/2024 09:30:14||28786|8148622016|10791907352
31273|0|60604|06/01/2024 06:39:09||39051|7634765232|9365224760
32347|0|25321|06/01/2024 13:56:01||12839|5359005056|5608234000
30398|0|90189|06/01/2024 00:32:57|06/01/2024 17:25:28|60751|152625324904|334720856616
31859|0|21997|06/01/2024 10:30:21||25179|3273714616|3793629176
32577|0|57050|06/01/2024 15:26:52||7388|2225310528|2966692280
32470|0|44745|06/01/2024 14:44:18||9942|1087042048|1411333720
32742|0|12863|06/01/2024 16:33:21||3399|3340756016|3728996632
32784|0|85856|06/01/2024 16:53:22||2198|82786016|103098856
31324|0|41001|06/01/2024 06:56:29||38011|571484592|662713272
32834|0|84447|06/01/2024 17:11:40||1100|1474162400|4059626344
31201|0|87252|06/01/2024 06:06:37||41003|8379814704|8410529200
32421|0|36663|06/01/2024 14:28:07||10913|5224507000|6017084640
32785|0|14295|06/01/2024 16:58:44||1876|1619064280|1868144080
30424|0|66412|06/01/2024 00:42:20||60460|21409256968|26767105920
32375|0|57243|06/01/2024 14:08:55||12065|12853657288|36919002232
31325|0|44381|06/01/2024 06:55:57||38043|4072762432|4194821144
31352|0|37635|06/01/2024 07:02:54||37626|662949496|912179112
32053|0|23523|06/01/2024 11:52:16||20264|112544912|166088672
32447|0|96534|06/01/2024 14:33:58||10562|4529931536|5282545568
32170|0|5989|06/01/2024 12:49:08||16852|1070752184|1079555256
31299|0|18724|06/01/2024 06:45:46||38654|13851302224|18525298960
32672|0|9797|06/01/2024 16:07:48||4932|2045356448|2170115072
31486|0|20125|06/01/2024 07:58:18||34302|10204643424|12366117024
32835|0|30922|06/01/2024 17:17:36||744|73672944|83891392
32146|0|85391|06/01/2024 12:33:37||17783|346803808|467925992
32760|0|4593|06/01/2024 16:44:30||2730|1070168|1271824
31901|0|16644|06/01/2024 10:56:08||23632|7093274104|8280951952
30663|0|31308|06/01/2024 02:20:18||54582|3817422328|4293358904
31513|0|82433|06/01/2024 08:01:25||34115|19934967224|26507441584
32376|0|90408|06/01/2024 14:05:10||12290|5110139048|5279183104
31606|0|58177|06/01/2024 08:49:01||31259|91397328176|191963677376
31514|0|81346|06/01/2024 08:08:12||33708|8296674392|8593170984
32265|0|89984|06/01/2024 13:23:13||14807|4022904584|5410331072
30949|0|79078|06/01/2024 04:17:19||47561|12893193392|19062627728
31353|0|8148|06/01/2024 07:02:19||37661|7363694744|9449752904
32471|0|15432|06/01/2024 14:48:30||9690|198011816|241376752
31587|0|76634|06/01/2024 08:37:41||31939|135698617136|272947040160
32243|0|26780|06/01/2024 13:14:15||15345|2262212688|2586963256
32619|0|65810|06/01/2024 15:49:21||6039|1516395136|1770965272
32348|0|4539|06/01/2024 13:54:18||12942|139143912|149787616
32266|0|78957|06/01/2024 13:28:24||14496|5479469784|6690823872
31830|0|29153|06/01/2024 10:21:41||25699|1270754336|3376584296
31136|0|99462|06/01/2024 05:32:45||43035|10730570264|13952127952
30786|0|15351|06/01/2024 03:06:29||51811|8835379064|11180708976
32289|0|60165|06/01/2024 13:39:48||13812|2576321864|3642201008
32620|0|86640|06/01/2024 15:44:04||6356|2574883704|2834379272
31979|0|22919|06/01/2024 11:21:29||22111|12437386592|18490889000
31150|0|66722|06/01/2024 05:45:52||42248|7727843784|8144510240
31065|0|47552|06/01/2024 05:00:13||44987|109043249056|256906475656
32472|0|52010|06/01/2024 14:40:54||10146|1540735736|1585634552
31538|0|5200|06/01/2024 08:19:30||33030|7623009360|10635933568
32218|0|43396|06/01/2024 13:00:36||16164|2894526576|3198218120
32147|0|36175|06/01/2024 12:31:00||17940|2793085832|3329049368
32024|0|21763|06/01/2024 11:45:00||20700|556617200|569709648
32267|0|51359|06/01/2024 13:24:02||14758|9129850280|5064670120
32812|0|54220|06/01/2024 17:01:55||1685|3880838672|9503528504
31275|0|26580|06/01/2024 06:33:16||39404|10474300760|10732786520
32448|0|28387|06/01/2024 14:38:48||10272|18390805616|42450221568
31684|0|79493|06/01/2024 09:27:39||28941|2086067224|2659870672
32148|0|23876|06/01/2024 12:38:26||17494|10490753064|7342549288
31957|0|66619|06/01/2024 11:18:59||22261|25212698344|56766285512
31705|0|31694|06/01/2024 09:36:24||28416|10027177480|10568561792
31831|0|6802|06/01/2024 10:29:00||25260|74678350248|158406343872
31091|0|62492|06/01/2024 05:12:44||44236|10775565608|13417049304
31326|0|60248|06/01/2024 06:57:00||37980|64213493208|157584111864
30664|0|78104|06/01/2024 02:20:46||54554|8995446592|11093865184
32025|0|60821|06/01/2024 11:40:54||20946|962355424|1152751720
31276|0|11838|06/01/2024 06:32:39||39441|24682771936|27882224384
32621|0|91475|06/01/2024 15:44:39||6321|550370296|726008176
31426|0|41167|06/01/2024 07:39:54||35406|4003658224|4042418504
31327|0|46705|06/01/2024 06:58:20||37900|6717701320|8943599568
32171|0|97111|06/01/2024 12:48:59||16861|2212480192|2283906080
30314|0|67311|06/01/2024 00:04:44||62716|11444856392|13388674896
30498|0|62028|06/01/2024 01:18:32||58288|52742084320|37061258168
31458|0|51364|06/01/2024 07:43:07||35213|9667605112|13552689560
32449|0|42829|06/01/2024 14:34:06||10554|726686776|828183352
32422|0|49563|06/01/2024 14:28:13||10907|590772104|869915896
32054|0|88059|06/01/2024 11:58:39||19881|19778169672|12230978960
32473|0|20046|06/01/2024 14:43:01||10019|2966174712|3496181592
31354|0|40916|06/01/2024 07:01:47||37693|2749091160|3729359752
32401|0|61437|06/01/2024 14:10:22||11978|900529040|1331777440
32149|0|97782|06/01/2024 12:36:17||17623|2483968336|7234409272
32578|0|71324|06/01/2024 15:29:48||7212|906416336|1065185840
32786|0|54993|06/01/2024 16:55:40||2060|138046872|162747648
32055|0|73198|06/01/2024 11:56:22||20018|3284417656|4780405696
32268|0|4492|06/01/2024 13:29:37||14423|5248595464|6555093480
31301|0|37858|06/01/2024 06:45:38||38662|4171876200|5902323384
31396|0|29132|06/01/2024 07:26:21||36219|69775648416|45369551824
32605|0|55593|06/01/2024 15:39:53||6607|5181684832|5984388384
32858|0|73499|06/01/2024 17:25:48||252|7819184|10988160
32377|0|32705|06/01/2024 14:00:25||12575|6709315760|8791128952
31397|0|69388|06/01/2024 07:26:22||36218|6729827616|6741738728
31427|0|18852|06/01/2024 07:35:35||35665|4454878368|6424864272
32220|0|48135|06/01/2024 13:01:59||16081|4688622672|6740363672
31902|0|14893|06/01/2024 10:50:52||23948|8058247864|9375010624
31728|0|88454|06/01/2024 09:45:52||27848|2008394792|2515412208
31787|0|76997|06/01/2024 10:02:21||26859|4025555216|6032205216
32649|0|35062|06/01/2024 15:56:12||5628|539276792|569797696
30936|0|61149|06/01/2024 04:07:23||48157|5225502272|6043628720
32580|0|77934|06/01/2024 15:25:05||7495|2494882856|2943654864
32150|0|15905|06/01/2024 12:38:00||17520|20831180280|15384835296
31929|0|49783|06/01/2024 11:08:31||22889|11480954024|13210682360
32172|0|47241|06/01/2024 12:40:10||17390|3937144440|3045840040
31487|0|16122|06/01/2024 07:52:29||34651|5411584936|7901380880
32269|0|88096|06/01/2024 13:21:15||14925|4791157984|4859203704
31428|0|42979|06/01/2024 07:39:48||35412|4664110808|5553662096
31788|0|22300|06/01/2024 10:07:46||26534|13328874496|14635561592
31881|0|12608|06/01/2024 10:46:09||24231|16000452296|16585489064
31958|0|11713|06/01/2024 11:16:33||22407|9268630496|10311380672
32402|0|24213|06/01/2024 14:13:18||11802|34587489248|65230708280
31488|0|8771|06/01/2024 07:56:44|06/01/2024 17:29:00|34336|76119280680|219052312280
32859|0|8771|06/01/2024 17:29:40||20|51043328|96791944
32221|0|80240|06/01/2024 13:06:57||15783|4545161016|5061191488
31515|0|89014|06/01/2024 08:02:16||34064|27166090760|18088645344
31628|0|65611|06/01/2024 08:54:04||30956|1346200920|1610677944
32027|0|59817|06/01/2024 11:47:18||20562|4730455248|5460033888
30727|0|5708|06/01/2024 02:49:37||52823|23004786720|25143765272
30177|0|21457|05/01/2024 23:11:28||65912|9027073600|9551426400
30428|0|87742|06/01/2024 00:44:25||60335|19518758312|20221813280
32056|0|19943|06/01/2024 11:56:45||19995|2752899624|3431966200
32690|0|56598|06/01/2024 16:12:40||4640|1134615152|1663453168
31328|0|90141|06/01/2024 06:55:36||38064|741135560|954409560
31092|0|21232|06/01/2024 05:17:36||43944|11732559456|13762524976
30937|0|63065|06/01/2024 04:05:59||48241|11403882096|12283179432
31644|0|57679|06/01/2024 09:03:19||30401|14602906624|21282386296
32057|0|6890|06/01/2024 11:55:14||20086|3636980720|4094003240
31686|0|42069|06/01/2024 09:21:02||29338|2455744928|2822385272
32423|0|50537|06/01/2024 14:27:29||10951|1448743128|1700350568
31043|0|15177|06/01/2024 04:56:56||45184|58741986312|112880632480
32743|0|75731|06/01/2024 16:34:49||3311|201481224|273721680
31996|0|86394|06/01/2024 11:39:41||21019|5833573560|5923491696
32787|0|90354|06/01/2024 16:51:31||2309|38354080|44457576
32554|0|63511|06/01/2024 15:17:24||7956|22099107936|52990245696
32350|0|93514|06/01/2024 13:56:20||12820|1629385328|1907411408
32530|0|93609|06/01/2024 15:02:35||8845|393305040|457552240
32650|0|21691|06/01/2024 15:50:23||5977|430261952|509613144
30343|0|61887|06/01/2024 00:19:05||61855|15112128952|19189810336
32836|0|82469|06/01/2024 17:17:17||763|12776512|16711832
31930|0|65046|06/01/2024 11:03:37||23183|66476066336|134365877512
30547|0|94318|06/01/2024 01:35:02||57298|28674965928|31285113608
30522|0|72262|06/01/2024 01:22:19||58061|113719582408|227342972512
32788|0|70352|06/01/2024 16:53:41||2179|107131536|119809216
31516|0|64617|06/01/2024 08:07:54||33726|49169853872|129528172528
31931|0|76632|06/01/2024 11:00:08||23392|15517649216|21933836328
31399|0|75307|06/01/2024 07:26:21||36219|353507384|463710920
32424|0|89998|06/01/2024 14:27:34||10946|4070892528|4945995456
31932|0|66625|06/01/2024 11:01:02||23338|7425444240|8569961088
31303|0|42589|06/01/2024 06:43:55||38765|3764588096|5111926848
32622|0|55364|06/01/2024 15:48:45||6075|1506026304|1840849472
31429|0|99038|06/01/2024 07:38:43||35477|61716991872|34495840536
32581|0|44391|06/01/2024 15:28:44||7276|757585280|957462248
32222|0|24609|06/01/2024 13:05:26||15874|11351432048|15107256144
32761|0|20346|06/01/2024 16:42:21||2859|407191064|505945816
31789|0|33387|06/01/2024 10:01:53||26887|808591416|814913016
31645|0|23057|06/01/2024 09:02:27||30453|11731353832|13302550800
31203|0|15233|06/01/2024 06:00:39|06/01/2024 17:21:40|40861|8664281160|10597952904
32606|0|75256|06/01/2024 15:30:31||7169|2636859840|3718107560
31997|0|53450|06/01/2024 11:33:54||21366|3846073552|3936162064
31489|0|82975|06/01/2024 07:55:36||34464|5103838032|6529623872
31729|0|7198|06/01/2024 09:49:06||27654|7318912008|10565967264
31882|0|61892|06/01/2024 10:42:12||24468|6424872992|8298081944
31959|0|48755|06/01/2024 11:14:18||22542|1917069528|2034800432
32673|0|88718|06/01/2024 16:05:32||5068|2065715640|2760546744
32813|0|47033|06/01/2024 17:00:46||1754|78516392|82261048
32198|0|12492|06/01/2024 12:52:09||16671|3706329624|3948206320
32474|0|20897|06/01/2024 14:46:47||9793|947260088|1406257024
32500|0|56137|06/01/2024 14:51:01||9539|116612368|133432144
32762|0|61923|06/01/2024 16:43:16||2804|38204704|47826424
32475|0|26625|06/01/2024 14:43:45||9975|45888824952|93443072816
31152|0|73381|06/01/2024 05:45:48||42252|13212401552|15922940040
32744|0|94806|06/01/2024 16:39:14||3046|1231681088|1433173040
31460|0|38509|06/01/2024 07:44:38||35122|3638642808|4212549776
32691|0|52021|06/01/2024 16:14:06||4554|1546113272|2000798480
31400|0|47290|06/01/2024 07:20:14||36586|3440894120|5043400112
32501|0|61999|06/01/2024 14:59:40||9020|400765232|425598768
30500|0|89387|06/01/2024 01:19:51||58209|5340244856|7867893488
31304|0|10306|06/01/2024 06:47:29||38551|2334277816|2492995448
32714|0|20647|06/01/2024 16:26:44||3796|1694895672|2009117376
32692|0|91721|06/01/2024 16:18:08||4312|3170216608|3528848296
31278|0|35607|06/01/2024 06:37:18||39162|21190540672|29012290680
31517|0|30399|06/01/2024 08:00:37||34163|43435034320|91855599408
31204|0|19163|06/01/2024 06:02:15||41265|851185424|1220560224
31401|0|67103|06/01/2024 07:21:02||36538|97420526816|290876329144
32715|0|31043|06/01/2024 16:25:51||3849|813997432|1061960496
32582|0|55102|06/01/2024 15:26:10||7430|871730080|1165361984
32555|0|35810|06/01/2024 15:11:10||8330|1414640824|2119261224
32503|0|80867|06/01/2024 14:58:13||9107|1223288232|1441951728
32837|0|51298|06/01/2024 17:10:47||1153|73135600|103441424
32716|0|11403|06/01/2024 16:28:01||3719|78112376|82046336
31279|0|8452|06/01/2024 06:37:49||39131|9348055552|11727216000
32651|0|67839|06/01/2024 15:52:59||5821|1840663720|2077834592
31998|0|99675|06/01/2024 11:38:39||21081|374354504|499537392
31403|0|31381|06/01/2024 07:20:25||36575|3167778848|4336924968
31430|0|43205|06/01/2024 07:31:00||35940|7081881472|9728204272
32426|0|21673|06/01/2024 14:23:13||11207|26970512896|51672069160
32224|0|21827|06/01/2024 13:01:09||16131|428973264|623636240
30952|0|20487|06/01/2024 04:13:40|06/01/2024 17:24:42|47462|1424037688|2095521560
32860|0|20487|06/01/2024 17:25:35||265|632560|909584
32838|0|79687|06/01/2024 17:16:24||816|68961624|93285248
32320|0|12816|06/01/2024 13:41:05||13735|18008246904|39504237984
32271|0|69686|06/01/2024 13:21:09||14931|4788615424|6174754632
31179|0|66026|06/01/2024 05:50:20||41980|162059421640|308610719992
30401|0|53935|06/01/2024 00:33:29||60991|14473099544|16181580160
31730|0|30505|06/01/2024 09:43:20||28000|2248955672|3053401216
32504|0|38745|06/01/2024 14:55:04||9296|324485984|331751696
32674|0|32328|06/01/2024 16:06:47||4993|1200256872|1270112376
30938|0|4467|06/01/2024 04:06:26||48214|4288100296|6429592160
31999|0|39927|06/01/2024 11:34:58||21302|43914050616|93013993456
32199|0|99132|06/01/2024 12:54:39|06/01/2024 17:23:01|16102|5244416576|5382535440
32861|0|99132|06/01/2024 17:23:59||361|66239784|78288848
32379|0|83926|06/01/2024 14:08:51||12069|5726910648|7857376216
32351|0|63833|06/01/2024 13:53:00||13020|69537928|94297504
32763|0|78575|06/01/2024 16:43:49||2771|730524800|827982264
32427|0|22859|06/01/2024 14:28:57||10863|299864744|426778784
31379|0|97830|06/01/2024 07:14:18||36942|5201266976|5887776960
31138|0|64521|06/01/2024 05:37:56||42724|16370102176|21811560776
31764|0|44115|06/01/2024 09:59:35||27025|3157543936|3356015808
31541|0|26176|06/01/2024 08:14:28||33332|18114148144|11267334648
31933|0|87020|06/01/2024 11:06:51||22989|2185476264|2674853520
31731|0|66185|06/01/2024 09:44:20||27940|3581055648|5250440784
31812|0|9820|06/01/2024 10:18:44||25876|15935025728|20893990120
32476|0|80798|06/01/2024 14:41:43||10097|2221728512|3281112384
32450|0|52285|06/01/2024 14:31:10||10730|33978817728|86908200960
32151|0|7176|06/01/2024 12:35:37||17663|1802513184|2300538752
31118|0|13029|06/01/2024 05:28:00||43320|4124857904|5563650416
31404|0|87398|06/01/2024 07:27:02||36178|85845914224|177601364288
32028|0|76719|06/01/2024 11:45:27||20673|40975561456|119894565624
32201|0|14069|06/01/2024 12:54:19||16541|33855875496|70819894984
32272|0|47925|06/01/2024 13:28:16||14504|3696276080|4657135400
31431|0|44497|06/01/2024 07:33:55||35765|29512446680|40494118632
31153|0|30797|06/01/2024 05:46:41||42199|9630329480|14101417920
30690|0|21417|06/01/2024 02:33:24||53796|36963616464|40255963976
32321|0|97515|06/01/2024 13:48:17||13303|402922688|458873864
32789|0|88205|06/01/2024 16:59:22||1838|136381792|142346384
31280|0|67368|06/01/2024 06:38:57||39063|11472702080|16673447632
30524|0|77259|06/01/2024 01:21:47||58093|2731611832|3371011808
32790|0|96661|06/01/2024 16:55:39||2061|272810688|334719864
31491|0|86178|06/01/2024 07:51:38||34702|3696521120|3749939408
30548|0|77651|06/01/2024 01:36:00||57240|4414984896|5577197536
30403|0|54879|06/01/2024 00:38:56||60664|9087166584|12012593312
32102|0|31407|06/01/2024 12:18:01||18719|2019742896|2230767448
32070|0|55502|06/01/2024 12:02:54||19626|2968701448|3452992688
32202|0|39921|06/01/2024 12:54:50||16510|12109347328|14179795032
32203|0|5653|06/01/2024 12:58:52||16268|1132563672|1385052288
32531|0|9731|06/01/2024 15:03:43||8777|21234907160|47054759176
32244|0|76157|06/01/2024 13:13:28||15392|1724865304|1863020136
30210|0|40982|05/01/2024 23:20:46||65354|15804373832|20043645560
32717|0|32366|06/01/2024 16:29:26||3634|10258404752|30305510784
32607|0|81894|06/01/2024 15:36:20||6820|535626960|602792464
31094|0|92304|06/01/2024 05:13:11||44209|16182540696|19160892104
32693|0|10021|06/01/2024 16:16:51||4389|313183840|441780832
30731|0|98479|06/01/2024 02:49:22||52838|11492651976|15401814600
32791|0|15671|06/01/2024 16:53:07||2213|2031541488|2255405480
31154|0|19033|06/01/2024 05:40:03|06/01/2024 17:21:04|42061|31366970544|34634953080
32862|0|19033|06/01/2024 17:22:48||432|20119176|23071328
32792|0|24594|06/01/2024 16:57:59||1921|185181312|250639488
31542|0|18593|06/01/2024 08:16:29||33211|23002357912|25301839872
30732|0|60247|06/01/2024 02:44:09||53151|9789077408|9985791336
31708|0|66325|06/01/2024 09:35:15||28485|622997720|623668120
32451|0|79106|06/01/2024 14:37:34||10346|201596040|236435840
32352|0|32026|06/01/2024 13:58:47||12673|322687328|429546384
31666|0|29693|06/01/2024 09:11:09||29931|11977624|13737760
32353|0|78121|06/01/2024 13:57:17||12763|12135202008|12485280736
32863|0|88853|06/01/2024 17:28:31||89|6899192|10344776
31492|0|26118|06/01/2024 07:57:27||34353|5156053832|6437854016
31646|0|11561|06/01/2024 09:08:57||30063|3768897888|4388082904
32152|0|66920|06/01/2024 12:35:51||17649|5678994120|8250652872
32764|0|92612|06/01/2024 16:49:14||2446|4584793264|9898149760
32380|0|87906|06/01/2024 14:04:56||12304|32229647720|74298552056
32556|0|68623|06/01/2024 15:15:27||8073|981253384|1239402216
31520|0|22149|06/01/2024 08:02:36||34044|10107803208|12176788424
32273|0|93398|06/01/2024 13:23:19||14801|4638171104|6816663592
32652|0|21544|06/01/2024 15:53:57||5763|1049031456|1270167888
32532|0|70264|06/01/2024 15:01:01||8939|1984765288|2010093376
31688|0|21856|06/01/2024 09:22:13||29267|2692434512|3863140888
32653|0|48466|06/01/2024 15:51:15||5925|1622757904|2300148928
31960|0|37232|06/01/2024 11:11:47||22693|12289103152|16841353128
32322|0|47102|06/01/2024 13:42:34||13646|3189256008|4391421152
31710|0|89878|06/01/2024 09:39:46||28214|7337683944|10259387816
32557|0|83852|06/01/2024 15:18:55||7865|1627949240|1856105480
32814|0|54072|06/01/2024 17:09:20||1240|43703576|44120896
32506|0|20461|06/01/2024 14:57:46||9134|813691856|1184207992
31961|0|86957|06/01/2024 11:14:05||22555|820447896|924548736
32354|0|62538|06/01/2024 13:51:54||13086|514395816|770806152
31903|0|84557|06/01/2024 10:51:11||23929|50390282640|100336983608
30595|0|16025|06/01/2024 01:58:00||55920|2705823288|3023642168
30790|0|73017|06/01/2024 03:04:57||51903|87012694784|237612463520
31904|0|38351|06/01/2024 10:54:32||23728|9835252352|9934130000
30824|0|60391|06/01/2024 03:18:52||51068|13129171344|15396683536
29959|0|87312|05/01/2024 21:43:45||71175|10541774776|14939104728
31733|0|83640|06/01/2024 09:46:55||27785|33707206048|89669959616
31435|0|58758|06/01/2024 07:30:40||35960|1337192040|1967963392
31521|0|11392|06/01/2024 08:04:59||33901|17564106984|24044341888
31591|0|75110|06/01/2024 08:38:22||31898|12429762032|18233983696
31071|0|72869|06/01/2024 05:01:55||44885|6076762488|6270409440
32029|0|97683|06/01/2024 11:40:09||20991|309240904|309852336
32428|0|15140|06/01/2024 14:26:51||10989|2434283224|2764186552
31689|0|9484|06/01/2024 09:25:34||29066|7004135792|9317493336
32059|0|10014|06/01/2024 11:52:29||20251|7896155768|10101563040
32174|0|89254|06/01/2024 12:42:31||17249|4945789928|6131002584
32452|0|99765|06/01/2024 14:31:32||10708|882486376|974826008
32290|0|17646|06/01/2024 13:38:25||13895|3476408072|4861967568
32533|0|11723|06/01/2024 15:09:40||8420|1299469912|1816905128
31247|0|41487|06/01/2024 06:26:16||39824|24767968088|26898584944
32103|0|7936|06/01/2024 12:16:16||18824|2295301952|2657911096
32694|0|36156|06/01/2024 16:14:08||4552|6550968576|4287557720
32623|0|85504|06/01/2024 15:44:51||6309|3649610616|3935828888
30233|0|50217|05/01/2024 23:37:20||64360|14836882912|18532220472
31766|0|81865|06/01/2024 09:53:45||27375|7618263904|9665033264
32793|0|87989|06/01/2024 16:58:36||1884|80719240|106681496
32718|0|32356|06/01/2024 16:28:03||3717|1041001208|1042462264
31815|0|10022|06/01/2024 10:15:31||26069|2191011280|2619149272
32071|0|33659|06/01/2024 12:00:09||19791|272730896|326527136
31305|0|59871|06/01/2024 06:44:17||38743|17415874296|19561250432
32654|0|81175|06/01/2024 15:52:19||5861|596770232|680593768
31461|0|61780|06/01/2024 07:42:43||35237|5803150896|7828900824
32175|0|23997|06/01/2024 12:45:21|06/01/2024 17:24:29|16748|3806497904|5159396976
31560|0|65242|06/01/2024 08:28:54||32466|5020227632|7328771872
32381|0|83574|06/01/2024 14:06:22||12218|43283664224|93307258472
31248|0|20948|06/01/2024 06:27:01||39779|10071062256|10969801576
32507|0|89326|06/01/2024 14:53:55||9365|2258651080|2705572192
32624|0|92239|06/01/2024 15:48:39||6081|2339357544|3060069328
30159|0|37512|05/01/2024 23:01:12||66528|25660742192|30930680696
30502|0|4713|06/01/2024 01:10:12||58788|35541953896|41348790176
32675|0|74252|06/01/2024 16:02:13||5267|19919637016|38845841520
31226|0|95626|06/01/2024 06:16:36||40404|7266267960|9293542296
31493|0|44332|06/01/2024 07:52:24||34656|8925838400|13253836984
31382|0|71110|06/01/2024 07:17:42||36738|10630901488|13736561352
32508|0|89700|06/01/2024 14:54:31||9329|1875011752|1943262024
32558|0|97929|06/01/2024 15:19:29||7831|4268176784|5320731072
30791|0|97644|06/01/2024 03:04:49||51911|13910101392|17788940328
32765|0|66446|06/01/2024 16:47:55||2525|199554448|216919872
31181|0|45519|06/01/2024 05:58:14||41506|16106433712|23237296336
31281|0|19965|06/01/2024 06:35:32||39268|5508285216|6617991448
32794|0|36373|06/01/2024 16:59:55||1805|70013352|97398032
32795|0|76698|06/01/2024 16:57:14||1966|61955800|75858768
32719|0|85429|06/01/2024 16:26:26||3814|730494776|754931520
31140|0|40634|06/01/2024 05:32:43||43037|645636440|772043168
32204|0|82539|06/01/2024 12:54:31||16529|157818440|159858528
31711|0|85726|06/01/2024 09:38:17||28303|64422417216|157398546696
30865|0|13619|06/01/2024 03:39:35||49825|4974127304|6556798624
31282|0|24829|06/01/2024 06:34:48||39312|3188265704|4047428128
32839|0|19394|06/01/2024 17:18:19||701|1002581296|2973392912
31816|0|79473|06/01/2024 10:15:08||26092|4948150696|7275704336
32477|0|80338|06/01/2024 14:49:24||9636|35429279264|66792646864
32559|0|80111|06/01/2024 15:15:10||8090|1010058224|1439498080
32355|0|60063|06/01/2024 13:53:33||12987|4489319616|5389485480
31633|0|31666|06/01/2024 08:53:30||30990|857788280|1152723272
31283|0|45148|06/01/2024 06:38:37||39083|9475340680|12935146680
30974|0|8112|06/01/2024 04:21:38||47302|3337496088|3730361888
31155|0|96779|06/01/2024 05:48:33||42087|2066296408|2803752656
32453|0|77834|06/01/2024 14:33:01||10619|421335136|467481896
31463|0|60826|06/01/2024 07:48:43||34877|1518794744|2002767440
32382|0|37121|06/01/2024 14:02:57||12423|102051288|146954784
30887|0|79657|06/01/2024 03:45:41||49459|30451559200|44291618904
32695|0|55293|06/01/2024 16:17:39||4341|1683327600|2349622704
31156|0|35946|06/01/2024 05:49:35||42025|10938909104|11952426040
31734|0|92253|06/01/2024 09:40:28||28172|908546432|946378280
32324|0|11466|06/01/2024 13:43:48||13572|1714984488|2428072112
31330|0|61600|06/01/2024 06:58:20||37900|9689206088|13203441336
32061|0|99822|06/01/2024 11:50:05||20395|8504217552|10963229360
32072|0|20360|06/01/2024 12:01:27||19713|1209643960|1423265168
31962|0|68549|06/01/2024 11:19:35||22225|2046684272|2179616280
32655|0|42501|06/01/2024 15:57:44||5536|307985080|371523960
31768|0|83317|06/01/2024 09:58:16||27104|1280577144|1782949600
31817|0|45343|06/01/2024 10:16:39||26001|7236782064|8020035328
32625|0|89316|06/01/2024 15:40:01||6599|3076682176|4019552352
32429|0|60968|06/01/2024 14:27:41||10939|68992832|93957712
31564|0|10152|06/01/2024 08:25:41||32659|14107397720|20464493784
31494|0|14256|06/01/2024 07:53:20||34600|19705888440|23855819536
32656|0|90723|06/01/2024 15:57:42||5538|473929416|484445560
31712|0|5341|06/01/2024 09:31:00||28740|2370931480|2736956792
32583|0|19747|06/01/2024 15:29:36||7224|318373440|373537080
30668|0|14486|06/01/2024 02:26:24||54216|13185242200|13404282992
30888|0|89349|06/01/2024 03:43:56||49564|10149565376|10984499304
32560|0|21026|06/01/2024 15:18:12||7908|2058660064|2984621584
30842|0|22037|06/01/2024 03:22:00||50880|7104047136|10626753120
31934|0|68378|06/01/2024 11:00:34||23366|3380284584|4551237024
32177|0|33554|06/01/2024 12:43:27||17193|32264600136|70022003664
31791|0|15632|06/01/2024 10:07:40||26540|8457766888|11369255408
32245|0|86647|06/01/2024 13:11:57|06/01/2024 17:24:38|15161|2713499128|3130532488
32383|0|76334|06/01/2024 14:06:52||12188|4945618768|5033336768
32608|0|41740|06/01/2024 15:30:56||7144|1021730248|1079095704
31495|0|60474|06/01/2024 07:52:58||34622|8758538056|10771363536
32657|0|18827|06/01/2024 15:53:24||5796|500475752|690272800
31610|0|31771|06/01/2024 08:44:29||31531|733338768|875308568
32534|0|96638|06/01/2024 15:08:17||8503|900154928|1197220256
32766|0|34171|06/01/2024 16:45:26||2674|703075456|838525672
31438|0|95571|06/01/2024 07:36:33||35607|2343587424|2731606368
32658|0|70987|06/01/2024 15:56:01||5639|393325968|399160896
31496|0|80671|06/01/2024 07:58:29||34291|4695347752|6457905352
30579|0|30802|06/01/2024 01:41:57||56883|8019886320|9439232176
31408|0|59591|06/01/2024 07:27:04||36176|5997554272|6307110760
31497|0|53609|06/01/2024 07:50:29||34771|6619095888|7880838448
32478|0|7346|06/01/2024 14:43:17||10003|483364176|589003304
32104|0|4571|06/01/2024 12:19:21||18639|902187024|1274167760
32226|0|92202|06/01/2024 13:06:11||15829|3314838680|4775667624
32720|0|77547|06/01/2024 16:24:33||3927|178444216|255567088
32275|0|18451|06/01/2024 13:24:03||14757|863744536|968408912
32126|0|95315|06/01/2024 12:20:31||18569|35452610456|71138031664
31097|0|87040|06/01/2024 05:10:19||44381|11461256736|13103338176
31592|0|69104|06/01/2024 08:32:25||32255|11167939024|11714661336
31206|0|12308|06/01/2024 06:01:56||41284|9615416384|14359461320
32745|0|31637|06/01/2024 16:30:39||3561|33331296|34506168
32479|0|36534|06/01/2024 14:45:08||9892|3188091760|4132000288
32454|0|45869|06/01/2024 14:36:24||10416|179991624|250626048
32127|0|85532|06/01/2024 12:23:42||18378|5850891664|7914196704
32535|0|15781|06/01/2024 15:01:50||8890|1806938432|2439060168
32626|0|7108|06/01/2024 15:44:46||6314|2962521640|3364723456
32815|0|46049|06/01/2024 17:03:14||1606|1691427760|1148529968
31306|0|34436|06/01/2024 06:47:00||38580|9981680312|14955351696
32561|0|94877|06/01/2024 15:15:20||8080|975912768|1102846552
31649|0|98813|06/01/2024 09:09:21||30039|4183928720|5510179272
32384|0|50421|06/01/2024 14:09:41||12019|1218227456|1721985168
32073|0|81330|06/01/2024 12:05:49||19451|960585992|1003128744
32154|0|59094|06/01/2024 12:30:13||17987|3283977968|4212105512
32767|0|96049|06/01/2024 16:47:17||2563|18770088|19277176
31228|0|51793|06/01/2024 06:11:25||40715|19248360976|23947092560
32325|0|55345|06/01/2024 13:43:47||13573|15522538704|19047009320
31047|0|71414|06/01/2024 04:51:12||45528|11144885232|15058384728
31498|0|66574|06/01/2024 07:51:10||34730|85980092304|221232906312
31837|0|32627|06/01/2024 10:28:56||25264|88578121600|180674622760
32246|0|47605|06/01/2024 13:14:31||15329|3598807408|4391822280
30624|0|84174|06/01/2024 02:09:25||55235|17050915944|20488710336
32178|0|30269|06/01/2024 12:43:21||17199|3735778264|4940586984
31286|0|5293|06/01/2024 06:36:00||39240|3048864096|3544971176
32816|0|23279|06/01/2024 17:09:36||1224|135330672|146770760
32796|0|54529|06/01/2024 16:57:29||1951|171820584|205516712
31307|0|12117|06/01/2024 06:41:16||38924|2728826824|3657264216
32030|0|15289|06/01/2024 11:43:02||20818|3066138752|3354906184
31333|0|30128|06/01/2024 06:50:40||38360|4587715792|4737636672
31862|0|97245|06/01/2024 10:38:46||24674|5081703848|6001149912
32276|0|38245|06/01/2024 13:23:36||14784|5026004768|7134692816
31543|0|33117|06/01/2024 08:10:03||33597|3953034936|5290737768
31074|0|32313|06/01/2024 05:03:57||44763|16270106400|18553619192
32768|0|28726|06/01/2024 16:42:23||2857|839380904|934139448
32074|0|93451|06/01/2024 12:01:04||19736|777031872|963077320
32746|0|35019|06/01/2024 16:37:53||3127|82064400|111173856
31936|0|76706|06/01/2024 11:02:50||23230|3158126136|3697279960
31075|0|7769|06/01/2024 05:01:23||44917|20762780640|30028042432
30735|0|22415|06/01/2024 02:49:30||52830|17883029248|23709156656
31963|0|27750|06/01/2024 11:16:20|06/01/2024 17:29:09|22369|15751180656|18161008112
30237|0|79232|05/01/2024 23:38:35||64285|12950378280|14483132024
30643|0|57831|06/01/2024 02:14:25|06/01/2024 17:27:05|54760|8596665416|9849061088
32480|0|82438|06/01/2024 14:40:13||10187|3383132704|4073638176
32817|0|42706|06/01/2024 17:02:01||1679|40677032|47382176
31863|0|64351|06/01/2024 10:34:29||24931|6574990296|8208054608
32864|0|16845|06/01/2024 17:27:12||168|5002696|5302560
32536|0|4679|06/01/2024 15:03:23||8797|1688387232|2022681288
32430|0|37455|06/01/2024 14:26:43||10997|1709669144|1922543888
30131|0|35026|05/01/2024 22:56:03||66837|3753837944|5155980944
31565|0|96328|06/01/2024 08:25:17||32683|11224054528|12722881712
30827|0|34410|06/01/2024 03:19:17||51043|14513381144|20213960104
32769|0|69883|06/01/2024 16:49:41||2419|61376840|72194576
32205|0|26103|06/01/2024 12:59:43||16217|1370182872|1472051792
31713|0|96489|06/01/2024 09:33:53||28567|64279430304|153383239752
32247|0|27111|06/01/2024 13:10:17||15583|1447001504|2048540200
31650|0|80075|06/01/2024 09:07:27||30153|3187333056|3601696328
32105|0|41229|06/01/2024 12:10:24||19176|870267168|1240110720
30257|0|71547|05/01/2024 23:46:34||63806|4114984304|4184481752
32356|0|12623|06/01/2024 13:54:40||12920|3698444312|4688410968
32584|0|8672|06/01/2024 15:24:03||7557|1386691360|1418887008
32797|0|77448|06/01/2024 16:59:16||1844|17825696|23375680
31980|0|75783|06/01/2024 11:29:14||21646|10781583136|14589605152
31335|0|70958|06/01/2024 06:50:08||38392|6760856320|9681881800
31905|0|48155|06/01/2024 10:58:58||23462|1076552240|1333155064
30866|0|92657|06/01/2024 03:32:44||50236|31534296080|41538100984
32292|0|9141|06/01/2024 13:30:27||14373|4896380168|5982795704
31251|0|80768|06/01/2024 06:28:48||39672|20940365784|22597419400
32031|0|60954|06/01/2024 11:43:00||20820|1270264272|1587940200
31466|0|98606|06/01/2024 07:40:21||35379|10860776912|12047378800
31906|0|41412|06/01/2024 10:54:25||23735|1368578440|1847461920
30736|0|6895|06/01/2024 02:40:06||53394|16484886168|19348758352
32155|0|77887|06/01/2024 12:33:53||17767|822029408|1020530200
32537|0|96606|06/01/2024 15:04:07||8753|22617719992|42711843944
31142|0|91926|06/01/2024 05:32:25||43055|12736531360|16149839000
32156|0|68801|06/01/2024 12:36:38||17602|1792979296|2069276880
32676|0|7806|06/01/2024 16:09:00||4860|1673826936|2472348384
32455|0|52231|06/01/2024 14:31:36||10704|3232655728|3532704704
32770|0|91980|06/01/2024 16:40:38||2962|843319024|1214555336
31794|0|85181|06/01/2024 10:08:08||26512|5028505968|5158627744
32032|0|98757|06/01/2024 11:42:41||20839|1194815192|1448458160
31594|0|64022|06/01/2024 08:34:51||32109|14029827952|16926051504
31048|0|50729|06/01/2024 04:50:32||45568|16108959176|18333855640
32677|0|35718|06/01/2024 16:04:53||5107|472954968|550861744
32385|0|63491|06/01/2024 14:09:08||12052|206807416|261785544
32840|0|86057|06/01/2024 17:14:40||920|133949232|164278408
31864|0|80531|06/01/2024 10:33:41||24979|929983128|1223859240
32818|0|24262|06/01/2024 17:08:15||1305|233396104|325398240
30645|0|83607|06/01/2024 02:13:13||55007|15320504736|22151267696
32627|0|93067|06/01/2024 15:47:19||6161|336413200|370728632
31185|0|25907|06/01/2024 05:56:35||41605|16772767000|13701974600
30379|0|75211|06/01/2024 00:22:39|06/01/2024 17:21:15|61116|3106172192|3239341720
32180|0|74236|06/01/2024 12:41:26||17314|5182407672|5893101200
32865|0|14713|06/01/2024 17:26:33||207|22336584|28385504
32798|0|41122|06/01/2024 16:54:21||2139|268228000|339549240
32678|0|68955|06/01/2024 16:04:26||5134|629946208|687599592
30737|0|25429|06/01/2024 02:42:15||53265|14033602776|26201302856
32481|0|99435|06/01/2024 14:44:07||9953|124050824|178905960
32206|0|56861|06/01/2024 12:52:54||16626|2208857456|3309452816
32248|0|5229|06/01/2024 13:19:31||15029|3108179616|3242906984
32866|0|43993|06/01/2024 17:25:21||279|36366856|39226040
32277|0|58268|06/01/2024 13:22:52||14828|1388809328|1444129968
31158|0|27338|06/01/2024 05:47:15||42165|13189205672|14567658080
32819|0|85851|06/01/2024 17:07:28||1352|74208232|84004056
31668|0|9180|06/01/2024 09:12:35||29845|11500072864|13542142208
31938|0|25908|06/01/2024 11:03:24||23196|5968642856|6169604144
31690|0|85349|06/01/2024 09:23:06||29214|786356664|1153361808
31252|0|26034|06/01/2024 06:20:10||40190|7781639952|9078450240
32628|0|64648|06/01/2024 15:43:14||6406|3388513896|3598243592
32747|0|91369|06/01/2024 16:32:23||3457|1988857088|2337325824
32696|0|11122|06/01/2024 16:13:11||4609|937063656|1151455080
32326|0|78438|06/01/2024 13:43:19||13601|4616515848|6673535744
31907|0|78285|06/01/2024 10:56:23||23617|2970438208|3000891288
32721|0|73115|06/01/2024 16:26:27||3813|9312391424|19200266728
30482|0|68611|06/01/2024 01:03:44||59176|1011359168|1243224968
32033|0|7960|06/01/2024 11:44:02||20758|5090084520|5210057976
31634|0|22823|06/01/2024 08:51:51||31089|14080105512|17392868872
32609|0|37004|06/01/2024 15:33:12||7008|1828267048|1977672568
30890|0|31918|06/01/2024 03:42:26||49654|13220189080|17349709800
32357|0|77062|06/01/2024 13:54:32||12928|5311760504|7962648064
30406|0|70289|06/01/2024 00:31:15||61125|25276526648|16306479456
30976|0|87107|06/01/2024 04:23:20||47200|1387536288|2003118624
32585|0|21333|06/01/2024 15:24:26||7534|1859230376|2279083080
31500|0|45176|06/01/2024 07:54:15||34545|16497808648|20190180256
32157|0|6153|06/01/2024 12:36:11||17629|3252484680|4850502912
32431|0|6702|06/01/2024 14:23:23||11197|5444456328|6371266856
31635|0|33922|06/01/2024 08:57:44||30736|4621684752|4909854456
32327|0|65778|06/01/2024 13:47:00||13380|19964382056|55726765168
32227|0|82971|06/01/2024 13:07:05||15775|35777991720|73954071448
31121|0|61945|06/01/2024 05:21:16||43724|29431148000|29908941280
32328|0|41315|06/01/2024 13:40:44||13756|1303859328|1732148792
30349|0|37027|06/01/2024 00:11:54||62286|7457670680|8733122104
30738|0|25403|06/01/2024 02:49:07||52853|149688692120|375219231984
30407|0|46855|06/01/2024 00:31:41||61099|4258353896|5988053248
32076|0|13064|06/01/2024 12:02:01||19679|390681376|582148880
30527|0|31411|06/01/2024 01:24:42||57918|316272953176|229840694480
32748|0|34153|06/01/2024 16:34:11||3349|572908104|818432184
32107|0|54720|06/01/2024 12:16:04||18836|23212666808|18753294296
30917|0|50750|06/01/2024 03:50:10||49190|16020353120|22075470136
31358|0|15513|06/01/2024 07:03:51||37569|4383924328|4622862552
30625|0|67643|06/01/2024 02:00:04||55796|4657895016|5509039256
32077|0|85960|06/01/2024 12:06:11||19429|13992757184|33573458624
32659|0|6116|06/01/2024 15:52:42||5838|14133433880|30201329592
31770|0|88558|06/01/2024 09:52:30||27450|9771636856|12466567704
32749|0|50288|06/01/2024 16:35:01||3299|1795389872|2280224368
31005|0|97249|06/01/2024 04:36:36||46404|5192996208|5515075440
31467|0|53664|06/01/2024 07:44:49||35111|12132823320|13226079672
32697|0|91092|06/01/2024 16:16:19||4421|9839554248|20855523808
30239|0|35214|05/01/2024 23:32:23||64657|156667096000|368371440000
31908|0|41861|06/01/2024 10:55:54||23646|65961441872|130820823192
31310|0|57918|06/01/2024 06:40:04||38996|11344866736|16792169904
31336|0|34590|06/01/2024 06:50:18||38382|43643912320|91109379480
32329|0|10330|06/01/2024 13:43:39||13581|1060620784|1283596176
32722|0|79624|06/01/2024 16:28:35||3685|1659560176|1838476736
30868|0|94252|06/01/2024 03:39:08||49852|16808988248|20246310200
31566|0|12085|06/01/2024 08:26:50||32590|5368571008|6240490560
32629|0|93211|06/01/2024 15:48:19||6101|138688416|196404424
32509|0|38527|06/01/2024 14:52:54||9426|15254753264|42185508608
31359|0|56679|06/01/2024 07:00:04||37796|18492402304|27247801992
32000|0|46835|06/01/2024 11:32:33||21447|2302802000|2424357888
30261|0|72510|05/01/2024 23:40:09||64191|16772985696|17218321272
32078|0|96168|06/01/2024 12:08:40||19280|2071301368|2736378240
32062|0|61372|06/01/2024 11:54:35||20125|1966124264|2357921760
30381|0|77953|06/01/2024 00:21:34||61706|117921020936|327887454472
31440|0|46653|06/01/2024 07:36:22||35618|4309950864|4565317056
30191|0|17802|05/01/2024 23:19:22||65438|4346463528|5945506360
30647|0|24748|06/01/2024 02:18:23||54697|100117317552|261328142120
31100|0|92205|06/01/2024 05:14:12||44148|6724570656|7100277360
31501|0|73152|06/01/2024 07:55:54||34446|11772486552|16682370440
30672|0|70666|06/01/2024 02:26:51||54189|108400049176|234711257928
32820|0|59731|06/01/2024 17:04:28||1532|43451816|46674704
32079|0|16415|06/01/2024 12:02:26||19654|8405001160|11203591008
32457|0|29486|06/01/2024 14:38:26||10294|3826848864|3999819616
31567|0|92449|06/01/2024 08:25:34||32666|13854401904|15814992584
30673|0|67715|06/01/2024 02:22:11||54469|2424287816|3316062624
32510|0|74606|06/01/2024 14:52:00||9480|417078616|460978592
32799|0|99981|06/01/2024 16:51:45||2295|32464088|33533616
32511|0|6993|06/01/2024 14:50:22||9578|274679808|316850912
30978|0|10919|06/01/2024 04:29:05||46855|3645267712|4438043232
32386|0|30566|06/01/2024 14:09:47||12013|4595330752|5360960408
32387|0|74015|06/01/2024 14:04:01||12359|1062478128|1092648320
30699|0|78954|06/01/2024 02:35:21||53679|11649227800|12146083696
30582|0|31003|06/01/2024 01:40:28||56972|5260492640|7840403488
31614|0|74187|06/01/2024 08:45:31||31469|773669872|783137800
31940|0|66099|06/01/2024 11:07:05||22975|1409789384|2032207744
31229|0|67317|06/01/2024 06:14:54||40506|9597901880|9600453600
31981|0|60921|06/01/2024 11:29:47||21613|5678771400|7576615680
32358|0|18073|06/01/2024 13:52:24||13056|17642690584|39243822864
31964|0|86624|06/01/2024 11:18:09||22311|21829371936|24084842440
32723|0|99474|06/01/2024 16:22:25|06/01/2024 17:25:21|3776|587072704|629077904
30408|0|89198|06/01/2024 00:33:41||60979|18271095888|21090255712
31795|0|61457|06/01/2024 10:06:31||26609|21086643176|58671782032
32724|0|16348|06/01/2024 16:29:16||3644|503917528|537278752
30409|0|36263|06/01/2024 00:35:20||60880|207752477048|449651846288
31636|0|86930|06/01/2024 08:56:40||30800|704055480|885574472
32750|0|34230|06/01/2024 16:39:58||3002|2018817592|2300072208
32001|0|70057|06/01/2024 11:39:48||21012|4273082488|6226201800
32698|0|3946|06/01/2024 16:16:23||4417|1062781376|1121597688
32129|0|6034|06/01/2024 12:23:19||18401|25110645456|64297820832
32035|0|20821|06/01/2024 11:40:52||20948|804502616|1130450472
32036|0|79889|06/01/2024 11:49:17||20443|3615179752|4180728688
30090|0|40465|05/01/2024 22:38:12|06/01/2024 17:20:35|67343|27861551784|35134815840
31441|0|22216|06/01/2024 07:36:30||35610|8200743632|11672534840
31502|0|47736|06/01/2024 07:55:25||34475|140477857928|302269213704
30769|0|86538|06/01/2024 02:57:11||52369|7238832296|8106612448
32660|0|19910|06/01/2024 15:56:15||5625|1553304840|2069938888
32158|0|17337|06/01/2024 12:32:49||17831|41144708696|105083759120
31887|0|31368|06/01/2024 10:48:16||24104|10761957288|14056234136
31941|0|16546|06/01/2024 11:09:04||22856|5215181152|6481018808
31547|0|42103|06/01/2024 08:15:02||33298|17168340576|24711107904
31101|0|24130|06/01/2024 05:12:00||44280|5870427704|7485780184
30844|0|58580|06/01/2024 03:26:33||50607|12449931248|15148860784
32821|0|28160|06/01/2024 17:00:59||1741|18668720|24824464
31839|0|65912|06/01/2024 10:22:25||25655|7800502408|7898577752
32725|0|94374|06/01/2024 16:22:42||4038|48106712|67631216
32538|0|46027|06/01/2024 15:08:33||8487|132251096|196841776
32587|0|48487|06/01/2024 15:23:29||7591|637012232|896958568
32588|0|79910|06/01/2024 15:22:45||7635|1881684952|2045899360
32539|0|29115|06/01/2024 15:02:21||8859|105788376|111016960
32482|0|67192|06/01/2024 14:49:02||9658|1097491288|1132980192
31714|0|91954|06/01/2024 09:30:57||28743|444067912|500203912
31840|0|41623|06/01/2024 10:23:27||25593|4735929648|6616704232
32293|0|95533|06/01/2024 13:32:50||14230|4832837296|5845797112
31909|0|90250|06/01/2024 10:51:56||23884|4680950640|4867393712
31738|0|13155|06/01/2024 09:48:28||27692|2223082600|2687579256
30559|0|43871|06/01/2024 01:36:02|06/01/2024 17:20:54|56692|22625244648|31964079032
32867|0|43871|06/01/2024 17:21:14||526|23114592|34285936
32540|0|40447|06/01/2024 15:05:24||8676|556258648|759464224
30046|0|65245|05/01/2024 22:19:02||69058|10712265272|15394247248
31841|0|29197|06/01/2024 10:27:52||25328|4558221048|4842469232
31470|0|20961|06/01/2024 07:48:35||34885|24683121048|28863436336
30770|0|12619|06/01/2024 02:50:08||52792|347078568|385477952
32589|0|70346|06/01/2024 15:21:09||7731|2155734184|2237245000
31230|0|74426|06/01/2024 06:15:10||40490|4839186424|6532818144
32002|0|70569|06/01/2024 11:39:56||21004|1650421776|2055100008
32679|0|84422|06/01/2024 16:05:17||5083|2681848264|3031518424
31523|0|17698|06/01/2024 08:02:53||34027|5884690760|8681274544
32822|0|74809|06/01/2024 17:02:08||1672|80856328|116836464
32541|0|29286|06/01/2024 15:05:55||8645|1142941728|1314233640
32562|0|72445|06/01/2024 15:14:27||8133|732475640|1044304760
31568|0|77182|06/01/2024 08:25:17||32683|11455501168|12705334392
32542|0|15301|06/01/2024 15:06:27||8613|1581898072|1927184216
32388|0|56312|06/01/2024 14:04:12||12348|2739424752|3388788848
31386|0|41285|06/01/2024 07:12:03||37077|1258607024|1303338376
31615|0|82691|06/01/2024 08:47:57||31323|2277345768|2757310616
31715|0|56825|06/01/2024 09:34:19||28541|2394478024|2566859480
31691|0|10797|06/01/2024 09:24:04||29156|46751027968|97784906936
32483|0|89631|06/01/2024 14:40:34||10166|1333842328|1836102848
31338|0|45755|06/01/2024 06:57:10||37970|2256995984|2664650232
30959|0|72368|06/01/2024 04:11:16||47924|16906249184|24248362040
32841|0|20444|06/01/2024 17:14:50||910|244197584|315306112
32130|0|9063|06/01/2024 12:24:52||18308|42000528928|78550147544
30919|0|5139|06/01/2024 03:57:08||48772|2484733128|2894837080
30893|0|26265|06/01/2024 03:41:33||49707|16404284680|23483337584
30872|0|87900|06/01/2024 03:38:12||49908|97972014864|217985781104
31163|0|87711|06/01/2024 05:48:49||42071|25972841896|29249715264
30508|0|74720|06/01/2024 01:16:39||58401|19381706296|28393455672
31232|0|17617|06/01/2024 06:13:25||40595|18728983104|27294064328
32610|0|29622|06/01/2024 15:31:54||7086|5690659312|16637880032
32590|0|79158|06/01/2024 15:26:30||7410|1950977024|2366906816
31843|0|80400|06/01/2024 10:26:54||25386|7847132336|11279826168
31569|0|15599|06/01/2024 08:25:49||32651|6641575696|7506256544
31035|0|64766|06/01/2024 04:46:46||45794|10227923680|13443439816
32563|0|69277|06/01/2024 15:10:00||8400|1733068904|2035345568
32229|0|51411|06/01/2024 13:03:34||15986|390436288|410711736
32680|0|36684|06/01/2024 16:05:48||5052|1719908928|2576524600
32207|0|59349|06/01/2024 12:57:45||16335|2813436896|3244496632
31254|0|69934|06/01/2024 06:23:37||39983|29863190320|18144084816
31548|0|95245|06/01/2024 08:18:06||33114|27014564944|52586308168
31255|0|9538|06/01/2024 06:26:01||39839|3178761440|3418967536
32751|0|30352|06/01/2024 16:35:49||3251|11207913528|25140739528
32003|0|68258|06/01/2024 11:32:40||21440|912504440|1082569968
32726|0|88441|06/01/2024 16:24:31||3929|2169968352|2382451520
32564|0|71449|06/01/2024 15:16:46||7994|3714667608|4056492976
32230|0|54959|06/01/2024 13:03:27||15993|2578985552|3497775944
32250|0|79454|06/01/2024 13:12:00||15480|3067826608|4431232472
32661|0|25510|06/01/2024 15:54:30||5730|1330223352|1527312136
31653|0|78162|06/01/2024 09:09:45||30015|129072212608|266565503496
32004|0|22160|06/01/2024 11:30:56||21544|13698122216|18059236184
32842|0|32888|06/01/2024 17:16:43||797|25240392|30023280
32083|0|12086|06/01/2024 12:07:42||19338|769165352|1120021920
31361|0|48626|06/01/2024 07:04:53||37507|94899443672|201156094808
32330|0|99991|06/01/2024 13:48:02||13318|8828948696|9245155232
32771|0|80716|06/01/2024 16:46:01||2639|539544496|676157280
32390|0|92554|06/01/2024 14:05:12||12288|1270125600|1670333072
31339|0|21659|06/01/2024 06:50:09||38391|1974020936|2870888104
31912|0|55659|06/01/2024 10:53:46||23774|217792416|265205936
32360|0|26980|06/01/2024 13:50:49||13151|2107607800|2548895160
32823|0|16016|06/01/2024 17:05:45||1455|187227664|259256104
32484|0|15875|06/01/2024 14:44:33||9927|763765048|774563392
32662|0|78184|06/01/2024 15:52:41||5839|988179232|1421488912
32565|0|66942|06/01/2024 15:10:22||8378|409122888|409638032
32800|0|65268|06/01/2024 16:56:38||2002|655289224|840302576
31670|0|74245|06/01/2024 09:15:01||29699|869136696|1173097944
30300|0|96811|05/01/2024 23:57:35||63145|511805848|653697136
32331|0|75582|06/01/2024 13:41:23||13717|11431542808|11596478096
32630|0|66990|06/01/2024 15:43:20||6400|2347719688|2576364696
32631|0|14679|06/01/2024 15:44:16||6344|1003967040|1173110960
30802|0|60664|06/01/2024 03:02:50||52030|29206685496|30488648728
30509|0|86252|06/01/2024 01:19:40||58220|2988439144|4036778936
31671|0|36699|06/01/2024 09:11:58||29882|1258828936|1560215008
30961|0|33840|06/01/2024 04:17:18||47562|3907947576|4630021488
32109|0|8753|06/01/2024 12:12:05||19075|604080944|670029080
32801|0|28078|06/01/2024 16:56:09||2031|444521120|529323872
32699|0|53716|06/01/2024 16:14:02||4558|1663164176|2275991592
32037|0|9062|06/01/2024 11:43:32||20788|5375899360|6782170920
30324|0|15403|06/01/2024 00:05:20||62680|3632501328|4966662840
31772|0|31306|06/01/2024 09:52:41||27439|4366278592|5141204376
30529|0|95882|06/01/2024 01:24:03|06/01/2024 17:22:06|57483|7571880352|9155914608
32868|0|95882|06/01/2024 17:23:47||373|28380424|38896192
32663|0|73566|06/01/2024 15:51:13||5927|1867430256|2422064544
31889|0|55717|06/01/2024 10:42:31||24449|204065912|297705160
31672|0|84376|06/01/2024 09:10:04||29996|1894324256|2754027128
31965|0|32883|06/01/2024 11:12:32||22648|74184810896|154059197936
32295|0|41534|06/01/2024 13:35:40||14060|6753065448|7624846456
32591|0|68489|06/01/2024 15:25:39||7461|4664428640|6639815688
30983|0|52658|06/01/2024 04:28:14||46906|3069556720|3225301112
31362|0|64590|06/01/2024 07:00:34||37766|61838840896|132649842944
31773|0|69746|06/01/2024 09:58:42||27078|6237001072|6716727856
30896|0|34494|06/01/2024 03:40:25||49775|23964848696|24569521264
31571|0|83241|06/01/2024 08:26:17||32623|20100556848|27702089704
31256|0|89454|06/01/2024 06:26:49||39791|18873001256|19570010632
31913|0|5022|06/01/2024 10:53:43||23777|10278248368|14441739520
32843|0|61365|06/01/2024 17:11:17||1123|22795640|33620824
32512|0|47755|06/01/2024 14:56:51||9189|507713296|644361568
31966|0|18924|06/01/2024 11:11:11||22729|8435359016|10048981296
32802|0|94031|06/01/2024 16:59:35||1825|916236640|1146201080
32110|0|69030|06/01/2024 12:15:40||18860|9757874624|9939844904
32869|0|29761|06/01/2024 17:25:58||242|14891696|21346784
32391|0|51313|06/01/2024 14:00:01||12599|4549265936|6682930744
31471|0|6017|06/01/2024 07:47:49||34931|19676394664|23574675152
31442|0|38696|06/01/2024 07:33:28||35792|9300289712|12407390072
31654|0|63187|06/01/2024 09:09:03||30057|1219564064|1683319680
32181|0|88305|06/01/2024 12:42:41||17239|18397027240|12784842880
32432|0|40439|06/01/2024 14:26:43||10997|5368353640|5960137144
32063|0|88311|06/01/2024 11:53:17||20203|1203224264|1718509216
32543|0|11551|06/01/2024 15:03:17||8803|691279512|955589288
32332|0|91266|06/01/2024 13:41:20||13720|924367248|1354261632
31616|0|18631|06/01/2024 08:42:05||31675|13889669192|20396921736
31289|0|47036|06/01/2024 06:39:49||39011|51102802072|149823160992
32700|0|70247|06/01/2024 16:16:34||4406|2263245720|3284025520
32612|0|78878|06/01/2024 15:31:51||7089|748163392|920080536
31617|0|89204|06/01/2024 08:48:34||31286|11334875512|13554814896
32231|0|84445|06/01/2024 13:07:42||15738|2127383312|2860340544
32084|0|78058|06/01/2024 12:09:49||19211|1007011968|1460924008
31618|0|46691|06/01/2024 08:46:40||31400|2151813056|2837021264
32681|0|56599|06/01/2024 16:05:07||5093|12653995816|25594665952
31774|0|37373|06/01/2024 09:56:55||27185|5522084832|5773452368
32824|0|97429|06/01/2024 17:07:21||1359|9049792|13199600
32159|0|8653|06/01/2024 12:34:24||17736|1915247976|2598654536
32727|0|67781|06/01/2024 16:24:44||3916|894776736|1003489576
30511|0|54164|06/01/2024 01:16:11||58429|16948329896|23503896624
30302|0|52200|05/01/2024 23:54:58||63302|19973758304|20342580272
32183|0|41071|06/01/2024 12:47:16||16964|40035414728|90232534800
32458|0|67972|06/01/2024 14:32:48|06/01/2024 17:20:45|10077|2447856968|3615493984
32870|0|67972|06/01/2024 17:21:55||485|130133808|181707016
32728|0|74891|06/01/2024 16:26:39||3801|300628616|401445960
30389|0|67649|06/01/2024 00:20:19||61781|28654436168|39521082264
32825|0|75387|06/01/2024 17:06:59||1381|1051544|1262928
31740|0|75360|06/01/2024 09:46:12||27828|7607262008|8702058560
32405|0|85848|06/01/2024 14:14:16||11744|3107000672|4016419520
32296|0|33163|06/01/2024 13:36:26||14014|167746176|199637232
30706|0|26328|06/01/2024 02:34:01||53759|20310199000|21992819168
32433|0|42520|06/01/2024 14:23:35||11185|108569056|152366848
32131|0|84441|06/01/2024 12:28:21||18099|1464375864|2137638112
31103|0|32474|06/01/2024 05:13:47||44173|8171141168|8812400184
32208|0|86445|06/01/2024 12:56:16||16424|3042872560|3062116528
31674|0|56819|06/01/2024 09:15:12||29688|1531981688|1868144392
32111|0|6697|06/01/2024 12:18:10||18710|986904280|1082271584
32232|0|29642|06/01/2024 13:07:19||15761|5235064768|6195306928
32160|0|41768|06/01/2024 12:37:07||17573|4468639592|6655950304
32184|0|42894|06/01/2024 12:45:17||17083|2471189512|2764323056
32701|0|16328|06/01/2024 16:10:57||4743|145404176|150726320
31409|0|71258|06/01/2024 07:28:19||36101|10546055048|12181552032
31364|0|13115|06/01/2024 07:00:42||37758|1332680480|1631418272
31187|0|44974|06/01/2024 05:56:47||41593|73853038096|190630716424
32085|0|14688|06/01/2024 12:08:52||19268|1663224168|2387276416
30304|0|73265|05/01/2024 23:55:08||63292|138264366200|330718516120
30984|0|33486|06/01/2024 04:23:09||47211|5747865704|6229386904
32251|0|33797|06/01/2024 13:19:44||15016|4993633384|7352029488
32278|0|25987|06/01/2024 13:22:54||14826|188030616|228515816
30897|0|48995|06/01/2024 03:40:34||49766|834853176|1234450160
32702|0|18427|06/01/2024 16:18:48||4272|433570928|499797944
30742|0|90576|06/01/2024 02:44:01||53159|21209641160|23021196080
32682|0|92744|06/01/2024 16:07:59||4921|3052553304|3740815936
31775|0|78367|06/01/2024 09:50:20||27580|3273509624|3970169928
30585|0|72360|06/01/2024 01:41:35||56905|22167329968|28855083432
32664|0|54152|06/01/2024 15:57:17||5563|1671172392|2495005504
32161|0|77531|06/01/2024 12:39:50||17410|446979888|480142952
31620|0|74466|06/01/2024 08:44:19||31541|3368560768|5027570120
30463|0|56662|06/01/2024 00:58:21||59499|10273919280|12534405496
32086|0|70648|06/01/2024 12:05:54||19446|368905288|530703264
31890|0|40530|06/01/2024 10:46:39||24201|2959861248|3227593784
31050|0|50460|06/01/2024 04:56:15||45225|214867735976|127935354536
32162|0|78985|06/01/2024 12:39:02||17458|6728680960|9353057320
31742|0|22390|06/01/2024 09:40:17||28183|73585997048|139627219776
31411|0|51690|06/01/2024 07:20:33||36567|4117220336|5739905040
32132|0|26784|06/01/2024 12:21:17||18523|2203666536|2280512960
32007|0|21950|06/01/2024 11:31:01||21539|1236213280|1347326744
31982|0|77550|06/01/2024 11:20:06||22194|8522973944|10137357208
31693|0|30436|06/01/2024 09:25:49||29051|362744368|451558016
32486|0|90381|06/01/2024 14:43:52||9968|1253919496|1678713520
32333|0|44640|06/01/2024 13:42:32||13648|4946035840|5039597528
32087|0|87710|06/01/2024 12:06:13||19427|6705081464|7749420928
31572|0|68752|06/01/2024 08:22:57||32823|25090267920|26836533560
30850|0|19869|06/01/2024 03:27:02||50578|15506867568|17074180520
32008|0|57944|06/01/2024 11:36:52||21188|3605403992|5352216856
32772|0|80171|06/01/2024 16:40:13||2987|77795440|100494328
31967|0|33978|06/01/2024 11:12:08||22672|2075495056|2176539096
31968|0|43733|06/01/2024 11:19:27||22233|1932009112|1950595240
32566|0|40008|06/01/2024 15:13:57||8163|2471859728|2731621368
32392|0|57218|06/01/2024 14:08:10||12110|243178888|340895360
32752|0|24588|06/01/2024 16:30:20||3580|1218394088|1333557000
32009|0|78895|06/01/2024 11:34:17||21343|3409279056|4043937552
32871|0|21029|06/01/2024 17:26:10||230|23741296|26612744
31969|0|34339|06/01/2024 11:18:33||22287|17252099264|37959382280
31412|0|52220|06/01/2024 07:21:40||36500|13627255256|28110500520
32513|0|7952|06/01/2024 14:56:07||9233|5197175280|14931513904
32361|0|53932|06/01/2024 13:52:08||13072|4831185984|6594722488
32038|0|83599|06/01/2024 11:46:23||20617|5217228360|6647504896
32010|0|75426|06/01/2024 11:31:44||21496|1583758112|1974562336
32514|0|88433|06/01/2024 14:56:02||9238|200586352|278380440
32592|0|27868|06/01/2024 15:20:26||7774|10127027344|7476173928
31342|0|73249|06/01/2024 06:58:30||37890|3464800808|3535110464
32613|0|13836|06/01/2024 15:38:11||6709|17117313832|31878113984
31821|0|62287|06/01/2024 10:11:37||26303|2878881608|3329680040
31052|0|46327|06/01/2024 04:55:53||45247|9888900944|12740437744
31472|0|50225|06/01/2024 07:49:38||34822|19502441680|27990745856
32011|0|72535|06/01/2024 11:34:24||21336|6522461000|9117202720
32729|0|67622|06/01/2024 16:22:44||4036|598232280|418345280
31525|0|25825|06/01/2024 08:09:48||33612|30661489064|34784584504
31943|0|81286|06/01/2024 11:02:40||23240|10339050520|13403383888
31621|0|64035|06/01/2024 08:46:13||31427|824240544|1006175320
31526|0|96155|06/01/2024 08:04:33||33927|5362669536|5966915664
31211|0|12661|06/01/2024 06:04:25||41135|7654141712|8534515696
32773|0|67531|06/01/2024 16:48:20||2500|42696000|50873160
31915|0|52880|06/01/2024 10:57:35||23545|8248063608|9495505032
32730|0|36475|06/01/2024 16:27:15||3765|274252208|378536472
32252|0|97251|06/01/2024 13:19:11||15049|27757758584|18597458520
32459|0|38360|06/01/2024 14:39:48||10212|10883236544|26358428072
32731|0|34544|06/01/2024 16:21:56||4084|1943934400|2842468624
31744|0|67100|06/01/2024 09:48:17||27703|5550472784|8134592800
32234|0|75092|06/01/2024 13:00:46||16154|2667971440|2708768440
31675|0|20831|06/01/2024 09:15:46||29654|13016522120|19206660200
32753|0|10415|06/01/2024 16:36:44||3196|1927516528|2242412968
31637|0|24511|06/01/2024 08:59:35||30625|52583890264|104112988960
30218|0|90888|05/01/2024 23:21:09||65331|14373154424|15473519608
30679|0|26946|06/01/2024 02:24:27||54333|7594039552|8621001256
32803|0|43779|06/01/2024 16:57:55||1925|125969104|182519976
32064|0|25756|06/01/2024 11:57:45||19935|3603021776|4098637048
31188|0|53799|06/01/2024 05:52:24||41856|25996301592|66603227096
31212|0|49336|06/01/2024 06:04:07||41153|14422598736|14777162936
30415|0|95669|06/01/2024 00:37:21||60759|3549389568|4854708816
32299|0|52925|06/01/2024 13:38:01||13919|7346342176|8350393344
30851|0|99376|06/01/2024 03:25:59||50641|24973079376|27485115600
32774|0|11053|06/01/2024 16:45:50||2650|755934136|895625528
31473|0|78586|06/01/2024 07:47:56||34924|3015052664|3897352864
32235|0|16851|06/01/2024 13:02:40||16040|2068253480|2168427384
30416|0|17458|06/01/2024 00:32:47||61033|5176709320|7610751384
32434|0|17883|06/01/2024 14:27:41||10939|119507952|148443144
30774|0|29954|06/01/2024 02:55:26||52474|3090600120|3584628824
32300|0|71274|06/01/2024 13:32:39||14241|3042341880|3624986816
31822|0|36910|06/01/2024 10:10:11||26389|79134856808|177425805440
31291|0|4388|06/01/2024 06:32:02||39478|8274020240|8292733808
32544|0|75143|06/01/2024 15:02:41||8839|17789092648|51732801840
32614|0|33082|06/01/2024 15:39:16||6644|9920616960|28454494776
32362|0|29976|06/01/2024 13:51:38||13102|7398950360|7739094472
31123|0|35671|06/01/2024 05:27:05||43375|6379064832|8990061784
32872|0|51824|06/01/2024 17:21:19||521|33025024|48665864
32545|0|68114|06/01/2024 15:09:34||8426|7446431064|5703654696
31054|0|90072|06/01/2024 04:54:12||45348|3718294184|5018206736
32515|0|30705|06/01/2024 14:55:00||9300|1173437784|1404020656
31413|0|18146|06/01/2024 07:22:11||36469|1369740680|1507769008
32065|0|31421|06/01/2024 11:59:29||19831|751933776|823081192
31596|0|69677|06/01/2024 08:31:01||32339|6693319216|10001065640
32632|0|53872|06/01/2024 15:48:45||6075|1746720680|2449962472
32844|0|33168|06/01/2024 17:13:40||980|33379928|41218392
32163|0|43566|06/01/2024 12:36:00||17640|3381178208|4317771408
32546|0|58021|06/01/2024 15:02:37||8843|984128760|1441861392
32665|0|43612|06/01/2024 15:52:23||5857|1288115448|1709120920
32567|0|57039|06/01/2024 15:11:05||8335|1057478184|1322244064
32253|0|26901|06/01/2024 13:17:01||15179|2852546768|3338170440
31165|0|31701|06/01/2024 05:40:26||42574|7863873960|11435136960
32435|0|19702|06/01/2024 14:29:52||10808|2110478728|2957332328
31574|0|35850|06/01/2024 08:21:28||32912|91498963600|196844376440
31823|0|29859|06/01/2024 10:19:10||25850|634335152|723551896
32703|0|49982|06/01/2024 16:12:20||4660|1409300224|1829940808
32133|0|87799|06/01/2024 12:26:47||18193|2074702752|3042816288
32236|0|84397|06/01/2024 13:02:53||16027|2903410008|3034187880
31824|0|61450|06/01/2024 10:15:18||26082|3766333376|5127174288
32775|0|27506|06/01/2024 16:46:56||2584|33548720|35239016
30921|0|63728|06/01/2024 03:50:40||49160|21051029408|22805697672
32487|0|28864|06/01/2024 14:44:47||9913|29815429640|56914789016
32209|0|35201|06/01/2024 12:53:33||16587|11936105152|14971746352
32301|0|75589|06/01/2024 13:37:20||13960|3994705128|5909243560
31638|0|26493|06/01/2024 08:55:20||30880|2159380384|2631306056
30775|0|42113|06/01/2024 02:56:09||52431|20163997776|25803177728
31970|0|4923|06/01/2024 11:12:30||22650|1797401600|2119131336
31983|0|45073|06/01/2024 11:26:45||21795|8148363752|9042059304
31867|0|51907|06/01/2024 10:38:20||24700|1529758392|1763210200
32845|0|75972|06/01/2024 17:19:52||608|391827984|972706520
32732|0|22666|06/01/2024 16:28:45||3675|58654032|77877968
32302|0|28838|06/01/2024 13:36:41||13999|31596312632|69360384384
31505|0|26809|06/01/2024 07:58:03||34317|16827359832|23412208400
32254|0|35529|06/01/2024 13:16:32||15208|24002615280|54189872792
31984|0|83483|06/01/2024 11:25:06||21894|825460344|1114448600
30650|0|15694|06/01/2024 02:16:27||54813|27170129904|15690237448
32593|0|22722|06/01/2024 15:23:06||7614|1888922792|2423444800
30986|0|21179|06/01/2024 04:23:06||47214|4642530744|5863551408
30434|0|52881|06/01/2024 00:44:47||60313|29236534376|36985487856
32547|0|12413|06/01/2024 15:08:36|06/01/2024 17:23:53|8117|706316496|984237032
31797|0|5710|06/01/2024 10:03:53||26767|9593908304|10566527800
32568|0|5157|06/01/2024 15:16:14||8026|4097168464|10550960288
32334|0|98340|06/01/2024 13:42:32||13648|2846642304|3329809928
30071|0|21180|05/01/2024 22:20:55|06/01/2024 17:20:22|68367|17486072672|21112070952
31388|0|18601|06/01/2024 07:11:35||37105|6891066056|8120661600
32633|0|4204|06/01/2024 15:46:00||6240|1612676712|1782089216
32460|0|8950|06/01/2024 14:33:32||10588|23534793416|61992407504
32733|0|93380|06/01/2024 16:26:50||3790|740496224|1098854016
31235|0|78114|06/01/2024 06:12:21||40659|5888708232|8700426680
31446|0|35530|06/01/2024 07:34:11||35749|4885786520|6067420376
31825|0|40197|06/01/2024 10:16:57||25983|1457217968|1958977960
31189|0|32901|06/01/2024 05:57:35||41545|9564887056|13082349472
32394|0|85581|06/01/2024 14:09:24||12036|537927912|750530872
31868|0|43477|06/01/2024 10:35:01||24899|2982380976|3874032592
32594|0|57750|06/01/2024 15:20:54||7746|1328086464|1551136312
30922|0|11079|06/01/2024 03:51:15||49125|16312392592|23951543320
30563|0|67167|06/01/2024 01:38:18||57102|22780425424|22792270200
30900|0|55704|06/01/2024 03:47:22||49358|25825771120|34298965800
30776|0|94745|06/01/2024 02:51:08||52732|17435239272|24112793208
30564|0|28591|06/01/2024 01:33:31||57389|54019366296|133663484120
32256|0|98584|06/01/2024 13:17:59||15121|2028779208|2389773376
32704|0|68641|06/01/2024 16:16:53||4387|12345555560|23161787224
32595|0|71810|06/01/2024 15:28:38||7282|1255036656|1359719224
31918|0|13568|06/01/2024 10:59:39||23421|19138999016|27430487752
32634|0|22663|06/01/2024 15:40:37||6563|15744155368|31059784016
31985|0|7288|06/01/2024 11:21:45||22095|13509837080|14927891656
32012|0|13773|06/01/2024 11:39:54||21006|4327960744|5997095184
32488|0|79054|06/01/2024 14:41:17||10123|21708498888|40592361624
32846|0|68988|06/01/2024 17:10:18||1182|1604251592|4701549768
31869|0|60715|06/01/2024 10:33:28||24992|1311577248|1614875528
31694|0|70980|06/01/2024 09:26:34||29006|2441399568|3344682984
31846|0|43026|06/01/2024 10:26:17||25423|19792755720|13416623440
32436|0|23549|06/01/2024 14:28:11||10909|236752376|280559864
32089|0|69165|06/01/2024 12:02:23||19657|1345899952|2002761408
32635|0|87727|06/01/2024 15:45:04||6296|516975168|718843760
32666|0|57912|06/01/2024 15:59:30||5430|1174032464|1568550792
32705|0|85330|06/01/2024 16:13:11||4609|302892320|353509944
31258|0|33173|06/01/2024 06:25:41||39859|7385707600|10834246216
29996|0|24424|05/01/2024 21:55:26||70474|9263183584|9391952184
32210|0|40536|06/01/2024 12:52:29||16651|3809617088|4801731392
32438|0|48030|06/01/2024 14:23:28||11192|5914520888|8300176208
31870|0|77006|06/01/2024 10:34:32||24928|1585744496|1898989672
32186|0|69086|06/01/2024 12:42:51||17229|4210321480|5305492912
31368|0|24679|06/01/2024 07:05:37||37463|11390416776|11549929736
32090|0|33753|06/01/2024 12:08:59||19261|3632835392|3873842712
31718|0|85942|06/01/2024 09:37:16||28364|9549541504|11009884448
31105|0|82233|06/01/2024 05:14:18||44142|2436085952|2973169888
30604|0|56808|06/01/2024 01:52:43|06/01/2024 17:24:50|55927|64771984384|158647861184
32873|0|56808|06/01/2024 17:25:08||292|405310752|798909440
32706|0|62577|06/01/2024 16:15:42||4458|2739547248|2881687672
32279|0|99657|06/01/2024 13:21:41||14899|9019659728|9548049688
32040|0|34115|06/01/2024 11:44:29||20731|154276672|200222328
32041|0|28052|06/01/2024 11:40:24||20976|2700583864|3061583576
32569|0|45996|06/01/2024 15:14:15||8145|31698416152|66447624888
32847|0|74383|06/01/2024 17:15:44||856|39144152|50500312
32257|0|82486|06/01/2024 13:12:19||15461|3367906576|3846256736
32042|0|91758|06/01/2024 11:43:07||20813|7325052160|10831086832
31474|0|12669|06/01/2024 07:42:39||35241|2474620440|3633734064
32237|0|72291|06/01/2024 13:08:25||15695|1009925200|1514831048
32091|0|86139|06/01/2024 12:04:45||19515|1864998512|2047197456
30631|0|17166|06/01/2024 02:02:42||55638|14614938160|15535001904
32395|0|83895|06/01/2024 14:00:06||12594|621486208|757401792
32754|0|93926|06/01/2024 16:34:58||3302|1892413560|2733026256
31529|0|13135|06/01/2024 08:06:45||33795|11854314464|14720245032
32848|0|58953|06/01/2024 17:17:10||770|43018712|54709648
31847|0|47423|06/01/2024 10:25:21||25479|2616243616|3176705232
31871|0|66168|06/01/2024 10:32:56||25024|9660199520|11803759656
32303|0|74319|06/01/2024 13:37:06||13974|1871497032|2232880360
32013|0|68780|06/01/2024 11:30:15||21585|34356055608|73271803448
31945|0|15683|06/01/2024 11:03:02||23218|1457746736|1837483664
32636|0|70015|06/01/2024 15:44:49||6311|3034081576|3108417464
31893|0|41962|06/01/2024 10:44:47||24313|5154895600|7191706104
32014|0|52399|06/01/2024 11:32:11||21469|15006061288|19816750736
32734|0|70478|06/01/2024 16:22:18||4062|1579488272|2096430104
32304|0|67769|06/01/2024 13:39:30||13830|9971557664|7776589672
30988|0|33322|06/01/2024 04:27:37||46943|3706435400|3713045632
32363|0|99158|06/01/2024 13:53:06||13014|1394348040|1790702960
31475|0|38904|06/01/2024 07:40:46||35354|4117187456|5373351816
31919|0|8079|06/01/2024 10:50:09||23991|7639591304|11296609848
32637|0|10292|06/01/2024 15:46:49||6191|481378696|683842832
30852|0|47706|06/01/2024 03:28:52||50468|3020226312|4428594800
32114|0|21481|06/01/2024 12:16:34||18806|1401015384|1403195328
31448|0|96453|06/01/2024 07:38:33||35487|3240178480|4328805256
31745|0|39401|06/01/2024 09:43:35||27985|2324764424|2676068992
32043|0|56063|06/01/2024 11:41:51||20889|17045392200|19148872776
32735|0|96555|06/01/2024 16:22:38||4042|280559424|308428256
32570|0|23532|06/01/2024 15:10:39||8361|2211703640|2589110680
31449|0|93620|06/01/2024 07:38:24||35496|9106790504|10106698728
