IdSession|IdPSX|IdSubscriber|StartSession|EndSession|Duartion|UpTx|DownTx
19589|0|7922|02/01/2024 22:19:50||29410|9181189096|11313685536
18996|0|36342|02/01/2024 18:09:02||44458|7773441592|10105038584
19514|0|19403|02/01/2024 21:49:42||31218|88992760|94704344
20239|0|98935|03/01/2024 02:45:16||13484|1154015976|1284443672
19590|0|21605|02/01/2024 22:18:46||29474|4539223016|5384583712
18897|0|58567|02/01/2024 17:14:11||47749|6038958848|8192925720
18495|0|4129|02/01/2024 14:29:58|03/01/2024 06:22:39|57161|35076931384|36390212976
19791|0|82513|02/01/2024 23:43:16||24404|3737360776|4170717072
20256|0|11345|03/01/2024 02:56:37||12803|1333602384|1922119152
19999|0|26136|03/01/2024 01:09:48||19212|12862016056|13328253696
19873|0|32321|03/01/2024 00:12:39||22641|547255368|686375072
19163|0|94804|02/01/2024 19:14:58|03/01/2024 06:23:52|40134|3904193872|5449260360
20447|0|67328|03/01/2024 04:27:12||7368|6631633192|7105533608
20374|0|53764|03/01/2024 03:43:49||9971|1790446800|2498196072
19899|0|45935|03/01/2024 00:27:33||21747|2661510776|2951289632
19081|0|60259|02/01/2024 18:43:37||42383|904292784|1088905344
20431|0|42425|03/01/2024 04:12:51||8229|7957346480|8869076432
19515|0|71287|02/01/2024 21:47:55||31325|3494434664|4837592240
19164|0|93345|02/01/2024 19:18:38||40282|6285782848|7059393984
19389|0|7629|02/01/2024 20:44:39||35121|3409129056|4054319736
20661|0|43470|03/01/2024 05:55:34||2066|4837003064|9502414096
19846|0|89498|03/01/2024 00:04:53||23107|60693601752|120416685600
20742|0|91513|03/01/2024 06:28:50||70|30520712|44938832
20095|0|48067|03/01/2024 01:44:32||17128|2121921640|2510661200
18998|0|31978|02/01/2024 18:07:12||44568|3490902288|3848648472
20028|0|71964|03/01/2024 01:13:31||18989|9232384352|9777274664
20000|0|42572|03/01/2024 01:03:39||19581|7323062200|9493386872
20116|0|20049|03/01/2024 01:50:56||16744|3484318784|4134207776
20485|0|35838|03/01/2024 04:31:34||7106|952554360|1303976536
19105|0|66637|02/01/2024 18:58:27||41493|188927585776|416873559520
20554|0|58443|03/01/2024 05:01:07||5333|307696208|352156416
20687|0|24107|03/01/2024 06:05:38||1462|10214752|10849424
18588|0|79155|02/01/2024 15:04:06||55554|1264948656|1736486016
18832|0|34503|02/01/2024 16:48:25||49295|14441685248|20865575656
19024|0|38522|02/01/2024 18:12:37||44243|16030378936|16384017104
19920|0|28950|03/01/2024 00:30:01||21599|5828699328|5904563936
20580|0|24996|03/01/2024 05:14:49||4511|1662357288|1913102352
20029|0|70354|03/01/2024 01:14:43||18917|46523138512|122547475568
19390|0|80722|02/01/2024 20:41:55||35285|3997239560|5244294296
20284|0|81309|03/01/2024 03:09:57||12003|844261696|889291960
20418|0|77820|03/01/2024 04:06:46||8594|2320574400|2586371264
19139|0|45874|02/01/2024 19:02:01||41279|128408254744|241660164608
18858|0|93566|02/01/2024 16:56:22||48818|14909903528|17648376960
19540|0|52562|02/01/2024 21:55:16||30884|3327140392|3343863960
19246|0|37321|02/01/2024 19:44:51||38709|22886232368|26254855248
18746|0|43220|02/01/2024 16:08:56||51664|4810107328|4870816984
19847|0|83353|03/01/2024 00:04:50||23110|1383641664|1483946416
20555|0|54052|03/01/2024 05:07:40||4940|1595365600|2372574264
18940|0|56883|02/01/2024 17:33:46||46574|6283410712|7021190680
20209|0|33952|03/01/2024 02:36:51||13989|482282768|567653984
20662|0|10951|03/01/2024 05:56:38||2002|158757280|221335408
20581|0|93644|03/01/2024 05:19:56||4204|731741368|891183424
20532|0|10594|03/01/2024 04:56:39||5601|303152208|308679448
18772|0|7678|02/01/2024 16:15:57||51243|2330899280|2360184248
19976|0|93881|03/01/2024 00:56:19||20021|55591263040|103907726592
20313|0|36558|03/01/2024 03:11:02||11938|2785832088|3266988208
19776|0|78566|02/01/2024 23:34:48||24912|6668909984|9542030408
19874|0|15938|03/01/2024 00:16:14||22426|808241504|987241896
20314|0|84412|03/01/2024 03:16:06||11634|3713988648|4580833808
19693|0|73714|02/01/2024 22:55:43||27257|3920374688|4283488232
19391|0|72024|02/01/2024 20:49:13||34847|6558207752|7788550384
20315|0|5821|03/01/2024 03:18:03||11517|1678577024|1746115136
19950|0|60286|03/01/2024 00:47:07||20573|2767951560|3464612304
19392|0|56605|02/01/2024 20:46:31||35009|5112399408|7302588232
20743|0|52066|03/01/2024 06:27:12||168|22463368|26601264
20720|0|39820|03/01/2024 06:15:50||850|277896608|329041784
20140|0|74181|03/01/2024 02:01:40||16100|2650353040|3219493136
20001|0|93506|03/01/2024 01:09:38||19222|2419583520|2761614600
19921|0|84652|03/01/2024 00:37:05||21175|30170721104|86806930080
19361|0|6427|02/01/2024 20:31:22||35918|1050138520|1180423584
20721|0|95199|03/01/2024 06:12:54||1026|539445984|618390464
19739|0|90327|02/01/2024 23:13:31||26189|12433069392|14272770208
19922|0|43252|03/01/2024 00:32:19||21461|3496280768|4568304760
20375|0|85932|03/01/2024 03:48:51||9669|1570025976|2181102704
19666|0|36168|02/01/2024 22:41:38||28102|7985061056|11142805848
18616|0|44368|02/01/2024 15:17:22||54758|31402264440|37768003856
20210|0|96303|03/01/2024 02:30:00||14400|15772464632|38518066704
20347|0|4288|03/01/2024 03:36:04||10436|3868513496|4571150744
19694|0|79017|02/01/2024 22:55:10||27290|80042616912|171766931032
19819|0|36794|02/01/2024 23:52:02||23878|291018528|371822088
20744|0|88045|03/01/2024 06:26:32||208|10412496|13048744
19362|0|33546|02/01/2024 20:31:16||35924|5451639216|5917411808
20141|0|19300|03/01/2024 02:09:27||15633|42543837840|86743035720
20002|0|31663|03/01/2024 01:08:35||19285|5004838944|5864243008
20326|0|36804|03/01/2024 03:28:11||10909|4161479816|4896720664
20624|0|89604|03/01/2024 05:36:57||3183|872248552|908169880
18221|0|11226|02/01/2024 12:20:56||65344|170415555144|488519224656
18450|0|5904|02/01/2024 14:00:29||59371|12665584368|13566853640
19419|0|73620|02/01/2024 20:53:43||34577|79558025528|168286500608
20257|0|58954|03/01/2024 02:52:01||13079|2275713248|2509893912
19166|0|99065|02/01/2024 19:14:51||40509|8718686928|8930539144
20625|0|65668|03/01/2024 05:35:14||3286|309951048|450994240
20722|0|56875|03/01/2024 06:15:13||887|2549660920|4740735104
20376|0|26509|03/01/2024 03:44:58||9902|2574532376|3463219936
20582|0|95731|03/01/2024 05:19:03||4257|302404504|315481920
20448|0|55366|03/01/2024 04:22:43||7637|2428986512|2993343616
20395|0|88069|03/01/2024 03:57:59||9121|1086614672|1240557864
19364|0|41719|02/01/2024 20:39:11||35449|2512337520|2864951896
20688|0|50824|03/01/2024 06:06:32||1408|286555264|414807000
20601|0|91299|03/01/2024 05:25:38||3862|176515024|217189424
20583|0|57141|03/01/2024 05:16:30||4410|225862296|295830808
19168|0|91195|02/01/2024 19:16:05||40435|2534921992|3712826136
20189|0|35423|03/01/2024 02:25:59||14641|7692261136|10371208584
19951|0|43035|03/01/2024 00:44:35||20725|2673643160|3051792824
18521|0|21515|02/01/2024 14:39:19||57041|2031474752|2560787552
20003|0|22775|03/01/2024 01:05:14||19486|4585719416|5593737992
20723|0|51522|03/01/2024 06:12:38||1042|382541256|395475392
20050|0|93299|03/01/2024 01:23:46||18374|448345664|613283136
20643|0|61072|03/01/2024 05:41:42||2898|670648432|850706280
18860|0|39639|02/01/2024 16:51:57||49083|12503087192|16304522264
20644|0|11201|03/01/2024 05:44:59||2701|3179478936|3371557416
19638|0|8602|02/01/2024 22:34:05||28555|5412233568|5682309680
20506|0|53228|03/01/2024 04:40:27||6573|27401840|35173008
19435|0|56267|02/01/2024 21:02:14||34066|577414384|747695008
20004|0|8547|03/01/2024 01:00:19||19781|1097021056|1621391264
19479|0|82220|02/01/2024 21:29:53||32407|5769444200|8061671096
19668|0|5018|02/01/2024 22:46:41||27799|3241870192|3327173800
20724|0|99615|03/01/2024 06:17:15||765|204463456|214026240
19614|0|60167|02/01/2024 22:24:35||29125|3804173352|4670638560
19615|0|97205|02/01/2024 22:26:51||28989|2754503448|3968452552
18288|0|6440|02/01/2024 12:56:22||63218|31638689240|45584855328
20584|0|40407|03/01/2024 05:10:13||4787|10412404328|25056609920
20396|0|32217|03/01/2024 03:57:13||9167|14732276712|37065716400
18861|0|29341|02/01/2024 16:59:09||48651|2706638016|3246234872
18941|0|13461|02/01/2024 17:33:44||46576|12047966376|13203135968
20327|0|41123|03/01/2024 03:23:42||11178|456219960|644017696
18431|0|81968|02/01/2024 13:56:27||59613|21424453472|22609942776
20328|0|96738|03/01/2024 03:24:37||11123|1610764200|2230242936
19716|0|79073|02/01/2024 23:01:50||26890|12515630264|15629553176
20240|0|82325|03/01/2024 02:46:12||13428|464586248|627247952
19758|0|79333|02/01/2024 23:20:45||25755|2790226064|2999590328
19759|0|28056|02/01/2024 23:25:48||25452|19591352896|20115255632
19287|0|45806|02/01/2024 20:07:08||37372|53047060176|99698391584
19591|0|17708|02/01/2024 22:16:04||29636|98412025200|193959829264
18812|0|63188|02/01/2024 16:36:22||50018|12150645152|12821779208
20507|0|52757|03/01/2024 04:49:25||6035|203258616|252037120
20348|0|28791|03/01/2024 03:36:16||10424|3734129480|3859699840
20449|0|83720|03/01/2024 04:25:01||7499|5172964488|7092371432
19002|0|20845|02/01/2024 18:06:07||44633|5499170800|6593010712
20005|0|63542|03/01/2024 01:03:54||19566|3410403712|4284415376
20285|0|67076|03/01/2024 03:00:00||12600|2680713344|3459240224
19567|0|78054|02/01/2024 22:04:52||30308|6817760184|7051380944
18862|0|78337|02/01/2024 16:57:50||48730|15643916104|16829842120
20533|0|5871|03/01/2024 04:57:13||5567|3235818384|3659499296
19777|0|74504|02/01/2024 23:33:20||25000|10810582168|15174038168
18352|0|29483|02/01/2024 13:22:49||61631|31834650536|78933424792
20211|0|18951|03/01/2024 02:35:40||14060|4315981512|5862486480
18647|0|84402|02/01/2024 15:24:11|03/01/2024 06:25:30|54079|3759598488|3831413528
20745|0|84402|03/01/2024 06:27:15||165|12811872|16241608
20746|0|97802|03/01/2024 06:20:37||563|95556104|107090216
20556|0|45833|03/01/2024 05:01:46||5294|12350219976|26524411208
20212|0|95303|03/01/2024 02:31:54||14286|5019928872|6811192736
20117|0|95563|03/01/2024 01:53:55||16565|2566267304|3725099376
20725|0|44711|03/01/2024 06:15:54||846|220194824|233046624
20508|0|18915|03/01/2024 04:42:02||6478|797638976|936606264
18775|0|10590|02/01/2024 16:11:25||51515|27962391592|41364023480
18452|0|97692|02/01/2024 14:08:06||58914|17058438192|21230554552
20557|0|57494|03/01/2024 05:04:20||5140|8664031360|22695093304
18776|0|27302|02/01/2024 16:13:40||51380|15293867120|17727643632
20602|0|46712|03/01/2024 05:29:07||3653|5361838536|13164596008
19617|0|37134|02/01/2024 22:28:55||28865|3360172496|4293310280
19496|0|80433|02/01/2024 21:39:04||31856|6207386312|8407018768
19639|0|27389|02/01/2024 22:38:04||28316|7370995768|9659247752
18899|0|85714|02/01/2024 17:15:34||47666|7439394056|8584019528
19196|0|41780|02/01/2024 19:27:14||39766|9983002744|10520780096
19422|0|32642|02/01/2024 20:52:58||34622|2410847168|2475045720
20030|0|23308|03/01/2024 01:11:13|03/01/2024 06:28:04|19011|2703611960|3674722672
19169|0|69961|02/01/2024 19:16:24||40416|4495671176|5433741616
19669|0|79654|02/01/2024 22:42:24||28056|3465838864|3668694984
20645|0|83650|03/01/2024 05:43:09||2811|444443512|493240448
18900|0|22388|02/01/2024 17:11:36||47904|16583159120|21981808096
20726|0|76297|03/01/2024 06:10:16||1184|278452944|310394704
18589|0|18539|02/01/2024 15:09:49||55211|5550758912|5637505872
20397|0|76563|03/01/2024 03:55:08||9292|436325168|573159360
20118|0|55843|03/01/2024 01:59:40||16220|1553224080|1761387488
19335|0|5262|02/01/2024 20:29:02||36058|46373325832|97227709176
20534|0|64301|03/01/2024 04:58:52||5468|83760960|92948656
20433|0|20203|03/01/2024 04:19:27||7833|508415472|535366400
20486|0|22851|03/01/2024 04:33:57||6963|469644480|509862608
20450|0|11546|03/01/2024 04:28:29||7291|247716336|360000408
18921|0|46661|02/01/2024 17:22:41||47239|6777348312|9672141544
20329|0|85741|03/01/2024 03:25:07||11093|2633213856|3819726392
19821|0|7472|02/01/2024 23:59:47||23413|1193241288|1442492544
19437|0|31481|02/01/2024 21:01:50||34090|6372813504|7312650288
19399|0|68217|02/01/2024 20:40:49||35351|8576710584|9070189632
19289|0|88278|02/01/2024 20:07:51||37329|13408063424|17771583592
20509|0|53387|03/01/2024 04:48:40||6080|59543920|82584600
19455|0|98712|02/01/2024 21:14:33||33327|9571686072|14097935824
19366|0|79002|02/01/2024 20:34:35||35725|8598209880|11187729392
19822|0|74290|02/01/2024 23:56:11||23629|736680096|858247888
18432|0|49022|02/01/2024 13:54:23||59737|14674191384|17752131920
19849|0|64324|03/01/2024 00:05:11||23089|3930922112|4490001288
19875|0|42912|03/01/2024 00:11:02||22738|3087376296|3944558144
19400|0|40285|02/01/2024 20:44:14||35146|11440950344|16550425184
19717|0|40176|02/01/2024 23:00:11||26989|12814696848|15846252688
18730|0|36201|02/01/2024 15:51:49||52691|189849287520|421627723288
20119|0|96532|03/01/2024 01:53:46||16574|3240263272|4415591160
19198|0|97579|02/01/2024 19:28:01||39719|101147817136|280746615040
20170|0|6603|03/01/2024 02:13:08||15412|1569968520|2322343896
20510|0|86053|03/01/2024 04:48:17||6103|250362264|302777496
19823|0|41995|02/01/2024 23:53:27||23793|799572312|997394784
18374|0|39648|02/01/2024 13:33:14||61006|17904009768|24857832000
20349|0|62739|03/01/2024 03:31:51||10689|915035376|1297990264
20377|0|85484|03/01/2024 03:41:18||10122|1442707264|1868399560
19718|0|5362|02/01/2024 23:00:48||26952|6993903248|9189659928
20031|0|75205|03/01/2024 01:16:17||18823|4470659560|5136008872
20689|0|66346|03/01/2024 06:03:34||1586|222351120|275070960
19696|0|85722|02/01/2024 22:50:42||27558|2450562072|3531031536
20171|0|35309|03/01/2024 02:14:23||15337|461797800|690954568
20096|0|7083|03/01/2024 01:47:58||16922|3710025984|5074777528
19640|0|13087|02/01/2024 22:33:16||28604|8477211376|9724409056
20434|0|71640|03/01/2024 04:12:27||8253|1963504576|2222451232
18476|0|97309|02/01/2024 14:10:51||58749|2215922128|2780497288
19697|0|19469|02/01/2024 22:50:36||27564|4809813264|6788311416
20213|0|15805|03/01/2024 02:35:43||14057|370111912|406557936
19108|0|90351|02/01/2024 18:54:52||41708|11772646136|12046963584
20663|0|74481|03/01/2024 05:55:14||2086|1818200728|2484925936
18796|0|33734|02/01/2024 16:20:24||50976|16018760288|16906436160
20435|0|14111|03/01/2024 04:15:50||8050|17517936688|32891822712
20603|0|52163|03/01/2024 05:22:01||4079|217343288|256534992
20378|0|18836|03/01/2024 03:43:00||10020|97982952|137787656
19876|0|40642|03/01/2024 00:13:31||22589|1176737424|1407489928
20330|0|20124|03/01/2024 03:21:50||11290|5624078512|5700585264
20535|0|73978|03/01/2024 04:52:49||5831|101180328|120486968
19044|0|93843|02/01/2024 18:24:29||43531|6601895256|9844218360
20120|0|16200|03/01/2024 01:55:20|03/01/2024 06:20:35|15915|8303165592|10137533296
19794|0|33422|02/01/2024 23:46:47||24193|10292516264|10577338952
20604|0|69046|03/01/2024 05:23:02||4018|1707887744|1758607176
18748|0|19023|02/01/2024 16:05:45||51855|18465940976|26492695216
20033|0|29867|03/01/2024 01:18:47||18673|444966568|540553336
19671|0|26430|02/01/2024 22:46:24||27816|615242504|802652472
20316|0|59913|03/01/2024 03:13:26||11794|9406461288|11917390736
20419|0|96471|03/01/2024 04:02:07||8873|6649802936|8443164904
19338|0|46857|02/01/2024 20:28:29||36091|9825156176|12704841096
20727|0|65086|03/01/2024 06:19:52||608|119800360|176998968
20690|0|16397|03/01/2024 06:03:38||1582|65109816|84876784
19904|0|50342|03/01/2024 00:24:24||21936|6202273872|6662437096
20487|0|28612|03/01/2024 04:35:28||6872|1421742392|1427806440
19641|0|56720|02/01/2024 22:35:50||28450|10794295224|15950514064
19698|0|14341|02/01/2024 22:55:10||27290|8242891680|10911176504
19592|0|19964|02/01/2024 22:10:02||29998|134984034752|260480390872
19439|0|59909|02/01/2024 21:02:03||34077|4887544016|7249487232
18942|0|93851|02/01/2024 17:34:45||46515|7217952360|8757003528
19851|0|60277|03/01/2024 00:04:00||23160|2072349864|2601936272
19795|0|9179|02/01/2024 23:40:19||24581|1056537112|1187943672
19672|0|69718|02/01/2024 22:44:37||27923|6698109568|7598849136
20585|0|59915|03/01/2024 05:15:06||4494|6258262312|14718834016
20191|0|8386|03/01/2024 02:22:52||14828|1896234216|2006833312
19977|0|26151|03/01/2024 00:54:48||20112|4355682232|6333108880
20536|0|86266|03/01/2024 04:57:10||5570|17955417424|45598864776
20664|0|83622|03/01/2024 05:53:33||2187|374931520|417214264
18153|0|88927|02/01/2024 11:53:17||67003|17844426000|23378655192
20051|0|70616|03/01/2024 01:27:41||18139|11359497672|16216321896
20665|0|78093|03/01/2024 05:53:44||2176|630313712|921001808
20451|0|71946|03/01/2024 04:24:44||7516|450668952|656145024
20214|0|4396|03/01/2024 02:39:11||13849|1294568168|1370687168
20006|0|35034|03/01/2024 01:05:31||19469|256135896|286346992
19978|0|71960|03/01/2024 00:59:23||19837|9981968112|11416115376
19852|0|50961|03/01/2024 00:04:18||23142|572635328|775018848
20192|0|49446|03/01/2024 02:23:26||14794|4006075792|5657863760
20537|0|20426|03/01/2024 04:56:39||5601|124377560|184134384
19517|0|85681|02/01/2024 21:42:12||31668|3227622360|3948038552
19201|0|64846|02/01/2024 19:28:41||39679|8238446736|9641217288
20258|0|28116|03/01/2024 02:55:37||12863|3650898792|3726065760
20538|0|34665|03/01/2024 04:52:05||5875|386119456|471024328
19571|0|5237|02/01/2024 22:03:31||30389|300307544|388628144
19292|0|7833|02/01/2024 20:07:02||37378|25546985824|34486992984
20052|0|90208|03/01/2024 01:25:50||18250|7910395904|8002845512
20007|0|13853|03/01/2024 01:02:52||19628|2576032176|3492376392
19498|0|40600|02/01/2024 21:35:33||32067|2315834088|2565276664
20586|0|20485|03/01/2024 05:18:46||4274|11964960|14694800
20215|0|78248|03/01/2024 02:39:47||13813|1191033168|1354114680
18778|0|91971|02/01/2024 16:18:45||51075|80989493744|204403343536
20452|0|76866|03/01/2024 04:22:51||7629|730660720|957004896
20511|0|17351|03/01/2024 04:42:34||6446|820526896|882208360
19979|0|20661|03/01/2024 00:59:41||19819|1829028952|2720241688
20121|0|6906|03/01/2024 01:58:06||16314|735077096|897469584
20053|0|46869|03/01/2024 01:23:39||18381|4479736600|5267040560
20317|0|13220|03/01/2024 03:17:30||11550|2721672168|2936263384
19440|0|77911|02/01/2024 21:07:17||33763|11791161704|11965435208
19480|0|24704|02/01/2024 21:29:53||32407|5944165240|8132249664
20259|0|21912|03/01/2024 02:56:49||12791|1944131920|2414359304
20646|0|33989|03/01/2024 05:43:58||2762|498371952|678706624
19778|0|32738|02/01/2024 23:30:30||25170|2096498032|2900290208
19173|0|13981|02/01/2024 19:15:13||40487|3077451848|4246133024
20539|0|39952|03/01/2024 04:58:05||5515|78347288|114951816
20097|0|76091|03/01/2024 01:44:33||17127|2032203896|2625191592
20691|0|91703|03/01/2024 06:04:54||1506|363179056|440011984
20193|0|33250|03/01/2024 02:20:21||14979|1280520168|1809989544
18902|0|31550|02/01/2024 17:11:16||47924|15198896176|21274875192
19924|0|93627|03/01/2024 00:39:42||21018|2705802088|3264761160
19760|0|48354|02/01/2024 23:27:08||25372|1477882920|1984981056
20647|0|77111|03/01/2024 05:43:57||2763|597156248|793826144
20260|0|85520|03/01/2024 02:56:48||12792|1233215488|1826355888
19541|0|51631|02/01/2024 21:58:54||30666|70797091080|199919498840
20648|0|94288|03/01/2024 05:46:07||2633|702322000|824153776
18750|0|6262|02/01/2024 16:07:49||51731|26338891728|38051357888
20453|0|31903|03/01/2024 04:27:21||7359|21292181960|44690187880
18591|0|53839|02/01/2024 15:03:16|03/01/2024 06:26:28|55392|5268556736|6181891184
20747|0|53839|03/01/2024 06:27:17||163|11562528|13057640
19518|0|98958|02/01/2024 21:40:16||31784|6371394824|7439628608
19026|0|80025|02/01/2024 18:13:57||44163|14086621776|17960087472
19143|0|96689|02/01/2024 19:08:43||40877|4672425712|5120339648
20216|0|49784|03/01/2024 02:36:16||14024|2216785352|2471003728
20512|0|48137|03/01/2024 04:49:54||6006|840601296|1094434320
19741|0|31700|02/01/2024 23:11:34|03/01/2024 06:21:58|25824|1218367656|1503744216
20748|0|31700|03/01/2024 06:23:30||390|22253328|28601064
19339|0|13583|02/01/2024 20:21:02||36538|20088559960|20438145448
19175|0|17139|02/01/2024 19:19:00||40260|41780520912|84010140096
20122|0|19424|03/01/2024 01:57:39||16341|9286908848|13187295728
20692|0|16818|03/01/2024 06:04:27||1533|3832055144|11402285208
19719|0|53030|02/01/2024 23:05:10||26690|18398806728|27138517144
20558|0|36006|03/01/2024 05:07:29||4951|6624897944|14120398552
20350|0|99108|03/01/2024 03:34:16||10544|1331153240|1589721096
18548|0|77858|02/01/2024 14:41:47||56893|6646875184|7852893384
19573|0|47458|02/01/2024 22:05:47||30253|2032690928|2748666368
19853|0|52439|03/01/2024 00:00:29||23371|50470507360|117216539824
17980|0|47314|02/01/2024 10:30:53|03/01/2024 06:29:36|71923|9310268304|9484077192
18155|0|95953|02/01/2024 11:50:39||67161|17605100632|21221368592
19594|0|28423|02/01/2024 22:11:58||29882|5977604616|6175953688
20142|0|9694|03/01/2024 02:01:31||16109|7646843168|8330114280
19925|0|87055|03/01/2024 00:30:45||21555|16936645016|45643493408
18523|0|55328|02/01/2024 14:37:58||57122|9740944808|10331241016
19574|0|32388|02/01/2024 22:00:26||30574|14081308432|14417281320
20075|0|14654|03/01/2024 01:35:30||17670|74683579056|154977564352
19027|0|12418|02/01/2024 18:15:50||44050|14601881288|15735867640
19457|0|43820|02/01/2024 21:17:59||33121|8303924384|11760903248
20351|0|59395|03/01/2024 03:38:03||10317|164026632|174376752
20605|0|83349|03/01/2024 05:27:19||3761|700486648|972535864
19952|0|98957|03/01/2024 00:40:54||20946|6092274472|6127671952
20352|0|48002|03/01/2024 03:32:02||10678|956557008|1121694416
19028|0|61002|02/01/2024 18:18:48||43872|2232724696|2367442032
20098|0|19426|03/01/2024 01:44:07||17153|69871032424|52145450608
19065|0|17223|02/01/2024 18:31:58||43082|23874035408|24142184192
19877|0|97507|03/01/2024 00:10:24||22776|897803576|1335515800
18836|0|74230|02/01/2024 16:42:24||49656|18523401328|26252927632
20559|0|23640|03/01/2024 05:06:15||5025|161205000|192481296
19458|0|69461|02/01/2024 21:13:28||33392|1408976280|2090684216
20693|0|93127|03/01/2024 06:00:05||1795|340738848|396911536
19619|0|50074|02/01/2024 22:23:04||29216|8684123232|12930147088
20008|0|77558|03/01/2024 01:07:17||19363|3094562864|3589971640
20694|0|40614|03/01/2024 06:08:26||1294|607134288|608327288
19519|0|70372|02/01/2024 21:49:46||31214|105390384|115003952
20749|0|52154|03/01/2024 06:20:58||542|105194192|106372848
20124|0|72601|03/01/2024 01:55:56||16444|4909025536|5262438936
20436|0|12784|03/01/2024 04:17:16||7964|3899025728|5192852144
20513|0|21671|03/01/2024 04:47:21||6159|3136962216|4427114848
19953|0|58494|03/01/2024 00:41:09||20931|2619179200|3695243344
20353|0|81351|03/01/2024 03:39:46||10214|3844942976|5621248128
19980|0|5094|03/01/2024 00:52:29||20251|1460920936|1843459480
18799|0|76281|02/01/2024 16:26:36||50604|9453943736|13507909440
20354|0|53746|03/01/2024 03:39:23||10237|1704369216|2252949848
19620|0|54313|02/01/2024 22:26:38||29002|17662853512|20224010888
19673|0|82980|02/01/2024 22:49:37||27623|4700334784|6753921496
19700|0|13499|02/01/2024 22:52:15||27465|3762960576|5353930272
20077|0|28225|03/01/2024 01:37:51||17529|3881223240|3895144192
19066|0|26134|02/01/2024 18:37:19||42761|21789556392|23830230208
19954|0|10263|03/01/2024 00:43:17||20803|2475039088|2588800984
20666|0|22665|03/01/2024 05:54:14||2146|580761664|641329360
19177|0|17670|02/01/2024 19:12:19||40661|270648648|328832640
20055|0|50467|03/01/2024 01:20:55|03/01/2024 06:24:28|18213|993730816|1358062288
20750|0|50467|03/01/2024 06:25:05||295|5807792|6853200
19294|0|59984|02/01/2024 20:09:35||37225|14445063040|14578562192
18680|0|68883|02/01/2024 15:32:12||53868|8295612208|8735459184
19674|0|27276|02/01/2024 22:41:41||28099|9933201448|13249836456
18524|0|97540|02/01/2024 14:34:26||57334|2734590712|3486562232
20454|0|14496|03/01/2024 04:23:01||7619|4182237552|5598084024
19675|0|23553|02/01/2024 22:46:33||27807|9861782928|14326761752
19402|0|98869|02/01/2024 20:42:55||35225|12822542920|15599813400
20217|0|31958|03/01/2024 02:35:50||14050|210949896|219602760
19780|0|29084|02/01/2024 23:36:34||24806|6900637832|9031326328
20287|0|72524|03/01/2024 03:02:11||12469|2539639296|3132956928
20751|0|80345|03/01/2024 06:25:25||275|101983936|143042112
18654|0|35261|02/01/2024 15:20:23||54577|2973264776|4431270392
19178|0|45606|02/01/2024 19:13:15||40605|5704441288|8490219200
20100|0|84613|03/01/2024 01:47:59||16921|1440578104|2109350528
20009|0|16150|03/01/2024 01:03:41||19579|3676096616|4857391248
20667|0|83901|03/01/2024 05:50:50||2350|574504160|813174896
20455|0|19801|03/01/2024 04:21:08||7732|2752019784|3335442352
20668|0|28804|03/01/2024 05:52:12||2268|672694384|793735504
20669|0|50847|03/01/2024 05:52:16||2264|258292632|369967320
19676|0|67743|02/01/2024 22:48:33||27687|5527594248|8245625984
19825|0|19913|02/01/2024 23:59:43||23417|3811242880|4709929256
19005|0|86290|02/01/2024 18:08:43||44477|1770308784|1832912304
18681|0|73583|02/01/2024 15:38:21||53499|17540125792|24601855144
18943|0|17154|02/01/2024 17:36:09||46431|4664445488|6394180152
19113|0|17717|02/01/2024 18:52:38||41842|37166327144|96355935296
19459|0|44780|02/01/2024 21:18:32||33088|7024114960|10014888352
19520|0|77032|02/01/2024 21:46:36||31404|5810339544|7389419864
20261|0|63585|03/01/2024 02:55:32||12868|2785866280|3247392888
18880|0|69340|02/01/2024 17:07:24||48156|13932820656|20240044552
19955|0|33064|03/01/2024 00:40:31||20969|4966702440|7121012720
19425|0|62125|02/01/2024 20:59:48||34212|120943007952|312907811672
20288|0|88899|03/01/2024 03:07:48||12132|342174736|415321712
20437|0|31522|03/01/2024 04:19:24||7836|409486960|416599904
20587|0|30280|03/01/2024 05:16:12||4428|210188128|258221808
19621|0|68053|02/01/2024 22:22:36||29244|55958833488|166307016656
20588|0|27746|03/01/2024 05:15:32||4468|186067528|227306352
20398|0|85350|03/01/2024 03:51:13||9527|2767022992|3117553024
20420|0|3805|03/01/2024 04:07:22||8558|1630212376|1699726456
19956|0|37572|03/01/2024 00:40:20||20980|5322515528|7230908152
19878|0|70820|03/01/2024 00:17:55||22325|5313357176|5601302736
19854|0|23126|03/01/2024 00:05:59||23041|2572156064|2778215856
20218|0|52416|03/01/2024 02:38:46||13874|49116856|62097480
18408|0|64963|02/01/2024 13:45:26||60274|313307608|438475152
20101|0|27570|03/01/2024 01:49:04||16856|105588704|146154832
19926|0|34200|03/01/2024 00:36:19||21221|898762176|1141041664
20438|0|60061|03/01/2024 04:12:32||8248|3229253768|4095352808
19370|0|52044|02/01/2024 20:30:17||35983|42787953168|83375168048
20421|0|29712|03/01/2024 04:00:52||8948|408694616|582335080
20319|0|73999|03/01/2024 03:17:12||11568|208421912|269724400
19595|0|98149|02/01/2024 22:12:05||29875|3965453208|5125468952
20219|0|32616|03/01/2024 02:34:05||14155|581176344|745484104
19543|0|72615|02/01/2024 21:51:38||31102|2570605920|2968423608
20422|0|43297|03/01/2024 04:03:47||8773|6657342920|7352412952
18577|0|22507|02/01/2024 14:50:22||56378|1475453104|1507943824
19268|0|80719|02/01/2024 19:52:36||38244|9341724480|13572887048
20078|0|67557|03/01/2024 01:32:34||17846|6268706712|8599489816
20514|0|37117|03/01/2024 04:46:21||6219|290191912|376658896
20456|0|82986|03/01/2024 04:26:40||7400|80824960|106827728
19114|0|24334|02/01/2024 18:56:54||41586|11478924264|16036010920
20241|0|98774|03/01/2024 02:45:18||13482|3894426616|5618804824
19905|0|14643|03/01/2024 00:24:25||21935|2849679536|2851398928
19677|0|5939|02/01/2024 22:49:28||27632|4440442248|6050094696
19827|0|98298|02/01/2024 23:52:14||23866|2320341632|2710376920
18982|0|69372|02/01/2024 17:58:06||45114|13100866976|13336214688
20670|0|97740|03/01/2024 05:57:29||1951|121069856|125296104
20649|0|70962|03/01/2024 05:47:05||2575|316677256|424511104
20079|0|47819|03/01/2024 01:31:24||17916|26958022808|68579604816
20606|0|61217|03/01/2024 05:24:36||3924|1196681320|734891368
19642|0|87153|02/01/2024 22:31:27||28713|10832467608|15282693976
19622|0|56210|02/01/2024 22:20:05||29395|83224286648|224094644896
20650|0|93664|03/01/2024 05:48:14||2506|267617856|295355920
19229|0|8816|02/01/2024 19:36:29||39211|8993859032|9603693480
19371|0|64143|02/01/2024 20:39:56||35404|16001574936|17920827208
19403|0|72469|02/01/2024 20:47:57||34923|4858838256|6297851320
20488|0|37360|03/01/2024 04:36:24||6816|1826199184|2457011648
19341|0|41429|02/01/2024 20:25:44||36256|1859244800|2141278608
19879|0|53398|03/01/2024 00:13:34||22586|5419776208|7139533944
20695|0|70723|03/01/2024 06:01:58||1682|138385376|93135144
18655|0|49120|02/01/2024 15:25:12||54288|112747031000|326583570632
19087|0|10654|02/01/2024 18:41:09||42531|19563929456|27559449808
19761|0|86735|02/01/2024 23:26:55||25385|15858821176|17889241520
18925|0|79722|02/01/2024 17:29:04||46856|77269730944|226540786144
20457|0|49678|03/01/2024 04:26:00||7440|3598445472|5170588328
19927|0|61139|03/01/2024 00:31:20||21520|3178100600|3847078576
20263|0|23803|03/01/2024 02:52:37||13043|519050096|597314152
19575|0|25125|02/01/2024 22:04:38||30322|1998266088|2310524752
20144|0|90059|03/01/2024 02:04:30||15930|1713539304|2329391416
20264|0|87674|03/01/2024 02:58:32||12688|1217413384|1234330328
19460|0|26093|02/01/2024 21:14:41||33319|3780559280|4568123816
20056|0|90076|03/01/2024 01:24:29||18331|1940943704|2476571224
19544|0|69214|02/01/2024 21:59:14||30646|93934206776|201018360776
18578|0|28124|02/01/2024 14:50:16||56384|114861323728|251351872528
18656|0|56866|02/01/2024 15:23:01||54419|6762591480|8992803808
19701|0|53612|02/01/2024 22:54:18||27342|11158456336|12064283864
20626|0|12536|03/01/2024 05:34:42||3318|401673504|554342440
20752|0|66310|03/01/2024 06:24:53||307|60845744|82009376
20145|0|41124|03/01/2024 02:03:06||16014|4266666064|4369707680
20423|0|53714|03/01/2024 04:03:09||8811|17197666104|43430519624
18132|0|30667|02/01/2024 11:47:58||67322|864435368|955935752
20010|0|91598|03/01/2024 01:00:45||19755|5099891896|5215064032
19461|0|34047|02/01/2024 21:19:42||33018|2519947272|3445047664
20331|0|59145|03/01/2024 03:22:44||11236|7168721064|7761024864
19462|0|8839|02/01/2024 21:15:07||33293|2262119776|2640369120
20753|0|80096|03/01/2024 06:29:38||22|7413560|7975504
19481|0|63103|02/01/2024 21:28:10||32510|8904435664|10499268240
20651|0|70629|03/01/2024 05:47:40||2540|597496360|840066936
20332|0|28927|03/01/2024 03:21:23||11317|1262837648|1493086760
19546|0|20525|02/01/2024 21:55:59||30841|6787565560|9637195184
20320|0|90512|03/01/2024 03:10:18||11982|3671039728|4852381896
20265|0|71041|03/01/2024 02:59:15||12645|3215736744|4334733176
19743|0|43248|02/01/2024 23:12:00||26280|9977871224|11645473736
20607|0|26199|03/01/2024 05:23:58||3962|285309072|334377600
19702|0|99476|02/01/2024 22:56:38||27202|6139765472|7143681616
19295|0|56736|02/01/2024 20:00:10||37790|13468086704|18665210912
19314|0|6073|02/01/2024 20:19:14||36646|20262395704|29681326696
19703|0|47971|02/01/2024 22:52:33||27447|1280480296|1316889448
19547|0|69707|02/01/2024 21:50:12||31188|2007867904|2693486408
20146|0|34411|03/01/2024 02:08:21||15699|100068352|103922808
20172|0|29306|03/01/2024 02:19:45||15015|772875112|810467840
20289|0|76670|03/01/2024 03:07:07||12173|972794784|1412049480
20242|0|93213|03/01/2024 02:43:16||13604|1181086712|1717535744
19521|0|93311|02/01/2024 21:48:20||31300|1571571000|1934434480
18983|0|27416|02/01/2024 17:51:46||45494|19324667464|25212541080
19928|0|19123|03/01/2024 00:37:19||21161|1536435000|1924885072
19483|0|23962|02/01/2024 21:21:10||32930|4802177032|5798584504
20355|0|48946|03/01/2024 03:34:51||10509|1142285720|1491403240
18838|0|47902|02/01/2024 16:44:18||49542|10667441992|13958885128
20333|0|83921|03/01/2024 03:24:34||11126|4740559912|6864949776
19982|0|53676|03/01/2024 00:57:10||19970|3083432144|3808871184
20080|0|38060|03/01/2024 01:31:53||17887|2898932392|3885687160
20011|0|96896|03/01/2024 01:09:19||19241|50309903712|126876747120
20728|0|89545|03/01/2024 06:10:33||1167|673405424|1770040768
19146|0|24903|02/01/2024 19:01:22||41318|5457313752|8146745568
18682|0|28652|02/01/2024 15:31:17||53923|2331662688|2380246312
20220|0|5859|03/01/2024 02:35:49||14051|731142352|991234904
20147|0|75957|03/01/2024 02:02:23||16057|497091200|690881144
19404|0|19759|02/01/2024 20:45:52||35048|7698476952|11170951592
20356|0|34442|03/01/2024 03:38:57||10263|1014749768|1100603480
19782|0|97470|02/01/2024 23:37:27||24753|2188477552|2540257544
20290|0|24906|03/01/2024 03:09:44||12016|836269480|1059968776
20291|0|39235|03/01/2024 03:08:07||12113|753216152|993579808
18819|0|66447|02/01/2024 16:32:48||50232|14549457016|15021775512
19623|0|27001|02/01/2024 22:28:39||28881|18523509304|26696024896
18623|0|63750|02/01/2024 15:15:22||54878|5859659216|7437762304
18436|0|14122|02/01/2024 13:51:52||59888|4024873600|4595803720
20561|0|23151|03/01/2024 05:09:39||4821|7438215784|17402736360
20081|0|95610|03/01/2024 01:34:41||17719|2786673440|2853750752
19799|0|64459|02/01/2024 23:43:10||24410|353655528|370281328
20627|0|68700|03/01/2024 05:35:08||3292|304953968|356880200
20729|0|30363|03/01/2024 06:10:26||1174|101779856|103016696
20730|0|98196|03/01/2024 06:19:03||657|235735120|277847888
19596|0|21518|02/01/2024 22:18:21||29499|6113145112|8996955296
20357|0|84711|03/01/2024 03:34:33||10527|2279737552|3220769320
20243|0|83416|03/01/2024 02:43:34||13586|2739735976|2983350008
18944|0|15205|02/01/2024 17:35:14||46486|13435396104|18479906824
20562|0|60347|03/01/2024 05:00:35||5365|180346792|210367344
20754|0|49963|03/01/2024 06:24:20||340|10700048|14702512
20399|0|53977|03/01/2024 03:57:41||9139|5812048624|6316167584
19880|0|47511|03/01/2024 00:12:59||22621|4074074896|4487217568
20628|0|39224|03/01/2024 05:33:02||3418|1062393744|1482591240
20671|0|43761|03/01/2024 05:59:27||1833|577257528|846100048
19090|0|49047|02/01/2024 18:40:53||42547|80449923192|187575395816
19427|0|29679|02/01/2024 20:52:59||34621|6497427824|6924531992
20082|0|49037|03/01/2024 01:37:21||17559|865917096|1237700392
19405|0|63259|02/01/2024 20:40:51||35349|183065248|239510688
19597|0|19796|02/01/2024 22:16:11||29629|14014152904|18509606312
20358|0|96423|03/01/2024 03:36:01||10439|1985640096|2383934312
20458|0|4814|03/01/2024 04:23:29||7591|5216893328|5368983056
20149|0|36093|03/01/2024 02:08:02||15718|885977984|1273167376
19548|0|86855|02/01/2024 21:52:05||31075|5667171136|8064942632
19250|0|49631|02/01/2024 19:42:12||38868|3933545096|4517078696
19762|0|96762|02/01/2024 23:21:35||25705|2166632136|2292672504
19372|0|54532|02/01/2024 20:34:57||35703|6720499000|9945164152
18959|0|51088|02/01/2024 17:46:41||45799|129222314840|365358962096
19745|0|66727|02/01/2024 23:15:42||26058|8944087304|12668090720
20563|0|31810|03/01/2024 05:03:27||5193|837176728|879191360
19204|0|35516|02/01/2024 19:20:15||40185|4714042864|4950737704
20515|0|31906|03/01/2024 04:44:56||6304|1121335640|1195001880
18928|0|18957|02/01/2024 17:27:10||46970|11279234312|15386282296
19678|0|34330|02/01/2024 22:46:05||27835|4936448968|5823705400
19048|0|23505|02/01/2024 18:29:37||43223|15830306744|23139728400
20696|0|16362|03/01/2024 06:09:40||1220|137790536|203885360
19881|0|89361|03/01/2024 00:19:22||22238|1389051016|1820315136
20516|0|7332|03/01/2024 04:45:46||6254|1369988936|1377231520
20150|0|76590|03/01/2024 02:07:07||15773|2656593552|3097181848
19030|0|21997|02/01/2024 18:14:50||44110|7152838856|10188095952
19882|0|44745|03/01/2024 00:10:04||22796|965946064|1241075384
18159|0|88803|02/01/2024 11:52:51||67029|1125400696|1596877904
18781|0|85856|02/01/2024 16:16:43||51197|12524875104|15569244864
19522|0|74749|02/01/2024 21:46:07||31433|4674233112|4678647200
19484|0|41001|02/01/2024 21:29:43||32417|347987288|515022496
20489|0|5866|03/01/2024 04:35:05||6895|606830176|775819840
19230|0|87252|02/01/2024 19:30:36||39564|6773455608|9946052768
18354|0|8726|02/01/2024 13:23:35|03/01/2024 06:25:45|61330|27789802480|36497119952
19116|0|36663|02/01/2024 18:51:00||41940|14028654696|14487693840
19856|0|66412|03/01/2024 00:07:18||22962|8516133016|9839204672
18782|0|89070|02/01/2024 16:16:15||51225|29661983936|31618949448
20335|0|37635|03/01/2024 03:24:02||11158|542529776|770443472
19406|0|66095|02/01/2024 20:46:54||34986|12144142440|16374332536
19205|0|41383|02/01/2024 19:20:38||40162|6607298384|6614131456
19883|0|5616|03/01/2024 00:19:31||22229|25800422080|56603408384
19679|0|80746|02/01/2024 22:40:40||28160|5743946584|7997996800
20517|0|99799|03/01/2024 04:46:08||6232|2131289384|2378985608
19598|0|96534|02/01/2024 22:10:19||29981|7393167216|7932928432
19147|0|27952|02/01/2024 19:08:19||40901|5933086112|6811551928
20380|0|30922|03/01/2024 03:40:27||10173|1510491008|1829066384
19721|0|90014|02/01/2024 23:07:52||26528|11146108256|13772907624
20652|0|90493|03/01/2024 05:48:32||2488|1126384528|1187321376
18206|0|31308|02/01/2024 12:14:25||65735|5170725752|6334183504
20083|0|90408|03/01/2024 01:35:25||17675|7950881544|10455926200
19906|0|23717|03/01/2024 00:24:29||21931|73354261208|170908486680
18820|0|26547|02/01/2024 16:31:19||50321|9024724560|10004657136
20221|0|40014|03/01/2024 02:35:38||14062|183757976|258881960
20401|0|8148|03/01/2024 03:56:43||9197|1736267104|2468556376
18459|0|15432|02/01/2024 14:06:08||59032|10342246552|12059354128
20012|0|29929|03/01/2024 01:08:47||19273|13820761592|15450778392
18961|0|65810|02/01/2024 17:46:57||45783|7035671688|8303050400
18482|0|73491|02/01/2024 14:12:58||58622|5330812064|5523990512
20194|0|99462|03/01/2024 02:29:58||14402|6694298960|8355212920
19958|0|15351|03/01/2024 00:46:35||20605|1922008808|1945515856
19801|0|86640|02/01/2024 23:48:50||24070|4172348208|5336987904
20266|0|31189|03/01/2024 02:54:35||12925|655836096|694258408
20697|0|13450|03/01/2024 06:01:31||1709|218335872|282751536
19206|0|52010|02/01/2024 19:23:35||39985|11226152048|12255120184
20057|0|78509|03/01/2024 01:28:42||18078|1840558304|2424255864
20672|0|36175|03/01/2024 05:58:17||1903|181460592|255882272
19722|0|37770|02/01/2024 23:06:04||26636|7795206016|8530648016
20731|0|38222|03/01/2024 06:13:40||980|266653584|381950072
18706|0|21763|02/01/2024 15:45:31||53069|2063926328|2441703296
19763|0|51359|02/01/2024 23:20:39||25761|11758236752|8013226976
19091|0|54220|02/01/2024 18:46:40||42200|102899641776|274769643448
19407|0|4569|02/01/2024 20:46:06||35034|10653307504|13829794336
18258|0|28387|02/01/2024 12:35:02||64498|181790226552|387813758776
20359|0|64081|03/01/2024 03:33:00||10620|4981184520|6971591328
19031|0|79493|02/01/2024 18:14:20||44140|7464406352|9561588912
20104|0|23876|03/01/2024 01:42:28||17252|10402546912|5795072448
20174|0|31694|03/01/2024 02:13:52||15368|4988206632|7294965264
19884|0|88255|03/01/2024 00:14:48||22512|2661831976|3039537880
18906|0|34127|02/01/2024 17:14:36||47724|59901389744|37465385264
20321|0|6802|03/01/2024 03:13:13||11807|30065382128|73734931856
20424|0|90297|03/01/2024 04:05:59||8641|27030809144|71552220128
20151|0|22839|03/01/2024 02:09:53||15607|14529985728|16000239520
20698|0|62492|03/01/2024 06:07:15||1365|442800648|570366704
19148|0|35296|02/01/2024 19:09:45||40815|3737992136|4372970560
20564|0|60248|03/01/2024 05:09:46||4814|5432995576|16154431816
19251|0|78104|02/01/2024 19:43:13||38807|9998403392|14682331272
19010|0|60821|02/01/2024 18:02:19||44861|6197890456|7088119344
19803|0|8607|02/01/2024 23:40:33||24567|43541854632|99280932304
19599|0|31508|02/01/2024 22:12:09||29871|14543141688|15409275552
19011|0|72515|02/01/2024 18:03:27||44793|2709252456|2894523048
20222|0|91475|03/01/2024 02:38:25||13895|830169688|954602952
19723|0|41167|02/01/2024 23:03:43||26777|11562691112|15826916968
20322|0|46705|03/01/2024 03:16:15||11625|9197363240|13315088000
20152|0|69769|03/01/2024 02:01:33||16107|4822653232|7094122904
19524|0|97111|02/01/2024 21:41:18||31722|3977571888|5007895088
20653|0|38141|03/01/2024 05:41:39||2901|154799712|208694264
20459|0|72443|03/01/2024 04:20:38||7762|1135066224|1230345456
20195|0|58373|03/01/2024 02:26:16||14624|826242104|923491776
20058|0|67666|03/01/2024 01:29:34||18026|5275321400|7426622528
20460|0|54407|03/01/2024 04:29:14||7246|2203422992|3249671952
18557|0|86487|02/01/2024 14:43:47||56773|5800420048|7535887432
19885|0|97656|03/01/2024 00:18:11||22309|6722297464|8232487048
18137|0|51364|02/01/2024 11:48:53||67267|17992415120|20507277576
20037|0|42829|03/01/2024 01:12:32||19048|2717438384|3281864280
20196|0|52747|03/01/2024 02:29:48||14412|521684216|585431320
20059|0|88059|03/01/2024 01:21:47||18493|898698224|1220739720
19857|0|20046|03/01/2024 00:03:44||23176|8882778640|12019813536
20292|0|40916|03/01/2024 03:01:58||12482|1652688048|1839271840
18275|0|52466|02/01/2024 12:40:05||64195|223898934136|524100494680
20490|0|54993|03/01/2024 04:32:14||7066|3704436536|4158112872
20013|0|88863|03/01/2024 01:04:59||19501|2613542160|2972453624
19829|0|85732|02/01/2024 23:54:40||23720|6790924456|9342364464
20589|0|4492|03/01/2024 05:18:58||4262|1017575864|1199524160
20323|0|37858|03/01/2024 03:17:59||11521|1763558904|2597644848
20518|0|23399|03/01/2024 04:44:31||6329|3660975624|4719391008
20381|0|73499|03/01/2024 03:48:42||9678|177335712|235088744
18881|0|56307|02/01/2024 17:06:57||48183|655180312|794741848
19181|0|14893|02/01/2024 19:16:40||40400|7373047168|9496897688
20565|0|35062|03/01/2024 05:04:28||5132|723614008|1021495536
19503|0|18927|02/01/2024 21:32:42||32238|11209884784|11361933744
19485|0|71703|02/01/2024 21:22:06||32874|16272066360|16673085648
19119|0|82867|02/01/2024 18:57:56||41524|36540125664|102819747080
20566|0|34760|03/01/2024 05:09:05||4855|35796440|39194592
19747|0|77934|02/01/2024 23:10:51||26349|12172933128|14403510312
18626|0|43410|02/01/2024 15:17:58||54722|9466245912|12968801408
19959|0|26002|03/01/2024 00:42:25||20855|4662428656|4721441248
19830|0|96362|02/01/2024 23:56:37|03/01/2024 06:27:48|23471|1881189272|2542594552
20125|0|91964|03/01/2024 01:59:05||16255|3339994000|3391362024
18439|0|95066|02/01/2024 13:54:49||59711|835131184|1120217808
18580|0|49783|02/01/2024 14:52:28||56252|16344559608|22391227592
18410|0|47241|02/01/2024 13:42:08|03/01/2024 06:21:20|59952|14655399832|11384888400
20755|0|47241|03/01/2024 06:22:27||453|135672816|87166392
18317|0|16122|02/01/2024 13:03:29||62791|10842645744|15734997160
20699|0|47228|03/01/2024 06:07:19||1361|3395972976|7241032600
20673|0|24545|03/01/2024 05:58:58||1862|674566272|990470320
18181|0|67106|02/01/2024 12:02:59||66421|10277292592|11985172368
20674|0|89014|03/01/2024 05:59:42||1818|1546555232|878667328
19724|0|22301|02/01/2024 23:08:26||26494|8881626432|10732680160
20461|0|89046|03/01/2024 04:29:18||7242|896279416|1291176288
19012|0|59817|02/01/2024 18:09:57||44403|33920966416|40799038376
19960|0|21901|03/01/2024 00:40:10||20990|2890130312|3792498344
18412|0|87742|02/01/2024 13:44:21||60339|19737151064|23367629344
19601|0|90141|02/01/2024 22:19:42||29418|2221535200|2406443064
19680|0|63065|02/01/2024 22:45:59||27841|14913762256|15615834480
20700|0|57679|03/01/2024 06:08:25||1295|489924688|508898064
18318|0|50537|02/01/2024 13:09:34||62426|47385811232|49168192312
18883|0|90354|02/01/2024 17:01:57||48483|4988374176|5196641232
20015|0|58712|03/01/2024 01:00:03||19797|8933202792|10014107416
18558|0|51005|02/01/2024 14:44:47||56713|10113645296|13125916992
20732|0|49797|03/01/2024 06:16:29||811|1025613488|2354618384
19343|0|96554|02/01/2024 20:29:27||36033|5742802968|8223817632
20293|0|93514|03/01/2024 03:04:35||12325|1778199552|1862342016
19208|0|82469|02/01/2024 19:23:26||39994|3438741624|4476584288
19908|0|59271|03/01/2024 00:27:37||21743|1015225384|1424481216
19298|0|65046|02/01/2024 20:01:41||37699|106148362776|230399702528
20267|0|7986|03/01/2024 02:52:58||13022|1000406728|1104937176
20224|0|75318|03/01/2024 02:37:09||13971|4191166864|6083519464
19681|0|70352|02/01/2024 22:45:42||27858|12342658968|14200502528
19929|0|64617|03/01/2024 00:30:47||21553|38608270888|107735911312
19704|0|58220|02/01/2024 22:51:16||27524|7610241152|9544879456
20084|0|76632|03/01/2024 01:34:27||17733|12963194600|18779687448
19465|0|58272|02/01/2024 21:13:41||33379|7610641832|11192799016
20336|0|82918|03/01/2024 03:20:01||11399|2256330976|3251975504
19625|0|91313|02/01/2024 22:24:49||29111|18942367408|26241523136
18414|0|89998|02/01/2024 13:44:59||60301|23359707320|31131059264
20491|0|66625|03/01/2024 04:36:23||6817|657860384|765895272
20360|0|55364|03/01/2024 03:35:05||10495|2620869616|3098074592
19962|0|59792|03/01/2024 00:44:02||20758|56994116728|117714679368
18232|0|99038|02/01/2024 12:28:02||64918|26937498912|35639098032
19831|0|63864|02/01/2024 23:50:21||23979|53287473744|105832292576
20540|0|72497|03/01/2024 04:57:51||5529|755655192|930688600
19963|0|23057|03/01/2024 00:44:59||20701|12387902920|12518873576
19121|0|15233|02/01/2024 18:56:14||41626|2750875160|3082802488
20324|0|53550|03/01/2024 03:11:07||11933|912001288|1060097520
18531|0|82975|02/01/2024 14:37:15||57165|6110351496|6822709456
18233|0|61892|02/01/2024 12:28:35||64885|15810580392|17477086336
20197|0|18024|03/01/2024 02:28:21||14499|309046704|348999040
20382|0|89308|03/01/2024 03:49:30||9630|1860752928|2308474312
19373|0|13878|02/01/2024 20:34:09||35751|74826122192|161710133488
20608|0|79497|03/01/2024 05:24:44||3916|121522376|122150784
20402|0|56137|03/01/2024 03:54:47||9313|1810279112|2151329656
20060|0|68717|03/01/2024 01:23:25||18395|1323291616|1355616056
19804|0|91131|02/01/2024 23:46:19||24221|4033126216|4452755912
19644|0|26625|02/01/2024 22:33:56||28564|82502474288|180351068192
20225|0|52355|03/01/2024 02:32:16||14264|818753728|947228744
19832|0|69727|02/01/2024 23:58:48||23472|6232668672|8628960672
19183|0|24054|02/01/2024 19:13:58||40562|18036879960|19937827448
20294|0|87529|03/01/2024 03:05:29||12271|1782212744|2406634360
19909|0|57014|03/01/2024 00:20:34||22166|62130104720|123731981424
19070|0|94806|02/01/2024 18:39:10||42650|13499291672|13552430712
20295|0|38509|03/01/2024 03:02:38||12442|456914952|652211448
20567|0|77752|03/01/2024 05:01:29||5311|314249424|456343448
20126|0|52021|03/01/2024 01:55:47||16453|2197389240|2867393200
19626|0|5777|02/01/2024 22:29:19||28841|18390766944|23981937152
20590|0|47290|03/01/2024 05:18:56||4264|400168664|432724856
18462|0|25002|02/01/2024 14:09:37||58823|11006320768|11600727912
19833|0|91231|02/01/2024 23:59:37||23423|2517386408|3124255568
19783|0|38204|02/01/2024 23:34:05||24955|12266770360|13806436288
20153|0|10306|03/01/2024 02:08:12||15708|383915896|466643072
20361|0|24936|03/01/2024 03:32:09||10671|4592744928|6073340952
20154|0|58622|03/01/2024 02:07:13||15767|8469101400|8627935112
19860|0|68298|03/01/2024 00:07:00||22980|586539544|597932848
20492|0|30399|03/01/2024 04:36:01||6839|6667508904|15943118232
19645|0|12192|02/01/2024 22:37:38||28342|6060341544|7695409272
18319|0|50807|02/01/2024 13:05:36||62664|105156493496|308690886632
19646|0|55387|02/01/2024 22:38:08||28312|127893440|138277528
19092|0|28713|02/01/2024 18:40:54||42546|5542966992|6964119968
19093|0|67103|02/01/2024 18:47:49||42131|158407727832|332909976896
19805|0|31043|02/01/2024 23:44:00||24360|2948414480|3903933312
20591|0|73562|03/01/2024 05:16:33||4407|233259352|334560056
20127|0|55102|03/01/2024 01:56:01||16439|3027323400|4379694600
19467|0|35810|02/01/2024 21:17:09||33171|4585907440|5177808552
19964|0|66198|03/01/2024 00:46:21||20619|6373165912|8053612136
20675|0|99225|03/01/2024 05:56:27||2013|621852584|906608504
19486|0|17300|02/01/2024 21:25:19||32681|13710539224|18881463168
20609|0|39723|03/01/2024 05:28:16||3704|111127752|163211664
20016|0|13136|03/01/2024 01:09:03||19257|36574465480|20259295760
20610|0|67839|03/01/2024 05:26:27||3813|457997840|604381208
19549|0|36401|02/01/2024 21:51:21||31119|6311846168|7825943032
20038|0|26795|03/01/2024 01:10:29||19171|1316541728|1717477656
19834|0|31381|02/01/2024 23:51:06||23934|2858600432|3015542584
19550|0|43205|02/01/2024 21:52:14||31066|4721073448|7041172928
20268|0|21827|03/01/2024 02:50:02||13198|315778576|338169872
20463|0|41400|03/01/2024 04:24:34||7526|5444712920|7455682912
20541|0|69686|03/01/2024 04:57:36||5544|2287674320|3239965752
19984|0|53935|03/01/2024 00:54:04||20156|2319848296|3057058488
19072|0|30505|02/01/2024 18:38:06||42714|11337739544|11668891680
18843|0|63794|02/01/2024 16:42:23||49657|6134037576|8730289336
19526|0|82821|02/01/2024 21:40:58||31742|783173080|818226608
19468|0|61975|02/01/2024 21:15:37||33263|8704447744|10866940472
20269|0|38745|03/01/2024 02:54:44||12916|1028910888|1337060272
20337|0|20811|03/01/2024 03:23:12||11208|409438024|512857440
20611|0|32328|03/01/2024 05:21:43||4097|99953616|107170904
20464|0|6682|03/01/2024 04:28:07||7313|398647848|408899992
18628|0|66645|02/01/2024 15:14:28||54932|9827399680|13654984312
19232|0|39927|02/01/2024 19:30:08||39592|93909793312|180630868776
20701|0|83926|03/01/2024 06:06:44||1396|496135120|514429952
19985|0|90910|03/01/2024 00:58:28||19892|3937025840|4693391032
18803|0|54549|02/01/2024 16:28:18||50502|5709541936|8301609976
20403|0|85555|03/01/2024 03:51:39||9501|26965665888|53315320048
19931|0|58468|03/01/2024 00:33:57||21363|6674061888|8007945120
18600|0|97084|02/01/2024 15:02:50||55630|18727103136|25980600192
19184|0|22859|02/01/2024 19:14:01||40559|2969099152|3214653064
19273|0|97830|02/01/2024 19:52:51||38229|3918193912|4577386288
20383|0|64521|03/01/2024 03:46:27||9813|3715367752|4748022432
19682|0|88502|02/01/2024 22:45:17||27883|146949675048|274808330224
20128|0|53116|03/01/2024 01:54:44||16516|2788572088|2969534800
19316|0|87020|02/01/2024 20:12:13||37067|4971061152|7242058976
20039|0|81151|03/01/2024 01:13:55||18965|5042413104|5828576536
19035|0|52373|02/01/2024 18:15:20||44080|41516085216|27980351704
20296|0|66185|03/01/2024 03:07:19||12161|4165493944|5051169880
18987|0|54120|02/01/2024 17:59:02||45058|16699451232|24333671656
19579|0|80781|02/01/2024 22:04:37||30323|1691750576|1978708656
20175|0|80798|03/01/2024 02:15:33||15267|3672137936|5502992576
19317|0|45845|02/01/2024 20:18:29||36691|4706376888|5909488984
19986|0|52285|03/01/2024 00:57:07||19973|30076473304|85397727960
19375|0|7176|02/01/2024 20:32:30||35850|8596860776|11100805584
18685|0|13029|02/01/2024 15:36:39||53601|6523917064|8309533984
20384|0|76719|03/01/2024 03:44:27||9933|28727683256|59340826496
18844|0|14069|02/01/2024 16:40:27||49773|127098245432|272861947480
20129|0|29777|03/01/2024 01:57:13||16367|620276784|658377912
19932|0|92429|03/01/2024 00:36:33||21207|307394984|383097936
20155|0|76729|03/01/2024 02:07:54||15726|12880464|13117328
18867|0|93343|02/01/2024 16:59:43||48617|74475566360|193468376104
19429|0|83702|02/01/2024 20:59:07||34253|10762409328|15819635552
19580|0|60671|02/01/2024 22:06:51||30189|103731139128|221123816664
20226|0|94556|03/01/2024 02:36:21||14019|2562002376|2843871040
19344|0|88205|02/01/2024 20:26:10||36230|8955878168|13321585688
20676|0|67368|03/01/2024 05:58:40||1880|909437160|945575208
20176|0|26137|03/01/2024 02:13:23||15397|1371213712|2039562968
20105|0|36658|03/01/2024 01:48:22||16898|2018170928|2926018192
19053|0|77259|02/01/2024 18:20:29||43771|5073340792|6640119944
19487|0|96661|02/01/2024 21:23:42||32778|2377828512|3367639272
20404|0|86178|03/01/2024 03:58:22||9098|1231886056|1321987336
18708|0|89519|02/01/2024 15:49:03||52857|149572672760|310604141888
18845|0|11325|02/01/2024 16:43:06||49614|64798286224|127687090768
19504|0|55642|02/01/2024 21:33:32||32188|427117328|571984224
19376|0|10559|02/01/2024 20:36:04||35636|21718547272|23207329480
18988|0|38624|02/01/2024 17:57:15|03/01/2024 06:21:50|44675|89386363944|227105934680
19627|0|98651|02/01/2024 22:21:48||29292|3034216728|3067068312
18261|0|39921|02/01/2024 12:30:44|03/01/2024 06:25:47|64503|36606299248|41246587456
20493|0|5653|03/01/2024 04:32:15||7065|146013512|181971232
20362|0|9731|03/01/2024 03:35:17||10483|18939195760|55144976760
20465|0|40982|03/01/2024 04:25:57||7443|2873349112|3146914312
20156|0|32366|03/01/2024 02:00:34||16166|48657115760|133356462488
19274|0|40702|02/01/2024 19:51:04||38336|3777204144|5386273792
19683|0|57772|02/01/2024 22:46:04||27836|3013307248|3362807008
20177|0|86096|03/01/2024 02:15:10||15290|44738704992|95560378776
19551|0|10021|02/01/2024 21:50:30||31170|878296088|1290390352
20568|0|15671|03/01/2024 05:06:34||5006|1224758208|1678070512
20466|0|86952|03/01/2024 04:27:40||7340|8182630720|6142920312
20592|0|80900|03/01/2024 05:14:29||4531|283722976|396094728
19748|0|55313|02/01/2024 23:18:11||25909|12404198696|14454237584
20270|0|60247|03/01/2024 02:51:14||13126|1831619272|2155148928
20612|0|66325|03/01/2024 05:28:54||3666|69732776|76907096
20106|0|32026|03/01/2024 01:43:29||17191|513410944|635980608
20654|0|29693|03/01/2024 05:49:50||2410|943328|1140592
19469|0|45528|02/01/2024 21:10:16||33584|85754202864|163171660872
20338|0|26118|03/01/2024 03:22:27||11253|1155599008|1241212432
19527|0|12799|02/01/2024 21:41:30||31710|6117822224|7842701568
20467|0|66920|03/01/2024 04:21:43||7697|6908099560|9879407144
20519|0|55731|03/01/2024 04:48:48||6072|181905928|220781992
20107|0|58938|03/01/2024 01:41:25||17315|2001046616|2483920256
19552|0|16861|02/01/2024 21:52:04||31076|722112200|935294808
20613|0|28556|03/01/2024 05:28:51||3669|785317496|810072272
20130|0|22149|03/01/2024 01:59:44||16216|3617755408|4810987368
20131|0|5632|03/01/2024 01:58:42||16278|7579082512|10448889784
19123|0|93398|02/01/2024 18:52:08||41872|17512036216|17607108704
20494|0|71600|03/01/2024 04:35:55||6845|1977358992|2467198576
20271|0|18673|03/01/2024 02:51:38||13102|312549288|348246024
20339|0|35686|03/01/2024 03:29:14||10846|41040880664|117352473680
20495|0|70264|03/01/2024 04:33:42||6978|3174750672|4288553624
20702|0|48466|03/01/2024 06:09:17||1243|234959272|349672424
19253|0|42379|02/01/2024 19:45:41||38659|486367128|715970272
20227|0|54035|03/01/2024 02:30:28||14372|687771192|920050664
18562|0|37232|02/01/2024 14:44:03||56757|19216240800|19718945984
20108|0|76481|03/01/2024 01:45:24||17076|13270796216|15319333424
20061|0|47102|03/01/2024 01:25:06||18294|3436007616|4608828816
20272|0|50119|03/01/2024 02:55:55||12845|2626414432|3068004040
19528|0|89878|02/01/2024 21:48:54||31266|9579795104|11828627512
19430|0|71826|02/01/2024 20:55:36||34464|5375849848|7561834128
20405|0|78405|03/01/2024 03:56:50||9190|30887931920|77437873576
19037|0|95715|02/01/2024 18:14:51||44109|1541338184|1806241760
18907|0|97549|02/01/2024 17:18:05||47515|16275178264|20435885464
19684|0|54072|02/01/2024 22:45:03||27897|5832095888|8401781760
18805|0|20461|02/01/2024 16:24:46||50714|3454549512|4851828872
19553|0|86957|02/01/2024 21:50:32||31168|621857864|706710856
19965|0|62538|03/01/2024 00:49:54||20406|1602090184|2268710872
20017|0|7155|03/01/2024 01:05:43||19457|310083544|334989264
18846|0|84557|02/01/2024 16:47:46||49334|130030293120|251278021712
20018|0|73017|03/01/2024 01:08:04||19316|33735298120|69947924712
19301|0|38351|02/01/2024 20:01:39||37701|7542110720|9310235008
20593|0|13481|03/01/2024 05:10:22||4778|73760664|83533528
18785|0|87312|02/01/2024 16:17:44||51136|8500486928|9680480008
19275|0|87788|02/01/2024 19:51:49||38291|3775395680|4715323024
19554|0|30325|02/01/2024 21:58:32||30688|7299025736|8714239920
18533|0|15140|02/01/2024 14:30:01||57599|15323232808|16150107400
20340|0|14177|03/01/2024 03:24:04||11156|4403164024|5687765152
18964|0|8691|02/01/2024 17:40:13||46187|757715512|936884312
20542|0|58046|03/01/2024 04:56:01||5639|1427118224|1438489328
20363|0|99765|03/01/2024 03:38:26||10294|1246715712|1857456760
20297|0|7936|03/01/2024 03:06:27||12213|3993904200|5339165784
19806|0|50217|02/01/2024 23:48:39||24081|1548633824|1956873752
20677|0|53565|03/01/2024 05:56:19||2021|383870648|417895232
20629|0|87989|03/01/2024 05:33:55||3365|191722888|236472888
19647|0|69227|02/01/2024 22:38:40||28280|1862748096|2075499728
20703|0|32356|03/01/2024 06:04:56||1504|556376216|829027384
18632|0|78053|02/01/2024 15:10:06||55194|2544506328|3816174608
19966|0|10022|03/01/2024 00:41:49||20891|2221645288|2327644024
19967|0|33659|03/01/2024 00:41:43||20897|2706814776|3170878184
19604|0|81175|02/01/2024 22:14:19||29741|2073258912|2964034432
19211|0|61780|02/01/2024 19:24:59||39901|7024980480|9060815520
18324|0|23997|02/01/2024 13:07:25||62555|12598446720|13639509392
19150|0|65242|02/01/2024 19:03:57||41163|7819103352|7887516576
18989|0|83574|02/01/2024 17:58:44||45076|173736978800|471293273704
20228|0|7181|03/01/2024 02:32:09||14271|1104440784|1261958552
19749|0|98621|02/01/2024 23:12:57||26223|4185556728|5913526536
20273|0|40452|03/01/2024 02:55:16||12884|19797835392|42164967352
18602|0|5584|02/01/2024 15:01:20||55720|38817922072|42742284896
19124|0|11094|02/01/2024 18:53:33||41787|9499205584|13714326528
18661|0|52873|02/01/2024 15:23:59||54361|14689234592|16125391168
20614|0|20948|03/01/2024 05:21:00||4140|732300168|1069411568
19685|0|95063|02/01/2024 22:49:29||27631|8596221816|9347961880
20063|0|7018|03/01/2024 01:24:59||18301|3292777512|3581273288
19318|0|35844|02/01/2024 20:19:54||36606|8705816056|11122314392
19934|0|21578|03/01/2024 00:34:25||21335|2817514256|3623747240
19254|0|40236|02/01/2024 19:49:23||38437|37156327880|21939339768
19628|0|36211|02/01/2024 22:20:24||29376|3663984264|4735487912
19471|0|72885|02/01/2024 21:17:56||33124|2579900600|2693806792
19583|0|71110|02/01/2024 22:09:13||30047|9838408456|11979422864
20425|0|30183|03/01/2024 04:09:28||8432|5468952288|6490823608
19015|0|55562|02/01/2024 18:07:59||44521|1752155904|2537852560
20085|0|52552|03/01/2024 01:36:45|03/01/2024 06:21:35|17090|7671395752|8026539504
20704|0|97644|03/01/2024 06:05:39||1461|566165560|770172672
19629|0|7418|02/01/2024 22:21:01||29339|2858104520|3664877936
19488|0|86299|02/01/2024 21:21:45||32895|1374200712|1755667512
19686|0|19965|02/01/2024 22:48:45||27675|6832140352|9536557872
19605|0|98472|02/01/2024 22:10:18||29982|9372247520|9832213496
20274|0|40634|03/01/2024 02:54:28||12932|89518808|99902680
19187|0|49854|02/01/2024 19:10:20||40780|3457034040|3827504832
19968|0|75357|03/01/2024 00:41:46||20894|8141231112|10440957560
20655|0|51641|03/01/2024 05:44:40||2720|4472179640|11991303768
19235|0|85726|02/01/2024 19:31:21||39519|115754659240|255468001928
20020|0|35063|03/01/2024 01:04:25||19535|53608000472|111779686104
20244|0|44695|03/01/2024 02:44:54||13506|977438560|1124991504
19188|0|13619|02/01/2024 19:14:38||40522|1582716360|1926094864
19765|0|19394|02/01/2024 23:21:51||25689|49657658976|124547623568
18465|0|17133|02/01/2024 14:07:13||58967|188786717480|420523311032
20756|0|81440|03/01/2024 06:25:35||265|68227448|74358600
19807|0|79473|02/01/2024 23:49:14||24046|1198779952|1491895248
19987|0|80338|03/01/2024 00:52:18||20262|80636941872|185708457616
20439|0|75508|03/01/2024 04:19:47||7813|980363672|1052890216
19074|0|60063|02/01/2024 18:38:09||42711|9380918296|12588882384
20086|0|31666|03/01/2024 01:34:57||17703|1090319376|1478324440
19236|0|56510|02/01/2024 19:31:10||39530|15576273456|18168869768
20298|0|75915|03/01/2024 03:03:52||12368|891388280|1068996136
19988|0|45148|03/01/2024 00:50:04||20396|9821466400|10423914416
20178|0|61954|03/01/2024 02:10:03||15597|1414012520|1623301280
19935|0|20792|03/01/2024 00:36:54||21186|5013400712|10720319344
20733|0|26500|03/01/2024 06:19:22||638|209492400|248073416
20275|0|96779|03/01/2024 02:50:15||13185|1111295976|1195860024
20543|0|77834|03/01/2024 04:56:16||5624|516313680|644566432
19319|0|37121|02/01/2024 20:15:35|03/01/2024 06:29:35|36840|580461440|834954816
19347|0|79657|02/01/2024 20:25:53||36247|31600724456|42718053424
19687|0|27590|02/01/2024 22:40:28||28172|10178703408|10827732136
19861|0|35946|03/01/2024 00:05:44||23056|471096768|636858928
20040|0|5630|03/01/2024 01:17:45||18735|44368976160|91442715048
20087|0|61600|03/01/2024 01:35:52|03/01/2024 06:24:42|17330|12430885712|15046955016
20757|0|61600|03/01/2024 06:25:21||279|83666344|104721088
19630|0|11799|02/01/2024 22:24:44||29116|1540314824|1622789632
20594|0|99822|03/01/2024 05:14:32||4528|1579986208|1746641648
20544|0|91531|03/01/2024 04:50:55||5945|215603728|215721112
20159|0|42501|03/01/2024 02:05:15||15885|273591176|309097392
20064|0|95722|03/01/2024 01:26:34||18206|4541748704|4885298256
20132|0|89316|03/01/2024 01:56:16||16424|6034998416|7393675456
20569|0|68416|03/01/2024 05:01:20||5320|371569824|384072344
18534|0|90723|02/01/2024 14:39:11||57049|1681560744|2077006400
19936|0|19747|03/01/2024 00:33:56||21364|645752936|771567176
18932|0|35936|02/01/2024 17:29:26||46834|18133318688|19849869872
20065|0|49346|03/01/2024 01:22:29||18451|3941536200|5409625448
19785|0|21026|02/01/2024 23:34:44||24916|3804738584|3926054080
20200|0|22037|03/01/2024 02:26:54||14586|725423880|895528352
20245|0|86647|03/01/2024 02:40:13||13787|1306560256|1820169448
20468|0|76334|03/01/2024 04:29:46||7214|3787479360|3866073704
20545|0|29189|03/01/2024 04:54:44||5716|31331490832|19533063848
19606|0|30801|02/01/2024 22:14:46||29714|16463646384|16856461424
19862|0|18827|03/01/2024 00:07:46||22934|2163381696|2662983360
20546|0|96638|03/01/2024 04:50:00||6000|1518027984|1871551336
19377|0|34171|02/01/2024 20:39:27||35433|1934089280|1970354968
19472|0|80671|02/01/2024 21:10:01||33599|9603049088|13475723256
18603|0|89289|02/01/2024 15:03:26||55594|15419611184|19992773648
19490|0|30802|02/01/2024 21:23:44||32776|2882855056|3753430376
18712|0|59591|02/01/2024 15:41:37||53303|18509150680|22482766248
20342|0|5608|03/01/2024 03:29:50||10810|9953828264|7954909936
19911|0|79133|03/01/2024 00:25:15||21885|1428073560|1793895488
19473|0|23643|02/01/2024 21:19:13||33047|2181331832|2935425312
19189|0|77547|02/01/2024 19:17:08||40372|4426787088|6315029256
18823|0|84629|02/01/2024 16:32:24||50256|2391511872|3458123016
19989|0|18451|03/01/2024 00:59:02||19858|2877603768|4287278248
20469|0|43936|03/01/2024 04:20:19||7781|4838081560|5539782456
20496|0|36534|03/01/2024 04:38:07||6713|2942266040|3834283496
20276|0|36818|03/01/2024 02:50:36||13164|597933072|617681792
20497|0|45869|03/01/2024 04:30:01||7199|128221968|152325768
19378|0|85054|02/01/2024 20:30:00||36000|12791609192|14623573856
20470|0|88903|03/01/2024 04:26:21||7419|6778390960|8600748424
19529|0|12382|02/01/2024 21:46:46||31394|7000407736|8520659752
20630|0|15781|03/01/2024 05:35:51||3249|325843984|365607968
19410|0|32359|02/01/2024 20:41:30||35310|14154370496|16799140024
20088|0|7108|03/01/2024 01:37:25||17555|4747682496|5673811784
20406|0|46049|03/01/2024 03:52:12||9468|4832989480|6695652256
20246|0|99338|03/01/2024 02:46:26||13414|568992816|665318952
19631|0|43357|02/01/2024 22:28:42||28878|5545994872|6389653728
18713|0|64565|02/01/2024 15:40:00||53400|13111496664|16396813112
20471|0|34436|03/01/2024 04:23:15|03/01/2024 06:23:42|7227|1460510504|2022739576
20758|0|34436|03/01/2024 06:24:45||315|86979488|105200280
19912|0|94877|03/01/2024 00:23:33||21987|1786071328|2534304952
20472|0|98813|03/01/2024 04:27:16||7364|543065680|593930616
19990|0|50421|03/01/2024 00:51:28||20312|5200754624|7471187624
20247|0|59094|03/01/2024 02:49:51||13209|3707190088|4080984960
19348|0|51793|02/01/2024 20:28:40||36080|21548547968|30255842552
20387|0|42420|03/01/2024 03:45:33||9867|8002221808|6414257520
20547|0|72076|03/01/2024 04:59:49||5411|8856615976|22493145840
19937|0|32519|03/01/2024 00:36:00||21240|1587147880|1754800080
19237|0|30269|02/01/2024 19:35:23||39277|6515299864|8473746824
18990|0|64809|02/01/2024 17:52:44||45436|27492475424|38485570352
19969|0|16287|03/01/2024 00:43:44||20776|1965988992|2726662016
19706|0|23279|02/01/2024 22:55:41||27259|11450621264|13122070968
19257|0|30128|02/01/2024 19:48:08||38512|5286132368|5361587040
19349|0|97245|02/01/2024 20:29:50||36010|11919039528|13935896096
18075|0|66723|02/01/2024 11:18:03||69117|1394886856|1697738344
18238|0|38245|02/01/2024 12:21:04|03/01/2024 06:25:03|65039|20025386336|24667966800
18807|0|33117|02/01/2024 16:23:24||50796|1819525272|1995513928
19038|0|25214|02/01/2024 18:14:49||44111|16559826280|18328533600
20299|0|60261|03/01/2024 03:02:26||12454|1870764536|1936493056
19991|0|73264|03/01/2024 00:57:41||19939|45108573328|133434842152
19530|0|39694|02/01/2024 21:43:44||31576|4471341208|4706092032
20230|0|32313|03/01/2024 02:33:11||14209|1212697984|1607851016
19786|0|28726|02/01/2024 23:32:23||25057|5742851920|6358279760
20759|0|51683|03/01/2024 06:22:23||457|39138040|49514832
19411|0|96840|02/01/2024 20:43:50||35170|17199493968|21257819056
20678|0|64939|03/01/2024 05:54:09||2151|299449232|340588312
20364|0|34656|03/01/2024 03:37:42||10338|3490544256|3560578536
20473|0|7769|03/01/2024 04:25:33||7467|5408354864|5483327384
20656|0|86308|03/01/2024 05:43:33||2787|6952387536|14698135248
19887|0|93183|03/01/2024 00:13:23||22597|2068710160|2236574448
19258|0|22415|02/01/2024 19:45:21||38679|12561002224|17382884664
18441|0|12734|02/01/2024 13:51:50||59890|8712216792|9236608888
20631|0|25961|03/01/2024 05:31:43||3497|385024384|556675336
18760|0|42706|02/01/2024 16:07:01||51779|3768890112|4737564848
20734|0|16845|03/01/2024 06:15:04||896|157770208|228078648
20067|0|81922|03/01/2024 01:27:43||18137|3432823352|4335685624
19445|0|41100|02/01/2024 21:08:02||33718|8416461536|12470324408
19259|0|72116|02/01/2024 19:48:24||38496|15894252616|18625597984
18969|0|96328|02/01/2024 17:45:54||45846|11900890496|16968312960
18566|0|33283|02/01/2024 14:44:17||56743|7069462264|7729470728
20548|0|65965|03/01/2024 04:54:54||5706|228622080|232384704
20570|0|61971|03/01/2024 05:07:50||4930|112734728|144516248
19766|0|23556|02/01/2024 23:28:36||25284|45600095352|112867687672
18825|0|71547|02/01/2024 16:36:11||50029|4554322432|6545627744
20277|0|12623|03/01/2024 02:57:10||12770|518404336|620680624
20705|0|33672|03/01/2024 06:07:18||1362|536834880|793709920
18116|0|42392|02/01/2024 11:31:26||68314|10522879928|12020371560
20571|0|17757|03/01/2024 05:00:35||5365|557149888|777935208
19321|0|75783|02/01/2024 20:11:46||37094|12013989456|16647495544
19728|0|48473|02/01/2024 23:07:36||26544|11571897448|12664695248
20706|0|92657|03/01/2024 06:03:28||1592|1566091112|1803231024
20426|0|50353|03/01/2024 04:05:42||8658|4604334728|5260924904
20248|0|14576|03/01/2024 02:48:28||13292|2318549360|3346149096
19154|0|94454|02/01/2024 19:01:19||41321|5651023880|6534641176
20201|0|98606|03/01/2024 02:25:51||14649|4461795752|5310202576
20498|0|6895|03/01/2024 04:30:09||7191|5868739712|6816478360
18738|0|77975|02/01/2024 15:55:27||52473|10069484296|10407264160
20179|0|77887|03/01/2024 02:12:20||15460|3223600512|3497476248
20615|0|95545|03/01/2024 05:21:27||4113|396551680|588568000
18607|0|36440|02/01/2024 15:07:49||55331|31512960048|46310971232
19304|0|8196|02/01/2024 20:02:50||37630|7925860592|10067465696
19531|0|24307|02/01/2024 21:40:29||31771|4054018336|4723315184
19889|0|17773|03/01/2024 00:14:44||22516|27707050760|75813263952
20233|0|16591|03/01/2024 02:38:58||13862|2911117288|3262677096
20343|0|24285|03/01/2024 03:22:11||11269|31099432456|71642114928
18537|0|7806|02/01/2024 14:31:10||57530|11804186376|14222044696
19507|0|85181|02/01/2024 21:36:26||32014|2183362144|3220172232
19532|0|25349|02/01/2024 21:44:45||31515|68295764184|189677824680
19018|0|98757|02/01/2024 18:04:31||44729|8480694920|8971688128
19836|0|64022|02/01/2024 23:57:26||23554|11442730392|14851110096
18739|0|50729|02/01/2024 15:50:23||52777|25065747472|27211556912
19216|0|20749|02/01/2024 19:26:03||39837|5547977120|6102330744
18608|0|44614|02/01/2024 15:07:01||55379|10384244712|14097282816
19126|0|97815|02/01/2024 18:55:37||41663|4350708160|4457592744
18908|0|35317|02/01/2024 17:14:27|03/01/2024 06:24:11|47384|2652075624|3096663344
20760|0|35317|03/01/2024 06:24:52||308|30204384|30240656
20632|0|70269|03/01/2024 05:30:43||3557|149414672|210599112
20041|0|83607|03/01/2024 01:16:53||18787|9073439312|10999588000
19837|0|25907|02/01/2024 23:54:34||23726|97784768|112953336
19649|0|14713|02/01/2024 22:37:26||28354|28223771720|32837981968
20520|0|9189|03/01/2024 04:43:33||6387|245435424|337654080
18511|0|83499|02/01/2024 14:27:11||57769|4438219528|4876017424
19729|0|35150|02/01/2024 23:00:45||26955|6393899648|9020248720
20234|0|41122|03/01/2024 02:31:50||14290|1381283504|1458340592
18761|0|44559|02/01/2024 16:07:01||51779|15307530808|20890472456
19808|0|99435|02/01/2024 23:44:34||24326|183803376|258639272
20440|0|49018|03/01/2024 04:14:57||8103|1056093384|1450154384
20679|0|33950|03/01/2024 05:51:04||2336|568150944|667040640
19838|0|5229|02/01/2024 23:56:11||23629|2207788864|2550777896
20249|0|15108|03/01/2024 02:48:42||13278|1566018720|1766314288
19040|0|58268|02/01/2024 18:18:15||43905|2957843248|3536540760
19767|0|74855|02/01/2024 23:27:53||25327|26700588440|50686161160
20344|0|85851|03/01/2024 03:25:04||11096|505969248|624054616
20549|0|40573|03/01/2024 04:57:28||5552|118255848|146821104
20180|0|94887|03/01/2024 02:18:18||15102|11352053176|16971658736
20407|0|31921|03/01/2024 03:52:00||9480|2379010392|3568161600
20475|0|85349|03/01/2024 04:28:03||7317|115399272|153738240
20250|0|79793|03/01/2024 02:49:14||13246|10116702096|21530109232
19651|0|81075|02/01/2024 22:31:23||28717|1712456664|2027447968
18468|0|91369|02/01/2024 14:03:17||59203|27833618928|37386316600
20476|0|11122|03/01/2024 04:25:46||7454|366803232|530351032
18582|0|78438|02/01/2024 14:52:32||56248|11502408320|14727417248
19913|0|78285|03/01/2024 00:26:14||21826|1514588504|1549956096
19098|0|84206|02/01/2024 18:45:39||42261|21085341480|28650347888
18971|0|41631|02/01/2024 17:49:54||45606|5940747592|6975807112
20735|0|64236|03/01/2024 06:16:36||804|783896040|628391120
19938|0|7960|03/01/2024 00:39:36||21024|5084287080|7468637112
19840|0|22823|02/01/2024 23:58:10||23510|7319317856|9372913440
20161|0|31918|03/01/2024 02:00:41||16159|4286970344|5838907368
20427|0|70289|03/01/2024 04:03:57||8763|1813224448|2543031752
20202|0|16086|03/01/2024 02:25:54||14646|4186466464|5098751960
20707|0|56301|03/01/2024 06:00:45||1755|74391936|86446112
19914|0|61903|03/01/2024 00:26:28||21812|35433157512|84113996104
20408|0|97719|03/01/2024 03:55:29||9271|1882389768|1925016144
19381|0|87107|02/01/2024 20:39:13||35447|1956899424|2414493280
19556|0|6153|02/01/2024 21:50:53||31147|4637005696|6014281408
18168|0|73857|02/01/2024 11:53:16||67004|171122115528|475237229696
19863|0|65778|03/01/2024 00:09:21||22839|31149780680|81796893208
20477|0|82971|03/01/2024 04:28:55||7265|15415463936|37586946816
20761|0|41315|03/01/2024 06:22:50||430|14233912|20944312
18788|0|21019|02/01/2024 16:19:13||51047|2895482800|3370628088
19993|0|37027|03/01/2024 00:54:10||20150|1509793248|1684935304
19864|0|13573|03/01/2024 00:03:14||23206|318257032|456060576
19239|0|46855|02/01/2024 19:31:58||39482|1574919728|2199913720
19474|0|13064|02/01/2024 21:11:18||33522|1441871752|2119931512
20616|0|21657|03/01/2024 05:28:55||3665|99100368|148294632
20409|0|34153|03/01/2024 03:53:20||9400|3317771512|3610625936
19865|0|54720|03/01/2024 00:07:07||22973|1593535600|1724974096
20617|0|50750|03/01/2024 05:23:52||3968|1168357568|1198964464
18665|0|16280|02/01/2024 15:23:27||54393|23461412312|34453259128
18280|0|18658|02/01/2024 12:41:09||64131|10260438184|12338500840
20410|0|40171|03/01/2024 03:55:05||9295|115012088|143218792
20365|0|44902|03/01/2024 03:37:01||10379|42658995296|90019313456
20181|0|88558|03/01/2024 02:17:08||15172|7083137784|10192809072
19475|0|59724|02/01/2024 21:12:33||33447|8450220352|10491584000
19939|0|53664|03/01/2024 00:30:05||21595|4839891496|7020878928
20042|0|4995|03/01/2024 01:15:33||18867|413139448|473189512
19940|0|91092|03/01/2024 00:38:12||21108|65253688992|134590803000
19350|0|49181|02/01/2024 20:25:32||36268|2054149416|2256727288
19652|0|16510|02/01/2024 22:32:25||28655|895414528|1167859800
20572|0|7448|03/01/2024 05:02:58||5222|99423448|100194384
19891|0|10330|03/01/2024 00:11:18||22722|351233664|498251064
19810|0|42719|02/01/2024 23:43:45||24375|8880306448|12741006288
19653|0|94252|02/01/2024 22:37:19||28361|7481030640|9940470360
20278|0|11323|03/01/2024 02:55:23||12877|1201410040|1357201544
18281|0|12085|02/01/2024 12:48:45||63675|8212359768|10965204456
19787|0|38527|02/01/2024 23:35:25||24875|48354623552|96137076336
20411|0|46835|03/01/2024 03:50:28||9572|369285240|493634520
20736|0|96168|03/01/2024 06:19:16||644|177287696|200565320
19508|0|17802|02/01/2024 21:34:34||32126|2990984880|3020380200
19811|0|92205|02/01/2024 23:42:07||24473|1243664744|1410917608
19972|0|35563|03/01/2024 00:44:10||20750|1414315032|1902883728
19866|0|13922|03/01/2024 00:00:21||23379|1466456808|2104398840
19129|0|6144|02/01/2024 18:54:58||41702|3723678712|4211933760
19305|0|59731|02/01/2024 20:06:45||37395|1428560344|1955847904
20573|0|33515|03/01/2024 05:06:26||5014|82625032|90376672
19446|0|54905|02/01/2024 21:01:27||34113|15723057504|20281883752
20251|0|74606|03/01/2024 02:42:01||13679|711113136|793752792
19382|0|76991|02/01/2024 20:39:53||35407|8458838096|10124577576
18972|0|10919|02/01/2024 17:42:25||46055|4279685240|5389442224
18369|0|83555|02/01/2024 13:29:16||61244|864721592|1258854824
20680|0|74015|03/01/2024 05:59:38||1822|35063920|48337136
19915|0|78954|03/01/2024 00:22:05||22075|3999192520|5323201336
18910|0|86831|02/01/2024 17:16:24||47616|13082625480|15501732080
18973|0|16612|02/01/2024 17:48:27||45693|16134464248|19799297288
19691|0|66099|02/01/2024 22:46:12||27828|5043724176|5168047512
19351|0|67317|02/01/2024 20:26:51||36189|7192113224|9754227672
18934|0|78514|02/01/2024 17:26:03||47037|6149506928|8697872200
20134|0|60921|03/01/2024 01:54:20||16540|6140364032|7146719968
20708|0|18073|03/01/2024 06:02:21||1659|1588370176|3355684096
19916|0|99591|03/01/2024 00:26:01||21839|1679501824|2194373008
20618|0|8887|03/01/2024 05:22:04||4076|178295504|220159040
18423|0|37896|02/01/2024 13:46:46||60194|139351546232|372986383376
19607|0|13874|02/01/2024 22:13:26||29794|2860820192|3517800280
19892|0|64404|03/01/2024 00:13:49||22571|3338564264|3541792136
20762|0|16348|03/01/2024 06:23:08||412|49066592|61237200
18852|0|71602|02/01/2024 16:49:50||49210|5401213216|7156461456
20657|0|38202|03/01/2024 05:48:57||2463|465364368|566848784
19708|0|85680|02/01/2024 22:56:17||27223|58111153280|119840818664
19352|0|5171|02/01/2024 20:23:07||36413|3630230992|3644034592
20279|0|34464|03/01/2024 02:55:35||12865|26048017376|54591922440
20366|0|20821|03/01/2024 03:32:19||10661|1440290576|1468886704
19709|0|79889|02/01/2024 22:52:56||27424|22517199712|25854549912
20235|0|40465|03/01/2024 02:36:24||14016|926359608|946045320
20367|0|31812|03/01/2024 03:31:21||10719|3310413136|4428161936
20301|0|27721|03/01/2024 03:06:13||12227|975683288|1295427440
20633|0|5765|03/01/2024 05:35:27||3273|633543040|825494064
20162|0|86538|03/01/2024 02:09:28||15632|693169008|1012560592
20709|0|31368|03/01/2024 06:09:46||1214|634125024|931863080
20521|0|51345|03/01/2024 04:46:48||6192|25518634304|52729018312
20595|0|16546|03/01/2024 05:15:57||4443|739681400|791540152
20069|0|42103|03/01/2024 01:20:31||18569|9106892968|12329455392
18974|0|24130|02/01/2024 17:40:54||46146|4561438024|6545057432
19584|0|93153|02/01/2024 22:00:07||30593|22567136288|28918198216
20619|0|79354|03/01/2024 05:25:04||3896|617032248|640821936
20163|0|79205|03/01/2024 02:04:11||15949|1861319648|2118122040
19654|0|94374|02/01/2024 22:39:46||28214|364487072|422721096
19710|0|43064|02/01/2024 22:56:57||27183|5071606784|5828504384
18809|0|48487|02/01/2024 16:20:33||50967|10215588176|13179997304
20763|0|79910|03/01/2024 06:21:55||485|139368592|202041608
20302|0|67192|03/01/2024 03:00:59||12541|4136813744|4281171264
19241|0|13858|02/01/2024 19:32:54||39426|4068864824|4218749752
19633|0|87860|02/01/2024 22:22:55||29225|8605504736|12854697992
18568|0|6009|02/01/2024 14:47:47||56533|11024495968|14732659680
19533|0|10483|02/01/2024 21:40:01||31799|2559604984|2937674624
18937|0|90250|02/01/2024 17:21:13||47327|9427618416|11208808216
20596|0|84677|03/01/2024 05:15:43||4457|601451984|620398488
20634|0|20316|03/01/2024 05:37:30||3150|904484880|1129716608
20135|0|89149|03/01/2024 01:50:37||16763|2085815064|3029706080
18692|0|13155|02/01/2024 15:36:33||53607|6924818168|7804064264
20574|0|73860|03/01/2024 05:07:06||4974|1448039160|1733488296
19384|0|40447|02/01/2024 20:34:56||35704|9894707016|14212622192
20412|0|87297|03/01/2024 03:51:48||9492|6605607224|9602621352
20478|0|75227|03/01/2024 04:27:57||7323|26791776|38452408
19917|0|45954|03/01/2024 00:22:08||22072|2445799864|3046537608
20658|0|42629|03/01/2024 05:40:42||2958|550029696|688998136
20764|0|70346|03/01/2024 06:20:26||574|128465152|165853496
20681|0|74426|03/01/2024 05:50:03||2397|255153160|303967520
20182|0|9648|03/01/2024 02:14:42||15318|2733098576|3380478096
20597|0|36839|03/01/2024 05:14:46||4514|8663840|9785728
20765|0|43395|03/01/2024 06:23:24||396|14906472|15049272
19447|0|57299|02/01/2024 21:00:43||34157|1294669104|1456241752
19655|0|56614|02/01/2024 22:35:12||28488|5868899296|7156975616
20620|0|50580|03/01/2024 05:25:32||3868|438128344|438533104
20110|0|72445|03/01/2024 01:42:46||17234|2609779176|3804686608
20737|0|57805|03/01/2024 06:18:39||681|38707800|41268952
19264|0|77182|02/01/2024 19:45:13||38687|9065648256|10915796936
19812|0|15301|02/01/2024 23:47:28||24152|3431855504|4750035976
19355|0|46825|02/01/2024 20:22:50||36430|22058285200|31786152544
20441|0|56312|03/01/2024 04:16:08||8032|2734169584|3361248176
19608|0|56825|02/01/2024 22:19:08||29452|17879671520|24136138944
20203|0|10797|03/01/2024 02:29:11||14449|21371061544|41610088200
19434|0|77390|02/01/2024 20:57:57||34323|12404112600|13790663240
18445|0|9063|02/01/2024 13:59:22||59438|109493423400|318712697704
20368|0|5139|03/01/2024 03:31:58||10682|1326978248|1700602800
18765|0|26265|02/01/2024 16:07:50||51730|10520932800|14238229736
19412|0|70496|02/01/2024 20:48:37||34883|16410482824|18048755904
19325|0|54206|02/01/2024 20:10:18||37182|73891147992|202527486816
18742|0|87900|02/01/2024 15:53:35|03/01/2024 06:23:04|52169|94450828520|231967682816
20236|0|87711|03/01/2024 02:37:10||13970|5529356592|7540473360
19656|0|52498|02/01/2024 22:37:30||28350|5292704624|6587159520
19558|0|29622|02/01/2024 21:55:20||30880|26433260888|61119885896
20252|0|64031|03/01/2024 02:47:32||13348|1786792536|2137950432
20766|0|80400|03/01/2024 06:26:32||208|56426248|70307328
19894|0|15599|03/01/2024 00:13:36||22584|1371357320|1637574224
19101|0|69277|02/01/2024 18:49:11||42049|5609735512|5726862896
20369|0|36269|03/01/2024 03:34:20||10540|6518635048|18363890504
19942|0|96433|03/01/2024 00:30:41||21559|4743008784|5173258704
20575|0|78865|03/01/2024 05:05:39||5061|565556328|607349784
20598|0|53041|03/01/2024 05:12:23||4657|7772207176|15406529248
20710|0|53850|03/01/2024 06:05:17||1483|325167752|364828656
18609|0|94004|02/01/2024 15:05:27||55473|15734699280|20316539320
20071|0|89561|03/01/2024 01:23:11||18409|13675398400|16691098288
18144|0|39563|02/01/2024 11:45:20||67480|2789701000|4070301608
18308|0|7740|02/01/2024 12:51:07||63533|20843880056|24707065184
20204|0|69934|03/01/2024 02:29:10||14450|3475585920|3685311920
20022|0|95245|03/01/2024 01:09:56||19204|11279357992|30075875072
18218|0|87562|02/01/2024 12:10:01||65999|9730110544|13993370752
20738|0|30352|03/01/2024 06:16:21||819|3814117760|8354558888
19218|0|32447|02/01/2024 19:22:41||40039|121911913472|243732783184
20280|0|89271|03/01/2024 02:56:19||12821|1588543392|1920366680
20253|0|68258|03/01/2024 02:41:28||13712|326253048|421996168
18743|0|88441|02/01/2024 15:55:08|03/01/2024 06:23:01|52073|13648117920|15850143312
20659|0|36306|03/01/2024 05:47:33||2547|578844264|642155584
19711|0|54967|02/01/2024 22:53:13||27407|6113044864|6561189392
20303|0|44473|03/01/2024 03:06:54||12186|2587187472|3818836344
19789|0|24096|02/01/2024 23:39:12||24648|38669344024|113652439736
19943|0|55135|03/01/2024 00:38:35||21085|1534219480|2056974184
20499|0|5554|03/01/2024 04:34:24||6936|368536464|490717688
19448|0|80716|02/01/2024 21:07:19||33761|3896851368|4591232672
18328|0|55659|02/01/2024 13:09:44||62416|1194162192|1655162264
19280|0|26980|02/01/2024 19:50:56||38344|8532945240|12581549896
20576|0|17015|03/01/2024 05:03:54||5166|1217692648|1268416512
19309|0|96811|02/01/2024 20:09:32||37228|281920784|357118232
18424|0|7739|02/01/2024 13:42:21||60459|5534549216|6464781672
19449|0|95455|02/01/2024 21:06:05||33835|17553404152|22454476376
19587|0|60664|02/01/2024 22:04:02||30358|8019021616|9157624392
19634|0|86252|02/01/2024 22:24:19||29141|2743828424|3380098544
20767|0|36699|03/01/2024 06:25:19||281|12211200|12535120
20768|0|28078|03/01/2024 06:26:04||236|26392408|27957624
19413|0|77387|02/01/2024 20:43:05||35215|520413336|635803040
20442|0|53716|03/01/2024 04:10:54||8346|3815576976|5054870248
19326|0|76199|02/01/2024 20:11:59||37081|92851494536|216444224208
19281|0|55717|02/01/2024 19:55:18||38082|319619752|396593752
20500|0|32883|03/01/2024 04:35:25||6875|19434415528|57114844328
19450|0|26294|02/01/2024 21:03:11||34009|12050600792|15663452064
20183|0|50578|03/01/2024 02:19:24||15036|1571835088|1728707736
20479|0|34494|03/01/2024 04:27:08||7372|3614695824|4705708800
20024|0|79522|03/01/2024 01:01:46||19694|2234740472|3244520624
18792|0|59647|02/01/2024 16:13:46||51374|4091019000|4103637464
20682|0|67081|03/01/2024 05:53:13||2207|4663362200|9320340016
20739|0|5022|03/01/2024 06:19:30||630|381270968|468419216
20480|0|61365|03/01/2024 04:22:49||7631|1403591928|1451484288
20501|0|87573|03/01/2024 04:39:37||6623|164078848|202318432
20304|0|27167|03/01/2024 03:03:19||12401|1682033280|1755493720
19867|0|29761|03/01/2024 00:03:07||23213|607623248|699464168
20635|0|66034|03/01/2024 05:34:21||3339|200467008|216303960
20390|0|6017|03/01/2024 03:46:09||9831|7440383608|10253590976
20683|0|38696|03/01/2024 05:57:52||1928|509867440|757290768
19058|0|63187|02/01/2024 18:26:23||43417|1273184840|1796099472
20769|0|88305|03/01/2024 06:24:42||318|435765320|255332816
18766|0|82732|02/01/2024 16:06:23||51817|1218757984|1465682504
18951|0|16512|02/01/2024 17:35:34||46466|24567290496|30827348104
19770|0|9216|02/01/2024 23:29:44||25216|5474991504|6460628400
20770|0|75397|03/01/2024 06:21:24||516|189138608|217755520
20522|0|40439|03/01/2024 04:43:12||6408|2290777560|2423631576
19192|0|46547|02/01/2024 19:12:38||40642|1211553904|1330040144
19994|0|88311|03/01/2024 00:52:09||20271|548961912|792161032
20305|0|73341|03/01/2024 03:03:29||12391|2538636344|2830972352
20551|0|63083|03/01/2024 04:55:47||5653|634170416|869416048
20281|0|39715|03/01/2024 02:59:18||12642|1597890288|1619007016
19414|0|37917|02/01/2024 20:49:07||34853|1697758976|2146296184
20428|0|84445|03/01/2024 04:07:23||8557|2399978800|3049047904
20523|0|80812|03/01/2024 04:43:57||6363|6523072480|4794812816
19868|0|56599|03/01/2024 00:08:45||22875|40487598656|81442041816
19974|0|37373|03/01/2024 00:47:01||20579|4203094792|5163360888
20577|0|47360|03/01/2024 05:09:35||4825|147808464|153800568
18889|0|97429|02/01/2024 17:00:13||48587|785360576|999005312
20636|0|8653|03/01/2024 05:33:33||3387|206340272|284143040
20345|0|39711|03/01/2024 03:22:46||11234|25551462912|49499381240
20684|0|41071|03/01/2024 05:52:01||2279|7411602216|16588599232
18042|0|67972|02/01/2024 10:58:29||70291|26835453744|36578819888
18693|0|8643|02/01/2024 15:33:13||53807|4933184832|6877767000
19282|0|40650|02/01/2024 19:58:22||37898|8944393232|10368996688
20025|0|24707|03/01/2024 01:06:13||19427|1046750640|1362408736
20502|0|66263|03/01/2024 04:34:05||6955|1976318400|2454516112
20414|0|75360|03/01/2024 03:55:35||9265|3410754664|5000370840
20637|0|85848|03/01/2024 05:34:23||3337|1323636792|1423593608
19995|0|36369|03/01/2024 00:59:02||19858|1080480200|1392907688
19753|0|86567|02/01/2024 23:16:52||25988|14710258024|20669387032
19659|0|84441|02/01/2024 22:36:12||28428|7481322416|8439668616
20711|0|32474|03/01/2024 06:06:51||1389|278162120|305215240
20771|0|65054|03/01/2024 06:28:30||90|11932104|12837744
18993|0|9574|02/01/2024 17:59:18||45042|14021887640|20510690216
18584|0|29642|02/01/2024 14:58:31||55889|16880899776|17547760184
18637|0|51131|02/01/2024 15:10:44||55156|4570576840|6033008592
19386|0|55840|02/01/2024 20:38:13||35507|110261863296|311901947512
20370|0|84893|03/01/2024 03:33:02||10618|2938389784|3186141656
20712|0|16328|03/01/2024 06:05:28||1472|24860192|29613592
20043|0|15784|03/01/2024 01:12:08||19072|4495962304|5440263776
19560|0|94526|02/01/2024 21:53:57|03/01/2024 06:24:24|30627|84815840552|222938028240
20325|0|71258|03/01/2024 03:16:48||11592|3550791808|4295311664
20136|0|44974|03/01/2024 01:54:07||16553|24130307400|68030609488
20044|0|14688|03/01/2024 01:18:09||18711|7524714848|9517927056
18854|0|11468|02/01/2024 16:45:45||49455|8121322800|9804399240
20429|0|61384|03/01/2024 04:01:03||8937|2607472296|3371434752
20415|0|33797|03/01/2024 03:51:33||9507|3378513440|5049027280
19732|0|29937|02/01/2024 23:03:59||26761|16536175208|21899087552
20481|0|14573|03/01/2024 04:22:57||7623|893668056|896627336
18471|0|71253|02/01/2024 14:01:33||59307|7778626008|11485301000
18695|0|12030|02/01/2024 15:36:51||53589|22151809128|24263002088
20524|0|95438|03/01/2024 04:43:16||6404|3067038896|3564078032
20525|0|42183|03/01/2024 04:40:22||6578|17391088664|34513175216
19134|0|72360|02/01/2024 18:56:14||41626|10276871080|11291445184
20621|0|46288|03/01/2024 05:27:18||3762|450552944|670254728
20391|0|54152|03/01/2024 03:44:51||9909|5642090376|6785210008
20092|0|67240|03/01/2024 01:31:57||17883|9088176984|9696544856
20599|0|77531|03/01/2024 05:13:37||4583|139708664|179719232
19944|0|74466|03/01/2024 00:31:28||21512|1616698224|2068372464
20660|0|13502|03/01/2024 05:40:00||3000|213386192|294939128
20578|0|56662|03/01/2024 05:06:48||4992|605663720|847274840
20111|0|78985|03/01/2024 01:48:52||16868|8388325264|9847832760
20392|0|10430|03/01/2024 03:49:16||9644|2350567696|3239432072
18720|0|15270|02/01/2024 15:46:58||52982|26089955000|33134032608
20772|0|22390|03/01/2024 06:26:39||201|605239072|1212904992
19842|0|51690|02/01/2024 23:56:28||23612|905510568|1133938720
19243|0|26784|02/01/2024 19:36:01||39239|13395862944|15571247144
19660|0|16454|02/01/2024 22:36:32||28408|3572809584|5126275120
20552|0|87710|03/01/2024 04:56:04||5636|2349695264|2853616320
20112|0|75203|03/01/2024 01:47:52||16928|3319897320|3690610624
20713|0|36241|03/01/2024 06:03:16||1604|654265128|698735776
18767|0|57944|02/01/2024 16:04:25||51935|10664052512|11562751408
19387|0|50985|02/01/2024 20:37:32||35548|13188201488|16225401112
20503|0|9476|03/01/2024 04:38:19||6701|976412112|993988672
19754|0|64665|02/01/2024 23:17:42||25938|6848863888|8764787408
19895|0|67711|03/01/2024 00:15:00||22500|47705419376|98445985288
20600|0|64641|03/01/2024 05:10:52||4748|382249424|440911192
20482|0|54452|03/01/2024 04:25:39||7461|603340264|863097112
20773|0|24588|03/01/2024 06:20:43||557|306548896|346276664
19059|0|78895|02/01/2024 18:21:29||43711|6359033272|8077105616
18721|0|41678|02/01/2024 15:41:12||53328|6938303240|9912956416
20393|0|7952|03/01/2024 03:40:02||10198|9247262792|20527770048
19077|0|51101|02/01/2024 18:31:14||43126|4474544672|4889674768
19388|0|81927|02/01/2024 20:34:21||35739|31078993752|35899893864
19733|0|67642|02/01/2024 23:08:54||26466|7388975864|7524675984
19021|0|75426|02/01/2024 18:07:36||44544|4414967528|4985975192
20073|0|41025|03/01/2024 01:24:05||18355|14100888232|18979160456
19511|0|67078|02/01/2024 21:32:05||32275|3873104872|4704295352
18855|0|39764|02/01/2024 16:42:14||49666|22120419712|24942917600
20282|0|73249|03/01/2024 02:57:29||12751|2944978496|3825370408
19996|0|24758|03/01/2024 00:55:44||20056|1202210432|1755749040
19512|0|13836|02/01/2024 21:38:27||31893|40402569192|111824094704
20307|0|46427|03/01/2024 03:02:04||12476|1211328784|1224052632
20254|0|13458|03/01/2024 02:45:03||13497|706038968|784885088
19635|0|62287|02/01/2024 22:25:19||29081|5791953056|6961647504
19918|0|46327|03/01/2024 00:25:53||21847|2566462592|3623982960
20113|0|50225|03/01/2024 01:43:29||17191|13034710744|14339242192
20740|0|72535|03/01/2024 06:15:26||874|177824504|193863808
20164|0|27502|03/01/2024 02:01:35||16105|5595524240|7421850408
18668|0|80629|02/01/2024 15:24:22||54338|12139307808|14826912048
19945|0|91467|03/01/2024 00:38:30||21090|1294535640|1903829400
19535|0|71024|02/01/2024 21:43:31||31589|6268996824|9269894216
20483|0|37438|03/01/2024 04:24:35||7525|13692489728|27736811896
19997|0|61837|03/01/2024 00:55:41|03/01/2024 06:22:08|19587|1604172224|1963522744
19078|0|46046|02/01/2024 18:39:36||42624|3142523632|3541071808
19451|0|34517|02/01/2024 21:08:13||33707|7440385616|8929451272
19283|0|25825|02/01/2024 19:51:24||38316|27173226120|30694521976
20526|0|96155|03/01/2024 04:44:26||6334|-36363552|-36771176
18669|0|45196|02/01/2024 15:20:32||54568|4864792088|5970852784
19536|0|12661|02/01/2024 21:41:16||31724|1263025976|1298261088
19328|0|67531|02/01/2024 20:18:23||36697|4873905224|5052904424
18349|0|52880|02/01/2024 13:13:53||62167|17662962416|25577005784
20205|0|36475|03/01/2024 02:20:42||14958|670983736|674737976
18569|0|38360|02/01/2024 14:48:21||56499|98703840464|198273181768
20308|0|34544|03/01/2024 03:08:22||12098|2934291512|3700962264
20237|0|35371|03/01/2024 02:35:19||14081|2191279016|2398826816
20527|0|29505|03/01/2024 04:48:34||6086|20876425480|45397488064
20774|0|24511|03/01/2024 06:26:22||218|358444336|988642760
20579|0|23614|03/01/2024 05:04:36||5124|268884992|277894048
19135|0|5960|02/01/2024 18:55:57||41643|5448477896|7468385656
20528|0|77767|03/01/2024 04:42:27||6453|1492751744|1818051944
20093|0|91756|03/01/2024 01:34:29||17731|3707757344|5367954272
19493|0|85010|02/01/2024 21:27:54||32526|1519965648|2080390976
18830|0|49336|02/01/2024 16:32:22||50258|6872172048|8563848224
18890|0|95669|02/01/2024 17:02:53||48427|1867768384|2139980424
20206|0|99376|03/01/2024 02:20:13||14987|2010411136|2721650600
19104|0|98481|02/01/2024 18:41:47||42493|55208349392|137135532816
20714|0|53455|03/01/2024 06:02:23||1657|572139624|632239512
18938|0|87755|02/01/2024 17:28:42||46878|5099494280|6143969688
20529|0|29954|03/01/2024 04:47:41||6139|240746296|245704816
20207|0|59776|03/01/2024 02:27:29||14551|758302064|1127111736
20185|0|71274|03/01/2024 02:12:34||15446|1770184232|2285525344
19734|0|36910|02/01/2024 23:07:57||26523|77940573064|169737839872
20371|0|4388|03/01/2024 03:30:51||10749|2033265096|2860451704
19843|0|53922|02/01/2024 23:58:11||23509|2460486248|3430422576
20046|0|93076|03/01/2024 01:11:27||19113|7649120744|21083894744
20530|0|33082|03/01/2024 04:47:35||6145|8368020064|18710609136
20074|0|69336|03/01/2024 01:22:26||18454|50340018944|113479889040
18670|0|29976|02/01/2024 15:28:31||54089|15695512728|22984629040
19692|0|70727|02/01/2024 22:47:26||27754|10427076360|14114608608
18448|0|98324|02/01/2024 13:58:41||59479|12441813696|13710156416
19896|0|15160|03/01/2024 00:19:26||22234|2810792360|3309488648
19947|0|93764|03/01/2024 00:35:05||21295|8119908496|10258275360
19612|0|45083|02/01/2024 22:11:46||29894|1028838480|1259783264
18768|0|30705|02/01/2024 16:04:21||51939|18068370120|18356425096
20775|0|59161|03/01/2024 06:28:27||93|102404456|121837872
20622|0|82121|03/01/2024 05:27:39||3741|1924989184|3983451096
19022|0|18146|02/01/2024 18:09:55||44405|2823358616|2920692384
19790|0|31421|02/01/2024 23:34:35||24925|1804321576|1818108208
20638|0|69677|03/01/2024 05:37:19||3161|630609440|648461464
18570|0|86390|02/01/2024 14:44:49|03/01/2024 06:26:00|56471|14741476568|21296496648
20776|0|86390|03/01/2024 06:27:21||159|31874824|39765104
20186|0|83232|03/01/2024 02:13:49|03/01/2024 06:27:16|15207|4939957344|5805083176
20187|0|42004|03/01/2024 02:18:55||15065|1510599048|2193175336
20715|0|43566|03/01/2024 06:01:15||1725|187688704|248861648
20283|0|58021|03/01/2024 02:51:39||13101|1189078984|1537253472
20137|0|97500|03/01/2024 01:51:53||16687|2145009544|3034141896
18976|0|43612|02/01/2024 17:41:05||46135|12895505048|16099502616
20138|0|26901|03/01/2024 01:56:03||16437|2574040424|3290726440
20716|0|31701|03/01/2024 06:02:46||1634|133139248|147104864
20444|0|7953|03/01/2024 04:15:45||8055|4378136200|5685730520
19998|0|87799|03/01/2024 00:53:11||20209|2817626472|4018010512
18429|0|84397|02/01/2024 13:45:51||60249|8380939336|10851456416
20372|0|27506|03/01/2024 03:32:08||10672|144566560|160084288
18769|0|50701|02/01/2024 16:04:08||51952|6502245536|8500545088
18060|0|35201|02/01/2024 11:05:42|03/01/2024 06:21:15|69333|24372341752|25682621832
20777|0|35201|03/01/2024 06:22:20||460|293154480|325088232
19637|0|89071|02/01/2024 22:20:32||29368|4562505168|6624626752
20114|0|42113|03/01/2024 01:45:18||17082|8436296016|10361632648
18612|0|8108|02/01/2024 15:06:06||55434|14133993128|17108849624
20741|0|83483|03/01/2024 06:13:21||999|50170104|60042912
20553|0|15694|03/01/2024 04:57:56||5524|2508734048|1682669608
20047|0|22722|03/01/2024 01:12:08||19072|4414391544|5813231920
18770|0|52881|02/01/2024 16:05:56||51844|12563248136|14562983128
20717|0|12413|03/01/2024 06:08:34||1286|128244360|154328344
19736|0|54260|02/01/2024 23:06:15||26625|4346826856|6100378664
18995|0|5710|02/01/2024 17:58:17||45103|20790419672|21722353920
20778|0|24600|03/01/2024 06:24:27||333|73902672|88404424
19871|0|18601|03/01/2024 00:03:30||23190|1859894760|1918652688
19816|0|8950|02/01/2024 23:43:19||24401|63846940440|154838180960
18771|0|93380|02/01/2024 16:06:00||51840|8216662208|12177603128
19975|0|78114|03/01/2024 00:44:43||20717|3478262448|4099384432
19494|0|35530|02/01/2024 21:28:15||32505|3497883000|4476872608
19563|0|40197|02/01/2024 21:58:41||30679|2082609912|2595929368
20639|0|75676|03/01/2024 05:30:19||3581|1312778560|1391547312
18640|0|11079|02/01/2024 15:15:00||54900|12794440168|16751637304
19060|0|28591|02/01/2024 18:26:35||43405|50035450352|97440385560
18062|0|56295|02/01/2024 11:07:24||69756|12936522768|18747198992
19948|0|91538|03/01/2024 00:33:19||21401|2678653120|3441527072
18939|0|98584|02/01/2024 17:20:14||47386|7439306016|7803399784
20504|0|29541|03/01/2024 04:37:48||6732|584202864|866872336
20346|0|71810|03/01/2024 03:29:26||10834|2670529136|3290512728
19195|0|71126|02/01/2024 19:17:49||40331|9842137144|12337903624
19919|0|74646|03/01/2024 00:23:35||21985|8025458192|9263019608
19079|0|7288|02/01/2024 18:32:50||43030|16977773248|19550789072
20026|0|38071|03/01/2024 01:06:57||19383|60763874016|128124178128
20445|0|76738|03/01/2024 04:11:00||8340|24667955120|60779913488
20640|0|64570|03/01/2024 05:36:14||3226|1092698688|1134045688
20166|0|60658|03/01/2024 02:05:22||15878|40499317240|97989918632
19564|0|68988|02/01/2024 21:51:52||31088|87438135800|215375044672
20167|0|70980|03/01/2024 02:00:12||16188|2067225488|2393201584
20115|0|5411|03/01/2024 01:41:02||17338|1240793432|1656057576
20394|0|43026|03/01/2024 03:41:33||10107|1149959680|1296713920
19771|0|90901|02/01/2024 23:29:37||25223|3737195864|4887148344
20255|0|69165|03/01/2024 02:40:12||13788|224223952|236565640
20310|0|57912|03/01/2024 03:08:33||12087|4524719784|5097121824
20430|0|56928|03/01/2024 04:04:54||8706|609793920|771409464
18744|0|85330|02/01/2024 15:52:07||52673|2307884848|2933045384
20446|0|50086|03/01/2024 04:19:39||7821|4898134360|5206158680
19041|0|5686|02/01/2024 18:12:02||44278|26961204520|28356350784
19772|0|24424|02/01/2024 23:24:35||25525|3761103048|4629002192
20685|0|98509|03/01/2024 05:53:48||2172|367515760|489070384
19872|0|30678|03/01/2024 00:00:46||23354|12517726560|13525650680
20779|0|55678|03/01/2024 06:29:36||24|4449352|5867400
18334|0|77006|02/01/2024 13:07:26||62554|7596757656|8764474832
19161|0|69086|02/01/2024 19:01:13||41327|14627048984|16987487216
20416|0|24679|03/01/2024 03:57:50||9130|3312000768|3503592952
20139|0|85942|03/01/2024 01:58:11||16309|7490834152|7898188368
20686|0|56808|03/01/2024 05:52:15||2265|5664157312|10519649288
20780|0|62577|03/01/2024 06:20:50||550|200285976|296367200
19897|0|16378|03/01/2024 00:11:18||22722|391624552|454580200
20641|0|34115|03/01/2024 05:31:54||3486|215082688|278003536
19738|0|28052|02/01/2024 23:07:20||26560|4714340816|5738534816
19773|0|35452|02/01/2024 23:24:16||25544|5933790136|7029637728
18541|0|45996|02/01/2024 14:34:05||57355|220131436112|446134973144
18856|0|7300|02/01/2024 16:47:42||49338|11261378352|14320045272
18614|0|5867|02/01/2024 15:03:31||55589|91941080|119278056
20718|0|91758|03/01/2024 06:00:16||1784|423734024|603927376
19774|0|72291|02/01/2024 23:27:08||25372|2330444392|2993788904
19898|0|86139|03/01/2024 00:15:17||22483|1359313744|2013279680
19949|0|41951|03/01/2024 00:31:34||21506|17683287272|12553019224
20311|0|13135|03/01/2024 03:04:38||12322|2647115608|3310875328
20168|0|60913|03/01/2024 02:08:53||15667|4781917672|6093930936
20642|0|54435|03/01/2024 05:38:26||3094|274012176|274453064
19565|0|47423|02/01/2024 21:51:19||31121|2582693440|2966202104
19714|0|66168|02/01/2024 22:58:27||27093|18355201008|19900446072
20417|0|24502|03/01/2024 03:51:58||9482|2501508112|3583803520
19138|0|39733|02/01/2024 18:55:34||41666|2152640280|2265153832
20623|0|70015|03/01/2024 05:21:32||4108|307863192|332032672
19358|0|52399|02/01/2024 20:22:51||36429|20569934656|25695221840
18122|0|66019|02/01/2024 11:38:30||67890|1712979664|2191981920
19817|0|67769|02/01/2024 23:40:05||24595|3133702232|4440991776
19478|0|38904|02/01/2024 21:12:57||33423|4673804400|4861000472
19818|0|8079|02/01/2024 23:40:09||24591|13567449264|14389656344
18917|0|95288|02/01/2024 17:19:27||47433|7076368120|10227004416
20048|0|10292|03/01/2024 01:18:44||18676|1804056808|2225708120
20531|0|21481|03/01/2024 04:48:44||6076|614986360|888702904
20484|0|96555|03/01/2024 04:20:14||7786|367813464|371831896
20719|0|36037|03/01/2024 06:06:59||1381|1496921992|4243943000
18831|0|54757|02/01/2024 16:37:24||49956|4769890008|6465362256
19359|0|26244|02/01/2024 20:20:24||36576|10318924760|12461253432
18896|0|65452|02/01/2024 17:00:25||48575|16345757480|18147869424
