IdSession|IdPSX|IdSubscriber|StartSession|EndSession|Duartion|UpTx|DownTx
8369|0|89621|01/01/2024 11:17:38||12142|4032048848|4710316480
7421|0|37974|01/01/2024 06:09:44||30616|17336279016|20521246440
8813|0|33927|01/01/2024 14:35:19||281|142846040|162701632
8442|0|80035|01/01/2024 11:37:02||10978|313538616|370274424
7299|0|87799|01/01/2024 05:10:52||34148|2382134728|2396939688
7706|0|85070|01/01/2024 07:54:41||24319|1868302416|2298096184
8600|0|85502|01/01/2024 12:36:09||7431|1601137888|1843641168
7277|0|62355|01/01/2024 05:06:14||34426|63696998728|130574466984
8293|0|49346|01/01/2024 10:51:07||13733|1738760200|2016317816
8121|0|80501|01/01/2024 10:06:54||16386|1403239360|1733955080
8689|0|74669|01/01/2024 13:20:44||4756|489941488|498962392
6801|0|85519|01/01/2024 01:49:13||46247|15317655104|16582896504
7327|0|82652|01/01/2024 05:27:30||33150|8920898976|12746362872
7442|0|59125|01/01/2024 06:15:55||30245|168546512|177439792
6890|0|96559|01/01/2024 02:26:08||44032|6915601344|7573001048
8776|0|77027|01/01/2024 14:17:53||1327|103744384|153747696
8546|0|43777|01/01/2024 12:03:12||9408|27284271280|67167286176
7467|0|25839|01/01/2024 06:23:35||29785|19200900416|20734863432
7557|0|53028|01/01/2024 07:03:05||27415|9224243608|9264220768
8052|0|38260|01/01/2024 09:41:18||17922|3616395216|4712047984
8268|0|87485|01/01/2024 10:47:00||13980|24708719800|63780663536
7558|0|59994|01/01/2024 07:07:29||27151|2904225536|2945474032
8403|0|36265|01/01/2024 11:22:38||11842|1957569968|2534348712
8547|0|16186|01/01/2024 12:01:31|01/01/2024 14:39:41|9490|2286666456|2414979736
7422|0|8960|01/01/2024 06:03:52||30968|6940472168|7536787536
6912|0|59205|01/01/2024 02:36:50||43390|136208202152|272941299112
7278|0|4732|01/01/2024 05:06:12||34428|4672379168|5076872040
7223|0|59414|01/01/2024 04:48:00||35520|14029780552|14379616224
6988|0|25097|01/01/2024 03:00:08||41992|21036782328|28951035280
6937|0|65857|01/01/2024 02:47:24||42756|20355896272|20491448168
8194|0|89741|01/01/2024 10:27:22||15158|3677672368|4513761032
8157|0|56849|01/01/2024 10:17:41||15739|6429299256|8916453976
6989|0|60741|01/01/2024 03:06:51||41589|6486219952|8397127064
7300|0|47789|01/01/2024 05:14:00||33960|3389807576|3990439928
7537|0|45696|01/01/2024 06:54:43||27917|1130626944|1691742080
7773|0|17166|01/01/2024 08:16:04|01/01/2024 14:37:50|22906|57323355952|116564928240
8814|0|17166|01/01/2024 14:38:19||101|200060968|446754704
7122|0|9319|01/01/2024 04:07:52||37928|23863072040|23976257480
8053|0|27076|01/01/2024 09:45:58||17642|1392456944|1867348104
7645|0|33912|01/01/2024 07:31:57||25683|4261735232|6094255984
8791|0|86402|01/01/2024 14:29:55||605|1421002000|2764374336
7502|0|93219|01/01/2024 06:38:55||28865|3090720208|3573964232
7931|0|75263|01/01/2024 09:05:19||20081|4778152712|6556062184
8017|0|69235|01/01/2024 09:31:01||18539|51420392|75103016
8084|0|57595|01/01/2024 09:59:08||16852|2892304848|3117194608
7538|0|30336|01/01/2024 06:56:10||27830|3215909536|4429388088
8404|0|71399|01/01/2024 11:27:46||11534|4666493392|5068371120
7590|0|54404|01/01/2024 07:14:09||26751|1815794184|2349532512
7350|0|92628|01/01/2024 05:36:06||32634|14174253616|17850572224
7539|0|37317|01/01/2024 06:59:29||27631|2730400000|3205112168
7072|0|68624|01/01/2024 03:47:39||39141|19251177360|24282303264
7503|0|50884|01/01/2024 06:39:07||28853|2336586224|2955010664
7618|0|71658|01/01/2024 07:20:56||26344|2804900528|3768246960
7893|0|42806|01/01/2024 08:54:37||20723|4500825376|5742638816
8054|0|25093|01/01/2024 09:44:20||17740|1779658976|1992251744
7707|0|61794|01/01/2024 07:50:47||24553|2202140440|2230120568
8405|0|93337|01/01/2024 11:27:47||11533|7519348184|9034639664
6990|0|71383|01/01/2024 03:09:21||41439|8144703144|8741024968
7774|0|23638|01/01/2024 08:10:21||23379|2629924768|3152334432
7559|0|65812|01/01/2024 07:07:13||27167|7757792088|9107571360
8690|0|21813|01/01/2024 13:22:27||4653|3736753360|9543745984
7894|0|96132|01/01/2024 08:55:35||20665|1483620744|1929873344
6712|0|41896|01/01/2024 01:09:49||48611|25293923328|25391872216
7102|0|43101|01/01/2024 03:56:26||38614|10611068152|10922811032
7800|0|47660|01/01/2024 08:20:27||22773|9406401488|13786771032
7932|0|5259|01/01/2024 09:06:54||19986|745601360|951928064
8325|0|42098|01/01/2024 11:05:47||12853|1981786848|2139107056
7560|0|16048|01/01/2024 07:06:40||27200|3467670648|4041822848
7504|0|39037|01/01/2024 06:39:31||28829|5612317392|8170200952
8018|0|20682|01/01/2024 09:36:05||18235|776542792|806338144
8370|0|82492|01/01/2024 11:11:42||12498|1969636424|2179625496
7736|0|85076|01/01/2024 08:05:41||23659|5562728104|8131813120
8733|0|58783|01/01/2024 13:53:27||2793|2224826936|2871583264
8158|0|5731|01/01/2024 10:15:48||15852|39642244176|78532326752
6865|0|78898|01/01/2024 02:13:15|01/01/2024 14:38:20|44705|2018019544|2657541216
8815|0|78898|01/01/2024 14:38:43||77|5052560|6385352
8229|0|99136|01/01/2024 10:33:20||14800|4379880696|6263194696
7737|0|87164|01/01/2024 08:02:53||23827|7704346560|9868698456
7561|0|99739|01/01/2024 07:00:15||27585|47636451648|91269999576
8085|0|81147|01/01/2024 09:50:23||17377|1602791296|1979211536
7708|0|11390|01/01/2024 07:59:40||24020|6910100280|7375890232
7619|0|14175|01/01/2024 07:29:20||25840|1789998216|2350832672
7225|0|60137|01/01/2024 04:40:44||35956|48778593272|97395896768
8371|0|63873|01/01/2024 11:18:44||12076|6519295152|7906688728
7523|0|17160|01/01/2024 06:41:34||28706|4861179160|6000911112
8792|0|59576|01/01/2024 14:24:15||945|209089968|212539976
6632|0|25130|01/01/2024 00:28:25||51095|5424703784|5448129512
7673|0|59735|01/01/2024 07:45:48||24852|92152167832|183233450248
7394|0|51212|01/01/2024 05:57:21||31359|5870984480|6102410256
7505|0|28628|01/01/2024 06:36:09||29031|4393280952|5932978440
8754|0|38258|01/01/2024 14:07:10||1970|3525741032|9687493216
7674|0|64295|01/01/2024 07:43:18||25002|2849791912|4265016344
7395|0|25275|01/01/2024 05:55:08||31492|83235886536|238163401440
7775|0|8347|01/01/2024 08:12:46||23234|2397903224|3551839648
8548|0|51526|01/01/2024 12:00:23||9577|1407369584|1571163592
7592|0|70042|01/01/2024 07:17:01||26579|423874248|634079560
6687|0|11287|01/01/2024 00:59:39||49221|16997051648|20476726664
7200|0|81133|01/01/2024 04:36:32||36208|6271038608|7528260320
7279|0|59631|01/01/2024 05:05:22||34478|5731217824|5749470760
7469|0|98839|01/01/2024 06:22:06||29874|42099057120|91675604248
7301|0|69853|01/01/2024 05:16:32||33808|4602515056|5949512608
8638|0|80435|01/01/2024 12:56:36||6204|331613984|359043408
7470|0|82791|01/01/2024 06:29:24||29436|21649026456|25381581880
8691|0|14428|01/01/2024 13:25:42||4458|730019768|913844024
7834|0|11546|01/01/2024 08:36:55||21785|4399802416|4527559096
7981|0|9432|01/01/2024 09:25:48||18852|1753853520|2421844792
7330|0|61684|01/01/2024 05:22:05||33475|7746554064|9199627784
8620|0|96277|01/01/2024 12:43:41||6979|397679040|487639592
8019|0|67555|01/01/2024 09:30:16||18584|371249640|478829088
7423|0|44041|01/01/2024 06:03:47||30973|21401387352|31220744704
8511|0|23998|01/01/2024 11:58:41||9679|2344471320|2868365168
7444|0|35621|01/01/2024 06:15:40||30260|84305004664|163552218992
6779|0|71416|01/01/2024 01:37:26||46954|9491979880|12164408928
8816|0|16015|01/01/2024 14:31:05||535|96582344|117014184
7802|0|6758|01/01/2024 08:29:06||22254|12461998656|14780931232
8481|0|26831|01/01/2024 11:45:45||10455|13732990616|37397337344
8086|0|82843|01/01/2024 09:59:00||16860|1770736080|2481027480
7835|0|10721|01/01/2024 08:36:58||21782|13097486608|17985616632
6941|0|47510|01/01/2024 02:44:47||42913|86655624744|186822679712
6611|0|23672|01/01/2024 00:15:17||51883|114369140368|231289807736
8657|0|85834|01/01/2024 13:05:54||5646|560293048|740946456
8755|0|96669|01/01/2024 14:02:53||2227|117849136|161421288
6633|0|95998|01/01/2024 00:27:34||51146|11238615832|14904640216
8692|0|79718|01/01/2024 13:29:39||4221|85740288|126137024
7226|0|48614|01/01/2024 04:40:39||35961|6823923440|8713230048
7709|0|73049|01/01/2024 07:59:13||24047|42570648440|125825125040
7227|0|86051|01/01/2024 04:48:05||35515|4856938392|5610090744
6956|0|24662|01/01/2024 02:54:18||42342|17807400488|23119252464
7074|0|34585|01/01/2024 03:46:41||39199|8674580760|11468061488
7506|0|23331|01/01/2024 06:35:25||29075|120862536|174948568
7675|0|29747|01/01/2024 07:40:24||25176|788764048|1118336176
6646|0|16928|01/01/2024 00:32:19||50861|11594257128|16495850856
7139|0|32410|01/01/2024 04:17:17||37363|2287356360|2415303120
6780|0|58718|01/01/2024 01:30:25||47375|10476906536|11162451104
8328|0|60709|01/01/2024 11:08:42||12678|2203428904|2314530096
7165|0|14653|01/01/2024 04:28:26||36694|2586595080|2688299144
8734|0|69167|01/01/2024 13:51:46||2894|1427751544|2098024240
8658|0|57785|01/01/2024 13:04:33||5727|2265545744|2333068552
7302|0|93506|01/01/2024 05:18:10||33710|7883295568|8054185312
8601|0|64718|01/01/2024 12:30:45||7755|1947174984|2492329480
7351|0|10105|01/01/2024 05:37:47||32533|20676213608|22182035448
8372|0|92558|01/01/2024 11:19:33||12027|8776748648|8921360296
6647|0|78522|01/01/2024 00:32:43||50837|2558029072|3739570184
7803|0|98900|01/01/2024 08:22:40||22640|10484506640|11348209792
7247|0|41384|01/01/2024 04:51:17||35323|3903811016|5791307624
8572|0|47184|01/01/2024 12:17:10||8570|65069848|70572760
8602|0|31782|01/01/2024 12:37:15||7365|23985883904|56548030992
7445|0|36231|01/01/2024 06:14:25||30335|52241585728|136488590408
8444|0|30969|01/01/2024 11:31:17||11323|1606210096|2274440648
7075|0|31020|01/01/2024 03:48:02||39118|10272427848|15241499864
7052|0|37938|01/01/2024 03:35:39||39861|5772710048|5805919520
6612|0|36991|01/01/2024 00:11:21||52119|13189462480|19353318904
7166|0|26935|01/01/2024 04:29:22||36638|9112919184|10789639896
7331|0|92118|01/01/2024 05:28:33||33087|11700496432|12376494424
7836|0|93818|01/01/2024 08:36:23||21817|7490432328|10129727048
7804|0|82453|01/01/2024 08:21:03||22737|2984043048|3597766544
8817|0|78745|01/01/2024 14:32:05||475|20710848|24709456
7525|0|66047|01/01/2024 06:44:25||28535|7603372296|8203897856
8406|0|51146|01/01/2024 11:21:14||11926|2384612152|3233222144
8122|0|73845|01/01/2024 10:01:29||16711|915267704|1325189216
7982|0|14516|01/01/2024 09:24:40||18920|2413529648|2630101648
6729|0|50415|01/01/2024 01:12:52||48428|27119197920|29078631032
7013|0|94663|01/01/2024 03:13:21||41199|11410383088|12211369088
6781|0|46454|01/01/2024 01:34:43||47117|5220123424|6314770568
7953|0|77364|01/01/2024 09:16:15||19425|4367849944|4507865968
6754|0|79621|01/01/2024 01:21:57||47883|3472829968|4204108960
7620|0|74615|01/01/2024 07:29:22||25838|1836028656|2509797976
7446|0|16276|01/01/2024 06:13:54||30366|4061438768|5629640320
7621|0|28712|01/01/2024 07:25:28||26072|4877240504|6299185296
7595|0|5586|01/01/2024 07:12:56||26824|26507941448|67492537016
8329|0|66215|01/01/2024 11:07:03||12777|5412165984|6215924568
8330|0|60295|01/01/2024 11:00:41||13159|4601982432|5515190624
8087|0|25576|01/01/2024 09:58:31||16889|2197219216|2740668248
8197|0|74337|01/01/2024 10:27:58||15122|8502412608|10108208440
8407|0|57284|01/01/2024 11:23:29||11791|2455579432|2699997640
6756|0|35340|01/01/2024 01:20:34||47966|4670202184|5491132984
7776|0|88799|01/01/2024 08:11:34||23306|4091684352|5136829536
6991|0|16548|01/01/2024 03:05:17||41683|11575640448|13014925592
8777|0|83441|01/01/2024 14:16:43||1397|119306328|152553112
6689|0|92612|01/01/2024 00:58:48||49272|18836617296|22758049632
7424|0|34312|01/01/2024 06:03:56||30964|16787846528|20978488480
7352|0|30933|01/01/2024 05:37:04||32576|4985108144|5522153056
6914|0|83343|01/01/2024 02:34:10||43550|6152019760|7953643848
7838|0|54478|01/01/2024 08:33:57||21963|7268184920|9455453480
8793|0|43712|01/01/2024 14:21:51||1089|1716617312|4248080120
6957|0|55584|01/01/2024 02:58:29||42091|10907418104|13182641080
7303|0|17145|01/01/2024 05:16:53||33787|12883750952|15916810848
8089|0|99295|01/01/2024 09:57:30||16950|1383781104|1728834696
8410|0|77356|01/01/2024 11:25:11||11689|1854316688|2217932040
8588|0|14645|01/01/2024 12:28:42||7878|73439368|77943344
7076|0|10493|01/01/2024 03:40:06||39594|8458658664|10664951160
8778|0|80004|01/01/2024 14:13:25||1595|177448280|260590608
7103|0|67316|01/01/2024 03:50:37||38963|6839079096|7839791512
7622|0|15500|01/01/2024 07:20:37||26363|2890466440|3175015000
8331|0|70269|01/01/2024 11:04:36||12924|14257987480|40869864920
8693|0|24242|01/01/2024 13:25:59||4441|942405992|1082426960
8549|0|59111|01/01/2024 12:02:12||9468|7590812104|8716919456
8332|0|85531|01/01/2024 11:02:40||13040|1316203216|1467177352
8294|0|92469|01/01/2024 10:52:41||13639|2961348160|3323691016
7031|0|89665|01/01/2024 03:21:18||40722|15855189720|20955674104
8123|0|40379|01/01/2024 10:06:56||16384|905623384|911906672
7353|0|38820|01/01/2024 05:37:12||32568|13777762928|20305432544
8756|0|22637|01/01/2024 14:02:01||2279|528536952|778122912
8757|0|95978|01/01/2024 14:02:05||2275|93654048|113344592
8124|0|57855|01/01/2024 10:03:01||16619|897027992|906493912
6613|0|59348|01/01/2024 00:12:01|01/01/2024 14:30:27|51506|5578549744|6552294680
8818|0|59348|01/01/2024 14:31:23||517|65640784|68956192
6668|0|24430|01/01/2024 00:42:16||50264|17187666936|23689143824
7861|0|4122|01/01/2024 08:47:43||21137|78036754648|145954137952
7983|0|99654|01/01/2024 09:28:07||18713|6700367136|7313915280
7862|0|50055|01/01/2024 08:44:52||21308|12097598560|16187715080
7201|0|55411|01/01/2024 04:38:13||36107|1361033624|1572881096
8659|0|93165|01/01/2024 13:05:12||5688|444671992|486846456
7648|0|87720|01/01/2024 07:33:45||25575|2940716288|3188269936
7077|0|70699|01/01/2024 03:41:59||39481|3280325544|4407365784
7140|0|75232|01/01/2024 04:10:23||37777|9214798416|10083418080
7304|0|85082|01/01/2024 05:12:54||34026|4424800240|5690445392
8411|0|29923|01/01/2024 11:20:54|01/01/2024 14:39:29|11915|504250360|614817552
8233|0|33548|01/01/2024 10:34:11||14749|6652173160|7451386552
8512|0|88644|01/01/2024 11:56:30||9810|2532046448|2862254224
7280|0|41962|01/01/2024 05:02:54||34626|7900569184|10679761184
8513|0|84833|01/01/2024 11:55:05||9895|2113937944|2507077800
8295|0|40282|01/01/2024 10:52:56||13624|32941452160|71568271416
8160|0|9422|01/01/2024 10:13:00||16020|5182058400|5492230264
8198|0|44361|01/01/2024 10:28:43||15077|5945767600|7571554904
8794|0|23222|01/01/2024 14:25:21||879|326461208|411548192
8758|0|59979|01/01/2024 14:01:44||2296|222907968|226878080
8660|0|10027|01/01/2024 13:04:26||5734|233791552|304593832
7078|0|68721|01/01/2024 03:45:21||39279|24375657264|31425147544
8661|0|29280|01/01/2024 13:08:23||5497|2325984048|3487320888
7738|0|94737|01/01/2024 08:02:09||23871|20649391928|24927043776
8735|0|96649|01/01/2024 13:58:45||2475|1462879944|1520635472
7104|0|26220|01/01/2024 03:52:58||38822|19118211240|22403173520
6916|0|73573|01/01/2024 02:35:20||43480|5485375064|5613352368
8482|0|38356|01/01/2024 11:48:11||10309|1161292344|1655502904
7954|0|91117|01/01/2024 09:17:19||19361|2099834944|2822128336
7933|0|48207|01/01/2024 09:03:34||20186|9837848504|14218973008
7934|0|91375|01/01/2024 09:06:23||20017|4065701632|5698981872
7623|0|60347|01/01/2024 07:23:57||26163|568310184|785384448
7281|0|75481|01/01/2024 05:02:41||34639|10768946880|12700225632
8672|0|47727|01/01/2024 13:14:25||5135|2293467784|2430569528
8589|0|66665|01/01/2024 12:29:31||7829|815402984|1213976296
8445|0|15640|01/01/2024 11:32:14||11266|662270664|728646408
8759|0|93246|01/01/2024 14:06:37||2003|1004336448|1235835808
8021|0|47090|01/01/2024 09:37:18||18162|542680872|671166784
7839|0|46819|01/01/2024 08:39:48||21612|1023159728|1137777480
6992|0|17534|01/01/2024 03:02:30||41850|11189373696|12931050520
7282|0|54065|01/01/2024 05:01:41||34699|13910472128|15766272720
7985|0|86974|01/01/2024 09:20:45||19155|7529624464|10971060808
8483|0|63283|01/01/2024 11:44:26||10534|6782775960|4150713232
8720|0|29503|01/01/2024 13:41:55||3485|6726815736|17859269928
8446|0|32170|01/01/2024 11:33:35||11185|45467915624|94659984624
7840|0|39735|01/01/2024 08:33:25||21995|4599261664|5805322688
8296|0|65393|01/01/2024 10:59:25||13235|4125418688|4729083776
7710|0|91907|01/01/2024 07:56:49||24191|2160468352|2838475584
7711|0|53819|01/01/2024 07:54:27||24333|46600890608|103662209440
6870|0|67772|01/01/2024 02:17:18||44562|5318674800|7393567088
7986|0|17109|01/01/2024 09:28:55||18665|1174235600|1228867472
8125|0|47180|01/01/2024 10:02:18||16662|5264176952|5634023552
8022|0|35497|01/01/2024 09:33:50||18370|438686416|491510320
8603|0|34910|01/01/2024 12:35:36||7464|1138120936|1322346216
8126|0|33806|01/01/2024 10:07:46||16334|2893430736|3456974328
7863|0|70485|01/01/2024 08:40:42||21558|5895144984|6195094400
8447|0|18993|01/01/2024 11:35:14||11086|4892503080|5704362080
7987|0|18173|01/01/2024 09:24:58||18902|28253720392|65812946424
6759|0|21573|01/01/2024 01:21:44||47896|9735165736|12114025216
7988|0|42861|01/01/2024 09:27:38||18742|844349120|868685672
8162|0|16718|01/01/2024 10:18:55||15665|80070255912|179836929024
8297|0|75822|01/01/2024 10:57:38||13342|5057688944|6197297936
8269|0|93139|01/01/2024 10:42:12||14268|35538120|40422968
6592|0|69571|01/01/2024 00:04:09||52551|2281079552|3056756568
7740|0|64769|01/01/2024 08:03:28||23792|228615416|298071536
8721|0|96461|01/01/2024 13:48:58||3062|8983948720|18380924088
7896|0|98665|01/01/2024 08:54:05||20755|8170156984|10790743936
8514|0|73673|01/01/2024 11:52:23||10057|16091199352|37079763472
8090|0|74557|01/01/2024 09:55:13||17087|552582040|559532136
8333|0|7301|01/01/2024 11:06:49||12791|1770391992|2648231352
8760|0|92901|01/01/2024 14:04:40||2120|266394680|295860360
8163|0|73608|01/01/2024 10:11:06||16134|5044022992|7295796520
7778|0|83536|01/01/2024 08:18:40||22880|10217428320|10758568176
7173|0|4513|01/01/2024 04:22:13||37067|4084477056|4775786304
8164|0|21733|01/01/2024 10:16:24||15816|29065333384|80465354280
7712|0|89274|01/01/2024 07:58:04||24116|3776143800|4117208056
8819|0|85876|01/01/2024 14:30:28||572|110322856|129491840
7540|0|81050|01/01/2024 06:54:25||27935|989626472|1000443272
7713|0|78922|01/01/2024 07:53:44||24376|923978248|1295893464
6918|0|86917|01/01/2024 02:36:50||43390|3075927112|3275021072
8448|0|35604|01/01/2024 11:35:51||11049|2151685808|2304023512
7779|0|91653|01/01/2024 08:17:17||22963|8514425352|10377550736
7448|0|82926|01/01/2024 06:19:15||30045|1995987936|2065947656
8662|0|42845|01/01/2024 13:01:47||5893|1396682840|1592299704
8449|0|97187|01/01/2024 11:37:32||10948|10857240|10942056
8761|0|40880|01/01/2024 14:01:54||2286|1958983872|2088037224
7143|0|36817|01/01/2024 04:12:17||37663|18751163080|21838876768
8334|0|54327|01/01/2024 11:06:00||12840|4229070216|4330891728
8091|0|63427|01/01/2024 09:51:55||17285|362510536|484322960
8722|0|26169|01/01/2024 13:48:25||3095|6209865368|11578410544
8335|0|41313|01/01/2024 11:04:53||12907|8175580904|10547325352
7841|0|71810|01/01/2024 08:33:49||21971|3947918688|4606928712
8092|0|50202|01/01/2024 09:54:20||17140|508413416|601014952
7033|0|41825|01/01/2024 03:26:05||40435|26826915256|27239911752
7714|0|92737|01/01/2024 07:54:20||24340|35390523848|93188947960
8234|0|61911|01/01/2024 10:30:45||14955|1285832736|1818489952
8235|0|40131|01/01/2024 10:30:01||14999|296277768|395741600
6871|0|26405|01/01/2024 02:17:45||44535|10871413528|13022549672
7204|0|3894|01/01/2024 04:30:25||36575|14401923240|16470976712
7990|0|43846|01/01/2024 09:20:03||19197|3602474952|4270364200
8736|0|57579|01/01/2024 13:51:31||2909|5805443128|10812011144
6919|0|16738|01/01/2024 02:33:52||43568|4574143736|5025667712
8484|0|28470|01/01/2024 11:42:01||10679|1453540840|1830869792
7897|0|64019|01/01/2024 08:56:14||20626|851470216|1017137200
6636|0|30099|01/01/2024 00:26:26||51214|5834786136|6420384784
8663|0|87230|01/01/2024 13:03:20||5800|1671945544|1908971336
8058|0|93774|01/01/2024 09:42:43||17837|3849208976|5507441296
8604|0|48678|01/01/2024 12:38:15||7305|1657613960|2271405416
8200|0|40487|01/01/2024 10:24:18||15342|1781600424|2526436888
8795|0|85395|01/01/2024 14:24:36||924|72941144|104665320
7898|0|9790|01/01/2024 08:54:59||20701|10105565872|11670411168
8336|0|42522|01/01/2024 11:04:50||12910|3366279688|4314899184
7144|0|56994|01/01/2024 04:12:52||37628|3599554168|4741957848
8673|0|98192|01/01/2024 13:10:17||5383|12974944560|34462560344
7842|0|34817|01/01/2024 08:33:11||22009|8013458944|9797454944
7307|0|26763|01/01/2024 05:14:50||33910|3168007864|4699035016
6617|0|95397|01/01/2024 00:19:30||51630|7888687032|11314541320
8201|0|50925|01/01/2024 10:25:15||15285|22346481240|42738200840
8450|0|55135|01/01/2024 11:37:44||10936|3379473128|4772769912
7354|0|74214|01/01/2024 05:39:32||32428|3866734856|4431029704
6893|0|76903|01/01/2024 02:23:15||44205|8629068376|12197966672
8202|0|83656|01/01/2024 10:26:13||15227|4462442224|5834607824
8451|0|21299|01/01/2024 11:36:29||11011|312922936|402892360
7864|0|99802|01/01/2024 08:48:16||21104|2226852424|2362015904
8374|0|26964|01/01/2024 11:14:22||12338|22411169368|59765781080
7425|0|35952|01/01/2024 06:00:06||31194|5842565984|6132576096
7016|0|20340|01/01/2024 03:18:38||40882|12062863120|13018713320
8639|0|97176|01/01/2024 12:58:49||6071|1552899256|1958025696
8128|0|66642|01/01/2024 10:01:51||16689|1448304912|1576746384
8375|0|86893|01/01/2024 11:11:24||12516|4456783480|4477133992
7055|0|64535|01/01/2024 03:38:24||39696|6253843536|6519963592
7936|0|90151|01/01/2024 09:00:01||20399|15379605064|16367182472
7899|0|96448|01/01/2024 08:54:52||20708|14235101440|19791681712
8236|0|36110|01/01/2024 10:31:31||14909|2249888968|3089791520
7679|0|77865|01/01/2024 07:46:42||24798|8167612536|10932075096
6733|0|10821|01/01/2024 01:18:18||48102|16780883040|18068791288
7715|0|79735|01/01/2024 07:57:52||24128|23593488|35168504
8452|0|93857|01/01/2024 11:34:41||11119|4621672016|4784270016
6807|0|98032|01/01/2024 01:47:10||46370|14953827568|21972263704
8820|0|19271|01/01/2024 14:36:49||191|186772432|238666296
6692|0|65972|01/01/2024 00:54:42||49518|7933388720|8449446584
7807|0|59898|01/01/2024 08:24:45||22515|87105929560|197736283456
7955|0|26450|01/01/2024 09:13:06||19614|2557304760|2831007784
7426|0|88869|01/01/2024 06:04:48||30912|5348655328|5577585352
6873|0|31822|01/01/2024 02:15:03||44697|9407807264|12592685576
7333|0|92390|01/01/2024 05:24:29||33331|584922792|681095920
8093|0|77299|01/01/2024 09:51:09||17331|169102840|207818216
8413|0|25685|01/01/2024 11:21:25||11915|4680390336|6183589552
8640|0|32234|01/01/2024 12:58:50||6070|24003302232|60315761688
7780|0|67864|01/01/2024 08:14:51||23109|181370960|215103904
8203|0|89996|01/01/2024 10:25:43||15257|2959201176|3473423096
8485|0|6013|01/01/2024 11:42:33||10647|476337888|705021128
8453|0|47816|01/01/2024 11:31:50||11290|11680632960|12522238032
8737|0|91452|01/01/2024 13:51:16||2924|314814168|390917368
7956|0|51410|01/01/2024 09:10:54||19746|656537920|906961216
7231|0|72819|01/01/2024 04:42:50||35830|253264504|341778208
8622|0|85419|01/01/2024 12:45:29||6871|423789808|635020608
8204|0|66319|01/01/2024 10:25:38||15262|2072600152|2211425376
7449|0|69724|01/01/2024 06:16:50||30190|4330642552|5358388312
8486|0|54749|01/01/2024 11:49:00||10260|570184624|578261064
8515|0|97428|01/01/2024 11:59:45||9615|2545100352|3714845792
8641|0|92706|01/01/2024 12:57:51||6129|20722195992|44546645192
8454|0|51469|01/01/2024 11:37:33||10947|742136888|750664832
8723|0|4076|01/01/2024 13:43:29||3391|10260573832|30297404760
8623|0|37953|01/01/2024 12:48:29||6691|2001712912|2893251104
7471|0|86912|01/01/2024 06:21:38||29902|8200625448|10313940328
8487|0|37530|01/01/2024 11:41:31||10709|22776578680|50392976160
8376|0|89563|01/01/2024 11:11:45||12495|39565920|53107552
8724|0|95892|01/01/2024 13:49:41||3019|674583032|687083208
8060|0|14216|01/01/2024 09:42:19||17861|768358584|1127747784
8762|0|50648|01/01/2024 14:01:55||2285|6515111360|12555395048
8337|0|65854|01/01/2024 11:09:09||12651|6741590032|8463759272
7356|0|59647|01/01/2024 05:30:55||32945|4164554488|5390245056
8166|0|88486|01/01/2024 10:14:00||15960|4277907696|5457331808
8488|0|69690|01/01/2024 11:45:24||10476|685964336|905665920
8338|0|35479|01/01/2024 11:08:27||12693|7367484144|8148263232
7565|0|46140|01/01/2024 07:01:52||27488|4162732744|4206407872
8205|0|63740|01/01/2024 10:21:44||15496|6095183072|6873824856
8298|0|68233|01/01/2024 10:56:34||13406|4903270360|4962654648
7284|0|7309|01/01/2024 05:04:42||34518|98063944464|194057592816
8705|0|53029|01/01/2024 13:38:36||3684|641658712|669902224
6875|0|65020|01/01/2024 02:13:13||44807|10937886648|11904522480
7232|0|90478|01/01/2024 04:43:14||35806|10681218040|12481938216
8094|0|62835|01/01/2024 09:59:54||16806|443646648|564529392
8821|0|9069|01/01/2024 14:30:13||587|13801760|19255112
8061|0|60476|01/01/2024 09:49:17||17443|3199580272|4096642408
7233|0|24713|01/01/2024 04:46:19||35621|3913735384|3969165304
7900|0|27227|01/01/2024 08:58:32||20488|872471768|1057365392
8025|0|70487|01/01/2024 09:31:31||18509|6649879632|8879156512
8095|0|6879|01/01/2024 09:54:59||17101|1381670192|1578511352
8206|0|80258|01/01/2024 10:21:24||15516|2736078856|3607456280
8664|0|98417|01/01/2024 13:09:21||5439|1880097112|2274186728
8573|0|70323|01/01/2024 12:10:32||8968|789813504|806965032
7399|0|76076|01/01/2024 05:55:54||31446|8344426536|8904411904
7285|0|47934|01/01/2024 05:07:59||34321|5397974384|7855043096
8455|0|57723|01/01/2024 11:34:44||11116|271863160|297923536
7626|0|75947|01/01/2024 07:20:17||26383|995289320|1066186160
7781|0|29227|01/01/2024 08:11:58||23282|79063640|79802168
8763|0|18001|01/01/2024 14:04:25||2135|3966406512|8469036304
7682|0|57621|01/01/2024 07:46:19||24821|559745184|731539440
6809|0|21811|01/01/2024 01:47:50||46330|1429622880|1619012136
8238|0|11099|01/01/2024 10:30:59||14941|244982984|345520464
7743|0|6911|01/01/2024 08:02:44||23836|3413119024|3545184400
8456|0|41385|01/01/2024 11:39:29||10831|1485062856|2140621328
8414|0|42847|01/01/2024 11:26:41||11599|4903836768|7283884656
7472|0|97624|01/01/2024 06:24:27|01/01/2024 14:38:52|29665|6348051616|7395813968
8378|0|73867|01/01/2024 11:12:26||12454|1088219544|1479556920
8096|0|89298|01/01/2024 09:58:59||16861|392500176|518314400
6959|0|14240|01/01/2024 02:55:36||42264|16422768152|18320250088
7107|0|87556|01/01/2024 03:56:12||38628|3652345312|3654346392
7035|0|11854|01/01/2024 03:24:59||40501|11413348424|14346920888
7598|0|47566|01/01/2024 07:11:48||26892|3301443312|3671563480
8694|0|93935|01/01/2024 13:25:50||4450|1750036328|1926677112
7508|0|88888|01/01/2024 06:30:45||29355|510567616|760198112
8779|0|46894|01/01/2024 14:11:20||1720|387681464|434380016
8167|0|89783|01/01/2024 10:10:12||16188|463955856|651835080
6762|0|57415|01/01/2024 01:24:55||47705|12746110336|17693211640
8339|0|86546|01/01/2024 11:04:41||12919|2318416456|3227938608
8725|0|82423|01/01/2024 13:40:23||3577|940882688|1300204696
7865|0|70417|01/01/2024 08:41:50||21490|32482288016|92031467296
8590|0|39139|01/01/2024 12:28:14||7906|231457816|271411968
7627|0|3992|01/01/2024 07:29:46||25814|5058085776|6117987992
6637|0|72308|01/01/2024 00:28:24||51096|160623312584|335254612792
8062|0|57089|01/01/2024 09:45:39||17661|1075832928|1515649696
8063|0|50307|01/01/2024 09:42:22||17858|1828535320|2700530936
7251|0|36401|01/01/2024 04:51:49||35291|5050145848|7572316512
7145|0|17546|01/01/2024 04:17:51||37329|2313421952|2411491456
8129|0|13835|01/01/2024 10:02:46||16634|317351568|462677048
7126|0|52676|01/01/2024 04:07:57||37923|7549028920|10199679288
7782|0|93921|01/01/2024 08:14:20||23140|21685685720|29296296664
7683|0|13972|01/01/2024 07:47:47||24733|164281576|226843000
7994|0|73294|01/01/2024 09:26:01||18839|4613374560|5412037568
8489|0|70544|01/01/2024 11:43:17||10603|3369016904|3388179648
7234|0|45025|01/01/2024 04:48:20||35500|3760719960|4656265384
8624|0|74976|01/01/2024 12:41:01||7139|2281333472|2728373784
7995|0|73120|01/01/2024 09:28:24||18696|1021243784|1488296368
8490|0|91970|01/01/2024 11:45:48||10452|744633920|995405040
8340|0|12343|01/01/2024 11:03:34||12986|2327771304|3123418120
8341|0|30656|01/01/2024 11:00:47||13153|104693376|137022928
8207|0|54872|01/01/2024 10:25:54||15246|64981791928|150931585976
8550|0|53832|01/01/2024 12:08:54||9066|574164352|814430624
7866|0|97025|01/01/2024 08:48:05||21115|6787898392|9598141336
7286|0|57478|01/01/2024 05:09:10||34250|10727738896|11912860624
8764|0|69752|01/01/2024 14:08:38||1882|1927158672|2772489512
8674|0|78717|01/01/2024 13:12:09||5271|460010056|658544984
8239|0|82698|01/01/2024 10:36:58||14582|1388456736|1623018888
6944|0|26199|01/01/2024 02:45:58||42842|97106628424|226072889800
7843|0|64290|01/01/2024 08:32:33||22047|3995296736|5652183000
8064|0|82079|01/01/2024 09:47:20||17560|6014278536|7347664840
7783|0|92674|01/01/2024 08:12:17||23263|3792526176|5307309816
7957|0|82437|01/01/2024 09:13:30||19590|3472489096|3627158224
7083|0|77855|01/01/2024 03:44:33||39327|20701560744|21941648152
8415|0|92233|01/01/2024 11:20:06||11994|3570869128|3638571384
6620|0|84162|01/01/2024 00:12:44||52036|1722653480|1918047000
7844|0|6812|01/01/2024 08:35:39||21861|4691632376|6167791688
8342|0|94644|01/01/2024 11:00:59||13141|2808848000|3624921600
7401|0|98465|01/01/2024 05:58:25||31295|26319094128|30983243904
7036|0|82855|01/01/2024 03:28:49||40271|24745487576|29480488360
8695|0|5372|01/01/2024 13:24:49||4511|1091906768|1607596400
7175|0|37387|01/01/2024 04:22:56||37024|4609032328|4823125144
7958|0|42095|01/01/2024 09:16:30||19410|6925602008|8789369104
6621|0|25393|01/01/2024 00:19:07||51653|24757706840|27189927040
7938|0|32548|01/01/2024 09:09:18||19842|3776981008|3959147592
7599|0|95133|01/01/2024 07:10:41||26959|278603528|308240640
7903|0|46481|01/01/2024 08:52:08||20872|13247482128|19700798912
7402|0|18337|01/01/2024 05:52:21||31659|21214856384|31247193280
8625|0|39283|01/01/2024 12:49:46||6614|286468080|365377576
7904|0|49972|01/01/2024 08:51:40||20900|3478089008|4713030424
8343|0|38043|01/01/2024 11:03:10||13010|591806168|883413504
8665|0|92526|01/01/2024 13:02:11||5869|16753736344|32823212656
7811|0|64318|01/01/2024 08:24:30||22530|54737325496|129050636504
7308|0|79969|01/01/2024 05:12:15|01/01/2024 14:33:50|33695|15080816504|16600733488
8822|0|79969|01/01/2024 14:34:15||345|26366504|30075080
8574|0|9408|01/01/2024 12:10:01||8999|113339672|150862264
6596|0|34584|01/01/2024 00:03:25||52595|5219909184|7182368920
8344|0|38520|01/01/2024 11:09:57||12603|9672921776|12882679040
8270|0|40613|01/01/2024 10:44:45||14115|5777062528|7853019968
8130|0|61298|01/01/2024 10:09:07||16253|1689423672|2368634840
8065|0|15558|01/01/2024 09:43:33||17787|5484801168|6946425328
8765|0|80405|01/01/2024 14:01:01||2339|822583064|920103896
7939|0|32304|01/01/2024 09:06:45||19995|4343377304|5617379672
7109|0|23312|01/01/2024 03:55:26||38674|44851581504|125306234304
8675|0|86936|01/01/2024 13:11:24||5316|11386569880|31364174272
8271|0|8409|01/01/2024 10:49:51||13809|3141635104|3622117992
6810|0|19240|01/01/2024 01:47:21||46359|12916015352|18641794800
8696|0|20031|01/01/2024 13:26:19||4421|672193832|742867816
8345|0|75554|01/01/2024 11:09:53||12607|1746216280|2556750680
8346|0|14503|01/01/2024 11:01:12||13128|5325013920|7455328760
8097|0|18018|01/01/2024 09:57:45||16935|22611735864|65671451208
8026|0|16393|01/01/2024 09:37:37||18143|194853448|262342872
7959|0|44799|01/01/2024 09:13:31||19589|12642545744|18019557904
7744|0|98692|01/01/2024 08:05:28||23672|1642307952|1927625608
8131|0|66705|01/01/2024 10:06:46||16394|5843279368|6816840736
7358|0|14136|01/01/2024 05:37:45||32535|9474556056|12713810080
8516|0|50551|01/01/2024 11:54:42||9918|5487175592|6573287616
6597|0|73988|01/01/2024 00:01:44||52696|151544761712|411107137568
8517|0|75523|01/01/2024 11:52:03||10077|141051064|167528296
6993|0|82514|01/01/2024 03:09:11||41449|5820136208|6492811408
8132|0|53397|01/01/2024 10:06:23||16417|2705516112|3251837784
6830|0|11651|01/01/2024 01:52:31||46049|3001526136|3838680464
8208|0|20167|01/01/2024 10:23:43||15377|2941832248|3900096248
8209|0|5990|01/01/2024 10:22:02||15478|1899630184|2832801480
7601|0|94561|01/01/2024 07:17:00||26580|2585402864|3404983584
8823|0|49951|01/01/2024 14:35:31||269|153578016|202191992
8518|0|7726|01/01/2024 11:58:57||9663|1109271320|1134960808
6921|0|22979|01/01/2024 02:33:20|01/01/2024 14:31:39|43099|391509008|454780544
8824|0|22979|01/01/2024 14:32:25||455|3911312|3929240
8642|0|93283|01/01/2024 12:59:02||6058|533796408|707541704
7650|0|37181|01/01/2024 07:32:00||25680|1446171216|1709340976
7940|0|83858|01/01/2024 09:04:48||20112|766412984|889558752
8168|0|52485|01/01/2024 10:11:44||16096|1182181296|1745402656
7628|0|52091|01/01/2024 07:27:26||25954|650828288|736972728
6831|0|57543|01/01/2024 01:56:27||45813|35829145088|38122010608
8591|0|54758|01/01/2024 12:24:18||8142|1900877216|1937015160
7568|0|37695|01/01/2024 07:00:02||27598|2867571064|3996268976
6671|0|88082|01/01/2024 00:47:32||49948|8406042440|11173151928
6598|0|15843|01/01/2024 00:00:41||52759|963813256|1153609840
7476|0|53942|01/01/2024 06:29:54||29406|17217095048|18504703392
8272|0|38360|01/01/2024 10:43:21||14199|61620920016|146736554120
7378|0|23710|01/01/2024 05:47:26||31954|13633925448|16840646472
8676|0|32448|01/01/2024 13:18:55||4865|3189054472|4699613984
7110|0|60799|01/01/2024 03:58:36||38484|112529040776|221290206184
7428|0|89187|01/01/2024 06:06:42||30798|1712262888|2487479824
8492|0|73332|01/01/2024 11:48:26||10294|2192574944|3122841016
8519|0|58879|01/01/2024 11:58:58||9662|4285771264|5441621312
6850|0|58524|01/01/2024 02:00:21||45579|3573832496|3672851304
7111|0|63108|01/01/2024 03:56:09||38631|5991763136|6120863104
7960|0|13049|01/01/2024 09:14:10||19550|4479167040|5915645320
7784|0|77305|01/01/2024 08:11:48||23292|11479933792|14776342440
7429|0|57589|01/01/2024 06:06:55||30785|4626683672|5720792128
8520|0|15805|01/01/2024 11:51:40||10100|3920963936|4004803704
8273|0|24091|01/01/2024 10:40:49||14351|1251409872|1690173104
7477|0|41832|01/01/2024 06:26:20||29620|8877495352|9389332368
8521|0|37693|01/01/2024 11:53:49||9971|1368607248|1737553224
8796|0|39291|01/01/2024 14:25:08||892|12851304|14235136
8300|0|34384|01/01/2024 10:59:41||13219|428697536|438537032
7287|0|67879|01/01/2024 05:02:12||34668|8629642264|10859238696
8493|0|43267|01/01/2024 11:44:04||10556|175000392|259182456
7084|0|57108|01/01/2024 03:45:25||39275|16339178592|16652982448
8348|0|93087|01/01/2024 11:05:44||12856|3756826832|4253507808
7254|0|79156|01/01/2024 04:56:55||34985|2825383200|4101209288
8797|0|77493|01/01/2024 14:24:29||931|232764176|257880360
7785|0|15261|01/01/2024 08:14:39||23121|4886252760|6522169608
8457|0|86623|01/01/2024 11:30:53||11347|5246545512|5497756856
6763|0|79681|01/01/2024 01:25:34||47666|7871847632|7890791424
7651|0|19829|01/01/2024 07:32:24||25656|1274322960|1441250872
8605|0|33153|01/01/2024 12:38:43||7277|546010536|580418488
7961|0|86597|01/01/2024 09:12:29||19651|1791275632|1978779064
8027|0|77343|01/01/2024 09:34:35||18325|6344259608|6966195616
8798|0|93848|01/01/2024 14:28:04||716|6567696|6812952
7846|0|60463|01/01/2024 08:36:04||21836|16763886560|24126726272
8825|0|55126|01/01/2024 14:31:02||538|1878002736|4811090520
8522|0|15106|01/01/2024 11:58:37||9683|774529800|925363128
7745|0|74013|01/01/2024 08:02:39||23841|4932013984|5713789592
8379|0|97371|01/01/2024 11:15:45||12255|243468544|288702736
7962|0|39380|01/01/2024 09:10:40||19760|2289530800|3241392664
6851|0|91634|01/01/2024 02:05:32||45268|1072130440|1231697928
7814|0|53568|01/01/2024 08:24:44||22516|16946882496|24031592496
7255|0|28624|01/01/2024 04:54:33||35127|3954415992|5517060096
8067|0|14742|01/01/2024 09:47:37||17543|5259162232|7041419880
8551|0|75345|01/01/2024 12:03:35||9385|603876168|693529760
6852|0|89377|01/01/2024 02:08:24||45096|4499882536|5178446008
6833|0|72586|01/01/2024 01:57:41||45739|169417824200|371117739640
8523|0|66485|01/01/2024 11:57:05||9775|416417800|422614336
7127|0|13717|01/01/2024 04:03:56||38164|2454898440|3616466464
7037|0|39251|01/01/2024 03:24:08||40552|2071651432|2301833560
8068|0|49359|01/01/2024 09:44:14||17746|4444812992|5411169704
8458|0|13627|01/01/2024 11:30:52||11348|1850697008|1989958976
8169|0|55543|01/01/2024 10:18:36||15684|674160344|704504440
7288|0|49985|01/01/2024 05:05:27||34473|26204001352|75372804480
8381|0|33239|01/01/2024 11:13:21||12399|4031772360|4867557536
8552|0|61581|01/01/2024 12:06:48||9192|48873104|72064696
6622|0|32575|01/01/2024 00:19:04||51656|2428161536|2826007128
7652|0|10817|01/01/2024 07:32:52||25628|8206690592|9967512168
7359|0|4296|01/01/2024 05:31:09||32931|10223584808|12931716352
8135|0|5238|01/01/2024 10:07:56||16324|5503081880|7679634312
7039|0|36071|01/01/2024 03:20:31|01/01/2024 14:34:13|40422|20859639976|21901449256
7544|0|22758|01/01/2024 06:50:27||28173|3325547032|4419030928
8349|0|82979|01/01/2024 11:00:46||13154|1501663416|1829212104
8069|0|64117|01/01/2024 09:43:29||17791|366348776|377852640
8301|0|18801|01/01/2024 10:50:52||13748|12597452040|13342930408
8416|0|66209|01/01/2024 11:24:25||11735|6376694904|9477969464
7685|0|27134|01/01/2024 07:49:03||24657|6697059552|8894708760
7379|0|83444|01/01/2024 05:47:42||31938|4921061112|5004439096
8626|0|57000|01/01/2024 12:42:51||7029|1976849656|2603238760
8606|0|8779|01/01/2024 12:34:35||7525|883195944|1255643496
8575|0|32044|01/01/2024 12:14:29||8731|3220637872|3620809864
8576|0|3879|01/01/2024 12:18:15||8505|1145569232|1151526480
8494|0|51709|01/01/2024 11:40:53||10747|359199192|499046192
7816|0|61527|01/01/2024 08:25:38||22462|4668269520|5362449552
8524|0|63244|01/01/2024 11:55:50||9850|1563807280|1673742960
7718|0|84700|01/01/2024 07:52:18||24462|6150039272|6504829416
8706|0|43307|01/01/2024 13:38:07||3713|10488938064|24802646936
8302|0|38992|01/01/2024 10:54:27||13533|4372149648|5494846688
8766|0|41827|01/01/2024 14:06:57||1983|31487256|36612592
7256|0|99055|01/01/2024 04:50:04||35396|5947985728|6280664440
8607|0|86599|01/01/2024 12:39:32||7228|491034808|555846736
7310|0|37082|01/01/2024 05:10:00||34200|1465162240|2051803208
8303|0|84155|01/01/2024 10:53:25||13595|475839248|517423744
7237|0|60316|01/01/2024 04:43:08||35812|13662526488|14285648640
7848|0|84826|01/01/2024 08:38:59||21661|6220656520|6773945096
7209|0|30851|01/01/2024 04:32:01||36479|2573932872|3080188352
6963|0|40845|01/01/2024 02:54:28||42332|9003243440|12987939632
7430|0|40655|01/01/2024 06:08:03||30717|7506473768|11132243408
6695|0|94648|01/01/2024 00:52:50||49630|23234729152|24331992736
7906|0|7824|01/01/2024 08:50:36||20964|17484543728|22830427304
7210|0|75468|01/01/2024 04:30:20||36580|4427874456|4607088504
7570|0|37427|01/01/2024 07:05:14||27286|660683616|949721952
7996|0|71821|01/01/2024 09:21:24||19116|1574132920|1866676840
7527|0|36103|01/01/2024 06:40:14|01/01/2024 14:34:53|28479|16325289912|18197628048
8697|0|69355|01/01/2024 13:22:57||4623|136843752|149439328
7238|0|18851|01/01/2024 04:45:11||35689|982714144|1004042960
6812|0|74918|01/01/2024 01:43:39||46581|28311592864|32613005096
7360|0|97603|01/01/2024 05:32:28||32852|1687865424|2347075768
8170|0|38989|01/01/2024 10:18:47||15673|2419811232|2521431528
8099|0|85185|01/01/2024 09:55:51||17049|1061441088|1470491600
6764|0|57109|01/01/2024 01:22:48||47832|9481358360|10737027632
8738|0|73318|01/01/2024 13:55:49||2651|753027336|1056185888
8418|0|75736|01/01/2024 11:23:23||11797|7792479296|7841827968
8643|0|30647|01/01/2024 12:59:31||6029|1649706560|2113903272
8525|0|62807|01/01/2024 11:50:01||10199|2200042944|2484920888
7997|0|26361|01/01/2024 09:24:25||18935|2570321432|3095877000
8739|0|77675|01/01/2024 13:50:48||2952|476170224|667525672
6696|0|14526|01/01/2024 00:57:34||49346|15265212464|20614470504
7546|0|90068|01/01/2024 06:57:46||27734|8394534736|11654461944
7211|0|41286|01/01/2024 04:37:25||36155|16707046792|18906408184
8274|0|6635|01/01/2024 10:41:22||14318|1406731872|1692824288
7868|0|46783|01/01/2024 08:44:01||21359|11466088704|15342860544
7057|0|37021|01/01/2024 03:37:23||39757|5380135280|7047147992
8212|0|14784|01/01/2024 10:28:25||15095|3384377480|3925540488
8419|0|59541|01/01/2024 11:25:29||11671|2800757704|3451136752
6995|0|15140|01/01/2024 03:02:11||41869|16677180736|20253980168
8677|0|73320|01/01/2024 13:14:24||5136|1400027480|1633978632
6877|0|81360|01/01/2024 02:10:20||44980|67925353168|183801065288
8382|0|64326|01/01/2024 11:15:50||12250|3301959360|3934341272
6996|0|32456|01/01/2024 03:06:32||41608|12022685152|13261469544
7817|0|52587|01/01/2024 08:26:40||22400|16218822480|31667510544
8460|0|42551|01/01/2024 11:32:06||11274|4609415600|4622246288
7653|0|72622|01/01/2024 07:30:11||25789|1973268272|2520059088
8526|0|91944|01/01/2024 11:58:38||9682|269388856|288349536
8242|0|50867|01/01/2024 10:36:42||14598|291086824|420982648
8350|0|96249|01/01/2024 11:06:33||12807|17963613560|34229469320
6945|0|89679|01/01/2024 02:48:32||42688|2795509784|3950672936
7654|0|72403|01/01/2024 07:33:08||25612|846135184|1185860704
6965|0|19178|01/01/2024 02:55:34||42266|314775304|460664784
8678|0|10537|01/01/2024 13:16:10||5030|424871024|544150336
7512|0|40603|01/01/2024 06:39:35||28825|4413707848|4545755440
7017|0|86607|01/01/2024 03:13:26||41194|108793725312|275072556304
7818|0|26748|01/01/2024 08:22:25||22655|5296701616|6318313312
7528|0|61221|01/01/2024 06:45:38||28462|4666334760|4708836448
7720|0|89958|01/01/2024 07:53:04||24416|1092132952|1341722008
7747|0|74715|01/01/2024 08:02:11||23869|1303265456|1827920104
8243|0|13277|01/01/2024 10:35:48||14652|692685016|912999440
7869|0|53347|01/01/2024 08:41:08||21532|1797376400|2211770568
8028|0|82959|01/01/2024 09:36:20||18220|4959887248|5141422568
6835|0|53452|01/01/2024 01:53:38||45982|7154399120|8211079048
8577|0|4867|01/01/2024 12:16:58||8582|271464784|271649304
8420|0|84148|01/01/2024 11:21:59||11881|641432384|840066592
8351|0|77085|01/01/2024 11:00:41||13159|11112498008|22523000360
8244|0|95449|01/01/2024 10:31:53||14887|7993142200|8332016256
7380|0|13398|01/01/2024 05:49:39||31821|10481512640|15205301144
8527|0|33874|01/01/2024 11:58:17||9703|1410100104|1690214240
7040|0|83628|01/01/2024 03:24:50||40510|13087610120|18346012656
7149|0|51188|01/01/2024 04:15:11||37489|2769822800|3787948808
6836|0|93708|01/01/2024 01:50:37||46163|6592126032|7367835128
8495|0|66448|01/01/2024 11:45:50||10450|4238946976|5992265248
6697|0|95931|01/01/2024 00:54:39||49521|982315528|1266469568
8679|0|40723|01/01/2024 13:14:52||5108|319539968|357632112
8496|0|17097|01/01/2024 11:41:31||10709|3688277096|5269095904
7998|0|72619|01/01/2024 09:20:15||19185|42183593712|88707486464
7571|0|37992|01/01/2024 07:00:17||27583|4452954784|4923030432
8172|0|6099|01/01/2024 10:16:36||15804|160255304|218628304
6966|0|55162|01/01/2024 02:58:48||42072|56398843824|166328145208
8826|0|62081|01/01/2024 14:30:40||560|811312824|642698216
8578|0|21420|01/01/2024 12:15:35||8665|1472181952|1829480864
8680|0|14586|01/01/2024 13:18:33||4887|631165704|886908024
7870|0|64866|01/01/2024 08:44:38||21322|2031368488|2994883536
8553|0|64198|01/01/2024 12:00:03||9597|3544491464|4887432168
7259|0|95348|01/01/2024 04:58:16||34904|12116703832|17314242488
7999|0|73062|01/01/2024 09:26:09||18831|7230510896|7366125032
6896|0|4636|01/01/2024 02:22:26||44254|11315130392|13367028696
8213|0|55855|01/01/2024 10:29:33||15027|3701296856|3776455072
6878|0|26752|01/01/2024 02:18:01||44519|8901094392|9401541160
8497|0|20797|01/01/2024 11:44:43||10517|834599328|898836872
8304|0|34760|01/01/2024 10:57:48||13332|2759561504|3927293264
7451|0|39264|01/01/2024 06:18:13||30107|116692595256|245839489136
7289|0|93332|01/01/2024 05:06:30||34410|7261371168|8584411296
8275|0|92786|01/01/2024 10:46:15||14025|3963905520|5367195880
7087|0|15993|01/01/2024 03:43:15||39405|22669842280|23864099400
7871|0|21135|01/01/2024 08:41:43||21497|5838033536|5876878392
8579|0|70256|01/01/2024 12:12:37||8843|67332296|75087248
8137|0|58204|01/01/2024 10:05:25||16475|2324923752|3016062784
8528|0|74424|01/01/2024 11:53:10||10010|2169873624|2701641688
8767|0|76400|01/01/2024 14:01:18||2322|1206202976|1208482160
7181|0|80078|01/01/2024 04:25:20||36880|5805307496|7974920440
8276|0|71494|01/01/2024 10:42:28||14252|1646750760|2241047232
8215|0|17110|01/01/2024 10:24:10||15350|2566297872|3144882944
8627|0|36498|01/01/2024 12:42:02||7078|679323992|754842104
7655|0|36976|01/01/2024 07:34:56||25504|4139031664|5808304016
8352|0|64889|01/01/2024 11:06:44||12796|4249099648|6352604272
8707|0|53605|01/01/2024 13:39:00||3660|1162908848|1439486112
8554|0|9867|01/01/2024 12:01:17||9523|2228467632|2304431760
7748|0|13437|01/01/2024 08:02:39||23841|34024429128|72812037984
7088|0|39330|01/01/2024 03:48:52||39068|7273684024|7753651816
7452|0|7520|01/01/2024 06:12:18|01/01/2024 14:32:00|29982|1472878016|2026801696
8827|0|7520|01/01/2024 14:33:06||414|1895808|2421944
7656|0|78553|01/01/2024 07:38:27||25293|9863192568|11621500568
8666|0|63619|01/01/2024 13:07:05||5575|725970424|839423896
7059|0|85187|01/01/2024 03:33:11||40009|3180744704|7421790824
8644|0|71628|01/01/2024 12:53:44||6376|2161204112|2765210896
7721|0|33929|01/01/2024 07:50:55||24545|23576667080|33553385488
6968|0|80530|01/01/2024 02:55:34||42266|2532422552|2929211952
8173|0|41749|01/01/2024 10:15:07||15893|4291719440|4739338576
8498|0|73903|01/01/2024 11:46:00||10440|2786244328|3260591520
7872|0|39615|01/01/2024 08:45:33||21267|19433289104|21323946808
8592|0|92076|01/01/2024 12:27:30||7950|2728363304|3449507656
7907|0|26853|01/01/2024 08:50:13||20987|3481457552|3755638512
7942|0|71600|01/01/2024 09:08:54||19866|15242446328|19731488368
7481|0|72960|01/01/2024 06:27:56||29524|3932419096|4227218032
7849|0|12077|01/01/2024 08:33:49||21971|1646228952|1770034960
8799|0|74125|01/01/2024 14:23:10||1010|101379240|147394472
8698|0|23508|01/01/2024 13:24:35||4525|14765862328|42512702592
7290|0|81599|01/01/2024 05:01:32||34708|5619530752|5885917112
7408|0|90524|01/01/2024 05:54:33||31527|115581624|166494264
7548|0|58345|01/01/2024 06:50:24||28176|3983266744|5741629960
6838|0|63519|01/01/2024 01:51:35||46105|12528724824|18545452104
8708|0|39760|01/01/2024 13:36:55||3785|249707456|263144792
8461|0|53913|01/01/2024 11:36:23||11017|8452874024|8525703808
8383|0|27053|01/01/2024 11:10:58||12542|5379887768|7631204528
8384|0|55461|01/01/2024 11:11:47||12493|3426120312|4449050952
6785|0|9829|01/01/2024 01:33:24||47196|4683450672|5052954528
7060|0|56154|01/01/2024 03:36:05||39835|7282849280|7374399032
8101|0|18965|01/01/2024 09:51:21||17319|417990088|537754288
8070|0|87016|01/01/2024 09:44:48||17712|679245248|810591856
8216|0|56152|01/01/2024 10:28:46||15074|5111964208|7544929560
8529|0|10813|01/01/2024 11:53:17||10003|653609544|699190200
6897|0|98182|01/01/2024 02:22:58||44222|10953504264|15847658568
6786|0|55547|01/01/2024 01:36:21||47019|3667700640|4379778536
8217|0|24466|01/01/2024 10:26:30||15210|1951589408|2428553512
7963|0|93018|01/01/2024 09:14:38||19522|1695089288|2168158704
7151|0|66591|01/01/2024 04:18:27||37293|14182167288|17364468856
7629|0|77560|01/01/2024 07:24:20||26140|3097366728|3350135184
7212|0|16071|01/01/2024 04:33:54||36366|10721113656|16016683320
7381|0|16175|01/01/2024 05:46:10||32030|8111192344|10724520816
8102|0|56321|01/01/2024 09:53:53||17167|688242984|836915000
7183|0|33949|01/01/2024 04:21:18||37122|5239842048|5298135432
8305|0|59169|01/01/2024 10:54:06||13554|7049136696|8283496856
7657|0|18551|01/01/2024 07:37:28||25352|4660448376|4908616136
8030|0|49345|01/01/2024 09:39:03||18057|578365776|675794520
7786|0|16914|01/01/2024 08:17:47||22933|4076730864|5262244552
6787|0|25872|01/01/2024 01:37:58||46922|16964334848|17124227568
6623|0|95843|01/01/2024 00:16:28||51812|3372739120|3595627568
8462|0|47930|01/01/2024 11:36:39||11001|1528653968|1546866200
7943|0|47501|01/01/2024 09:00:17||20383|5223208496|6435504464
8218|0|60524|01/01/2024 10:20:30||15570|6322469528|6357348640
7908|0|55895|01/01/2024 08:54:24||20736|13882413720|14423574320
7909|0|71522|01/01/2024 08:54:49||20711|2691253352|3431815936
8780|0|38215|01/01/2024 14:15:51||1449|884449920|1097236072
8421|0|78069|01/01/2024 11:25:32||11668|2033791384|2240727864
8277|0|82452|01/01/2024 10:40:57||14343|46114780328|127683459224
8306|0|78328|01/01/2024 10:59:21||13239|41075778672|79921591928
8354|0|68537|01/01/2024 11:08:55||12665|11798731744|11832749680
8699|0|10110|01/01/2024 13:21:07||4733|1582156312|1651686592
7603|0|52004|01/01/2024 07:19:24||26436|13128784608|36440226928
8463|0|55258|01/01/2024 11:38:48||10872|419078384|552844784
7687|0|12441|01/01/2024 07:46:35||24805|40677115320|90157983520
8593|0|25915|01/01/2024 12:26:39||8001|272682264|287182440
6624|0|30630|01/01/2024 00:18:37||51683|12634386008|18245198064
8555|0|74641|01/01/2024 12:04:50||9310|801366680|945197472
8174|0|73835|01/01/2024 10:16:59||15781|393028400|463347432
6813|0|78433|01/01/2024 01:43:36||46584|7874943616|8104283272
8645|0|72204|01/01/2024 12:54:39||6321|2534318320|3674823240
7482|0|14275|01/01/2024 06:22:54||29826|1858746240|2783626896
6925|0|43904|01/01/2024 02:38:40||43280|21872262808|25470090576
6739|0|29712|01/01/2024 01:13:45||48375|6988320664|10303351736
7113|0|39364|01/01/2024 03:54:37||38723|9815372104|9854183048
8138|0|99645|01/01/2024 10:09:19||16241|1207230792|1603109448
8726|0|32244|01/01/2024 13:42:39||3441|888981648|1010983504
8700|0|12082|01/01/2024 13:27:32||4348|130096912|153456176
7945|0|6171|01/01/2024 09:00:06||20394|2472012872|3353037976
7787|0|17759|01/01/2024 08:13:35||23185|8475767680|8565275968
8031|0|95893|01/01/2024 09:39:05||18055|527297352|621537456
8175|0|84865|01/01/2024 10:19:30||15630|4075253272|5954384704
8307|0|80337|01/01/2024 10:59:28||13232|7551650368|11097260440
6815|0|10465|01/01/2024 01:43:32||46588|33245252024|34639875408
6657|0|39302|01/01/2024 00:32:34||50846|202350139144|402865094016
8709|0|10047|01/01/2024 13:36:50||3790|824426056|872436984
8608|0|25702|01/01/2024 12:34:54||7506|3247187648|3990496680
8768|0|48296|01/01/2024 14:07:07||1973|1457691696|1549865696
8556|0|61330|01/01/2024 12:05:52||9248|38118240|46330320
8103|0|90367|01/01/2024 09:56:22||17018|1253105992|1815619616
7910|0|26390|01/01/2024 08:53:51||20769|3423100344|4681462112
6740|0|22544|01/01/2024 01:14:38||48322|3527611344|5114792512
7239|0|26628|01/01/2024 04:49:18||35442|4852605080|7127556648
8246|0|65677|01/01/2024 10:39:01||14459|920772304|1208764952
8710|0|69848|01/01/2024 13:35:23||3877|1056558696|1372383288
8701|0|16695|01/01/2024 13:20:52||4748|2157355016|3219175776
6899|0|67214|01/01/2024 02:21:52||44288|97819873272|265045735840
8308|0|76609|01/01/2024 10:50:39||13761|4692827072|5806227128
8464|0|90732|01/01/2024 11:38:34||10886|660865552|766008944
8530|0|34754|01/01/2024 11:52:03||10077|581401904|754587360
8104|0|15557|01/01/2024 09:52:29||17251|1267199704|1301996808
8422|0|59134|01/01/2024 11:26:48||11592|52387940688|116639200824
7454|0|40511|01/01/2024 06:16:29||30211|20793234824|27495230408
8355|0|93680|01/01/2024 11:02:30||13050|3238570080|3937036928
8139|0|34412|01/01/2024 10:00:33||16767|650200800|753699192
7630|0|78500|01/01/2024 07:24:27||26133|4571973784|6547317848
8628|0|23436|01/01/2024 12:43:32||6988|1317583856|1320831088
8580|0|48911|01/01/2024 12:14:10||8750|1004910496|1440947720
6853|0|73069|01/01/2024 02:04:26||45334|1379525592|1534148608
7964|0|50002|01/01/2024 09:13:09||19611|1891393976|2068550872
7152|0|27884|01/01/2024 04:19:44||37216|521240672|659726400
7484|0|32952|01/01/2024 06:24:33||29727|12491279224|18685688216
8423|0|15102|01/01/2024 11:24:02||11758|31928575496|69910487608
8071|0|78689|01/01/2024 09:45:33||17667|2070058760|2207987560
7788|0|74346|01/01/2024 08:10:01||23399|2472968024|2715934760
8594|0|98973|01/01/2024 12:23:31||8189|251594048|373828984
8032|0|60433|01/01/2024 09:36:54||18186|326953208|434303248
7574|0|65491|01/01/2024 07:06:33||27207|42961914808|122642017536
8072|0|78709|01/01/2024 09:48:21||17499|541285968|574787456
7089|0|48741|01/01/2024 03:43:30||39390|9214240408|13465923896
6900|0|64434|01/01/2024 02:21:44||44296|6636369992|7491342440
8800|0|71562|01/01/2024 14:29:08||652|1507589568|3509733912
8531|0|12088|01/01/2024 11:57:07||9773|433997584|575750712
8278|0|17294|01/01/2024 10:45:10||14090|2219211552|2685208216
7820|0|41706|01/01/2024 08:26:02||22438|688127624|1030432376
8247|0|55279|01/01/2024 10:39:44||14416|3124892896|3189837880
7001|0|55644|01/01/2024 03:02:23||41857|6643910336|8010676864
8424|0|50061|01/01/2024 11:21:43||11897|5118193752|6555912920
8140|0|38313|01/01/2024 10:05:23||16477|4016628752|4215331168
7965|0|88332|01/01/2024 09:14:57||19503|1485378680|2080118416
8557|0|73186|01/01/2024 12:09:05|01/01/2024 14:30:04|8459|706603568|971922728
8465|0|64140|01/01/2024 11:32:08||11272|780108848|1010893088
6854|0|73136|01/01/2024 02:05:50||45250|531963104|700403352
7549|0|95901|01/01/2024 06:50:45||28155|361675112|540014640
8558|0|81789|01/01/2024 12:02:40||9440|80538064|113215936
7338|0|96892|01/01/2024 05:25:56||33244|12562560760|14746732456
8176|0|9945|01/01/2024 10:11:40||16100|5205717336|5218854616
8801|0|42912|01/01/2024 14:29:28||632|27759376|39359440
7688|0|87026|01/01/2024 07:45:46||24854|74968795880|201059681216
7513|0|31000|01/01/2024 06:34:53||29107|40644226848|87897843984
7339|0|71511|01/01/2024 05:26:25||33215|5813687696|6981634664
8629|0|86009|01/01/2024 12:46:12||6828|2468627152|3221852656
7789|0|83405|01/01/2024 08:19:21||22839|5951250928|6058431000
7340|0|39011|01/01/2024 05:21:31||33509|564229776|714027024
8581|0|4972|01/01/2024 12:19:52||8408|1884327544|2710570760
7043|0|79268|01/01/2024 03:28:59||40261|14728469640|18563797864
7790|0|85291|01/01/2024 08:16:29||23011|2305167664|2328448584
8466|0|53429|01/01/2024 11:37:49||10931|1991484840|2743708832
8711|0|17728|01/01/2024 13:32:09||4071|120856576|173252584
7240|0|65088|01/01/2024 04:40:27||35973|10819611464|11462505520
7313|0|4535|01/01/2024 05:14:48||33912|59185981016|144650450728
6626|0|89551|01/01/2024 00:14:31||51929|10852890616|15312657704
8000|0|73483|01/01/2024 09:26:18||18822|149303864|186158696
7487|0|66299|01/01/2024 06:27:08||29572|88214469712|193996735712
8309|0|46218|01/01/2024 10:54:59||13501|875605456|894401376
7604|0|64998|01/01/2024 07:19:09||26451|7094264536|9967177472
7128|0|94873|01/01/2024 04:03:13||38207|27838760720|29667610328
8667|0|50225|01/01/2024 13:02:59||5821|16407193840|33393494936
7575|0|99134|01/01/2024 07:02:53||27427|5422499488|7482567056
7241|0|65370|01/01/2024 04:43:35||35785|2649164080|2863707528
8559|0|66200|01/01/2024 12:09:44||9016|187168568|204272176
8595|0|19738|01/01/2024 12:26:26||8014|1264210744|1265766120
8356|0|13917|01/01/2024 11:01:53||13087|2234607440|3094130984
8357|0|25673|01/01/2024 11:06:12||12828|8538992768|11037552968
7431|0|64610|01/01/2024 06:05:58||30842|4901242320|5302581064
8001|0|48483|01/01/2024 09:28:34||18686|408613592|602094672
8609|0|69341|01/01/2024 12:35:07||7493|435973888|623573832
8425|0|43934|01/01/2024 11:25:32||11668|8607262496|9549144776
6971|0|6966|01/01/2024 02:57:36||42144|151182679976|281981017216
8740|0|53092|01/01/2024 13:51:47||2893|163552752|203663472
8426|0|32336|01/01/2024 11:27:59||11521|5471239408|6311554280
8727|0|38932|01/01/2024 13:45:59||3241|5420508856|12825682496
7090|0|44017|01/01/2024 03:44:00||39360|15773232576|20594807016
8769|0|4685|01/01/2024 14:05:49||2051|50667304|54205040
7966|0|17172|01/01/2024 09:19:36||19224|3384857864|3589814040
8467|0|47698|01/01/2024 11:39:43||10817|988055696|1002345056
8668|0|59806|01/01/2024 13:07:00||5580|873646368|1069558064
8712|0|39988|01/01/2024 13:37:02||3778|8457571208|16281949016
7658|0|99120|01/01/2024 07:37:52||25328|10605593304|15408386728
8770|0|64838|01/01/2024 14:06:21||2019|3326360992|7176775728
8702|0|79986|01/01/2024 13:26:46||4394|9694887512|18640412296
8034|0|14009|01/01/2024 09:36:24||18216|151791448|179671800
7659|0|49278|01/01/2024 07:33:23||25597|3993909520|4628087272
7383|0|14238|01/01/2024 05:48:56||31864|8010048104|8540373472
8802|0|21028|01/01/2024 14:26:06||834|109846216|138182848
7967|0|12956|01/01/2024 09:13:56||19564|5295314368|5718855416
7690|0|97158|01/01/2024 07:41:37||25103|5829982848|7277585288
8310|0|30280|01/01/2024 10:57:54||13326|2828337128|3509587456
8311|0|32270|01/01/2024 10:51:45||13695|3433543840|4058364224
6790|0|54461|01/01/2024 01:33:11||47209|12864250360|14432920632
8105|0|75069|01/01/2024 09:54:06||17154|953997464|1347357344
8741|0|35495|01/01/2024 13:50:31||2969|552172576|691783840
7635|0|39893|01/01/2024 07:23:29||26191|15204099168|33227745392
8035|0|60185|01/01/2024 09:38:55||18065|1985779896|2143325912
8713|0|97433|01/01/2024 13:30:19||4181|2223211120|3208352400
8646|0|98573|01/01/2024 12:54:27||6333|2013886056|2153708432
8803|0|64894|01/01/2024 14:28:22||698|381294912|392824768
8248|0|39654|01/01/2024 10:36:17||14623|2810164144|3527720608
8036|0|5442|01/01/2024 09:38:36||18084|31193960632|65201560576
7004|0|56024|01/01/2024 03:03:09||41811|7784024352|9475370408
7968|0|11860|01/01/2024 09:12:30||19650|2613367128|3579827368
6628|0|80150|01/01/2024 00:19:12||51648|47853942064|137649409808
7605|0|35826|01/01/2024 07:16:33||26607|969398776|1059687104
7091|0|10803|01/01/2024 03:49:54||39006|3200657888|3905290784
8073|0|19015|01/01/2024 09:42:47||17833|7283611216|8292061224
8037|0|4734|01/01/2024 09:33:41||18379|9806045728|9815132352
8560|0|27679|01/01/2024 12:09:54||9006|3426159288|4068960368
7912|0|27556|01/01/2024 08:53:09||20811|4003495088|4925824856
7092|0|36625|01/01/2024 03:41:31||39509|14579087520|19602270544
8804|0|80466|01/01/2024 14:24:54||906|10361128|12728000
8385|0|78679|01/01/2024 11:14:49||12311|6942405808|10268552600
8499|0|30638|01/01/2024 11:41:10||10730|4953045472|7344051864
6881|0|27810|01/01/2024 02:13:48||44772|3567213760|3604512272
7514|0|95103|01/01/2024 06:34:54||29106|38112785808|106790253448
8074|0|78096|01/01/2024 09:49:14||17446|1163119112|1242514400
7093|0|98179|01/01/2024 03:43:09||39411|2727071352|3355602904
7456|0|59970|01/01/2024 06:15:26||30274|4345328496|4627136904
8141|0|44360|01/01/2024 10:07:48||16332|4533819208|5955166384
8002|0|61060|01/01/2024 09:24:19||18941|4862360120|5969580904
7636|0|34596|01/01/2024 07:20:12||26388|5435820624|6089794112
8178|0|72000|01/01/2024 10:14:38||15922|3589397752|3797083704
7913|0|7412|01/01/2024 08:55:12||20688|2132066496|2434463296
7550|0|29749|01/01/2024 06:55:31||27869|78913025800|162144446496
7341|0|8206|01/01/2024 05:25:27||33273|9890343432|13662071168
7691|0|44865|01/01/2024 07:44:19||24941|12515136304|13093731152
7185|0|56631|01/01/2024 04:29:12||36648|7614285672|10987275944
7384|0|89760|01/01/2024 05:45:49||32051|7720031624|10482058688
8728|0|36839|01/01/2024 13:47:19||3161|2425995760|2885737096
7515|0|33855|01/01/2024 06:39:03||28857|18784545464|18944464576
7006|0|86335|01/01/2024 03:06:19||41621|10545280496|13116619016
8075|0|51521|01/01/2024 09:44:40||17720|589092544|621791600
7724|0|75669|01/01/2024 07:59:05||24055|33630828048|75086188880
8386|0|4484|01/01/2024 11:14:15||12345|1071154496|1535082576
7692|0|3904|01/01/2024 07:45:32||24868|4886512264|6028169064
8500|0|36204|01/01/2024 11:40:43||10757|1499020488|2163746352
8219|0|55005|01/01/2024 10:21:13||15527|2336131680|3441912408
8610|0|28587|01/01/2024 12:38:27||7293|530792840|613274504
7095|0|28106|01/01/2024 03:46:20||39220|82922831736|184317126224
7457|0|53326|01/01/2024 06:12:37||30443|4221172016|4912669432
7753|0|84453|01/01/2024 08:07:52||23528|4448755360|5365546384
7214|0|13013|01/01/2024 04:38:45||36075|1304722440|1634352392
7023|0|45059|01/01/2024 03:19:16||40844|5740974808|5963777152
8359|0|29237|01/01/2024 11:03:58||12962|2407587464|3469977232
8387|0|14447|01/01/2024 11:16:43||12197|8837960848|12392494056
8220|0|94787|01/01/2024 10:22:29||15451|34780789696|69566963168
8781|0|54119|01/01/2024 14:11:13||1727|542563136|672363016
8501|0|71697|01/01/2024 11:49:15||10245|1834384128|2523609152
8771|0|90057|01/01/2024 14:02:36||2244|902247608|1230058432
8714|0|9336|01/01/2024 13:35:17||3883|1616642280|1820916456
8003|0|85692|01/01/2024 09:26:17||18823|6669790176|6691026400
7874|0|41963|01/01/2024 08:46:34||21206|639397048|817409152
8828|0|94050|01/01/2024 14:32:41||439|10624536|12342032
8038|0|72481|01/01/2024 09:32:36||18444|764691488|938260728
7532|0|84564|01/01/2024 06:45:45||28455|3615430656|5270139896
6947|0|67169|01/01/2024 02:41:24||43116|13146834440|14947967680
7823|0|27999|01/01/2024 08:21:47||22693|9968153048|10926476296
6902|0|31189|01/01/2024 02:25:13||44087|3641795400|5340546856
8221|0|47248|01/01/2024 10:23:07|01/01/2024 14:38:18|15311|5152531568|7721335272
6767|0|41267|01/01/2024 01:24:25||47735|2786286640|4150714112
7489|0|21667|01/01/2024 06:29:09||29451|5198227960|7672868656
7187|0|12379|01/01/2024 04:22:18|01/01/2024 14:39:05|37007|2186402128|2230768416
8829|0|12379|01/01/2024 14:39:33||27|776088|895208
8280|0|53468|01/01/2024 10:46:31||14009|42998291024|84629703408
7362|0|43993|01/01/2024 05:32:01||32879|17284792056|19030153424
8742|0|94316|01/01/2024 13:59:35||2425|624124336|775844272
8681|0|27748|01/01/2024 13:15:43||5057|2501999328|3742140872
7850|0|97311|01/01/2024 08:30:29||22171|41911079848|79825420896
8142|0|34072|01/01/2024 10:01:47||16693|1371313232|1392301656
7754|0|90419|01/01/2024 08:00:52||23948|1279185264|1378173744
8715|0|61182|01/01/2024 13:33:27||3993|582374592|658091264
7490|0|18158|01/01/2024 06:21:47||29893|9023204744|13477951128
7851|0|52807|01/01/2024 08:37:35||21745|5999255736|8327937192
8107|0|73600|01/01/2024 09:55:12||17088|2305959136|3383070232
8561|0|20283|01/01/2024 12:00:38||9562|394739912|449527464
7063|0|23425|01/01/2024 03:36:49||39791|54083789064|159305487376
8312|0|92726|01/01/2024 10:54:05||13555|5883167824|6295662120
7410|0|33275|01/01/2024 05:55:50||31450|5021946360|5966590344
8805|0|34884|01/01/2024 14:26:55||785|163631328|194309064
8562|0|77345|01/01/2024 12:05:25||9275|1572920776|1629652416
7694|0|35459|01/01/2024 07:44:18||24942|1725601312|2006052296
6768|0|44099|01/01/2024 01:29:51||47409|3442263840|3535170120
6839|0|55148|01/01/2024 01:54:15||45945|7125104528|8792535384
7242|0|10213|01/01/2024 04:43:42||35778|3275845320|3506538528
7792|0|89917|01/01/2024 08:19:56||22804|2435914208|2658262536
8502|0|72926|01/01/2024 11:40:32||10768|907289584|925088288
6640|0|52904|01/01/2024 00:24:55||51305|10309637512|12508949608
8647|0|74504|01/01/2024 12:58:04||6116|1221031440|1667614464
7577|0|96236|01/01/2024 07:04:13||27347|6874417480|9435876448
7492|0|93717|01/01/2024 06:26:41||29599|6261984080|7237465624
8729|0|54913|01/01/2024 13:40:06||3594|2479735408|3034438752
8039|0|5416|01/01/2024 09:32:27||18453|3519470584|4242904776
8468|0|75895|01/01/2024 11:32:48||11232|20536314144|48736450504
7755|0|8613|01/01/2024 08:05:57||23643|3596280320|5037382360
7725|0|56019|01/01/2024 07:59:20||24040|2544700416|2743119864
7215|0|89489|01/01/2024 04:36:02||36238|2806294432|3786723680
7915|0|37264|01/01/2024 08:53:24||20796|8739497792|12938463488
8563|0|49081|01/01/2024 12:04:55||9305|640977104|778860400
7875|0|48108|01/01/2024 08:47:57||21123|9124080280|13257643824
8532|0|48135|01/01/2024 11:58:59||9661|6075984544|6241244336
8830|0|79189|01/01/2024 14:34:28||332|14101216|17073736
7458|0|49117|01/01/2024 06:13:33||30387|3944877704|4190369960
7726|0|55177|01/01/2024 07:56:44||24196|5401091272|5863791048
7852|0|84127|01/01/2024 08:31:27||22113|7504340560|11249141048
8716|0|87607|01/01/2024 13:35:36||3864|862092680|925512464
8250|0|72601|01/01/2024 10:35:46||14654|2434436512|2998178176
8143|0|13824|01/01/2024 10:01:55||16685|4541621424|6065056832
7264|0|95675|01/01/2024 04:52:01||35279|2899962840|3352069248
8469|0|48931|01/01/2024 11:33:33||11187|420140328|457465856
6717|0|67407|01/01/2024 01:08:09||48711|8349588432|10565605968
7024|0|98663|01/01/2024 03:11:55||41285|21588010208|23690424976
8772|0|83148|01/01/2024 14:06:08||2032|280217664|416108632
8648|0|90954|01/01/2024 12:54:51||6309|980139576|1121996568
8223|0|61005|01/01/2024 10:20:18||15582|1621299336|2219869664
7793|0|39181|01/01/2024 08:11:31||23309|4147779792|5118695280
6718|0|16468|01/01/2024 01:03:18||49002|4021848984|4176070264
8313|0|21906|01/01/2024 10:52:58||13622|1499702928|2220887528
8251|0|61728|01/01/2024 10:32:44||14836|4130057240|4921659304
7433|0|35567|01/01/2024 06:01:42||31098|25619092576|37557882064
6973|0|28380|01/01/2024 02:56:29||42211|8872258592|11297724056
7606|0|93069|01/01/2024 07:13:31||26789|262247992|377617272
7363|0|57132|01/01/2024 05:32:37||32843|115804763944|322627242288
8360|0|15806|01/01/2024 11:04:25||12935|4029460304|5537654600
7854|0|50446|01/01/2024 08:38:44||21676|5345009776|7465177848
8782|0|25604|01/01/2024 14:14:50||1510|2433736208|6881621720
8388|0|95355|01/01/2024 11:14:11||12349|1213902064|1460073176
7876|0|8328|01/01/2024 08:49:52||21008|11633776144|16713638512
6769|0|18394|01/01/2024 01:25:24||47676|3625848744|4263190832
7266|0|89808|01/01/2024 04:51:07||35333|3346041080|4400362304
7756|0|96247|01/01/2024 08:07:23||23557|3105289720|4112579688
8564|0|32468|01/01/2024 12:04:25||9335|980078264|1342503792
7969|0|35329|01/01/2024 09:12:27||19653|6994705000|9737916384
8503|0|59834|01/01/2024 11:42:31||10649|2706079616|3216999640
8252|0|48439|01/01/2024 10:34:42||14718|3303024920|4566683400
7970|0|11043|01/01/2024 09:10:38||19762|491008560|703666496
6719|0|32108|01/01/2024 01:00:54||49146|8310217376|9041913664
7386|0|84545|01/01/2024 05:42:46||32234|16499083968|21875860584
6903|0|68986|01/01/2024 02:25:05||44095|61413365568|176690412272
8611|0|6952|01/01/2024 12:38:20||7300|27089408384|70787630736
8314|0|90800|01/01/2024 10:55:15||13485|3693820544|4482871536
8565|0|71648|01/01/2024 12:00:36||9564|134012608|175932400
7971|0|40431|01/01/2024 09:13:18||19602|3636390784|4362062632
7343|0|63445|01/01/2024 05:25:04||33296|10167741440|10448940440
8040|0|16348|01/01/2024 09:39:51||18009|4841148936|6565740800
7579|0|46611|01/01/2024 07:09:20||27040|696202816|766223576
7917|0|39968|01/01/2024 08:59:03||20457|2191438264|3237294984
8180|0|37225|01/01/2024 10:11:55||16085|7331418712|10590940328
7189|0|85434|01/01/2024 04:28:44||36676|3333982832|4579417368
7190|0|88937|01/01/2024 04:23:10||37010|5861344080|6053980352
7918|0|68634|01/01/2024 08:53:48|01/01/2024 14:33:10|20362|2219469664|2761103520
7825|0|95683|01/01/2024 08:26:48||22392|1180726584|1359851520
7460|0|9520|01/01/2024 06:15:13||30287|11549854472|14720091480
8315|0|19376|01/01/2024 10:57:59||13321|2508329064|3120727288
8533|0|34682|01/01/2024 11:56:11||9829|499125912|505782920
7365|0|82940|01/01/2024 05:30:07||32993|4581416120|5485550240
8783|0|38542|01/01/2024 14:16:46||1394|837297776|957634032
6770|0|41207|01/01/2024 01:25:54||47646|12288533904|14903811192
6720|0|17947|01/01/2024 01:06:14||48826|4561942184|4975541856
7637|0|44755|01/01/2024 07:28:30||25890|33887840|48475536
8630|0|43370|01/01/2024 12:42:43||7037|606311248|815224752
8182|0|12359|01/01/2024 10:10:51||16149|828877504|1145623976
8316|0|82182|01/01/2024 10:53:24||13596|2894586752|3380585160
7757|0|47033|01/01/2024 08:01:19||23921|16566235584|18015778520
8504|0|92104|01/01/2024 11:44:43||10517|114818560|126691472
7129|0|88450|01/01/2024 04:03:58||38162|5005895256|5342922384
6841|0|90225|01/01/2024 01:58:10||45710|4487909816|5276410408
8806|0|11534|01/01/2024 14:25:04||896|389827248|527453088
7607|0|30265|01/01/2024 07:19:39||26421|1605036328|1871967680
8743|0|21518|01/01/2024 13:52:50||2830|1523742704|1909852352
8108|0|6248|01/01/2024 09:59:18||16842|3993459264|4116221848
7972|0|39025|01/01/2024 09:14:28||19532|2964967056|3822984408
8109|0|67859|01/01/2024 09:57:26||16954|2114591912|2361657328
8505|0|34041|01/01/2024 11:43:01||10619|2779973080|3628813968
8807|0|57247|01/01/2024 14:20:52||1148|2852957520|6655762040
7826|0|13774|01/01/2024 08:20:12||22788|4533855296|5428573632
6842|0|85410|01/01/2024 01:58:42||45678|980341312|1018210312
7919|0|99156|01/01/2024 08:55:23||20677|986699624|1028989512
7758|0|80363|01/01/2024 08:01:07||23933|1428857464|2046064760
8703|0|34278|01/01/2024 13:22:26||4654|2075716944|2134006064
8110|0|83497|01/01/2024 09:56:32||17008|792437376|942807696
7495|0|21392|01/01/2024 06:25:18||29682|1176155384|1208223712
8362|0|35733|01/01/2024 11:06:25||12815|365943456|374420288
6702|0|98856|01/01/2024 00:56:34||49406|27060301688|28032881240
8596|0|7143|01/01/2024 12:28:31||7889|490687472|565632552
8253|0|46270|01/01/2024 10:34:05||14755|1229355832|1612820832
8534|0|26828|01/01/2024 11:52:56||10024|1854535656|2476079792
7130|0|89721|01/01/2024 04:05:21||38079|1567106704|2228750552
7947|0|65772|01/01/2024 09:05:35||20065|2391895008|3431988544
7662|0|54961|01/01/2024 07:32:01||25679|42310819160|106770032672
7580|0|85011|01/01/2024 07:06:32||27208|1819089528|2101816848
8470|0|4256|01/01/2024 11:35:28||11072|5461328112|7885292312
8144|0|78128|01/01/2024 10:06:02||16438|3144236784|3638743880
7973|0|95872|01/01/2024 09:18:07||19313|5178449336|5269276968
8744|0|10802|01/01/2024 13:56:28||2612|8236532736|17089562096
8145|0|13764|01/01/2024 10:05:08||16492|4080306744|6094148688
6794|0|44731|01/01/2024 01:37:25||46955|2705982136|3418687224
7387|0|58029|01/01/2024 05:46:56||31984|3929543176|4053332728
8254|0|81072|01/01/2024 10:39:45||14415|2196613728|2795252944
8255|0|64456|01/01/2024 10:39:54||14406|8154171144|8740168976
7554|0|29554|01/01/2024 06:56:58||27782|313487488|388573824
8281|0|67867|01/01/2024 10:42:24||14256|372286976|496988208
8730|0|9349|01/01/2024 13:41:25||3515|1128498800|1624306880
7119|0|13737|01/01/2024 03:58:36||38484|12794106344|12826812720
7855|0|94461|01/01/2024 08:38:41||21679|9590337584|13374660944
6927|0|26277|01/01/2024 02:31:16||43724|2855190464|3835847648
8535|0|9872|01/01/2024 11:59:38||9622|556800472|595916136
8471|0|58222|01/01/2024 11:30:48||11352|7045045336|9389391648
6772|0|72764|01/01/2024 01:25:14||47686|184133628888|376798580408
8390|0|98621|01/01/2024 11:16:32||12208|5364218440|6732912688
7663|0|8632|01/01/2024 07:36:10||25430|7243354608|10088453000
8472|0|7199|01/01/2024 11:30:23||11377|5517240008|6364133544
6928|0|33062|01/01/2024 02:32:56||43624|118348818160|272397768784
8111|0|22188|01/01/2024 09:52:26||17254|1314915064|1906673080
8391|0|93666|01/01/2024 11:14:58||12302|1216917472|1561757544
6818|0|27279|01/01/2024 01:41:18||46722|19364831520|21886662144
7880|0|27422|01/01/2024 08:43:34||21386|8916602024|9207309736
8112|0|90653|01/01/2024 09:53:53||17167|900614648|1000303464
7131|0|30292|01/01/2024 04:03:19||38201|115292204512|223316323792
7461|0|17943|01/01/2024 06:18:11||30109|9623392600|10204416552
8784|0|43678|01/01/2024 14:13:09||1611|687740176|1017428720
8612|0|92618|01/01/2024 12:36:11||7429|1238952088|1621586120
8256|0|94248|01/01/2024 10:39:16||14444|7679109424|10117553480
8428|0|90872|01/01/2024 11:22:09||11871|6660365024|9575926112
7345|0|27019|01/01/2024 05:29:04||33056|1031962952|1114075488
8004|0|11066|01/01/2024 09:24:59||18901|865834168|979722528
6819|0|21964|01/01/2024 01:46:42||46398|59386224352|141070681680
8669|0|57080|01/01/2024 13:00:38||5962|1540095736|1630188064
6974|0|79350|01/01/2024 02:54:14||42346|4781977496|6894192472
7191|0|45092|01/01/2024 04:22:22||37058|7086088360|8985244736
7132|0|65483|01/01/2024 04:04:17||38143|996319520|1246177840
8005|0|90190|01/01/2024 09:24:42||18918|8890382128|9969394096
8429|0|87128|01/01/2024 11:27:26||11554|9680497296|10686289592
6664|0|39905|01/01/2024 00:32:17||50863|28194251512|35199967712
8745|0|97039|01/01/2024 13:53:23||2797|272985064|329782136
8682|0|88489|01/01/2024 13:18:59||4861|2833922400|3785418544
7881|0|56025|01/01/2024 08:47:38||21142|11949532192|13597228160
6975|0|60223|01/01/2024 02:50:37||42563|186162952|249194696
8717|0|21100|01/01/2024 13:31:32||4108|70806664|80909096
7975|0|38265|01/01/2024 09:14:02||19558|1308790168|1396501840
8785|0|42570|01/01/2024 14:12:09||1671|17268880|22453464
8043|0|14794|01/01/2024 09:35:42||18258|2161869584|2372896216
8506|0|96090|01/01/2024 11:46:03||10437|577878072|690490976
7192|0|93911|01/01/2024 04:28:54||36666|22405036408|23451588312
8536|0|20383|01/01/2024 11:59:18||9642|5806413224|6371181208
8044|0|9532|01/01/2024 09:37:39||18141|4656666032|5366641280
6820|0|83741|01/01/2024 01:41:03||46737|4904004384|5374763048
7316|0|56666|01/01/2024 05:17:51||33729|118721781584|240797008640
8363|0|63625|01/01/2024 11:06:19||12821|8108797096|22064286696
8583|0|11654|01/01/2024 12:18:40||8480|1498643152|1616996376
7193|0|52885|01/01/2024 04:23:03||37017|599366776|845916376
8808|0|35285|01/01/2024 14:21:40||1100|40428712|43730880
8045|0|58379|01/01/2024 09:35:40||18260|408129440|493129160
8364|0|32541|01/01/2024 11:04:29||12931|3077428536|3959503888
8076|0|64323|01/01/2024 09:46:03||17637|2729744584|3958559776
7920|0|8523|01/01/2024 08:55:14||20686|1663833928|2164409064
7664|0|90727|01/01/2024 07:30:48||25752|5186206808|5509190232
8282|0|69192|01/01/2024 10:49:05||13855|3037088008|4148801416
7065|0|88561|01/01/2024 03:39:06||39654|1194355472|1584019640
8537|0|48637|01/01/2024 11:56:56||9784|658764440|944640632
7794|0|68764|01/01/2024 08:12:24||23256|14888230480|16635148368
8007|0|53519|01/01/2024 09:29:47||18613|835151008|1105689408
7436|0|94015|01/01/2024 06:06:12||30828|60174933568|146640334088
7269|0|40656|01/01/2024 04:50:41||35359|5341657888|5486527592
7346|0|8061|01/01/2024 05:24:45||33315|10330919464|10467652472
8077|0|9807|01/01/2024 09:45:41|01/01/2024 14:32:29|17208|3612134744|5368442912
8831|0|9807|01/01/2024 14:32:49||431|246792736|266608312
7516|0|62164|01/01/2024 06:36:15||29025|2067939336|2511022936
8718|0|11785|01/01/2024 13:34:04||3956|2175032232|2204684184
8430|0|76735|01/01/2024 11:28:43||11477|437812720|511311440
8257|0|86790|01/01/2024 10:33:54||14766|1314893232|1519476144
7317|0|67632|01/01/2024 05:15:56||33844|5548799040|6946679536
7157|0|42430|01/01/2024 04:14:06||37554|5974793200|8011613504
8683|0|15996|01/01/2024 13:19:01||4859|1332922576|1380278688
8566|0|37926|01/01/2024 12:00:56||9544|3969043576|4138302992
8365|0|76833|01/01/2024 11:07:41||12739|7405899672|8920168840
7347|0|61352|01/01/2024 05:22:37||33443|7903436080|10294470520
8567|0|29837|01/01/2024 12:01:23||9517|946244704|1237325424
7976|0|72404|01/01/2024 09:11:43||19697|3022334456|3238865264
7882|0|74822|01/01/2024 08:47:45||21135|10543481096|14374466320
8224|0|27751|01/01/2024 10:22:30||15450|1290779360|1346055520
6665|0|35686|01/01/2024 00:38:07||50513|17699311312|18598017728
8046|0|35235|01/01/2024 09:35:46||18254|669466960|770348136
8832|0|51334|01/01/2024 14:32:14||466|200898616|287245976
6843|0|22801|01/01/2024 01:54:07||45953|7261707648|8730014680
7948|0|80336|01/01/2024 09:07:13||19967|8249787616|9161596296
6884|0|19157|01/01/2024 02:17:38||44542|134576664|155715064
7067|0|10401|01/01/2024 03:35:59||39841|23270078408|34403580848
7414|0|65470|01/01/2024 05:51:15||31725|10570094648|13400429776
8538|0|32872|01/01/2024 11:51:44||10096|25987358392|67703232712
7665|0|35937|01/01/2024 07:39:46||25214|11150005304|13980907640
8008|0|4273|01/01/2024 09:21:09||19131|1974411752|2277214752
6684|0|14050|01/01/2024 00:43:58||50162|8129956888|11150864936
7883|0|43170|01/01/2024 08:42:18||21462|2631975112|3603644864
8392|0|58921|01/01/2024 11:13:31||12389|8752125552|12891667512
7827|0|65423|01/01/2024 08:24:47||22513|10463061168|12105861352
7582|0|70953|01/01/2024 07:07:11||27169|2928980800|3153990248
8597|0|94290|01/01/2024 12:26:02||8038|454275040|635575704
7318|0|80310|01/01/2024 05:11:22||34118|6776151096|7593055304
7884|0|53841|01/01/2024 08:46:36||21204|29309180768|30293965480
8568|0|25689|01/01/2024 12:02:41||9439|1022617672|1370885400
6744|0|83641|01/01/2024 01:15:15||48285|181851269136|488109315952
7921|0|91060|01/01/2024 08:51:16||20924|6119365944|7073483760
7243|0|51236|01/01/2024 04:48:30||35490|5270425400|6512140384
8773|0|49763|01/01/2024 14:03:28||2192|1061303792|835434256
8833|0|34193|01/01/2024 14:32:05||475|43596032|43915120
8258|0|72067|01/01/2024 10:39:39||14421|30201960080|84251914824
8507|0|32098|01/01/2024 11:40:03||10797|430030064|464781136
8317|0|66006|01/01/2024 10:54:41||13519|6979197672|5422160576
8318|0|61584|01/01/2024 10:53:39||13581|23469639872|47388038472
8613|0|90491|01/01/2024 12:37:08||7372|721171248|763744664
8259|0|94482|01/01/2024 10:33:32||14788|3661802656|5298126896
8473|0|10910|01/01/2024 11:37:57||10923|3730744408|4696446504
8834|0|29694|01/01/2024 14:32:00||480|176686344|264520416
6951|0|24553|01/01/2024 02:49:54||42606|19770649072|21979299352
8047|0|58591|01/01/2024 09:32:15||18465|4702671888|5260283320
6978|0|79396|01/01/2024 02:57:06||42174|9924533032|11101168304
6629|0|53027|01/01/2024 00:14:36||51924|4010134016|5523798696
8009|0|30620|01/01/2024 09:25:00||18900|3841021992|4606255664
7829|0|84025|01/01/2024 08:21:48||22692|14521880968|19187015480
8184|0|59158|01/01/2024 10:11:48||16092|39019857312|103845718992
7009|0|81657|01/01/2024 03:04:48||41712|63116378328|173550717576
7555|0|94733|01/01/2024 06:57:23||27757|1798323672|1928399680
7415|0|43877|01/01/2024 05:51:29||31711|6302888832|6648906608
8010|0|58798|01/01/2024 09:25:43||18857|6751408184|7361172176
8113|0|78465|01/01/2024 09:50:24||17376|712515728|729250928
8809|0|55090|01/01/2024 14:26:44||796|29431304|33251168
7830|0|18283|01/01/2024 08:23:11||22609|739561208|919242736
8393|0|93385|01/01/2024 11:12:55||12425|8598748672|12552492248
8598|0|12302|01/01/2024 12:23:32||8188|1504720888|1899216872
8810|0|64643|01/01/2024 14:28:26||694|4468672|4833360
8746|0|47108|01/01/2024 13:53:33||2787|749843960|762096728
8394|0|29307|01/01/2024 11:11:03||12537|262567560|295690200
8011|0|39721|01/01/2024 09:26:13||18827|3407965440|3777586616
7885|0|59210|01/01/2024 08:49:11||21049|2175124176|2306057256
8539|0|30812|01/01/2024 11:55:10||9890|2592849320|3364750216
7923|0|43549|01/01/2024 08:53:17||20803|4192991744|5780884032
8078|0|97623|01/01/2024 09:44:42||17718|5008137152|5176168984
6979|0|11020|01/01/2024 02:59:28||42032|67652097624|141180024000
8319|0|88768|01/01/2024 10:57:19|01/01/2024 14:39:01|13302|3036525824|4465624040
8835|0|70097|01/01/2024 14:39:53||7|0|0
8632|0|96071|01/01/2024 12:40:14||7186|1099954288|1515211392
8283|0|34348|01/01/2024 10:44:33||14127|6204318072|6983499888
8320|0|6217|01/01/2024 10:50:26||13774|2835787360|3342441560
7389|0|40914|01/01/2024 05:43:22||32198|2008218560|2908353624
7762|0|75281|01/01/2024 08:02:57||23823|11952144928|13363123032
8186|0|79245|01/01/2024 10:17:42||15738|3830364584|5683040624
8649|0|9901|01/01/2024 12:51:40||6500|952104504|1234729096
7696|0|61969|01/01/2024 07:43:00||25020|5203578656|5960523504
7798|0|84925|01/01/2024 08:10:53||23347|5723289184|5886258384
6980|0|62224|01/01/2024 02:51:16||42524|4209975712|5906387376
7831|0|98714|01/01/2024 08:23:26||22594|4785444736|6843073912
8115|0|49186|01/01/2024 09:57:58||16922|697795744|732959152
7609|0|33559|01/01/2024 07:15:38||26662|11075919304|11404275040
8431|0|41935|01/01/2024 11:27:50||11530|9017114848|9224531368
8432|0|17769|01/01/2024 11:26:38||11602|8432189320|8501322160
8012|0|68101|01/01/2024 09:28:23||18697|907082320|1166907776
8684|0|70705|01/01/2024 13:17:34||4946|3445832600|3676370392
8013|0|23518|01/01/2024 09:23:37||18983|7041504344|7960758128
7026|0|39214|01/01/2024 03:19:35||40825|13893809600|16282548752
7583|0|7357|01/01/2024 07:02:55||27425|1312435656|1930104224
7068|0|63285|01/01/2024 03:33:08||40012|10373923696|11145395376
7763|0|46401|01/01/2024 08:07:09||23571|15163190720|16791596928
7368|0|82203|01/01/2024 05:35:31||32669|1978273440|2072573912
8540|0|6525|01/01/2024 11:55:13||9887|750003088|987498200
6724|0|23557|01/01/2024 01:06:11||48829|9369199176|12473842896
7610|0|99227|01/01/2024 07:16:47||26593|3364913400|3784060816
8225|0|43098|01/01/2024 10:27:00||15180|3886828544|4144626344
8188|0|16285|01/01/2024 10:14:40||15920|2277643568|2505488976
7666|0|80536|01/01/2024 07:35:36||25464|2470722080|3008842576
8284|0|14719|01/01/2024 10:47:42||13938|3292355544|4313525432
8508|0|26226|01/01/2024 11:42:56||10624|1625625488|2373789656
7298|0|46233|01/01/2024 05:04:40||34520|10820754984|12309328248
7272|0|35795|01/01/2024 04:54:04||35156|1607701192|1642204120
7418|0|59358|01/01/2024 05:57:09||31371|20276414744|53791391176
8614|0|4559|01/01/2024 12:36:17||7423|1108471192|1200396696
8285|0|45743|01/01/2024 10:43:37||14183|4272632640|5713459744
8475|0|69219|01/01/2024 11:38:45|01/01/2024 14:37:53|10748|687589024|903536600
8395|0|30617|01/01/2024 11:11:26||12514|5692374472|7298399424
8541|0|57378|01/01/2024 11:56:31||9809|974958792|1399713464
7070|0|65049|01/01/2024 03:38:59||39661|16992576632|20178031832
6822|0|35013|01/01/2024 01:45:59||46441|5803020024|8566103888
7667|0|95342|01/01/2024 07:37:14||25366|7751331144|11048055312
8261|0|97160|01/01/2024 10:36:10||14630|198962984|233775792
8731|0|18438|01/01/2024 13:41:54||3486|293785752|413509912
7799|0|10481|01/01/2024 08:15:55||23045|7999995496|10626515048
7924|0|30382|01/01/2024 08:55:30||20670|5963650736|7168069992
8670|0|72297|01/01/2024 13:00:51||5949|711780912|1051562472
7611|0|81412|01/01/2024 07:10:04||26996|6080359856|6295681656
8079|0|21007|01/01/2024 09:41:10||17930|4531593424|5732799840
8747|0|83505|01/01/2024 13:58:53||2467|1537422584|2105784680
7027|0|29388|01/01/2024 03:16:29||41011|7731511168|10195447872
7390|0|48385|01/01/2024 05:48:42||31878|20699078800|28991699608
7439|0|76673|01/01/2024 06:02:03||31077|17256112728|18064525720
7348|0|45615|01/01/2024 05:22:04||33476|5602547000|5640869992
8262|0|54956|01/01/2024 10:35:36||14664|44056193872|82024222480
7858|0|6576|01/01/2024 08:38:03||21717|10424178608|11347159216
8650|0|27843|01/01/2024 12:55:30||6270|10567535736|26409343888
7639|0|5186|01/01/2024 07:23:44||26176|1955999200|2412775536
6823|0|27568|01/01/2024 01:44:10||46550|30433809496|33699276896
7926|0|10940|01/01/2024 08:55:32||20668|2445792856|2616752904
8748|0|87104|01/01/2024 13:50:15||2985|1212564128|1257138272
8633|0|72686|01/01/2024 12:47:50||6730|7887233808|16708251600
6797|0|17325|01/01/2024 01:39:27||46833|142933181368|304558319992
8366|0|16603|01/01/2024 11:03:41||12979|1235212480|1319718920
8476|0|49136|01/01/2024 11:35:24||11076|1261534464|1373576992
7612|0|86861|01/01/2024 07:14:57||26703|861705784|1162786792
8396|0|62763|01/01/2024 11:10:04||12596|985295936|1473323088
8774|0|26577|01/01/2024 14:01:43||2297|1123855096|1675939064
6824|0|9151|01/01/2024 01:42:37||46643|9689389472|13974649504
8749|0|94159|01/01/2024 13:53:49||2771|2676480224|2722185008
7028|0|95768|01/01/2024 03:14:21||41139|78810243536|153866671520
8569|0|69320|01/01/2024 12:06:58||9182|547392560|703935096
8014|0|93094|01/01/2024 09:22:12||19068|4263921352|5981466296
8286|0|27202|01/01/2024 10:40:19||14381|2790464264|4175535032
8287|0|4227|01/01/2024 10:44:17||14143|261221232|336829920
7320|0|13942|01/01/2024 05:12:30||34050|8611339304|12568993248
7668|0|51162|01/01/2024 07:39:42||25218|4468256696|4935616384
8189|0|33952|01/01/2024 10:12:11||16069|2561816360|2996272904
8634|0|16681|01/01/2024 12:48:11||6709|1441840520|1817117712
7697|0|73079|01/01/2024 07:40:28||25172|6118642680|6750492416
8584|0|18192|01/01/2024 12:14:18||8742|61781088|76433136
7698|0|81523|01/01/2024 07:47:05||24775|1236699720|1628784840
7699|0|94145|01/01/2024 07:43:15||25005|7338643232|7919996280
7700|0|80746|01/01/2024 07:42:15||25065|45280594600|112503384000
7669|0|91768|01/01/2024 07:38:32||25288|1501199320|1586668688
7764|0|63732|01/01/2024 08:08:03||23517|9846022424|14510056496
8615|0|11739|01/01/2024 12:31:12||7728|692816776|853622016
7702|0|38175|01/01/2024 07:41:51||25089|1313711664|1901313656
8048|0|79283|01/01/2024 09:34:51||18309|1332999304|1969691672
7098|0|23739|01/01/2024 03:45:17||39283|4661442064|5622286080
7322|0|72638|01/01/2024 05:16:53||33787|13397637768|13992012336
8147|0|62436|01/01/2024 10:09:58||16202|2450362864|2884307808
7729|0|10095|01/01/2024 07:50:06||24594|5387097584|6863106008
8704|0|99379|01/01/2024 13:24:42||4518|95374272|104990192
7194|0|91904|01/01/2024 04:27:57||36723|6294553112|8596511368
7949|0|14926|01/01/2024 09:08:42||19878|10572319784|11735007320
7440|0|99310|01/01/2024 06:08:44||30676|6020569216|8205258456
7010|0|47772|01/01/2024 03:09:16||41444|9168249272|12580927232
8750|0|3906|01/01/2024 13:51:46||2894|320140552|337979880
8651|0|17103|01/01/2024 12:54:36||6324|985464344|1217218904
7950|0|50574|01/01/2024 09:04:35||20125|46134191648|121275888288
7642|0|20755|01/01/2024 07:24:26||26134|555312096|782650032
8049|0|66656|01/01/2024 09:35:17||18283|877974848|1248964112
7643|0|36521|01/01/2024 07:28:33||25887|2011609448|2300889008
7977|0|11424|01/01/2024 09:12:03||19677|4661068888|6368248896
8116|0|96836|01/01/2024 09:56:46||16994|622632320|823668928
6907|0|83954|01/01/2024 02:29:14||43846|7110872944|7142060696
6748|0|64251|01/01/2024 01:18:02||48118|3156808656|3165269800
7498|0|94384|01/01/2024 06:21:32||29908|14902715672|18685203840
7520|0|5299|01/01/2024 06:35:14||29086|902074608|1007567312
8811|0|35685|01/01/2024 14:25:08||892|145440568|153852304
8786|0|9840|01/01/2024 14:13:04||1616|1239559264|1805249760
8367|0|21862|01/01/2024 11:05:50||12850|4349089976|5594522880
8652|0|8768|01/01/2024 12:54:19||6341|1396538440|2028190816
7499|0|30949|01/01/2024 06:26:47||29593|4884441792|6510182232
6858|0|99503|01/01/2024 02:09:00||45060|432866440|438210136
6859|0|20921|01/01/2024 02:00:58||45542|9129003560|9376882568
8117|0|19237|01/01/2024 09:57:03||16977|705753368|806491576
7927|0|93546|01/01/2024 08:50:39||20961|3942024592|5185594160
8015|0|21312|01/01/2024 09:26:05||18835|1402214488|1549731360
7613|0|5886|01/01/2024 07:11:57||26883|6231188328|9019446896
7766|0|93513|01/01/2024 08:05:26||23674|69064545384|165016755864
8685|0|76056|01/01/2024 13:17:53||4927|2739054328|3615575856
7323|0|25749|01/01/2024 05:14:05||33955|2821636640|3524652272
8585|0|73518|01/01/2024 12:18:02||8518|1627256288|2088983328
7887|0|85539|01/01/2024 08:42:25||21455|39312638000|75821244104
8397|0|69902|01/01/2024 11:18:46||12074|19613354592|38657461592
8617|0|13461|01/01/2024 12:34:00||7560|230468344|252635064
8398|0|65234|01/01/2024 11:12:08||12472|2358229432|2480346256
7585|0|81994|01/01/2024 07:00:38||27562|2289883296|3280432448
7195|0|95129|01/01/2024 04:21:19||37121|8000983536|11409069984
8542|0|21475|01/01/2024 11:58:50||9670|203524928|302004104
7832|0|77620|01/01/2024 08:20:56||22744|9663856800|10853247808
7586|0|60771|01/01/2024 07:04:49||27311|627877208|874250408
7860|0|62245|01/01/2024 08:34:16||21944|7996691424|8309071976
6708|0|44465|01/01/2024 00:50:45||49755|25407201608|35098951824
7536|0|30846|01/01/2024 06:40:09||28791|15826633736|20119274216
8118|0|94286|01/01/2024 09:51:56||17284|6385119296|8705609696
7134|0|68117|01/01/2024 04:00:01||38399|11496939344|13774771424
7465|0|34328|01/01/2024 06:14:35||30325|68384002160|188524308768
7466|0|9203|01/01/2024 06:15:04|01/01/2024 14:38:53|30229|940306232|1200677832
8509|0|35035|01/01/2024 11:41:57||10683|215213584|286199448
7047|0|40206|01/01/2024 03:25:00||40500|13654464576|16026104240
8226|0|14620|01/01/2024 10:29:27||15033|3628185080|4127368168
8775|0|55356|01/01/2024 14:09:05||1855|285669320|423388616
8433|0|10398|01/01/2024 11:25:57||11643|3770434920|5006024048
7704|0|29905|01/01/2024 07:48:20||24700|12266958744|12493853104
8477|0|55392|01/01/2024 11:31:39||11301|1399707256|1429478096
8434|0|86099|01/01/2024 11:21:34||11906|282306688|405200080
7163|0|82966|01/01/2024 04:13:11||37609|15595520264|20733023456
8635|0|48804|01/01/2024 12:44:16||6944|1485906392|1936720704
8836|0|6555|01/01/2024 14:38:01||119|5889384|7665000
8263|0|33801|01/01/2024 10:36:05||14635|10544524816|10625423288
8570|0|50742|01/01/2024 12:04:33||9327|4290994744|5076338928
7324|0|28133|01/01/2024 05:16:28||33812|3452151416|3478093696
8586|0|91705|01/01/2024 12:10:48||8952|223886200|284989992
7890|0|50959|01/01/2024 08:44:13||21347|34598993664|95968559592
6932|0|57257|01/01/2024 02:35:04||43496|6100256248|6148902248
7767|0|34397|01/01/2024 08:09:02||23458|4356592728|4832214712
8288|0|50033|01/01/2024 10:49:38||13822|2288190640|2619910856
6888|0|57110|01/01/2024 02:14:46||44714|11811324920|13918715328
6861|0|73390|01/01/2024 02:05:04||45296|185558051584|469960905992
7928|0|16239|01/01/2024 08:54:28||20732|10812994776|12678512912
6908|0|16033|01/01/2024 02:21:27||44313|11838768688|11943277240
8571|0|27011|01/01/2024 12:04:18||9342|746463848|884411056
7196|0|7874|01/01/2024 04:27:58||36722|1013403584|1243767752
7325|0|44287|01/01/2024 05:13:13||34007|44738689496|104843354072
8435|0|30798|01/01/2024 11:24:38||11722|5058938760|7418916416
8264|0|31981|01/01/2024 10:36:58||14582|321120896|407804328
8751|0|69532|01/01/2024 13:50:54||2946|230878400|275468584
8151|0|33279|01/01/2024 10:04:19||16541|2256444264|3234633840
7951|0|35120|01/01/2024 09:03:51||20169|57560553816|124288812136
8719|0|16240|01/01/2024 13:34:39||3921|558946328|666863456
8322|0|66255|01/01/2024 10:53:08||13612|1896072968|1923441568
8510|0|74769|01/01/2024 11:40:26||10774|3906152400|4956278880
8837|0|6784|01/01/2024 14:39:31||29|396072|592744
7048|0|92044|01/01/2024 03:28:58||40262|17122792728|20952825216
8081|0|17848|01/01/2024 09:44:18||17742|706438664|1012874544
6862|0|97924|01/01/2024 02:07:21||45159|8876958192|10525560264
8543|0|16659|01/01/2024 11:53:48||9972|150221144|162231072
8618|0|23029|01/01/2024 12:30:37||7763|991013448|1068513640
7276|0|18712|01/01/2024 04:55:25||35075|10437643456|13133082768
8686|0|5591|01/01/2024 13:19:48||4812|213160432|275339272
7588|0|15363|01/01/2024 07:04:48||27312|852738464|1120874392
8587|0|89490|01/01/2024 12:15:00||8700|318831544|321240984
7768|0|59260|01/01/2024 08:01:26||23914|3616837984|3707144216
8119|0|67654|01/01/2024 09:54:22||17138|6931070536|10284041952
8152|0|76464|01/01/2024 10:08:24||16296|4304781952|5688310928
7730|0|89959|01/01/2024 07:53:37||24383|51408520224|128087683224
7245|0|92467|01/01/2024 04:43:20||35800|1581252360|2045047760
7769|0|71418|01/01/2024 08:04:44||23716|87760736840|198140180784
8153|0|31249|01/01/2024 10:00:45||16755|1184826352|1476993648
8227|0|4556|01/01/2024 10:29:26||15034|3336722248|3389317272
6910|0|33021|01/01/2024 02:23:04||44216|2424299144|2950266184
7392|0|3869|01/01/2024 05:41:29||32311|8827757048|11457279336
8191|0|24262|01/01/2024 10:13:21||15999|2716937504|3148671920
8290|0|48242|01/01/2024 10:47:00||13980|2643484992|3373150312
8636|0|24742|01/01/2024 12:49:14||6646|463438384|514022096
8787|0|68160|01/01/2024 14:14:51||1509|868561504|1270843544
7222|0|81178|01/01/2024 04:33:56||36364|3419947264|5053154112
7441|0|83766|01/01/2024 06:05:35||30865|128530115352|330851154504
7589|0|61605|01/01/2024 07:03:13||27407|1462608368|2034389704
8671|0|41602|01/01/2024 13:05:58||5642|16821191112|35100185984
8154|0|26412|01/01/2024 10:01:54||16686|2851164184|3931644888
6911|0|77991|01/01/2024 02:21:10||44330|10199362328|13510993912
6986|0|22920|01/01/2024 02:57:29||42151|19979014120|20492273224
8478|0|93103|01/01/2024 11:30:44||11356|6251473280|7044166488
8752|0|68011|01/01/2024 13:55:17||2683|72473680|93465096
8688|0|82808|01/01/2024 13:15:30||5070|2984452032|3809495928
8228|0|33809|01/01/2024 10:23:48||15372|11271222016|13394349368
7731|0|97715|01/01/2024 07:54:58||24302|602481160|741613448
6863|0|98159|01/01/2024 02:06:26||45214|14363053848|19324727800
8436|0|69420|01/01/2024 11:23:55||11765|22398431512|54363503472
7891|0|30827|01/01/2024 08:43:03||21417|603200168|755387560
7732|0|70909|01/01/2024 07:58:52||24068|2291880528|2890715896
6798|0|68685|01/01/2024 01:30:31||47369|2676502168|3278997376
8368|0|4905|01/01/2024 11:00:59||13141|9952547056|11843704680
8323|0|54576|01/01/2024 10:57:41||13339|1949384544|1959173592
8437|0|7954|01/01/2024 11:25:12||11688|1562478616|2063807984
8438|0|60607|01/01/2024 11:29:26||11434|8965950480|12913596696
8788|0|8203|01/01/2024 14:17:35||1345|94315448|108318272
6776|0|82011|01/01/2024 01:29:48||47412|431588800|619069816
7929|0|9616|01/01/2024 08:57:45||20535|3093465664|3307964128
7930|0|8083|01/01/2024 08:57:50||20530|531913776|750198904
8653|0|76728|01/01/2024 12:53:11||6409|1994271952|2242866784
8051|0|38309|01/01/2024 09:38:44||18076|87660520|117423736
8291|0|84637|01/01/2024 10:42:20||14260|282094864|309080320
7522|0|93182|01/01/2024 06:38:23||28897|5597468648|6046607080
7770|0|44564|01/01/2024 08:02:51||23829|15680349312|19596599568
8267|0|55259|01/01/2024 10:39:17||14443|1340629304|1601894184
8812|0|48086|01/01/2024 14:28:26||694|1599612976|4075191232
8479|0|82147|01/01/2024 11:30:04||11396|335926904|405565360
8637|0|83760|01/01/2024 12:48:24||6696|2895730600|3298726080
8155|0|73225|01/01/2024 10:05:21||16479|2385299664|2541780840
6934|0|48168|01/01/2024 02:37:41||43339|3805557328|4913789248
8400|0|96138|01/01/2024 11:17:42||12138|2446291928|2684319408
8480|0|38643|01/01/2024 11:37:04||10976|2097319896|2850259424
8732|0|51131|01/01/2024 13:48:36||3084|205577872|287725320
8192|0|63664|01/01/2024 10:14:44||15916|4178956456|4568339144
7978|0|24671|01/01/2024 09:10:53||19747|7169311568|7594931384
6710|0|20752|01/01/2024 00:52:18||49662|161039780824|323818135424
6935|0|40629|01/01/2024 02:33:17||43603|5932958920|8162298720
8156|0|61063|01/01/2024 10:00:53||16747|1801712752|1929737808
8789|0|96516|01/01/2024 14:11:39||1701|3691349040|10212740496
6752|0|41928|01/01/2024 01:14:51||48309|25458537176|32056551560
8439|0|90026|01/01/2024 11:27:24||11556|50541007400|101379491496
7833|0|79157|01/01/2024 08:27:52||22328|6616093944|6966498832
7771|0|92304|01/01/2024 08:02:41||23839|13667752688|15782312792
7373|0|82373|01/01/2024 05:37:46||32534|3243047112|4150700568
8440|0|49479|01/01/2024 11:28:57||11463|4341109824|5111353672
8441|0|10088|01/01/2024 11:28:10||11510|6619875880|7388275912
8655|0|95158|01/01/2024 12:58:15||6105|1649843968|2245700520
8544|0|43629|01/01/2024 11:51:00||10140|654034600|861366224
8401|0|51341|01/01/2024 11:13:59||12361|4574804416|6687222544
8402|0|48178|01/01/2024 11:14:27||12333|2663160976|2843715984
8619|0|12307|01/01/2024 12:34:37||7523|308057928|396660488
7705|0|74521|01/01/2024 07:47:23||24757|3377999128|3781334240
7501|0|64828|01/01/2024 06:24:54||29706|9997443496|12953626848
8292|0|97663|01/01/2024 10:46:21||14019|5119262928|5490489696
8656|0|85389|01/01/2024 12:50:49||6551|1023302360|1373956720
8753|0|40241|01/01/2024 13:55:12||2688|2726754584|5988616704
8324|0|96482|01/01/2024 10:57:19||13361|2877867384|4275584104
8545|0|78180|01/01/2024 11:51:53||10087|1398314520|1551657560
8790|0|48119|01/01/2024 14:11:48||1692|4390817744|11568200712
7979|0|59435|01/01/2024 09:10:09||19791|505274048|709404008
7617|0|59657|01/01/2024 07:10:06||26994|981137432|1131621808
8120|0|28409|01/01/2024 09:51:00||17340|356836152|454270016
6936|0|29872|01/01/2024 02:36:43||43397|17140749752|23224454336
