IdSession|IdPSX|IdSubscriber|StartSession|EndSession|Duartion|UpTx|DownTx
18099|0|44433|02/01/2024 11:31:26||44914|11416653576|13960868688
19589|0|7922|02/01/2024 22:19:50||6010|605758616|811171816
19360|0|48015|02/01/2024 20:32:49||12431|44134186960|81967659336
18996|0|36342|02/01/2024 18:09:02||21058|3864577928|3996629296
19514|0|19403|02/01/2024 21:49:42||7818|38877816|48175928
19590|0|21605|02/01/2024 22:18:46||6074|375722720|400029800
18980|0|92317|02/01/2024 17:58:39||21681|5941937680|6947375480
18897|0|58567|02/01/2024 17:14:11||24349|2121624040|2267632600
18495|0|4129|02/01/2024 14:29:58||34202|10066842472|13884377160
19791|0|82513|02/01/2024 23:43:16||1004|374965600|422747472
18080|0|11345|02/01/2024 11:27:20||45160|9394359448|13561323136
19285|0|68950|02/01/2024 20:01:02||14338|1413825784|1973056240
19080|0|91056|02/01/2024 18:49:15||18645|39784731984|74531278432
18997|0|85288|02/01/2024 18:08:27||21093|14084950552|20384715336
19163|0|94804|02/01/2024 19:14:58||17102|1950760320|2047845168
18745|0|88537|02/01/2024 16:08:10||28310|8688720672|8876542512
18150|0|31741|02/01/2024 11:56:50||43390|3193902120|3345749024
19613|0|45935|02/01/2024 22:29:45||5415|496714096|580596552
19221|0|38865|02/01/2024 19:34:30||15930|856900648|1117657448
19081|0|60259|02/01/2024 18:43:37||18983|1630583400|1725297888
19515|0|71287|02/01/2024 21:47:55||7925|2636092016|3133688200
19164|0|93345|02/01/2024 19:18:38||16882|185301848|276361656
19389|0|7629|02/01/2024 20:44:39||11721|2314294160|2846677064
19538|0|63503|02/01/2024 21:54:12||7548|1856610160|1890864176
19043|0|20044|02/01/2024 18:24:53||20107|1844502336|2551072960
18586|0|15054|02/01/2024 15:06:42||31998|8476915760|11195785328
19539|0|46834|02/01/2024 21:50:41||7759|1163226576|1290160744
17950|0|91513|02/01/2024 10:29:45||48615|21882030888|26957295608
18998|0|31978|02/01/2024 18:07:12||21168|1326413928|1641157224
19452|0|30644|02/01/2024 21:11:26||10114|1797612448|2424803264
19222|0|67346|02/01/2024 19:35:19||15881|1172407376|1341760120
18312|0|42572|02/01/2024 13:01:34||39506|13214422240|15272518376
18876|0|73255|02/01/2024 17:09:47||24613|1766859168|2522788080
18795|0|43200|02/01/2024 16:23:51||27369|4602213008|5872090104
19105|0|66637|02/01/2024 18:58:27||18093|113116432872|214632192392
18022|0|58604|02/01/2024 10:54:48||47112|5391184104|7882155736
17825|0|45688|02/01/2024 09:31:00||52140|13608934336|40183928672
18729|0|24107|02/01/2024 15:51:05||29335|931332656|1122538904
18588|0|79155|02/01/2024 15:04:06||32154|3447478256|3852617776
18918|0|24555|02/01/2024 17:24:32||23728|4166900120|4547613232
18832|0|34503|02/01/2024 16:48:25||25895|10638892000|12036702224
19024|0|38522|02/01/2024 18:12:37||20843|5795836216|7766378760
19286|0|13510|02/01/2024 20:00:11||14389|2601896096|2606866240
19165|0|45897|02/01/2024 19:14:34||17126|1111999680|1642037432
18400|0|40816|02/01/2024 13:49:26||36634|9130748416|12429012256
18001|0|93054|02/01/2024 10:49:25||47435|12223265752|13087592808
18543|0|70354|02/01/2024 14:46:55||33185|76299591936|180705362984
19390|0|80722|02/01/2024 20:41:55||11885|2239859352|2783417384
18198|0|53897|02/01/2024 12:14:47||42313|5284060552|6135193640
17385|0|90987|02/01/2024 06:25:08||63292|50409794128|129116653200
18002|0|34091|02/01/2024 10:47:03||47577|6526992312|8342637256
17779|0|64201|02/01/2024 09:19:42||52818|5749863376|7995007392
19106|0|77820|02/01/2024 18:55:35||18265|4331442664|5283640152
19139|0|45874|02/01/2024 19:02:01||17879|54780157480|141721655456
19332|0|98233|02/01/2024 20:22:35||13045|3945268896|4686531864
18858|0|93566|02/01/2024 16:56:22||25418|12761893712|13328386936
17800|0|61304|02/01/2024 09:21:09||52731|8834716976|8983455536
19540|0|52562|02/01/2024 21:55:16||7484|61328440|78839056
19246|0|37321|02/01/2024 19:44:51||15309|4504567040|6170574688
18746|0|43220|02/01/2024 16:08:56||28264|2633176776|3097312960
18919|0|83353|02/01/2024 17:27:41||23539|6593181272|7797503976
18940|0|56883|02/01/2024 17:33:46||23174|2765349272|3411892336
18645|0|33952|02/01/2024 15:28:06||30714|6156511856|9215071424
18544|0|10787|02/01/2024 14:40:07||33593|4669474368|4690200224
17826|0|93644|02/01/2024 09:38:49||51671|17896939928|19847864880
18772|0|7678|02/01/2024 16:15:57||27843|1139155488|1339445512
18023|0|36558|02/01/2024 10:55:45||47055|21570714184|30376717936
19776|0|78566|02/01/2024 23:34:48||1512|516150584|541145456
19792|0|84412|02/01/2024 23:41:55||1085|176370728|253760048
19693|0|73714|02/01/2024 22:55:43||3857|930141608|1175235704
19391|0|72024|02/01/2024 20:49:13||11447|2827946384|3011318840
18615|0|5821|02/01/2024 15:18:51||31269|4511635672|5921739592
17386|0|60286|02/01/2024 06:20:58||63542|16921553960|21502948800
19392|0|56605|02/01/2024 20:46:31||11609|1986731712|2589184440
18496|0|83136|02/01/2024 14:29:21||34239|4631585712|4818764696
19393|0|37823|02/01/2024 20:44:21||11739|4045430608|5723258672
18833|0|39820|02/01/2024 16:49:38||25822|5666242536|7793904760
19566|0|74181|02/01/2024 22:08:29||6691|505070984|726491448
19266|0|84652|02/01/2024 19:59:08||14452|24002949776|66062967200
19361|0|6427|02/01/2024 20:31:22||12518|235838888|269159624
18175|0|95199|02/01/2024 12:09:12||42648|9348749936|12296491104
19739|0|90327|02/01/2024 23:13:31||2789|575145960|577540272
18747|0|43252|02/01/2024 16:03:00||28620|3481429664|4572574168
19140|0|99815|02/01/2024 19:02:34||17846|55234652896|123489267136
19666|0|36168|02/01/2024 22:41:38||4702|1232751856|1681925184
18999|0|22560|02/01/2024 18:07:55||21125|11747329664|13622289048
18616|0|44368|02/01/2024 15:17:22||31358|12085502264|17435302712
19000|0|4288|02/01/2024 18:05:02||21298|6700551808|8253793776
19694|0|79017|02/01/2024 22:55:10||3890|8260294984|23262787016
17758|0|36794|02/01/2024 09:00:40|02/01/2024 23:50:38|53398|3250086432|3681387520
19819|0|36794|02/01/2024 23:52:02||478|21466824|21937848
17925|0|88045|02/01/2024 10:12:30|02/01/2024 23:56:29|49439|2984814936|3496108168
18955|0|56667|02/01/2024 17:43:45||22575|35804111472|106921178776
17504|0|36730|02/01/2024 07:17:53||60127|5170946544|5635286840
19362|0|33546|02/01/2024 20:31:16||12524|2124158632|2537312056
17332|0|31663|02/01/2024 06:07:58||64322|30541878880|32994358360
19363|0|57497|02/01/2024 20:30:49||12551|5275497032|7753539872
19417|0|10205|02/01/2024 20:53:15||11205|3092011680|3096618360
19453|0|5705|02/01/2024 21:14:29||9931|4011971320|5730060984
19667|0|36804|02/01/2024 22:47:34||4346|1303175120|1779671032
18221|0|11226|02/01/2024 12:20:56||41944|132908520176|321085456904
18450|0|5904|02/01/2024 14:00:29||35971|5793378488|8515093120
19419|0|73620|02/01/2024 20:53:43||11177|23070395336|60164460576
18773|0|6308|02/01/2024 16:14:34||27926|6644348080|6883281488
19166|0|99065|02/01/2024 19:14:51||17109|476980192|684666912
17759|0|59525|02/01/2024 09:01:00||53940|164276432792|359587791960
18199|0|26509|02/01/2024 12:15:02||42298|5412868256|6412587232
18774|0|55366|02/01/2024 16:17:37||27743|8654351544|12835964024
19420|0|85910|02/01/2024 20:58:59||10861|1294148088|1528753480
19364|0|41719|02/01/2024 20:39:11||12049|583019888|603057384
17829|0|81078|02/01/2024 09:31:08||52132|24990908648|30130598064
18336|0|91299|02/01/2024 13:17:40||38540|1307913688|1761804064
19756|0|57141|02/01/2024 23:24:38||2122|794657704|861412632
19168|0|91195|02/01/2024 19:16:05||17035|693827944|783248000
18152|0|35423|02/01/2024 11:58:42||43278|11832676656|17047508520
19454|0|70763|02/01/2024 21:11:50||10090|714059048|999147256
18521|0|21515|02/01/2024 14:39:19||33641|383174416|501499424
19247|0|28032|02/01/2024 19:43:15||15405|5442581888|6959291640
17403|0|22775|02/01/2024 06:37:31||62549|21622855856|25964303248
18859|0|51522|02/01/2024 16:58:41||25279|1457298040|1725202552
18834|0|11625|02/01/2024 16:42:34||26246|67532517792|174201210552
19695|0|61072|02/01/2024 22:50:46||4154|1367330880|1429301336
18860|0|39639|02/01/2024 16:51:57||25683|8082075744|8788494304
19495|0|34900|02/01/2024 21:31:18||8922|1319144312|1405738912
19333|0|93145|02/01/2024 20:20:24||13176|6906000128|9430572856
19638|0|8602|02/01/2024 22:34:05||5155|1328612864|1420049368
18473|0|80308|02/01/2024 14:12:14||35266|2654962512|3548603600
17926|0|53228|02/01/2024 10:19:46||49214|216647056|283608680
19224|0|88393|02/01/2024 19:31:08|02/01/2024 23:50:31|15563|311684776|336380992
19435|0|56267|02/01/2024 21:02:14||10666|236682568|286313352
19310|0|77342|02/01/2024 20:19:53||13207|48206926984|92796567616
19479|0|82220|02/01/2024 21:29:53||9007|1118806592|1121777216
19668|0|5018|02/01/2024 22:46:41||4399|284191472|322305688
19614|0|60167|02/01/2024 22:24:35||5725|341093696|388163912
19615|0|97205|02/01/2024 22:26:51||5589|873285328|1218248952
18288|0|6440|02/01/2024 12:56:22||39818|26049694208|27568839152
19757|0|40407|02/01/2024 23:20:22||2378|8148249152|17277632944
19311|0|32217|02/01/2024 20:18:15||13305|14509749288|39140605016
18861|0|29341|02/01/2024 16:59:09||25251|405023656|505671416
18941|0|13461|02/01/2024 17:33:44||23176|4788568872|6173074152
17650|0|41123|02/01/2024 08:17:54||56526|4653448952|5935004992
18431|0|81968|02/01/2024 13:56:27||36213|12247932368|13471917424
19716|0|79073|02/01/2024 23:01:50||3490|1596300016|1933026272
19758|0|79333|02/01/2024 23:20:45||2355|332711680|491647096
19759|0|28056|02/01/2024 23:25:48||2052|2010153824|2847144088
19287|0|45806|02/01/2024 20:07:08||13972|20148543248|39348818928
19591|0|17708|02/01/2024 22:16:04||6236|15901826240|41725580376
18981|0|68094|02/01/2024 17:55:33||21867|4804843368|5071240984
18812|0|63188|02/01/2024 16:36:22||26618|6058004112|7633985664
19616|0|52757|02/01/2024 22:22:38||5842|166550128|185351240
18372|0|20266|02/01/2024 13:35:02||37498|9909567304|11289448912
18176|0|28791|02/01/2024 12:08:54||42666|13553210160|17660876696
19334|0|83720|02/01/2024 20:22:05||13075|4836019656|7217623912
19002|0|20845|02/01/2024 18:06:07||21233|2312284616|2895349928
19395|0|88465|02/01/2024 20:46:37||11603|12789302360|12934564528
19567|0|78054|02/01/2024 22:04:52||6908|2135800800|2555433824
18862|0|78337|02/01/2024 16:57:50||25330|1689221856|1774670344
19436|0|20815|02/01/2024 21:01:49||10691|8428951016|10934896888
19777|0|74504|02/01/2024 23:33:20||1600|1625515984|2209747024
19516|0|69178|02/01/2024 21:46:24||8016|197832368|259276664
18352|0|29483|02/01/2024 13:22:49||38231|23513374640|53958848616
19225|0|41928|02/01/2024 19:31:04||16136|901385792|1137094512
18401|0|18951|02/01/2024 13:40:11||37189|29548070224|35428245592
18647|0|84402|02/01/2024 15:24:11||30949|3125689056|3913355272
17951|0|94236|02/01/2024 10:23:58||48962|19066337520|22883461696
19083|0|36967|02/01/2024 18:48:38||18682|48562104760|133067783256
18451|0|95303|02/01/2024 14:05:50||35650|16245086768|20759239136
17335|0|39152|02/01/2024 06:03:45||64575|166197824480|414354541600
18290|0|95563|02/01/2024 12:51:34||40106|7794371960|9789241720
18100|0|47559|02/01/2024 11:30:46||44954|61814143344|165349840784
19421|0|45658|02/01/2024 20:51:47||11293|3053901824|3156845000
18775|0|10590|02/01/2024 16:11:25||28115|16801195504|21424531200
18575|0|77250|02/01/2024 14:59:49||32411|4812664512|4927584888
18313|0|81920|02/01/2024 13:01:23||39517|12753456840|13330424896
18452|0|97692|02/01/2024 14:08:06||35514|8289509392|9121219776
18249|0|57494|02/01/2024 12:31:28||41312|92097328912|231520228704
18776|0|27302|02/01/2024 16:13:40||27980|8341382008|9124361152
18701|0|47108|02/01/2024 15:47:39||29541|19367854624|21750343672
19617|0|37134|02/01/2024 22:28:55||5465|224592312|333468960
19496|0|80433|02/01/2024 21:39:04||8456|1911775584|2318247632
19639|0|27389|02/01/2024 22:38:04||4916|1263928896|1693159560
18545|0|80199|02/01/2024 14:47:49||33131|4563636576|6499450848
18899|0|85714|02/01/2024 17:15:34||24266|3062204360|3972963232
19196|0|41780|02/01/2024 19:27:14||16366|2545142928|2782741464
19422|0|32642|02/01/2024 20:52:58||11222|1590600752|2150684472
19396|0|80210|02/01/2024 20:48:29||11491|693406776|700991912
19169|0|69961|02/01/2024 19:16:24||17016|417353296|526814576
19669|0|79654|02/01/2024 22:42:24||4656|260789432|262036888
19820|0|83650|02/01/2024 23:51:34||506|49239888|64879808
18900|0|22388|02/01/2024 17:11:36||24504|6824614056|8031167944
18589|0|18539|02/01/2024 15:09:49||31811|4474627136|5207029888
19025|0|38974|02/01/2024 18:12:24||20856|11736901400|14745156728
19335|0|5262|02/01/2024 20:29:02||12658|13451532000|40236429064
17536|0|44915|02/01/2024 07:21:06||59934|1245538624|1260436592
17336|0|63505|02/01/2024 06:03:52||64568|5894265624|8670734936
19793|0|22851|02/01/2024 23:44:40||920|77008256|94298472
19397|0|10157|02/01/2024 20:48:58||11462|3626870752|5014515120
19398|0|11546|02/01/2024 20:46:37||11603|2240817904|2423424656
18921|0|46661|02/01/2024 17:22:41||23839|2361260512|2718860544
17977|0|85741|02/01/2024 10:38:14||48106|11447684936|15641110424
17597|0|7472|02/01/2024 07:51:27|02/01/2024 23:59:20|58073|31697286480|41078293680
19821|0|7472|02/01/2024 23:59:47||13|-4502848|-5969112
19437|0|31481|02/01/2024 21:01:50||10690|3382464712|4506420976
19399|0|68217|02/01/2024 20:40:49||11951|3445440656|3988398280
19289|0|88278|02/01/2024 20:07:51||13929|3536305296|3828240456
18273|0|53387|02/01/2024 12:47:11||40369|267158896|316486736
19455|0|98712|02/01/2024 21:14:33||9927|7920330384|9124387664
19366|0|79002|02/01/2024 20:34:35||12325|3448913944|3591809808
19197|0|52753|02/01/2024 19:27:10||16370|773379552|795041560
18475|0|74290|02/01/2024 14:13:58|02/01/2024 23:55:46|34908|1403257512|1754351488
19822|0|74290|02/01/2024 23:56:11||229|14462824|16301840
18432|0|49022|02/01/2024 13:54:23||36337|9951747904|11933344160
19400|0|40285|02/01/2024 20:44:14||11746|5313253288|5463937880
19717|0|40176|02/01/2024 23:00:11||3589|1429775904|1700407160
18730|0|36201|02/01/2024 15:51:49||29291|101136340208|189418137672
17626|0|96532|02/01/2024 08:04:23||57337|19108969048|25007111824
19198|0|97579|02/01/2024 19:28:01||16319|35577247048|105272534984
19823|0|41995|02/01/2024 23:53:27||393|7790056|10802872
18374|0|39648|02/01/2024 13:33:14||37606|16231923296|21310526704
19569|0|95660|02/01/2024 22:04:28||6932|6481964056|18743966640
19718|0|5362|02/01/2024 23:00:48||3552|1014119304|1151803264
18250|0|59464|02/01/2024 12:31:25||41315|7622848176|10597958760
19570|0|45450|02/01/2024 22:01:55||7085|272976584|292405064
19670|0|50427|02/01/2024 22:42:10||4670|38081656|39880000
19438|0|75205|02/01/2024 21:08:04||10316|2760967248|3268642392
18675|0|23097|02/01/2024 15:35:07||30293|7230997648|8903716424
19696|0|85722|02/01/2024 22:50:42||4158|194067912|263508360
18576|0|89373|02/01/2024 14:50:42||32958|3354051784|3632393576
19199|0|90846|02/01/2024 19:28:01||16319|3833641656|4770866488
19640|0|13087|02/01/2024 22:33:16||5204|888133864|1087566936
18476|0|97309|02/01/2024 14:10:51||35349|1587411160|1769216320
17289|0|50432|02/01/2024 05:47:21||65559|20766501392|24490801696
19697|0|19469|02/01/2024 22:50:36||4164|704513352|1055529400
19336|0|15805|02/01/2024 20:29:49||12611|1064955616|1376960912
18403|0|38674|02/01/2024 13:44:58||36902|6903428744|7010312672
19108|0|90351|02/01/2024 18:54:52||18308|7067050416|8846148624
19740|0|74481|02/01/2024 23:13:57||2763|2090027240|2315786096
18796|0|33734|02/01/2024 16:20:24||27576|9519058432|10981674720
19367|0|81036|02/01/2024 20:38:27||12093|5031515200|7101171960
18702|0|14111|02/01/2024 15:48:17||29503|54317666408|143011231960
19401|0|10445|02/01/2024 20:45:09||11691|2934987112|4338318120
18252|0|40642|02/01/2024 12:34:43||41117|4034879760|4702214576
17717|0|20124|02/01/2024 08:47:57||54723|16878133944|17888412376
19337|0|73978|02/01/2024 20:21:11||13129|2220908888|2988063024
18703|0|71615|02/01/2024 15:49:25|02/01/2024 23:58:57|29372|458575872|608009288
19044|0|93843|02/01/2024 18:24:29||20131|1581008720|1983201904
18337|0|16200|02/01/2024 13:18:53||38467|15543933488|20031676920
19794|0|33422|02/01/2024 23:46:47||793|334897424|487056472
19045|0|11001|02/01/2024 18:28:14||19906|14637890344|17807690496
18748|0|19023|02/01/2024 16:05:45||28455|16402896408|20308748344
17669|0|29867|02/01/2024 08:29:50||55810|4161187624|5318846232
18704|0|61980|02/01/2024 15:49:52||29408|4805111776|6467944888
19200|0|69490|02/01/2024 19:26:35||16405|505032392|539445680
19671|0|26430|02/01/2024 22:46:24||4416|44557352|46872704
19618|0|96471|02/01/2024 22:25:35||5665|603501384|751635976
19338|0|46857|02/01/2024 20:28:29||12691|3483636320|4439010496
18314|0|16397|02/01/2024 13:02:08||39472|4391122848|4971896336
19290|0|99986|02/01/2024 20:08:57||13863|1498273192|2226524192
19641|0|56720|02/01/2024 22:35:50||5050|1454508696|2106984488
18453|0|35649|02/01/2024 14:06:09||35631|9556748008|9737816128
19698|0|14341|02/01/2024 22:55:10||3890|1021009392|1157014456
19592|0|19964|02/01/2024 22:10:02||6598|19392946520|42122600872
19439|0|59909|02/01/2024 21:02:03||10677|2610811656|2889853368
18942|0|93851|02/01/2024 17:34:45||23115|3072367824|3759444896
19795|0|9179|02/01/2024 23:40:19||1181|82963992|98267952
19672|0|69718|02/01/2024 22:44:37||4523|351450960|514832840
18877|0|59915|02/01/2024 17:08:57||24663|40988693688|121195831832
17290|0|95361|02/01/2024 05:48:55||65465|38320916224|38786058208
17508|0|8386|02/01/2024 07:13:16||60404|9795741416|13886742080
19796|0|63391|02/01/2024 23:41:35||1105|461209128|547441312
19003|0|22591|02/01/2024 18:03:02||21418|9901659112|10634211344
18153|0|88927|02/01/2024 11:53:17||43603|11491187576|15557110952
17738|0|70616|02/01/2024 08:51:30||54510|24143949528|33724740936
19423|0|63698|02/01/2024 20:56:22||11018|2776598136|3648725416
17883|0|54570|02/01/2024 09:54:55||50705|8004992544|8061059368
17560|0|61311|02/01/2024 07:31:19||59321|10819450008|12609159024
18547|0|10309|02/01/2024 14:47:42||33138|3879607888|3900843640
19142|0|71946|02/01/2024 19:04:25||17735|1052764344|1248423040
17782|0|4396|02/01/2024 09:16:07||53033|4980446008|5830350272
17117|0|50961|02/01/2024 04:39:02||69658|13161333240|17915689232
19171|0|49446|02/01/2024 19:17:55||16925|4107442072|4572252344
19227|0|20426|02/01/2024 19:35:43||15857|309230848|459176704
19517|0|85681|02/01/2024 21:42:12||8268|1331005192|1372928752
19201|0|64846|02/01/2024 19:28:41||16279|3609455672|5290683360
18923|0|64729|02/01/2024 17:25:26||23674|9793729048|10185397592
18434|0|76797|02/01/2024 13:50:34||36566|7029826512|8365790240
19571|0|5237|02/01/2024 22:03:31||6989|39560864|41948304
19292|0|7833|02/01/2024 20:07:02||13978|11180140792|12367318344
19497|0|90547|02/01/2024 21:31:43||8897|1031382064|1041418296
19203|0|39540|02/01/2024 19:24:29||16531|2232572808|3270176992
19046|0|59720|02/01/2024 18:24:25||20135|5574894584|7266860800
18650|0|13853|02/01/2024 15:21:05||31135|6517157992|7452578576
19498|0|40600|02/01/2024 21:35:33||8667|435211256|646104120
18223|0|67016|02/01/2024 12:26:34||41606|13687867192|19811652448
18778|0|91971|02/01/2024 16:18:45||27675|44160863168|114644190984
19172|0|17351|02/01/2024 19:13:53||17167|2476304184|3128026160
18083|0|20661|02/01/2024 11:24:22||45338|4879630408|7059759712
17510|0|46869|02/01/2024 07:14:03||60357|12679029360|12818706872
19440|0|77911|02/01/2024 21:07:17||10363|4429205592|5211815448
18224|0|21923|02/01/2024 12:21:28||41912|3531487864|5003652696
19480|0|24704|02/01/2024 21:29:53||9007|2639714120|2881356448
18499|0|21912|02/01/2024 14:28:10||34310|5095738840|6795184048
18651|0|32864|02/01/2024 15:21:45||31095|14975771552|17081476496
18027|0|33989|02/01/2024 10:59:51||46809|8485190512|11945613048
19778|0|32738|02/01/2024 23:30:30||1770|291946328|369169328
19173|0|13981|02/01/2024 19:15:13||17087|227767128|284536120
18225|0|39952|02/01/2024 12:24:42||41718|12768107720|14740784064
18478|0|25884|02/01/2024 14:19:53||34807|7422710384|9027758736
17670|0|76091|02/01/2024 08:22:42||56238|2252520496|2607765056
19593|0|91703|02/01/2024 22:15:04||6296|467997440|469107024
18902|0|31550|02/01/2024 17:11:16||24524|6191178280|8825611456
18957|0|18411|02/01/2024 17:46:42||22398|496012728|633244000
17979|0|93627|02/01/2024 10:34:41||48319|8295830328|10504332560
19572|0|16505|02/01/2024 22:03:59||6961|1022592760|1202765024
19760|0|48354|02/01/2024 23:27:08||1972|220202352|232784288
18103|0|40841|02/01/2024 11:31:53||44887|77463993168|151679591632
19541|0|51631|02/01/2024 21:58:54||7266|16608721896|31604517712
18126|0|94288|02/01/2024 11:41:03||44337|9292358936|10191560488
17762|0|59450|02/01/2024 09:08:01||53519|6992924320|8934141344
18750|0|6262|02/01/2024 16:07:49||28331|13643433136|14766969072
18591|0|53839|02/01/2024 15:03:16||32204|2195974608|2722545264
18500|0|45745|02/01/2024 14:28:14||34306|9378108024|18826668872
19518|0|98958|02/01/2024 21:40:16||8384|2024498920|2647301032
19026|0|80025|02/01/2024 18:13:57||20763|8802811864|12837581712
19143|0|96689|02/01/2024 19:08:43||17477|331793552|412026592
19456|0|49784|02/01/2024 21:12:40||10040|9027423896|10025055688
17929|0|48137|02/01/2024 10:16:48||49392|33220941640|42844213752
19741|0|31700|02/01/2024 23:11:34||2906|145229304|149793944
19339|0|13583|02/01/2024 20:21:02||13138|5013088648|5863471536
19175|0|17139|02/01/2024 19:19:00||16860|12935121256|30895041696
19719|0|53030|02/01/2024 23:05:10||3290|1261435168|1652014976
17407|0|36006|02/01/2024 06:30:19||62981|80907738840|217972429112
18548|0|77858|02/01/2024 14:41:47||33493|3067146928|4314313712
18924|0|77204|02/01/2024 17:21:48||23892|24974610680|15244108152
19573|0|47458|02/01/2024 22:05:47||6853|163541496|171159512
18028|0|50187|02/01/2024 10:52:05||47275|3919620992|4294889992
17980|0|47314|02/01/2024 10:30:53||48547|5615539944|7242987424
17804|0|52594|02/01/2024 09:21:20||52720|4762727376|4933299928
18155|0|95953|02/01/2024 11:50:39||43761|4594307760|6579061104
19594|0|28423|02/01/2024 22:11:58||6482|446476304|497254016
18455|0|85316|02/01/2024 14:03:36||35784|64363526856|148945990560
18878|0|9694|02/01/2024 17:09:53||24607|9160930456|9346083168
17291|0|87055|02/01/2024 05:40:23||65977|60084951192|131636003864
19797|0|79312|02/01/2024 23:45:26||874|184799880|257080232
17857|0|56946|02/01/2024 09:46:12||51228|12305645856|14724745984
18523|0|55328|02/01/2024 14:37:58||33722|2481595184|3228480192
19574|0|32388|02/01/2024 22:00:26||7174|2631252752|3127538608
17886|0|14654|02/01/2024 09:55:49||50651|219263357984|470474664232
19027|0|12418|02/01/2024 18:15:50||20650|7088346360|7262960528
19457|0|43820|02/01/2024 21:17:59||9721|2120482160|3016663376
19798|0|65875|02/01/2024 23:44:53||907|19699880|26995768
19779|0|98957|02/01/2024 23:30:58||1742|852022520|858360024
18479|0|32700|02/01/2024 14:19:52||34808|8855018200|10962459912
19028|0|61002|02/01/2024 18:18:48||20472|1183029144|1774458840
18406|0|56776|02/01/2024 13:43:30||36990|6552920384|8749144184
19065|0|17223|02/01/2024 18:31:58||19682|12738848976|18295357960
18836|0|74230|02/01/2024 16:42:24||26256|14938745696|17581001216
18903|0|51535|02/01/2024 17:15:05||24295|72096699544|136805926832
19458|0|69461|02/01/2024 21:13:28||9992|709809320|879683496
19619|0|50074|02/01/2024 22:23:04||5816|675161544|769545464
19824|0|82324|02/01/2024 23:57:33||147|22549456|27497952
19519|0|70372|02/01/2024 21:49:46||7814|16142536|24009368
19699|0|52154|02/01/2024 22:53:09||4011|656823712|715915144
19267|0|12784|02/01/2024 19:51:27||14913|2415357528|3225213784
17628|0|81351|02/01/2024 08:06:34||57206|25229836528|37813715192
17408|0|18908|02/01/2024 06:34:39||62721|201515877312|462410362784
17362|0|5094|02/01/2024 06:15:54||63846|12888372088|13043212016
17742|0|36200|02/01/2024 08:57:37||54143|127273132184|341921779552
18799|0|76281|02/01/2024 16:26:36||27204|6416709184|8628066896
17932|0|72646|02/01/2024 10:11:10||49730|12685502680|13455967848
19620|0|54313|02/01/2024 22:26:38||5602|2501872088|3026144464
19673|0|82980|02/01/2024 22:49:37||4223|862352608|1226370784
19700|0|13499|02/01/2024 22:52:15||4065|163425440|192817016
18029|0|79857|02/01/2024 10:57:22||46958|24103807920|31425872248
19066|0|26134|02/01/2024 18:37:19||19361|12086195112|14003681704
19111|0|82499|02/01/2024 18:54:43||18317|1055579400|1241447648
17267|0|74614|02/01/2024 05:30:44||66556|17749092280|18398173088
19112|0|30554|02/01/2024 18:53:46||18374|481326080|615477416
19177|0|17670|02/01/2024 19:12:19||17261|152354912|221476128
19294|0|59984|02/01/2024 20:09:35||13825|3487484624|4675475648
18680|0|68883|02/01/2024 15:32:12||30468|3253190416|3707553680
19674|0|27276|02/01/2024 22:41:41||4699|1877926936|2256979168
18524|0|97540|02/01/2024 14:34:26||33934|2263765440|2303372584
18879|0|14496|02/01/2024 17:01:54||25086|2695132776|2974522864
17763|0|61418|02/01/2024 09:05:17||53683|2313074256|2455129288
19675|0|23553|02/01/2024 22:46:33||4407|2093683808|2163159608
19402|0|98869|02/01/2024 20:42:55||11825|4108009224|4540500376
18816|0|71306|02/01/2024 16:35:33||26667|1839289200|2409275280
19780|0|29084|02/01/2024 23:36:34||1406|412616000|557674520
17858|0|59224|02/01/2024 09:42:04||51476|10333830280|13262438064
18030|0|72524|02/01/2024 10:53:48||47172|9819522216|12764031288
18653|0|56440|02/01/2024 15:22:35||31045|6609866368|6981195048
18654|0|35261|02/01/2024 15:20:23||31177|2143824440|3166303968
19178|0|45606|02/01/2024 19:13:15||17205|3397821056|4027692016
19742|0|16150|02/01/2024 23:10:02||2998|854298480|926830376
19340|0|47464|02/01/2024 20:24:53||12907|30027656056|71316993168
19144|0|83901|02/01/2024 19:01:24||17916|2301670056|3092209344
18752|0|50847|02/01/2024 16:04:03||28557|7964849048|10610185544
19676|0|67743|02/01/2024 22:48:33||4287|634672552|805116280
19825|0|19913|02/01/2024 23:59:43||17|-1666944|-1771992
18501|0|8718|02/01/2024 14:28:09||34311|2381265968|3050225776
19005|0|86290|02/01/2024 18:08:43||21077|1284255664|1543267656
18681|0|73583|02/01/2024 15:38:21||30099|10133858736|10902063400
18943|0|17154|02/01/2024 17:36:09||23031|3421207968|4133212312
19113|0|17717|02/01/2024 18:52:38||18442|17710052824|43332936352
19459|0|44780|02/01/2024 21:18:32||9688|2773031472|3967832320
19520|0|77032|02/01/2024 21:46:36||8004|376077928|544557672
18880|0|69340|02/01/2024 17:07:24||24756|8106470416|10883000936
19425|0|62125|02/01/2024 20:59:48||10812|38940773856|83895441232
18551|0|30280|02/01/2024 14:42:35||33445|8177356216|9334668104
19621|0|68053|02/01/2024 22:22:36||5844|17129545192|39670057288
19826|0|85350|02/01/2024 23:56:53||187|39543256|45467968
18377|0|55176|02/01/2024 13:32:09||37671|16798131072|20891442672
19085|0|89909|02/01/2024 18:46:49||18791|4502914248|4963550320
17743|0|37572|02/01/2024 08:50:10||54590|11097229344|11395867456
19006|0|23126|02/01/2024 18:02:32||21448|1820352032|2011968688
18009|0|47169|02/01/2024 10:43:51||47769|174358586328|389649359080
18338|0|52416|02/01/2024 13:14:26||38734|1533022120|1956704584
18408|0|64963|02/01/2024 13:45:26||36874|313349200|355453224
19720|0|25887|02/01/2024 23:04:17||3343|727720624|1077049904
17410|0|27570|02/01/2024 06:34:50||62710|776161248|1024687016
17411|0|34200|02/01/2024 06:30:44||62956|3130555448|3939046632
19370|0|52044|02/01/2024 20:30:17||12583|13476753040|33942232680
17721|0|29712|02/01/2024 08:44:10||54950|1592279448|1882369424
19595|0|98149|02/01/2024 22:12:05||6475|406265856|469895504
19542|0|64106|02/01/2024 21:53:31||7589|229889504|299700936
19543|0|72615|02/01/2024 21:51:38||7702|1147327872|1654277256
17934|0|21926|02/01/2024 10:17:42||49338|11802433424|13257968200
18577|0|22507|02/01/2024 14:50:22||32978|4533796224|4964064712
19268|0|80719|02/01/2024 19:52:36||14844|1649935640|2369124984
17463|0|67557|02/01/2024 06:55:17||61483|11316924664|12748478848
18481|0|7575|02/01/2024 14:10:51||35349|20584008576|30606060312
19228|0|27975|02/01/2024 19:31:04||16136|2265655592|2871712104
17744|0|82986|02/01/2024 08:54:07||54353|1080385272|1560772392
19114|0|24334|02/01/2024 18:56:54||18186|5518665032|5599213816
18525|0|66658|02/01/2024 14:37:59||33721|1705691904|2203459080
19677|0|5939|02/01/2024 22:49:28||4232|414046776|545784568
18409|0|17504|02/01/2024 13:45:06||36894|63677757136|120624138648
19827|0|98298|02/01/2024 23:52:14||466|26469176|33827960
18982|0|69372|02/01/2024 17:58:06||21714|6353450384|8385842760
18620|0|47819|02/01/2024 15:16:16||31424|56857524376|130309177624
19426|0|61217|02/01/2024 20:52:43||11237|2886388288|3235746104
19642|0|87153|02/01/2024 22:31:27||5313|2079161752|2873753056
19622|0|56210|02/01/2024 22:20:05||5995|16737720864|37281472160
19781|0|43543|02/01/2024 23:36:34||1406|623789192|820563632
19086|0|93664|02/01/2024 18:45:09||18891|4479867496|5218136808
19249|0|87571|02/01/2024 19:47:58||15122|131035752|158961320
19229|0|8816|02/01/2024 19:36:29||15811|2274846904|3201448328
19371|0|64143|02/01/2024 20:39:56||12004|3544724560|3595839824
19403|0|72469|02/01/2024 20:47:57||11523|2394371648|3128151968
19341|0|41429|02/01/2024 20:25:44||12856|552206648|696870616
17057|0|53398|02/01/2024 04:15:29||71071|13007376864|16788047088
19828|0|70723|02/01/2024 23:59:23||37|-1382824|-942960
18818|0|63848|02/01/2024 16:36:22||26618|34215861128|94986415904
18655|0|49120|02/01/2024 15:25:12||30888|87887846800|185995342720
19145|0|54200|02/01/2024 19:09:10||17450|812682320|881056944
19087|0|10654|02/01/2024 18:41:09||19131|11918321352|15236269840
19761|0|86735|02/01/2024 23:26:55||1985|1385310920|1723384096
18925|0|79722|02/01/2024 17:29:04||23456|47984956152|103324005328
18753|0|44762|02/01/2024 16:00:36||28764|1566650832|1659502488
17217|0|61139|02/01/2024 05:16:12||67428|2949552040|4393570040
18502|0|52225|02/01/2024 14:24:10||34550|3379311640|3721542624
17888|0|23803|02/01/2024 09:53:32||50788|818688712|1058269400
19575|0|25125|02/01/2024 22:04:38||6922|329213776|434259952
18904|0|33909|02/01/2024 17:17:06||24174|42858932976|127827299152
19460|0|26093|02/01/2024 21:14:41||9919|458466464|526068920
18131|0|90076|02/01/2024 11:44:00||44160|3033409944|4367621168
19544|0|69214|02/01/2024 21:59:14||7246|20793144672|50327621656
18339|0|30835|02/01/2024 13:18:21||38499|222159976|303055608
18578|0|28124|02/01/2024 14:50:16||32984|73747569472|138506363016
18656|0|56866|02/01/2024 15:23:01||31019|6496928656|6543281816
19701|0|53612|02/01/2024 22:54:18||3942|1692644448|1722573888
17388|0|80236|02/01/2024 06:26:55||63185|18696630504|24460928840
18132|0|30667|02/01/2024 11:47:58||43922|2827833656|3299364816
19008|0|77148|02/01/2024 18:07:27||21153|8673635616|10581130624
19009|0|91598|02/01/2024 18:04:28||21332|5636994424|8089402480
19461|0|34047|02/01/2024 21:19:42||9618|929420720|1337931472
18926|0|48874|02/01/2024 17:27:40||23540|84545417760|226643729216
17630|0|59145|02/01/2024 08:06:47||57193|28679356744|34350751520
19462|0|8839|02/01/2024 21:15:07||9893|954966000|1102679776
19481|0|63103|02/01/2024 21:28:10||9110|3881098552|5492762256
19482|0|83597|02/01/2024 21:21:17||9523|702269800|752104488
19545|0|70629|02/01/2024 21:51:08||7732|685241368|727650384
19179|0|28927|02/01/2024 19:14:34||17126|5010257344|5945918200
18865|0|39739|02/01/2024 16:51:19||25721|256564312|371523192
18657|0|42893|02/01/2024 15:21:11||31129|4295378128|4299598184
19546|0|20525|02/01/2024 21:55:59||7441|1829305856|2612293896
19088|0|90512|02/01/2024 18:44:01||18959|11507272840|12767304624
18622|0|71041|02/01/2024 15:19:52||31208|24319876608|30032936256
19743|0|43248|02/01/2024 23:12:00||2880|420796680|443310232
19499|0|26199|02/01/2024 21:34:30||8730|4248429488|5649022136
19702|0|99476|02/01/2024 22:56:38||3802|1153079408|1437203360
19295|0|56736|02/01/2024 20:00:10||14390|4608053000|6616701864
19314|0|6073|02/01/2024 20:19:14||13246|7663996400|10143450024
19703|0|47971|02/01/2024 22:52:33||4047|477891384|548201648
19547|0|69707|02/01/2024 21:50:12||7788|515953512|571567376
18229|0|29306|02/01/2024 12:22:24||41856|4992209208|6962671720
19521|0|93311|02/01/2024 21:48:20||7900|905707736|1146278792
18983|0|27416|02/01/2024 17:51:46||22094|6835331592|8403144112
19483|0|23962|02/01/2024 21:21:10||9530|2264470320|3233580496
18592|0|48946|02/01/2024 15:08:21||31899|3996233520|5834013376
18838|0|47902|02/01/2024 16:44:18||26142|7932175392|10528701976
17860|0|53676|02/01/2024 09:42:48||51432|6723560152|7761717144
18593|0|38060|02/01/2024 15:00:10||32390|5117839120|5929987008
19146|0|24903|02/01/2024 19:01:22||17918|5226515288|6104340488
18682|0|28652|02/01/2024 15:31:17||30523|1308667024|1779372832
19404|0|19759|02/01/2024 20:45:52||11648|2362085672|2808772088
17435|0|34442|02/01/2024 06:40:58||62342|3875976488|5296484000
19782|0|97470|02/01/2024 23:37:27||1353|137251712|176423624
18133|0|74503|02/01/2024 11:49:37||43823|8968526232|12925665944
18255|0|26209|02/01/2024 12:30:22||41378|25550136368|27378584464
17605|0|24245|02/01/2024 07:56:57||57783|8848199528|9747298096
18819|0|66447|02/01/2024 16:32:48||26832|12024381552|16819247104
19623|0|27001|02/01/2024 22:28:39||5481|3088883656|4095933920
18623|0|63750|02/01/2024 15:15:22||31478|2627986472|2827521640
18436|0|14122|02/01/2024 13:51:52||36488|4223095848|4695155408
19799|0|64459|02/01/2024 23:43:10||1010|18475464|22307608
19624|0|39569|02/01/2024 22:23:54||5766|3180159168|3337864832
18340|0|73781|02/01/2024 13:11:29||38911|3479218080|4797367896
18779|0|30363|02/01/2024 16:16:52||27788|2334330160|3371220776
19441|0|98196|02/01/2024 21:09:21||10239|2068197200|2559990360
19596|0|21518|02/01/2024 22:18:21||6099|1398185824|1800362440
19744|0|83416|02/01/2024 23:10:47||2953|1250695200|1463474688
18944|0|15205|02/01/2024 17:35:14||23086|4671138328|5165214976
18927|0|27772|02/01/2024 17:25:15||23685|8710317800|11768067608
18315|0|81876|02/01/2024 13:07:36||39144|144958473136|275870084992
17889|0|60347|02/01/2024 09:59:46||50414|495055784|505411424
17890|0|43761|02/01/2024 09:52:00||50880|9356587440|12699875504
19090|0|49047|02/01/2024 18:40:53||19147|34091287632|100949910008
19427|0|29679|02/01/2024 20:52:59||11221|2147285192|3143350768
19405|0|63259|02/01/2024 20:40:51||11949|16496920|22858936
18504|0|16277|02/01/2024 14:29:37||34223|842873128|985982192
18256|0|63116|02/01/2024 12:37:19||40961|6316183384|6825834056
18105|0|54489|02/01/2024 11:34:59||44701|11389561592|13206581352
17141|0|70204|02/01/2024 04:45:19||69281|11601476336|16125097160
18274|0|96216|02/01/2024 12:44:14||40546|20983649392|21222372064
19597|0|19796|02/01/2024 22:16:11||6229|2240467304|3072304776
17512|0|46329|02/01/2024 07:13:50||60370|14968088152|15865534232
19548|0|86855|02/01/2024 21:52:05||7675|2429179656|2859645888
19250|0|49631|02/01/2024 19:42:12||15468|861432064|1251439856
19762|0|96762|02/01/2024 23:21:35||2305|195660784|280277464
19372|0|54532|02/01/2024 20:34:57||12303|2322413984|3133482360
18959|0|51088|02/01/2024 17:46:41||22399|83436970944|164053389952
19745|0|66727|02/01/2024 23:15:42||2658|501398216|598838680
18458|0|70058|02/01/2024 14:06:25||35615|1930631224|1957476808
17467|0|81847|02/01/2024 06:52:06||61674|26851448688|36034690480
19204|0|35516|02/01/2024 19:20:15||16785|1763415904|1780102024
19428|0|12710|02/01/2024 20:58:25||10895|4986044536|6756380760
17237|0|31906|02/01/2024 05:20:10||67190|13225847232|14500208480
18928|0|18957|02/01/2024 17:27:10||23570|4372280344|6147732664
19678|0|34330|02/01/2024 22:46:05||4435|787037624|904768760
19048|0|23505|02/01/2024 18:29:37||19823|17768662360|18135822992
18658|0|76590|02/01/2024 15:29:00||30660|3063486640|3668959120
19030|0|21997|02/01/2024 18:14:50||20710|4318108664|4986939008
17892|0|50207|02/01/2024 09:57:52||50528|11731811936|11824170432
18839|0|44745|02/01/2024 16:46:14||26026|1015772800|1017450648
18159|0|88803|02/01/2024 11:52:51||43629|728150392|930898376
18781|0|85856|02/01/2024 16:16:43||27797|11450008328|11700585272
19522|0|74749|02/01/2024 21:46:07||8033|299057296|339060256
17746|0|6306|02/01/2024 08:52:22||54458|2643292816|3447972952
19484|0|41001|02/01/2024 21:29:43||9017|101688264|111655008
19230|0|87252|02/01/2024 19:30:36||16164|3137771640|3845117120
18354|0|8726|02/01/2024 13:23:35||38185|13328708648|19473136520
19116|0|36663|02/01/2024 18:51:00||18540|9614497944|9910420480
18782|0|89070|02/01/2024 16:16:15||27825|16790776280|19616965512
19406|0|66095|02/01/2024 20:46:54||11586|3716989904|4144683688
19205|0|41383|02/01/2024 19:20:38||16762|2981348752|3145076016
19679|0|80746|02/01/2024 22:40:40||4760|1254223544|1433680512
19800|0|99799|02/01/2024 23:45:25||875|298067808|437532984
19598|0|96534|02/01/2024 22:10:19||6581|2589550184|2614194728
17912|0|5989|02/01/2024 10:09:57||49803|3168410096|3933097256
19147|0|27952|02/01/2024 19:08:19||17501|862867024|1154694560
18032|0|18724|02/01/2024 10:51:17||47323|21605592960|23341332760
19721|0|90014|02/01/2024 23:07:52||3128|716131328|846738464
19296|0|90493|02/01/2024 20:06:06||14034|5504053808|7294256704
19523|0|85391|02/01/2024 21:49:02||7858|943852320|1319565960
17765|0|91923|02/01/2024 09:06:50||53590|2545178712|2601135928
18206|0|31308|02/01/2024 12:14:25||42335|2899229872|3491677416
18230|0|90408|02/01/2024 12:23:22||41798|9864828328|12165795440
18960|0|58177|02/01/2024 17:47:18||22362|37974150376|104506889760
19049|0|89984|02/01/2024 18:22:08||20272|8402882632|9882447032
17786|0|96283|02/01/2024 09:17:41||52939|94002320880|278251944816
17632|0|31214|02/01/2024 08:01:15||57525|19681606648|25349309696
18820|0|26547|02/01/2024 16:31:19||26921|483631416|597929992
18107|0|40014|02/01/2024 11:39:39||44421|800033736|949102400
18459|0|15432|02/01/2024 14:06:08||35632|3850291616|5616993296
19576|0|26780|02/01/2024 22:00:07||7193|485627064|642126832
18961|0|65810|02/01/2024 17:46:57||22383|5838237128|6744620536
18482|0|73491|02/01/2024 14:12:58||35222|1179993200|1356810856
17490|0|38718|02/01/2024 07:08:57||60663|110728008472|294649699248
19297|0|99462|02/01/2024 20:06:23||14017|2784103312|3242420912
18945|0|9840|02/01/2024 17:35:06||23094|5669039720|5869080768
19801|0|86640|02/01/2024 23:48:50||670|406810328|498452216
19463|0|87848|02/01/2024 21:13:11||10009|6304995128|8116873280
19500|0|47552|02/01/2024 21:33:26||8794|18234469584|43050033176
19206|0|52010|02/01/2024 19:23:35||16585|470488720|596899104
17724|0|78509|02/01/2024 08:41:48||55092|3345464928|4644386128
18800|0|15798|02/01/2024 16:24:45||27315|8714268704|9098881472
19722|0|37770|02/01/2024 23:06:04||3236|1208416624|1485825952
19117|0|38222|02/01/2024 18:51:30||18510|6799944744|7254721704
18706|0|21763|02/01/2024 15:45:31||29669|2613207048|3438246736
19763|0|51359|02/01/2024 23:20:39||2361|1054144944|720973888
19091|0|54220|02/01/2024 18:46:40||18800|55751000376|118245313472
19407|0|4569|02/01/2024 20:46:06||11634|4907999592|6729829648
18258|0|28387|02/01/2024 12:35:02||41098|108841444624|276060169696
18985|0|64081|02/01/2024 17:54:54||21906|11418231208|14587208704
19031|0|79493|02/01/2024 18:14:20||20740|5753218120|6763747400
18527|0|23876|02/01/2024 14:34:49||33911|21633383008|12164962272
18067|0|66619|02/01/2024 11:15:04||45896|41189575328|104737623104
18596|0|31694|02/01/2024 15:05:26||32074|6572097912|8691232784
19643|0|88255|02/01/2024 22:35:38||5062|434320504|585164608
18906|0|34127|02/01/2024 17:14:36||24324|30236072512|21644706224
19501|0|6802|02/01/2024 21:37:10||8570|18345971800|42926832560
19802|0|90297|02/01/2024 23:49:55||605|2420600584|6970357480
19270|0|22839|02/01/2024 19:59:56||14404|2585782896|3724625024
19180|0|62492|02/01/2024 19:10:28||17372|4333428808|5472834432
19148|0|35296|02/01/2024 19:09:45||17415|1641346672|2042455384
18161|0|60248|02/01/2024 11:56:55||43385|95784091560|182399102600
18707|0|80695|02/01/2024 15:45:56||29644|16287563712|16370626992
19251|0|78104|02/01/2024 19:43:13||15407|2943974776|2963956256
19010|0|60821|02/01/2024 18:02:19||21461|2071277816|2489563352
19803|0|8607|02/01/2024 23:40:33||1167|1845170872|3887322128
19599|0|31508|02/01/2024 22:12:09||6471|2504249936|2614740856
19011|0|72515|02/01/2024 18:03:27||21393|940137960|1072986600
18437|0|41700|02/01/2024 13:56:54||36186|9823440072|10764198056
18528|0|66307|02/01/2024 14:34:37||33923|4779221872|7066219944
17834|0|91475|02/01/2024 09:30:53||52147|3457302952|3511381136
19231|0|78636|02/01/2024 19:30:29||16171|1361965656|1475570024
19723|0|41167|02/01/2024 23:03:43||3377|760851952|955614624
18579|0|46705|02/01/2024 14:54:37||32723|22682395208|25456461392
17806|0|69769|02/01/2024 09:29:15||52245|12292319512|14310268624
19524|0|97111|02/01/2024 21:41:18||8322|3170506304|3531477104
17061|0|62937|02/01/2024 04:10:51|02/01/2024 23:52:59|70928|22696896848|23303546480
17634|0|67311|02/01/2024 08:01:35||57505|18344175400|18809540456
18557|0|86487|02/01/2024 14:43:47||33373|2928601568|2976450512
18087|0|97656|02/01/2024 11:20:33||45567|22812549048|29892912040
18137|0|51364|02/01/2024 11:48:53||43867|9582015664|12620988168
18295|0|42829|02/01/2024 12:55:06||39894|7272235208|7730934432
18625|0|52747|02/01/2024 15:11:43||31697|258701184|303503728
17469|0|20046|02/01/2024 06:53:51||61569|21295807032|29715229760
18275|0|52466|02/01/2024 12:40:05||40795|172959220664|370000384120
19746|0|54993|02/01/2024 23:19:57||2403|1853662896|2485945192
19577|0|88863|02/01/2024 22:09:59|02/01/2024 23:53:48|6229|277972552|304986792
19464|0|73198|02/01/2024 21:13:55||9965|2178998888|2308312896
19829|0|85732|02/01/2024 23:54:40||320|108720912|129563808
19069|0|23399|02/01/2024 18:33:20||19600|20372121648|21646449592
19502|0|73499|02/01/2024 21:32:22||8858|65293304|71351480
18881|0|56307|02/01/2024 17:06:57||24783|315091768|359432152
19181|0|14893|02/01/2024 19:16:40||17000|1072714392|1506435600
19503|0|18927|02/01/2024 21:32:42||8838|4940284840|5795299328
19271|0|44714|02/01/2024 19:59:15||14445|3495702992|3876770232
19485|0|71703|02/01/2024 21:22:06||9474|5348903088|5523941632
19119|0|82867|02/01/2024 18:57:56||18124|19714817744|37812199680
19120|0|48402|02/01/2024 18:50:34||18566|1829015752|1929709528
18139|0|34760|02/01/2024 11:43:21||44199|8964812928|9695977744
19747|0|77934|02/01/2024 23:10:51||2949|693125512|954001008
18626|0|43410|02/01/2024 15:17:58||31322|9728576216|13420497496
17766|0|5312|02/01/2024 09:09:38||53422|7709745600|9147493480
19830|0|96362|02/01/2024 23:56:37||203|38567152|47559584
18439|0|95066|02/01/2024 13:54:49||36311|543115064|545110712
18580|0|49783|02/01/2024 14:52:28||32852|5421813816|6334692640
17470|0|67595|02/01/2024 06:58:19||61301|71217041480|154789703888
18410|0|47241|02/01/2024 13:42:08||37072|2980383912|3518389928
18317|0|16122|02/01/2024 13:03:29||39391|8651678728|11559106392
19408|0|22300|02/01/2024 20:42:29||11851|4969404640|6508391584
18597|0|38214|02/01/2024 15:05:50||32050|3930155992|4800790656
19525|0|15073|02/01/2024 21:41:20||8320|195079576|201962720
18411|0|79509|02/01/2024 13:48:11||36709|4755896088|6923074440
18276|0|24213|02/01/2024 12:46:23||40417|75838691256|150676207856
19600|0|80240|02/01/2024 22:11:04||6536|1022829872|1216614864
18181|0|67106|02/01/2024 12:02:59||43021|5048582560|6419998904
19050|0|89014|02/01/2024 18:23:53||20167|15622264440|10208163088
19724|0|22301|02/01/2024 23:08:26||3094|1115628088|1128142728
18801|0|65611|02/01/2024 16:21:19||27521|1357371800|1417339304
19012|0|59817|02/01/2024 18:09:57||21003|20116670904|26385808256
17218|0|21901|02/01/2024 05:17:08||67372|9128551096|12411120696
18412|0|87742|02/01/2024 13:44:21||36939|13591961560|16135812008
19601|0|90141|02/01/2024 22:19:42||6018|192546936|252694216
19680|0|63065|02/01/2024 22:45:59||4441|2902464352|3101374816
19051|0|57679|02/01/2024 18:29:48||19812|10198134968|14963739712
18598|0|64666|02/01/2024 15:05:33||32067|2559150072|3820159592
18211|0|36128|02/01/2024 12:14:15||42345|13274314472|14675938440
18381|0|42069|02/01/2024 13:34:51||37509|6180486128|7344215104
18318|0|50537|02/01/2024 13:09:34||39026|35511877528|46960264040
18883|0|90354|02/01/2024 17:01:57||25083|584867128|597359144
17606|0|58712|02/01/2024 07:57:50||57730|31124291256|40418123736
18558|0|51005|02/01/2024 14:44:47||33313|5221565384|6273570832
19343|0|96554|02/01/2024 20:29:27||12633|2341467360|2585353792
19182|0|93514|02/01/2024 19:18:34||16886|674159664|849632552
18089|0|21691|02/01/2024 11:24:52|02/01/2024 23:56:02|45070|2433316632|2731636992
19208|0|82469|02/01/2024 19:23:26||16594|2426983968|3012890416
19272|0|59271|02/01/2024 19:55:09||14691|908876280|1280264920
19298|0|65046|02/01/2024 20:01:41||14299|33055733024|98201346128
19299|0|75318|02/01/2024 20:04:25||14135|1800946608|2449648320
19681|0|70352|02/01/2024 22:45:42||4458|1863384424|2469179496
17440|0|64617|02/01/2024 06:49:20||61840|158729176104|316326627496
19704|0|58220|02/01/2024 22:51:16||4124|1182337056|1614773072
19032|0|76632|02/01/2024 18:18:39||20481|15269713144|20194745216
19465|0|58272|02/01/2024 21:13:41||9979|7007250208|8207851512
19625|0|91313|02/01/2024 22:24:49||5711|3094186808|3597966368
17913|0|75307|02/01/2024 10:05:17||50083|603908336|819254768
18414|0|89998|02/01/2024 13:44:59||36901|18174681952|22303273128
18232|0|99038|02/01/2024 12:28:02||41518|15710967864|20564717984
19831|0|63864|02/01/2024 23:50:21||579|1337864024|3609366800
19409|0|16128|02/01/2024 20:42:47||11833|2026821608|2134502728
18485|0|58156|02/01/2024 14:14:55||35105|6404258144|8641695688
18783|0|72497|02/01/2024 16:13:48||27972|11689330768|15730045360
19121|0|15233|02/01/2024 18:56:14||18226|1756559640|1893736704
18213|0|75256|02/01/2024 12:17:26||42154|12985959496|14655737008
18531|0|82975|02/01/2024 14:37:15||33765|3808041472|5165054192
18233|0|61892|02/01/2024 12:28:35||41485|8799882536|11570004104
19578|0|89308|02/01/2024 22:08:11||6709|773346264|1010705680
19209|0|77070|02/01/2024 19:22:10||16670|2638312808|3230581048
19373|0|13878|02/01/2024 20:34:09||12351|25259110712|65341023496
19764|0|67178|02/01/2024 23:20:29||2371|5119810432|10719368448
19804|0|91131|02/01/2024 23:46:19||821|150979176|198970416
19644|0|26625|02/01/2024 22:33:56||5164|19501524480|43223281760
19210|0|52355|02/01/2024 19:28:40||16280|322037384|478169648
19832|0|69727|02/01/2024 23:58:48||72|3734200|4973152
19183|0|24054|02/01/2024 19:13:58||17162|6775357200|8658253552
19070|0|94806|02/01/2024 18:39:10||19250|5960432400|8929616928
19466|0|91548|02/01/2024 21:15:02||9898|3202901760|3810142552
18182|0|42697|02/01/2024 12:09:45||42615|15251269320|19828408448
19626|0|5777|02/01/2024 22:29:19||5441|3447239520|3497685016
18383|0|37898|02/01/2024 13:39:59||37201|5295965304|5755732336
18462|0|25002|02/01/2024 14:09:37||35423|2194168352|2444096888
19833|0|91231|02/01/2024 23:59:37||23|837864|1218856
19783|0|38204|02/01/2024 23:34:05||1555|504199664|648820840
18053|0|91721|02/01/2024 11:00:04||46796|22504821256|28788178776
17895|0|58622|02/01/2024 09:59:04||50456|14291292272|17471256072
19603|0|68298|02/01/2024 22:13:45||6375|961332832|1193222952
18277|0|35607|02/01/2024 12:49:23||40237|13648905224|19738639472
18356|0|30399|02/01/2024 13:24:12||38148|46223051824|98476061064
19645|0|12192|02/01/2024 22:37:38||4942|625573432|736989368
18319|0|50807|02/01/2024 13:05:36||39264|82975264184|199384213464
19646|0|55387|02/01/2024 22:38:08||4912|29414080|29503744
19052|0|83277|02/01/2024 18:22:38||20242|4222809624|4836474160
19092|0|28713|02/01/2024 18:40:54||19146|3829599320|5665158256
19093|0|67103|02/01/2024 18:47:49||18731|61619088632|129452773248
19805|0|31043|02/01/2024 23:44:00||960|142887984|146440944
19467|0|35810|02/01/2024 21:17:09||9771|538802440|727859744
18090|0|99225|02/01/2024 11:28:12||45108|3711705264|4672761384
19486|0|17300|02/01/2024 21:25:19||9281|2739113768|3980970312
17124|0|57145|02/01/2024 04:38:48|02/01/2024 23:51:17|69149|21461301192|23128564192
18109|0|11403|02/01/2024 11:37:41||44539|152752000|192086032
18842|0|39723|02/01/2024 16:47:41||25939|1837059472|2462192544
17959|0|13136|02/01/2024 10:24:55||48905|83678676120|62654842864
18802|0|41690|02/01/2024 16:21:38||27502|1918153832|2072721424
19549|0|36401|02/01/2024 21:51:21||7719|214767640|256573240
18962|0|26795|02/01/2024 17:49:08||22252|2451327144|2840667184
19834|0|31381|02/01/2024 23:51:06||534|91004648|111088040
19550|0|43205|02/01/2024 21:52:14||7666|1018863648|1197013360
19315|0|38286|02/01/2024 20:18:53||13267|2292540144|2328805840
18756|0|21827|02/01/2024 16:07:46||28334|552221336|700392368
19033|0|79687|02/01/2024 18:14:46||20714|8581689792|12507111232
18627|0|69686|02/01/2024 15:18:54||31266|8914378672|10303204528
18963|0|4266|02/01/2024 17:49:48||22212|3402644608|4385819232
19072|0|30505|02/01/2024 18:38:06||19314|9534746392|13730999816
18843|0|63794|02/01/2024 16:42:23||26257|1159792040|1531065632
19526|0|82821|02/01/2024 21:40:58||8342|547098224|577253208
19468|0|61975|02/01/2024 21:15:37||9863|3385047152|3505025440
18234|0|90370|02/01/2024 12:23:31||41789|6238870744|9271680344
18628|0|66645|02/01/2024 15:14:28||31532|4134958424|4396174664
19232|0|39927|02/01/2024 19:30:08||16192|32065219480|61174967040
19233|0|20016|02/01/2024 19:30:57||16143|93748680|140354424
18930|0|32294|02/01/2024 17:24:34||23726|2742216440|3972954904
17370|0|83926|02/01/2024 06:14:44||63916|26124588312|38436469568
17516|0|90910|02/01/2024 07:12:08||60472|19217687888|22657711552
18803|0|54549|02/01/2024 16:28:18||27102|3749333272|5383117672
18384|0|85555|02/01/2024 13:30:36||37764|83460204888|168885207168
18600|0|97084|02/01/2024 15:02:50||32230|12895954064|13785628400
19184|0|22859|02/01/2024 19:14:01||17159|548297208|783339304
19273|0|97830|02/01/2024 19:52:51||14829|2105275080|2271448104
19682|0|88502|02/01/2024 22:45:17||4483|17380733216|45074000720
19316|0|87020|02/01/2024 20:12:13||13667|2222294160|2667603872
17866|0|81151|02/01/2024 09:41:07||51533|8814766248|10726624096
19035|0|52373|02/01/2024 18:15:20||20680|25048296088|16068997120
18987|0|54120|02/01/2024 17:59:02||21658|7563448768|9594989728
19579|0|80781|02/01/2024 22:04:37||6923|616909072|752097984
18507|0|24393|02/01/2024 14:29:29||34231|9317557808|10803846680
19374|0|80798|02/01/2024 20:37:27||12153|3044798392|3576747232
19317|0|45845|02/01/2024 20:18:29||13291|892265392|1178190480
19375|0|7176|02/01/2024 20:32:30||12450|2004784496|2928504280
18685|0|13029|02/01/2024 15:36:39||30201|3653502664|4624143816
18844|0|14069|02/01/2024 16:40:27||26373|70952045016|182707308904
18629|0|41862|02/01/2024 15:14:01||31559|7897868560|8042857264
19725|0|44497|02/01/2024 23:08:36||3084|4068365840|5213295464
18757|0|4405|02/01/2024 16:02:11||28669|5311306720|7770030888
17790|0|45389|02/01/2024 09:14:45||53115|5033134864|5598748480
18867|0|93343|02/01/2024 16:59:43||25217|39281394424|74189542712
19429|0|83702|02/01/2024 20:59:07||10853|4578778064|5662096608
19580|0|60671|02/01/2024 22:06:51||6789|22589234592|43381973648
19036|0|94556|02/01/2024 18:10:26||20974|5034636904|5184149664
19344|0|88205|02/01/2024 20:26:10||12830|3067845080|3896992720
17960|0|67368|02/01/2024 10:25:51||48849|22782354264|24915344184
19053|0|77259|02/01/2024 18:20:29||20371|1070108984|1353531088
19487|0|96661|02/01/2024 21:23:42||9378|1296346136|1931357632
19581|0|86178|02/01/2024 22:06:11||6829|335528808|390553416
18708|0|89519|02/01/2024 15:49:03||29457|87890278448|181809436592
18734|0|77651|02/01/2024 15:53:49||29171|2411761336|2415497728
18845|0|11325|02/01/2024 16:43:06||26214|34309168488|79353723088
19504|0|55642|02/01/2024 21:33:32||8788|42635736|48690736
19376|0|10559|02/01/2024 20:36:04||12236|4477938456|5445266280
18988|0|38624|02/01/2024 17:57:15||21765|48031276776|123596684536
19627|0|98651|02/01/2024 22:21:48||5892|660781080|872439448
18261|0|39921|02/01/2024 12:30:44||41356|19147439888|25592282960
18561|0|36429|02/01/2024 14:43:24||33396|6494222768|9593916016
17770|0|91782|02/01/2024 09:04:57||53703|10629462024|12127986088
19094|0|9731|02/01/2024 18:43:39||18981|43465169144|84087851024
19274|0|40702|02/01/2024 19:51:04||14936|1252528976|1298484184
19683|0|57772|02/01/2024 22:46:04||4436|466236208|692298960
17473|0|86096|02/01/2024 06:59:28||61232|286406702576|536982157488
19551|0|10021|02/01/2024 21:50:30||7770|27642240|34052096
19095|0|15671|02/01/2024 18:44:14||18946|13222095576|15147236912
19185|0|80900|02/01/2024 19:12:17||17263|2054284808|2315144352
19748|0|55313|02/01/2024 23:18:11||2509|1435775352|2069742808
17868|0|60247|02/01/2024 09:47:32||51148|9058616264|9570232944
18415|0|29693|02/01/2024 13:48:32||36688|13266872|14407896
19469|0|45528|02/01/2024 21:10:16||10184|26884559656|69663960488
19527|0|12799|02/01/2024 21:41:30||8310|3714625288|4705393248
18035|0|66920|02/01/2024 10:55:12||47088|30913430872|31353108048
17545|0|55731|02/01/2024 07:28:22||59498|2854611424|4199733888
19442|0|8522|02/01/2024 21:09:13||10247|150318976|159853080
19552|0|16861|02/01/2024 21:52:04||7676|271070328|396877888
18298|0|76584|02/01/2024 12:57:59||39721|18348415904|19755109880
18184|0|5632|02/01/2024 12:08:37||42683|10965162520|13238661184
19123|0|93398|02/01/2024 18:52:08||18472|9391984536|12998635216
19835|0|18673|02/01/2024 23:58:57||63|5217000|5768776
19726|0|21544|02/01/2024 23:00:11||3589|1171255680|1243637112
18581|0|25742|02/01/2024 14:57:20||32560|7594913272|9184848344
18735|0|5573|02/01/2024 15:58:36||28884|5675105712|7189755528
19252|0|12626|02/01/2024 19:46:45||15195|494586040|542872064
18012|0|21856|02/01/2024 10:42:18||47862|17094247192|23076497088
17148|0|48466|02/01/2024 04:40:04||69596|9306102648|12884237096
19253|0|42379|02/01/2024 19:45:41||15259|307152568|399791864
18071|0|54035|02/01/2024 11:10:10||46190|3110177592|3281122040
18562|0|37232|02/01/2024 14:44:03||33357|6848381800|7140020728
19582|0|36505|02/01/2024 22:06:33||6807|11892404800|26217653288
17771|0|33434|02/01/2024 09:03:01||53819|3490087080|4189606880
19528|0|89878|02/01/2024 21:48:54||7866|2318071312|2942692424
19430|0|71826|02/01/2024 20:55:36||11064|1803666424|1887742544
17303|0|78405|02/01/2024 05:45:40||65660|282833749400|529118984936
19037|0|95715|02/01/2024 18:14:51||20709|608571544|767083000
18907|0|97549|02/01/2024 17:18:05||24115|5537803024|7412226024
19684|0|54072|02/01/2024 22:45:03||4497|740285000|1044710640
19727|0|13012|02/01/2024 23:07:07||3173|6927380968|17088589648
18736|0|80903|02/01/2024 15:50:27||29373|24126824344|59056811464
18805|0|20461|02/01/2024 16:24:46||27314|1524682952|2200780880
19553|0|86957|02/01/2024 21:50:32||7768|188111336|199813088
17608|0|62538|02/01/2024 07:54:43||57917|3473471104|3542447168
19300|0|7155|02/01/2024 20:08:15||13905|252926408|312244608
19345|0|47480|02/01/2024 20:28:44||12676|3014308536|3974231520
18215|0|56779|02/01/2024 12:12:57|02/01/2024 23:57:59|42302|3179179600|4495020008
18846|0|84557|02/01/2024 16:47:46||25934|72485738304|141567173208
18322|0|66334|02/01/2024 13:08:56||39064|102107624024|254317237520
18278|0|12099|02/01/2024 12:44:40|02/01/2024 23:53:20|40120|1206421784|1649651840
17609|0|73017|02/01/2024 07:59:03||57657|97460004800|288844202024
19301|0|38351|02/01/2024 20:01:39||14301|2222302384|2582854712
18185|0|6918|02/01/2024 12:04:21||42939|13389494800|14629279456
18785|0|87312|02/01/2024 16:17:44||27736|6170764760|7371432848
19275|0|87788|02/01/2024 19:51:49||14891|1402565064|1947621376
19554|0|30325|02/01/2024 21:58:32||7288|1613745568|2092113536
19073|0|58758|02/01/2024 18:37:10||19370|1209364752|1394324584
18806|0|11392|02/01/2024 16:25:39||27261|11998635800|16495409072
19470|0|72869|02/01/2024 21:12:57||10023|812305056|1140664536
17546|0|45814|02/01/2024 07:27:20||59560|663337024|812350352
18344|0|97683|02/01/2024 13:14:52||38708|1389502328|1721598472
18533|0|15140|02/01/2024 14:30:01||34199|6855414648|8334778648
18964|0|8691|02/01/2024 17:40:13||22787|1223935160|1589770544
19014|0|41487|02/01/2024 18:05:37||21263|8908208752|10031786504
18323|0|36156|02/01/2024 13:06:11|02/01/2024 23:51:29|38718|53246405880|34330405440
19806|0|50217|02/01/2024 23:48:39||681|166244608|226038960
19705|0|81865|02/01/2024 22:58:32||3688|3077634392|3306043248
19647|0|69227|02/01/2024 22:38:40||4880|169857664|194227848
19555|0|9699|02/01/2024 21:54:18||7542|599077736|813404296
18632|0|78053|02/01/2024 15:10:06||31794|1558861072|2156256224
17727|0|10022|02/01/2024 08:40:08||55192|7300367088|9846444864
17547|0|33659|02/01/2024 07:27:18||59562|1576945760|2062003504
19186|0|36613|02/01/2024 19:13:44||17176|3698508568|4772573296
19604|0|81175|02/01/2024 22:14:19||6341|575307768|579233864
19211|0|61780|02/01/2024 19:24:59||16501|1821105880|2711847224
18324|0|23997|02/01/2024 13:07:25||39155|7742186720|9585915992
19150|0|65242|02/01/2024 19:03:57||17763|2025276104|2420381064
18989|0|83574|02/01/2024 17:58:44||21676|115262718976|220636937656
17937|0|89409|02/01/2024 10:16:44||49396|50100267208|106375045760
19749|0|98621|02/01/2024 23:12:57||2823|653366776|780216240
17938|0|68529|02/01/2024 10:18:28||49292|31774295512|33135980280
18602|0|5584|02/01/2024 15:01:20||32320|17498178152|21200643728
19124|0|11094|02/01/2024 18:53:33||18387|5087855496|5608365520
18661|0|52873|02/01/2024 15:23:59||30961|9632735472|11974304400
19685|0|95063|02/01/2024 22:49:29||4231|572058936|619472624
18141|0|22626|02/01/2024 11:46:19||44021|2644767200|3544790848
19505|0|7018|02/01/2024 21:38:45||8475|418454528|509336376
18633|0|37512|02/01/2024 15:18:38||31282|14255984968|21199827776
19318|0|35844|02/01/2024 20:19:54||13206|4228862040|4678774784
19254|0|40236|02/01/2024 19:49:23||15037|15051198800|8741876728
19628|0|36211|02/01/2024 22:20:24||5976|105997800|121279480
19471|0|72885|02/01/2024 21:17:56||9724|997980720|1377211208
19151|0|50061|02/01/2024 19:09:40||17420|884454728|1082870688
19583|0|71110|02/01/2024 22:09:13||6647|2169957248|2996521672
19015|0|55562|02/01/2024 18:07:59||21121|2494729328|3101455648
19629|0|7418|02/01/2024 22:21:01||5939|464361760|550356240
17939|0|45519|02/01/2024 10:13:22||49598|13992926080|20716491384
19488|0|86299|02/01/2024 21:21:45||9495|1560494720|1990004744
19686|0|19965|02/01/2024 22:48:45||4275|739734880|1009261224
18821|0|40161|02/01/2024 16:39:06||26454|1469862680|1886614568
19605|0|98472|02/01/2024 22:10:18||6582|894469224|1197749472
19346|0|68194|02/01/2024 20:24:07||12953|1615046264|2324232616
19187|0|49854|02/01/2024 19:10:20||17380|1400972056|1894682760
19443|0|81674|02/01/2024 21:07:39||10341|987644088|1356520560
18236|0|47910|02/01/2024 12:28:32||41488|3214211680|3987392472
19235|0|85726|02/01/2024 19:31:21||16119|31375257112|89717374064
18387|0|3957|02/01/2024 13:31:40||37700|3276464456|4899964360
18947|0|44695|02/01/2024 17:33:26||23194|2967682336|3737464520
19188|0|13619|02/01/2024 19:14:38||17122|868686760|1101045840
19765|0|19394|02/01/2024 23:21:51||2289|4608233056|11832590336
19255|0|42042|02/01/2024 19:40:05||15595|1485197688|1940436768
18465|0|17133|02/01/2024 14:07:13||35567|126694293312|298159296992
18416|0|81440|02/01/2024 13:42:27||37053|22597850360|32999177232
19807|0|79473|02/01/2024 23:49:14||646|94562360|140805864
17896|0|75508|02/01/2024 09:56:23||50617|8142565888|9416190872
19074|0|60063|02/01/2024 18:38:09||19311|6664034368|7189309184
17517|0|31666|02/01/2024 07:14:27||60333|4020704768|4837621872
19276|0|39548|02/01/2024 19:54:40||14720|3087879824|3577093856
19236|0|56510|02/01/2024 19:31:10||16130|12397930120|15831778584
19506|0|75915|02/01/2024 21:32:07||8873|587624560|836747960
18013|0|45148|02/01/2024 10:49:30||47430|12193516088|15652877336
18868|0|91442|02/01/2024 16:59:54||25206|2667201456|2938951768
18759|0|20792|02/01/2024 16:00:57||28743|7160050032|14347539496
19648|0|77834|02/01/2024 22:37:19||4961|870379600|960595704
19319|0|37121|02/01/2024 20:15:35||13465|272901168|291457480
19347|0|79657|02/01/2024 20:25:53||12847|11820628464|14705144592
17730|0|55293|02/01/2024 08:43:31||54989|6573627504|7272386432
19687|0|27590|02/01/2024 22:40:28||4772|1476306696|1686304264
18388|0|92253|02/01/2024 13:35:31||37469|5481382040|5752764064
19630|0|11799|02/01/2024 22:24:44||5716|74650464|77136112
19688|0|91531|02/01/2024 22:40:13||4787|920819136|1038395144
18325|0|42501|02/01/2024 13:05:30||39270|2411591600|3420458016
17870|0|95722|02/01/2024 09:47:34||51146|5384099152|7599083928
18822|0|89316|02/01/2024 16:30:30||26970|7456912528|9704416288
19256|0|68416|02/01/2024 19:49:19||15041|3570707920|3713853304
19784|0|47261|02/01/2024 23:34:14||1546|221421192|275748080
18534|0|90723|02/01/2024 14:39:11||33649|1478441072|2110125360
17812|0|19747|02/01/2024 09:25:17||52483|3152394864|3290639168
18932|0|35936|02/01/2024 17:29:26||23434|5608127024|7841391144
19750|0|54507|02/01/2024 23:17:20||2560|421739576|504160744
17378|0|49346|02/01/2024 06:11:25||64115|10949691664|12675389744
19785|0|21026|02/01/2024 23:34:44||1516|443601424|658414920
18112|0|22037|02/01/2024 11:35:26||44674|5917136800|6038857936
17940|0|33554|02/01/2024 10:13:52||49568|84873359480|206043046312
18966|0|15632|02/01/2024 17:47:22||22358|11088822528|13958378280
19212|0|86647|02/01/2024 19:24:15||16545|2510842080|3587556880
18967|0|41871|02/01/2024 17:48:43||22277|9689561192|11697151368
18968|0|7207|02/01/2024 17:41:02||22738|6398540728|6920311568
18869|0|14734|02/01/2024 16:54:32||25528|3633684216|5077862744
19606|0|30801|02/01/2024 22:14:46||6314|243812624|359815856
18848|0|18827|02/01/2024 16:49:57||25803|4969664816|5781819976
17844|0|93551|02/01/2024 09:32:45||52035|29810852504|33921568624
19377|0|34171|02/01/2024 20:39:27||12033|727341832|787788976
19472|0|80671|02/01/2024 21:10:01||10199|4354355208|4887369520
18603|0|89289|02/01/2024 15:03:26||32194|11058805032|11605409312
19490|0|30802|02/01/2024 21:23:44||9376|2291150048|3122953760
18712|0|59591|02/01/2024 15:41:37||29903|9574803040|12623512408
18418|0|53609|02/01/2024 13:45:18||36882|4008907552|5784897392
18364|0|7346|02/01/2024 13:22:32||38248|3580690816|5245583416
19473|0|23643|02/01/2024 21:19:13||9647|464702472|620221696
17680|0|4571|02/01/2024 08:26:42||55998|6439447968|7528111536
18885|0|97195|02/01/2024 17:03:57||24963|830891064|1224739496
19189|0|77547|02/01/2024 19:17:08||16972|1168425432|1543836936
18823|0|84629|02/01/2024 16:32:24||26856|1683389512|1925315632
18563|0|97014|02/01/2024 14:45:14||33286|97104588008|197590968144
19152|0|31637|02/01/2024 19:06:36||17604|872347560|1010854080
19378|0|85054|02/01/2024 20:30:00||12600|4640250280|4653992216
19529|0|12382|02/01/2024 21:46:46||7994|2397613024|3249370776
18113|0|35300|02/01/2024 11:39:34||44426|1648949688|2189000800
19410|0|32359|02/01/2024 20:41:30||11910|3033043040|4002041552
18037|0|7108|02/01/2024 10:55:31||47069|18614854280|24311443816
19213|0|46049|02/01/2024 19:26:04||16436|961909216|1341248072
19631|0|43357|02/01/2024 22:28:42||5478|1515370928|1887464896
18713|0|64565|02/01/2024 15:40:00||30000|8472865168|11643008752
19075|0|34436|02/01/2024 18:31:45||19695|3812265320|4562125336
17990|0|94877|02/01/2024 10:33:32||48388|4919359520|6587435368
19214|0|57313|02/01/2024 19:25:47||16453|2093293288|2412217344
19348|0|51793|02/01/2024 20:28:40||12680|8355982680|8919050304
19689|0|87765|02/01/2024 22:40:44||4756|469341336|485465640
18786|0|42420|02/01/2024 16:13:02||28018|23421791184|17597697792
17496|0|71414|02/01/2024 07:07:50||60730|13831003312|19548614168
18662|0|66574|02/01/2024 15:26:31||30809|66276774824|197906984264
18824|0|32519|02/01/2024 16:34:15||26745|4151507880|5563461784
19237|0|30269|02/01/2024 19:35:23||15877|1047513824|1439909016
18990|0|64809|02/01/2024 17:52:44||22036|13372951560|19131156472
18186|0|5293|02/01/2024 12:08:45||42675|3807886648|4369438328
19706|0|23279|02/01/2024 22:55:41||3859|1564394072|1827038472
18509|0|94231|02/01/2024 14:22:30|02/01/2024 23:59:37|34627|10780938872|11196328976
19257|0|30128|02/01/2024 19:48:08||15112|1878937520|2140761200
19349|0|97245|02/01/2024 20:29:50||12610|2895009504|3626069712
18075|0|66723|02/01/2024 11:18:03||45717|1566248760|2010849088
18238|0|38245|02/01/2024 12:21:04||41936|14415817512|14540684328
19431|0|99013|02/01/2024 20:55:51||11049|5436114704|5449237768
18807|0|33117|02/01/2024 16:23:24||27396|1401574128|1424243912
19038|0|25214|02/01/2024 18:14:49||20711|7743979696|9655250816
19153|0|60261|02/01/2024 19:09:19||17441|860065592|971086240
19530|0|39694|02/01/2024 21:43:44||8176|1487853448|1658803384
17640|0|32313|02/01/2024 08:06:24||57216|24277453760|28301562928
19786|0|28726|02/01/2024 23:32:23||1657|449705176|523580056
18564|0|51683|02/01/2024 14:46:46||33194|659012208|696198000
19411|0|96840|02/01/2024 20:43:50||11770|4998395144|5892370288
18076|0|76706|02/01/2024 11:15:29||45871|3910621040|5212023728
18421|0|64939|02/01/2024 13:40:40||37160|4796904984|5865480376
18714|0|34656|02/01/2024 15:46:12||29628|12806518032|15286629032
19277|0|86308|02/01/2024 19:52:51||14829|35013641336|71051404384
17380|0|66039|02/01/2024 06:13:56||63964|16354022240|18469498192
19258|0|22415|02/01/2024 19:45:21||15279|2133442056|2408972384
18366|0|57831|02/01/2024 13:28:00||37920|14374911728|16164458136
18604|0|82438|02/01/2024 15:03:06||32214|7607048360|10114695576
18441|0|12734|02/01/2024 13:51:50||36490|6447760032|7815046296
18760|0|42706|02/01/2024 16:07:01||28379|3725459808|4651332768
19320|0|81922|02/01/2024 20:17:03||13377|1881759832|2247819984
18933|0|37455|02/01/2024 17:24:48||23712|596168136|629692488
19445|0|41100|02/01/2024 21:08:02||10318|3003803624|3597070688
18279|0|78649|02/01/2024 12:44:01||40559|17551633064|21284688856
19259|0|72116|02/01/2024 19:48:24||15096|4544030552|5730221160
18969|0|96328|02/01/2024 17:45:54||22446|4732585576|5803647320
18443|0|21834|02/01/2024 13:58:30||36090|1466833992|2105404536
18510|0|90329|02/01/2024 14:27:54||34326|83092358968|160079347440
18566|0|33283|02/01/2024 14:44:17||33343|3253293488|3681822608
18567|0|26103|02/01/2024 14:47:23||33157|1726368392|2338361288
19766|0|23556|02/01/2024 23:28:36||1884|4582833128|9524452264
18825|0|71547|02/01/2024 16:36:11||26629|1465014984|1905327392
19097|0|12623|02/01/2024 18:49:38||18622|4281313200|5794224256
19379|0|70023|02/01/2024 20:32:16||12464|3000564912|3837846144
18116|0|42392|02/01/2024 11:31:26||44914|3764810056|5619931240
18535|0|15492|02/01/2024 14:31:12||34128|111630088872|252161297368
18217|0|8672|02/01/2024 12:13:34||42386|7281625736|8214744000
17685|0|32980|02/01/2024 08:23:47||56173|48850805240|132174363928
19321|0|75783|02/01/2024 20:11:46||13694|1971544368|2249510176
19322|0|48155|02/01/2024 20:14:19||13541|896296664|1131288024
19728|0|48473|02/01/2024 23:07:36||3144|1388780904|1411965824
18606|0|80768|02/01/2024 15:08:22||31898|13065087640|15234327056
19154|0|94454|02/01/2024 19:01:19||17921|3002336816|3962473712
17686|0|6895|02/01/2024 08:23:55||56165|32055035168|46378386600
18738|0|77975|02/01/2024 15:55:27||29073|6743708912|7881580456
19260|0|95545|02/01/2024 19:45:23||15277|5868709664|6641689608
18607|0|36440|02/01/2024 15:07:49||31931|14460617688|15151927464
19304|0|8196|02/01/2024 20:02:50||14230|3224666744|3679742792
19531|0|24307|02/01/2024 21:40:29||8371|708247528|718281072
17899|0|16254|02/01/2024 09:55:14|02/01/2024 23:55:31|50417|57608167176|132672997248
18536|0|24285|02/01/2024 14:38:42||33678|142988045032|273121458040
19707|0|68801|02/01/2024 22:51:40||4100|636298344|949781080
18537|0|7806|02/01/2024 14:31:10||34130|7745273520|9269674016
19039|0|52231|02/01/2024 18:14:45||20715|6224281816|9295856904
19215|0|4374|02/01/2024 19:20:52||16748|6129407512|8383993248
19507|0|85181|02/01/2024 21:36:26||8614|578715984|628049416
19532|0|25349|02/01/2024 21:44:45||8115|25021959352|47281646632
19018|0|98757|02/01/2024 18:04:31||21329|7003372192|8607406352
19836|0|64022|02/01/2024 23:57:26||154|69716288|84951464
18739|0|50729|02/01/2024 15:50:23||29377|21913230264|27825313528
19216|0|20749|02/01/2024 19:26:03||16437|1514257312|1694606712
18608|0|44614|02/01/2024 15:07:01||31979|4266062608|4611617832
19126|0|97815|02/01/2024 18:55:37||18263|2230302528|2892971240
18908|0|35317|02/01/2024 17:14:27||24333|1769762416|2375810032
18142|0|24262|02/01/2024 11:46:02||44038|11206169536|15597376224
17662|0|83607|02/01/2024 08:13:00||56820|31797551704|32007251384
18188|0|25907|02/01/2024 12:06:17|02/01/2024 23:54:03|42466|324250192|432948512
19837|0|25907|02/01/2024 23:54:34||326|18940312|19482656
19649|0|14713|02/01/2024 22:37:26||4954|5532612616|6789062368
18511|0|83499|02/01/2024 14:27:11||34369|885043216|943104848
19729|0|35150|02/01/2024 23:00:45||3555|913958272|1067311168
18488|0|41122|02/01/2024 14:11:12||35328|2846795280|3350677008
19380|0|68955|02/01/2024 20:39:54||12006|553896888|630598296
18808|0|59429|02/01/2024 16:29:00||27060|726490632|845340704
18761|0|44559|02/01/2024 16:07:01||28379|14411818528|16106678368
19808|0|99435|02/01/2024 23:44:34||926|21543616|23455672
19650|0|49018|02/01/2024 22:35:20||5080|1375385224|1754390944
17444|0|56861|02/01/2024 06:47:44||61936|4052326640|5589449896
19838|0|5229|02/01/2024 23:56:11||229|46024480|54758480
18689|0|43993|02/01/2024 15:30:40||30560|20017704720|22751472256
19040|0|58268|02/01/2024 18:18:15||20505|1768696632|2505551336
18039|0|27338|02/01/2024 10:56:26||47014|8609004504|12136368960
19767|0|74855|02/01/2024 23:27:53||1927|1961221696|3881143536
18367|0|85851|02/01/2024 13:20:36||38364|1830185272|2031118224
19839|0|31921|02/01/2024 23:54:52||308|24178408|34227136
19127|0|85349|02/01/2024 18:58:10||18110|855636936|994746144
19651|0|81075|02/01/2024 22:31:23||5317|824333504|832795816
17281|0|64648|02/01/2024 05:32:20|02/01/2024 23:57:36|66316|33280522904|36003245024
18468|0|91369|02/01/2024 14:03:17||35803|8438039032|10142521344
19238|0|11122|02/01/2024 19:37:07||15773|1586418232|1735862936
18582|0|78438|02/01/2024 14:52:32||32848|4863498528|7056272912
18887|0|73115|02/01/2024 17:08:26||24694|48923413560|146637416888
17963|0|49770|02/01/2024 10:21:55||49085|7081099376|7504633888
19098|0|84206|02/01/2024 18:45:39||18861|8693266936|12208145944
18971|0|41631|02/01/2024 17:49:54||22206|1479100120|1900646944
19809|0|85153|02/01/2024 23:43:56||964|4893187312|10017662144
19056|0|36055|02/01/2024 18:22:58||20222|7832695808|11142588744
19840|0|22823|02/01/2024 23:58:10||110|41916136|44048448
17497|0|31918|02/01/2024 07:09:11||60649|13467313464|17202813448
19190|0|13249|02/01/2024 19:11:26||17314|56826232|64795656
18787|0|70289|02/01/2024 16:16:42||27798|3333958504|4631686352
17445|0|16086|02/01/2024 06:45:29||62071|14275867800|17253350688
18489|0|56301|02/01/2024 14:14:51||35109|397900424|482563368
19381|0|87107|02/01/2024 20:39:13||12047|83853544|113179832
19556|0|6153|02/01/2024 21:50:53||7747|220928120|244940352
19841|0|6702|02/01/2024 23:52:26||454|208407488|240038864
18168|0|73857|02/01/2024 11:53:16||43604|125423791144|337158822984
17615|0|65778|02/01/2024 07:55:28||57872|106250228008|217423395568
18788|0|21019|02/01/2024 16:19:13||27647|454281888|613565728
19751|0|29612|02/01/2024 23:14:26||2734|579271392|647408728
19690|0|37027|02/01/2024 22:41:34||4706|136481040|178019840
19239|0|46855|02/01/2024 19:31:58||16082|346205024|497996680
19474|0|13064|02/01/2024 21:11:18||10122|1131994912|1522519560
19057|0|6776|02/01/2024 18:27:54||19926|7506116912|9978036152
19768|0|34153|02/01/2024 23:20:52||2348|726710560|1086079864
17816|0|54720|02/01/2024 09:29:25||52235|15644929712|17995104200
19632|0|50750|02/01/2024 22:23:25||5795|949078072|1052696408
18665|0|16280|02/01/2024 15:23:27||30993|12330797728|15331288176
18280|0|18658|02/01/2024 12:41:09||40731|3641124432|5387753048
18636|0|85960|02/01/2024 15:19:07||31253|37814470768|88824520720
19475|0|59724|02/01/2024 21:12:33||10047|2815342888|4033416312
17522|0|97249|02/01/2024 07:11:18||60522|11753088704|13727981008
19557|0|81508|02/01/2024 21:58:24||7296|25031528608|71244068528
19099|0|4995|02/01/2024 18:43:12||19008|1523113272|1627333208
19350|0|49181|02/01/2024 20:25:32||12868|383621776|420142048
18189|0|37382|02/01/2024 12:08:00||42720|59835104096|42119475896
19652|0|16510|02/01/2024 22:32:25||5255|155651368|200282048
17731|0|57918|02/01/2024 08:41:31||55109|15965379152|16422392648
19476|0|79624|02/01/2024 21:16:08||9832|3777681992|3924195688
19810|0|42719|02/01/2024 23:43:45||975|463679480|628052872
19653|0|94252|02/01/2024 22:37:19||4961|1599590512|1954397352
19432|0|73530|02/01/2024 20:50:26||11374|4422947920|5706180704
19128|0|25062|02/01/2024 18:51:38||18502|9106387584|9306184512
18240|0|92645|02/01/2024 12:29:13||41447|65513386200|129432184472
18281|0|12085|02/01/2024 12:48:45||40275|6239785000|6971264320
19787|0|38527|02/01/2024 23:35:25||1475|3146006984|6663910128
19155|0|56679|02/01/2024 19:02:03||17877|14325826288|15786048056
19019|0|46835|02/01/2024 18:03:27||21393|397442704|561338088
17752|0|48645|02/01/2024 08:54:30||54330|11286318160|15359048528
18715|0|61372|02/01/2024 15:44:58||29702|3566099920|4583569560
19508|0|17802|02/01/2024 21:34:34||8726|575486688|655735232
19811|0|92205|02/01/2024 23:42:07||1073|136295320|168642696
19129|0|6144|02/01/2024 18:54:58||18302|2881128704|4030122440
19305|0|59731|02/01/2024 20:06:45||13995|617092176|711642192
19156|0|29486|02/01/2024 19:08:34||17486|7700478992|9769946904
19446|0|54905|02/01/2024 21:01:27||10713|8754604408|11345488936
19262|0|92449|02/01/2024 19:49:27||15033|2483178880|3572285992
17900|0|74606|02/01/2024 09:54:33||50727|1721042008|2176393920
19382|0|76991|02/01/2024 20:39:53||12007|2316601144|2647373752
17251|0|99981|02/01/2024 05:23:49||66971|10424161408|13145675032
18972|0|10919|02/01/2024 17:42:25||22655|1542706376|1823272864
18369|0|83555|02/01/2024 13:29:16||37844|342919808|488988464
19306|0|63988|02/01/2024 20:07:23||13957|8941561944|9110866384
18016|0|78954|02/01/2024 10:46:03||47637|8868993248|10231001096
18910|0|86831|02/01/2024 17:16:24||24216|1460878256|2084014616
18973|0|16612|02/01/2024 17:48:27||22293|7146366152|9884361936
17992|0|74187|02/01/2024 10:31:57||48483|458416168|482614704
19691|0|66099|02/01/2024 22:46:12||4428|560798448|690278984
19351|0|67317|02/01/2024 20:26:51||12789|1932054480|2589470416
18934|0|78514|02/01/2024 17:26:03||23637|3224483312|4098012000
19323|0|18073|02/01/2024 20:17:18||13362|11716112840|23760511008
17818|0|63004|02/01/2024 09:21:07||52733|9068967328|9071519792
18444|0|99591|02/01/2024 13:50:03||36597|13534564456|19038021560
18423|0|37896|02/01/2024 13:46:46||36794|68995383480|195581437304
19607|0|13874|02/01/2024 22:13:26||6394|1043935648|1129873864
19307|0|86624|02/01/2024 20:08:17||13903|8090276984|9375459240
18852|0|71602|02/01/2024 16:49:50||25810|1019487704|1099121984
19708|0|85680|02/01/2024 22:56:17||3823|6680816664|19872809192
19352|0|5171|02/01/2024 20:23:07||13013|472030256|580166520
18789|0|13040|02/01/2024 16:14:11||27949|28971480960|84196991664
18305|0|6034|02/01/2024 12:52:17||40063|77762205248|167277953712
18716|0|7887|02/01/2024 15:43:13||29807|21897906688|23383865952
19709|0|79889|02/01/2024 22:52:56||4024|3136732104|3706245848
18950|0|47736|02/01/2024 17:36:33||23007|83687773472|219528887736
18093|0|5765|02/01/2024 11:20:23||45577|8219227328|11641214808
18040|0|17337|02/01/2024 10:56:42||46998|149952746896|334816266768
19353|0|31368|02/01/2024 20:22:09||13071|5916491896|6144088856
19076|0|51345|02/01/2024 18:35:59||19441|80583246800|169646515648
18790|0|42103|02/01/2024 16:12:06||28074|26012608744|30184791032
18974|0|24130|02/01/2024 17:40:54||22746|3800104744|4659338664
19584|0|93153|02/01/2024 22:00:07||7193|1494096096|1998685560
19217|0|79354|02/01/2024 19:26:42||16398|1837361072|2172356704
19585|0|79205|02/01/2024 22:02:06||7074|385797680|461544952
18513|0|61026|02/01/2024 14:24:14||34546|1284782560|1453169232
19383|0|58580|02/01/2024 20:38:31||12089|2240367152|2987883040
19654|0|94374|02/01/2024 22:39:46||4814|28892472|33533648
19710|0|43064|02/01/2024 22:56:57||3783|616496808|719902088
18809|0|48487|02/01/2024 16:20:33||27567|8996649272|9659527392
19509|0|29115|02/01/2024 21:31:06||8934|181416656|237523024
18912|0|67192|02/01/2024 17:11:41||24499|5348515672|6187311664
19241|0|13858|02/01/2024 19:32:54||16026|583864104|613096296
19633|0|87860|02/01/2024 22:22:55||5825|1445213000|1884391400
18568|0|6009|02/01/2024 14:47:47||33133|6275534152|8026235240
19533|0|10483|02/01/2024 21:40:01||8399|695313736|1042210496
18937|0|90250|02/01/2024 17:21:13||23927|4127384472|5138293328
18692|0|13155|02/01/2024 15:36:33||30207|860742568|1262617152
19491|0|41686|02/01/2024 21:21:47||9493|5463565664|5673987848
19769|0|73860|02/01/2024 23:25:31||2069|515233272|549417000
19384|0|40447|02/01/2024 20:34:56||12304|1861391416|2713387024
19279|0|75227|02/01/2024 19:53:47||14773|54560808|57162792
18764|0|42629|02/01/2024 16:02:46||28634|10721594400|13065398328
18741|0|70346|02/01/2024 15:59:42||28818|4210158400|5060327120
19586|0|70569|02/01/2024 22:07:22||6758|104745248|152577576
18306|0|84422|02/01/2024 12:53:47||39973|16084620912|21728633912
19447|0|57299|02/01/2024 21:00:43||10757|710340624|1058646112
19655|0|56614|02/01/2024 22:35:12||5088|925712000|1071371456
18041|0|72304|02/01/2024 10:54:01||47159|21663831744|22304876960
17965|0|72445|02/01/2024 10:22:30||49050|4073095384|5920980848
19264|0|77182|02/01/2024 19:45:13||15287|4031441952|4649953888
19812|0|15301|02/01/2024 23:47:28||752|40946064|54488512
19355|0|46825|02/01/2024 20:22:50||13030|9479667912|11568095344
18169|0|56312|02/01/2024 11:58:38||43282|4135065192|4409282176
18490|0|41285|02/01/2024 14:17:48||34932|3999766976|5684117184
17966|0|15873|02/01/2024 10:20:59||49141|25006692256|27776608840
19608|0|56825|02/01/2024 22:19:08||6052|1949237712|2180388928
19510|0|10797|02/01/2024 21:35:09||8691|11363187376|27708337904
17551|0|59905|02/01/2024 07:21:53||59887|18278529000|25044633640
19100|0|98961|02/01/2024 18:44:48||18912|4224190328|5881979064
19434|0|77390|02/01/2024 20:57:57||10923|4233986080|4253302304
18445|0|9063|02/01/2024 13:59:22||36038|84460285640|162747078168
18765|0|26265|02/01/2024 16:07:50||28330|10352710696|10928230408
19412|0|70496|02/01/2024 20:48:37||11483|6162894640|8470178616
19325|0|54206|02/01/2024 20:10:18||13782|30460552464|88768013696
18742|0|87900|02/01/2024 15:53:35||29185|68392679992|137345524752
19656|0|52498|02/01/2024 22:37:30||4950|932529560|1393504912
18307|0|17617|02/01/2024 12:57:56||39724|23000806848|28513350392
19558|0|29622|02/01/2024 21:55:20||7480|5339470944|13475456856
17712|0|64031|02/01/2024 08:33:13||55607|32296095736|39457291032
19101|0|69277|02/01/2024 18:49:11||18649|3248200968|4392983992
18470|0|53041|02/01/2024 14:04:52||35708|45843231352|121266673848
18609|0|94004|02/01/2024 15:05:27||32073|9683795792|10152792424
17381|0|89561|02/01/2024 06:18:40||63680|22294192904|23275631952
18266|0|51411|02/01/2024 12:35:25||41075|2692365152|3444004464
18144|0|39563|02/01/2024 11:45:20||44080|5607003976|7824596856
18308|0|7740|02/01/2024 12:51:07||40133|14754975216|17734969496
19788|0|95245|02/01/2024 23:31:03||1737|1595463648|4560352328
18218|0|87562|02/01/2024 12:10:01||42599|8040105856|11982291168
19218|0|32447|02/01/2024 19:22:41||16639|31554510616|77226428608
18871|0|68258|02/01/2024 16:59:18||25242|947993760|1355688632
18743|0|88441|02/01/2024 15:55:08||29092|14240245688|18253910072
18018|0|36306|02/01/2024 10:40:17||47983|7770538184|9531964904
17570|0|51234|02/01/2024 07:33:10||59210|6757180896|9073064432
19711|0|54967|02/01/2024 22:53:13||4007|618686952|725719104
19130|0|54041|02/01/2024 18:54:19||18341|2603634504|3173549072
19789|0|24096|02/01/2024 23:39:12||1248|2366777176|7062564824
19219|0|55135|02/01/2024 19:25:04||16496|3615585760|4151182808
19131|0|22160|02/01/2024 18:54:05||18355|9019765040|9261598800
18346|0|5554|02/01/2024 13:19:03||38457|4037001496|6031250016
19448|0|80716|02/01/2024 21:07:19||10361|1377325472|1638735864
18328|0|55659|02/01/2024 13:09:44||39016|431868336|464948552
19280|0|26980|02/01/2024 19:50:56||14944|3004021192|3832793632
19609|0|15875|02/01/2024 22:10:55||6545|246220336|337685328
19308|0|78184|02/01/2024 20:02:39||14241|5710292392|7765353008
19309|0|96811|02/01/2024 20:09:32||13828|223971600|256042896
19477|0|73330|02/01/2024 21:12:15||10065|415841120|474432664
18424|0|7739|02/01/2024 13:42:21||37059|2351900848|3455468536
19449|0|95455|02/01/2024 21:06:05||10435|6779668224|9102584960
18446|0|29468|02/01/2024 13:51:37||36503|4048904016|4566195080
19587|0|60664|02/01/2024 22:04:02||6958|882316216|905644856
19634|0|86252|02/01/2024 22:24:19||5741|446936640|586763000
18019|0|22215|02/01/2024 10:47:59||47521|22257625792|23383445704
17108|0|33840|02/01/2024 04:26:49||70391|4675912656|6218274720
19413|0|77387|02/01/2024 20:43:05||11815|766464664|797232816
18241|0|53716|02/01/2024 12:28:35||41485|19973184328|21531197432
19730|0|15403|02/01/2024 23:05:57||3243|364645440|415558784
17846|0|9025|02/01/2024 09:33:36||51984|38724459096|102445268328
19326|0|76199|02/01/2024 20:11:59||13681|35127478904|80592145360
19281|0|55717|02/01/2024 19:55:18||14682|83668344|88006744
19157|0|84376|02/01/2024 19:05:53||17647|390470632|396024616
19657|0|80480|02/01/2024 22:34:17||5143|18132951992|40468990192
18425|0|68489|02/01/2024 13:46:20||36820|13135458376|16881559120
19450|0|26294|02/01/2024 21:03:11||10609|4680980944|4750656056
17919|0|50578|02/01/2024 10:00:54||50346|10459711944|13840490064
19191|0|52658|02/01/2024 19:18:10||16910|2156895680|2494607584
18539|0|79522|02/01/2024 14:35:06||33894|3725834816|4527787568
18792|0|59647|02/01/2024 16:13:46||27974|3332948736|3404355920
18426|0|32116|02/01/2024 13:41:49||37091|69836062336|168032125560
19058|0|63187|02/01/2024 18:26:23||20017|682184840|973093880
18766|0|82732|02/01/2024 16:06:23||28417|643063288|950421248
18951|0|16512|02/01/2024 17:35:34||23066|11281954184|13937821800
19770|0|9216|02/01/2024 23:29:44||1816|707873624|751003896
19242|0|40439|02/01/2024 19:37:02||15778|857022704|1211428000
19192|0|46547|02/01/2024 19:12:38||17242|1462513312|1536855144
19752|0|88311|02/01/2024 23:18:54||2466|159787488|212664792
19658|0|63083|02/01/2024 22:36:45||4995|157186176|160734680
19712|0|47912|02/01/2024 22:54:42||3918|1343752824|1856881464
19385|0|39715|02/01/2024 20:35:31||12269|730410440|764297656
19414|0|37917|02/01/2024 20:49:07||11453|966466232|1303346312
17616|0|15250|02/01/2024 07:55:13||57887|8112155944|11110503384
19813|0|84445|02/01/2024 23:49:39||621|58918728|86322880
18330|0|94344|02/01/2024 13:08:58||39062|9714183424|11669176040
18121|0|97600|02/01/2024 11:34:45||44715|5117146912|6766690920
18719|0|64944|02/01/2024 15:46:28||29612|12888381392|16512992856
19559|0|46691|02/01/2024 21:55:29||7471|583794224|859445416
17775|0|80812|02/01/2024 09:03:25||53795|8433268616|11508057784
18889|0|97429|02/01/2024 17:00:13||25187|133460896|138639720
18309|0|8653|02/01/2024 12:58:00||39720|5287405576|6065285296
19492|0|54164|02/01/2024 21:20:42||9558|2838198888|3156810536
18514|0|41071|02/01/2024 14:28:41||34279|67025040880|162724423160
18042|0|67972|02/01/2024 10:58:29||46891|16899811640|17903689336
18693|0|8643|02/01/2024 15:33:13||30407|2040921864|2323064984
19282|0|40650|02/01/2024 19:58:22||14498|3780182768|4833173992
17876|0|67649|02/01/2024 09:40:48||51552|16010547440|19829098312
19220|0|24707|02/01/2024 19:21:11||16729|266676480|294170760
19753|0|86567|02/01/2024 23:16:52||2588|836055360|1163212032
19659|0|84441|02/01/2024 22:36:12||5028|1743580008|1759799392
19731|0|56819|02/01/2024 23:05:40||3260|261977552|328078696
18993|0|9574|02/01/2024 17:59:18||21642|6114811160|6171336264
18584|0|29642|02/01/2024 14:58:31||32489|7514860160|8242054904
18637|0|51131|02/01/2024 15:10:44||31756|1060209376|1278331960
19386|0|55840|02/01/2024 20:38:13||12107|49245392656|109529397144
18094|0|84893|02/01/2024 11:27:52||45128|5441961032|7016006920
19560|0|94526|02/01/2024 21:53:57||7563|18262006032|46525515680
19814|0|13115|02/01/2024 23:48:59||661|52183360|62860048
18540|0|44974|02/01/2024 14:31:49||34091|52784590104|122857173920
17398|0|14688|02/01/2024 06:21:05||63535|22418413544|30418999872
18872|0|73265|02/01/2024 16:52:16||25664|61132088136|170574568832
18854|0|11468|02/01/2024 16:45:45||26055|4354179224|4360618280
17714|0|61384|02/01/2024 08:37:27||55353|9104936552|13556011992
19732|0|29937|02/01/2024 23:03:59||3361|2113907568|2511598872
17877|0|14573|02/01/2024 09:48:57||51063|3813602424|5075417720
18471|0|71253|02/01/2024 14:01:33||35907|6740870808|8255240104
18695|0|12030|02/01/2024 15:36:51||30189|11158691072|14201489944
18638|0|95438|02/01/2024 15:15:14||31486|9632380472|11107822752
18491|0|78367|02/01/2024 14:10:33||35367|8410571976|12498857960
19610|0|40836|02/01/2024 22:10:02||6598|1493604320|1947381880
19134|0|72360|02/01/2024 18:56:14||18226|4881033112|5604130632
17645|0|54152|02/01/2024 08:05:41||57259|32673362368|45237428048
18244|0|67240|02/01/2024 12:21:35||41905|9911219704|14335840936
19327|0|81933|02/01/2024 20:12:32||13648|2914916120|2950000184
18696|0|13502|02/01/2024 15:35:13||30287|9183276560|13108763664
18639|0|56662|02/01/2024 15:10:38||31762|2860742808|3084348264
18828|0|40530|02/01/2024 16:35:24||26676|1543392032|1739014632
18720|0|15270|02/01/2024 15:46:58||29582|13180683640|18349954224
19842|0|51690|02/01/2024 23:56:28||212|80378032|80967760
19243|0|26784|02/01/2024 19:36:01||15839|1763802184|1826309848
19611|0|77550|02/01/2024 22:17:31|02/01/2024 23:51:28|5637|1687341256|2068826704
19660|0|16454|02/01/2024 22:36:32||5008|383593024|520243520
18914|0|30436|02/01/2024 17:14:17||24343|329351584|415078944
19661|0|87710|02/01/2024 22:31:48||5292|922487336|1118661016
18994|0|36241|02/01/2024 17:55:32||21868|7578126696|7592805616
18767|0|57944|02/01/2024 16:04:25||28535|7746499392|10042032048
19387|0|50985|02/01/2024 20:37:32||12148|4799166616|6214226312
19415|0|9476|02/01/2024 20:44:23||11737|2576414376|3679275472
19754|0|64665|02/01/2024 23:17:42||2538|951831304|1006808120
18915|0|67711|02/01/2024 17:13:36||24384|54838207912|105127083360
19662|0|87332|02/01/2024 22:33:07||5213|2127914008|2717518480
17922|0|64641|02/01/2024 10:03:41||50179|26435343920|27732475944
18245|0|54452|02/01/2024 12:29:30||41430|4672050064|5032473328
19059|0|78895|02/01/2024 18:21:29||20311|3140344168|3817707424
18953|0|86888|02/01/2024 17:39:58||22802|7674472968|8858304256
18721|0|41678|02/01/2024 15:41:12||29928|4566985720|6018558208
19588|0|34339|02/01/2024 22:05:22||6878|4896767712|12671455352
18096|0|30094|02/01/2024 11:26:28||45212|10952014152|11589224856
17620|0|7952|02/01/2024 07:52:14||58066|49961941136|107660973544
19077|0|51101|02/01/2024 18:31:14||19726|2695105240|3972483824
19388|0|81927|02/01/2024 20:34:21||12339|6460850104|7572251752
19733|0|67642|02/01/2024 23:08:54||3066|845683008|951351088
17283|0|83599|02/01/2024 05:36:26||66214|14659436808|19456065360
19021|0|75426|02/01/2024 18:07:36||21144|2873918216|4186239160
19511|0|67078|02/01/2024 21:32:05||8875|1037757040|1048568464
18855|0|39764|02/01/2024 16:42:14||26266|8342594232|8566278208
17450|0|24758|02/01/2024 06:43:12||62208|3807554984|5356882000
19512|0|13836|02/01/2024 21:38:27||8493|10973616720|32211298296
19416|0|46427|02/01/2024 20:41:50||11890|610247232|708613160
19635|0|62287|02/01/2024 22:25:19||5681|1094753432|1556286984
18668|0|80629|02/01/2024 15:24:22||30938|8683577384|10538638952
19103|0|67622|02/01/2024 18:49:00|02/01/2024 23:59:49|18649|3173654744|2399272960
19535|0|71024|02/01/2024 21:43:31||8189|81200088|116663160
18722|0|70524|02/01/2024 15:43:02||29818|11463905448|13992691768
19078|0|46046|02/01/2024 18:39:36||19224|1445876984|1821324144
19451|0|34517|02/01/2024 21:08:13||10307|2078788816|2657768272
19283|0|25825|02/01/2024 19:51:24||14916|7338200344|7400618216
18669|0|45196|02/01/2024 15:20:32||31168|2710779624|3353732608
19536|0|12661|02/01/2024 21:41:16||8324|969328320|1192400832
19357|0|64584|02/01/2024 20:24:38||12922|5779665024|5878596680
19328|0|67531|02/01/2024 20:18:23||13297|594293904|747576816
18349|0|52880|02/01/2024 13:13:53||38767|16406096016|16561958032
19663|0|36475|02/01/2024 22:38:11||4909|136356528|157380768
18569|0|38360|02/01/2024 14:48:21||33099|55621025448|110956878104
19755|0|34544|02/01/2024 23:19:58||2402|1047011768|1274508168
19135|0|5960|02/01/2024 18:55:57||18243|3551146384|4632905440
17646|0|46420|02/01/2024 08:07:11||57169|11981707968|17768645368
18724|0|91756|02/01/2024 15:42:44||29836|8797371696|11377498424
19493|0|85010|02/01/2024 21:27:54||9126|580562240|671523184
18830|0|49336|02/01/2024 16:32:22||26858|4456382624|6324252496
18890|0|95669|02/01/2024 17:02:53||25027|747335280|1094062608
19104|0|98481|02/01/2024 18:41:47||19093|22470234072|56615156720
18938|0|87755|02/01/2024 17:28:42||23478|3025338920|3318679640
18793|0|16851|02/01/2024 16:15:18||27882|551767688|655825512
17999|0|17883|02/01/2024 10:32:24||48456|1494679792|2077821296
18492|0|59776|02/01/2024 14:15:48||35052|5313749496|5609944648
19734|0|36910|02/01/2024 23:07:57||3123|10958395176|22197483104
18350|0|4388|02/01/2024 13:17:34||38546|6258354368|9274465696
17850|0|53922|02/01/2024 09:37:10|02/01/2024 23:57:45|51635|10172463040|10591937352
19843|0|53922|02/01/2024 23:58:11||109|36787448|42944128
17693|0|93076|02/01/2024 08:29:34||55826|21671425008|52662364736
17451|0|4039|02/01/2024 06:40:50|02/01/2024 23:55:58|62108|97614382184|231871350584
17821|0|30711|02/01/2024 09:24:19||52541|17324220904|22685853056
19561|0|83742|02/01/2024 21:51:08||7732|1793129208|2282198616
18670|0|29976|02/01/2024 15:28:31||30689|8380334832|11548799312
19692|0|70727|02/01/2024 22:47:26||4354|815401680|1098242816
18448|0|98324|02/01/2024 13:58:41||36079|7888637008|8378372096
17947|0|51824|02/01/2024 10:18:55||49265|13256390272|18819145808
19612|0|45083|02/01/2024 22:11:46||6494|520501568|557126224
18768|0|30705|02/01/2024 16:04:21||28539|12150500320|15756839128
19636|0|27218|02/01/2024 22:23:53||5767|795574616|1138765592
18269|0|82121|02/01/2024 12:30:46||41354|15762181616|40606789656
19022|0|18146|02/01/2024 18:09:55||21005|1547079024|2236917184
19790|0|31421|02/01/2024 23:34:35||1525|313162864|417071288
18570|0|86390|02/01/2024 14:44:49||33311|6930038096|7729488600
19159|0|83232|02/01/2024 19:08:58||17462|1061125720|1444560904
19562|0|53872|02/01/2024 21:59:34||7226|267203920|287005928
18285|0|4860|02/01/2024 12:47:54||40326|7171661832|7827800376
17735|0|58021|02/01/2024 08:48:35||54685|3906839592|4215969520
17972|0|97500|02/01/2024 10:28:34||48686|9824363992|11083671136
18976|0|43612|02/01/2024 17:41:05||22735|5866259816|6181758696
17532|0|26901|02/01/2024 07:17:39||60141|8522276320|8949828152
17694|0|31701|02/01/2024 08:24:59||56101|9723033320|10709798736
18044|0|7953|02/01/2024 10:58:39||46881|14338789896|18475946744
18429|0|84397|02/01/2024 13:45:51||36849|6898531688|8527882192
18769|0|50701|02/01/2024 16:04:08||28552|6078422520|7932425872
18811|0|28864|02/01/2024 16:27:42||27138|67182066952|187686195240
18060|0|35201|02/01/2024 11:05:42||46458|19859705040|27207963328
19844|0|75589|02/01/2024 23:58:11||109|51334184|53704776
19637|0|89071|02/01/2024 22:20:32||5968|805063152|943292320
19815|0|42113|02/01/2024 23:44:23||937|397205944|412894136
19244|0|28838|02/01/2024 19:33:05||16015|23717586784|70077348928
19735|0|47404|02/01/2024 23:09:21||3039|628246040|824185512
18585|0|26809|02/01/2024 14:58:50||32470|15027096480|20317985040
18612|0|8108|02/01/2024 15:06:06||32034|9599187920|9837019960
17879|0|15694|02/01/2024 09:44:34||51326|5515480448|6353697120
18770|0|52881|02/01/2024 16:05:56||28444|9564435568|12918341232
19713|0|12413|02/01/2024 22:52:29||4051|769948976|1040620224
19736|0|54260|02/01/2024 23:06:15||3225|641066648|798509040
18995|0|5710|02/01/2024 17:58:17||21703|7473744304|10609322328
17533|0|24600|02/01/2024 07:12:01||60479|10910708992|13875454496
18698|0|4204|02/01/2024 15:38:48||30072|8050283920|9834972680
19816|0|8950|02/01/2024 23:43:19||1001|2619684320|5451111328
19664|0|5407|02/01/2024 22:33:28||5192|2204967080|1379341888
18771|0|93380|02/01/2024 16:06:00||28440|6486520624|9667328832
19494|0|35530|02/01/2024 21:28:15||9105|1373464880|1672108872
19563|0|40197|02/01/2024 21:58:41||7279|380357552|382763424
19160|0|75676|02/01/2024 19:02:10||17870|4752631416|5332277424
19845|0|57750|02/01/2024 23:52:28||452|202273680|239693320
18640|0|11079|02/01/2024 15:15:00||31500|4810212392|6298278912
19284|0|24608|02/01/2024 19:54:32||14728|49166404712|99063841088
18699|0|94745|02/01/2024 15:35:28||30272|14598788280|19493684240
19060|0|28591|02/01/2024 18:26:35||20005|22015466144|55622576992
18062|0|56295|02/01/2024 11:07:24||46356|12638307096|15376885096
17973|0|91538|02/01/2024 10:29:58||48602|7943077600|8735970808
18939|0|98584|02/01/2024 17:20:14||23986|2742673968|2804056192
18725|0|68641|02/01/2024 15:49:08||29452|59830481056|121173034880
19665|0|29541|02/01/2024 22:39:32||4828|562329264|734969392
18270|0|71810|02/01/2024 12:31:57||41283|6494704408|6904881768
18494|0|22019|02/01/2024 14:10:17||35383|1886094720|2071059416
18671|0|22663|02/01/2024 15:28:36||30684|50005384288|129625070744
19195|0|71126|02/01/2024 19:17:49||16931|6018254120|8006906544
19079|0|7288|02/01/2024 18:32:50||19630|12063280960|16677049608
18518|0|76738|02/01/2024 14:25:59||34441|115623956224|241753480728
19564|0|68988|02/01/2024 21:51:52||7688|12300233464|33786429216
18399|0|5411|02/01/2024 13:36:16||37424|3600782104|3729952160
18063|0|85978|02/01/2024 11:09:06||46254|83312034840|218647563920
17777|0|83806|02/01/2024 09:09:18||53442|26219950200|36037704280
19771|0|90901|02/01/2024 23:29:37||1823|764562656|1037437160
18977|0|69165|02/01/2024 17:41:19||22721|4568895776|4602656856
18744|0|85330|02/01/2024 15:52:07||29273|1576858320|2026875808
18874|0|10055|02/01/2024 16:54:35||25525|3126273912|3171085464
19041|0|5686|02/01/2024 18:12:02||20878|9060141744|10065379376
19772|0|24424|02/01/2024 23:24:35||2125|507975832|671221272
19042|0|98509|02/01/2024 18:18:56||20464|6068362872|6708448344
18893|0|30678|02/01/2024 17:09:24||24636|7617403752|9196234032
19023|0|34559|02/01/2024 18:03:37||21383|12252076096|17898690264
18334|0|77006|02/01/2024 13:07:26||39154|3811807816|5146938776
19161|0|69086|02/01/2024 19:01:13||17927|6497628592|8134766160
19737|0|24679|02/01/2024 23:04:41||3319|1155956864|1336656928
18641|0|82233|02/01/2024 15:18:31||31289|2493707712|3055045552
19162|0|62577|02/01/2024 19:05:23||17677|2397727784|3091659480
18978|0|99657|02/01/2024 17:46:02||22438|13959862824|14453199296
19245|0|34115|02/01/2024 19:37:21||15759|1229436072|1436892752
19738|0|28052|02/01/2024 23:07:20||3160|515431168|662692392
19773|0|35452|02/01/2024 23:24:16||2144|548816640|730278416
18541|0|45996|02/01/2024 14:34:05||33955|103446103120|251151135056
18856|0|7300|02/01/2024 16:47:42||25938|4964047880|5474340280
18613|0|82486|02/01/2024 15:06:39||32001|4997007808|6500356216
18614|0|5867|02/01/2024 15:03:31||32189|44680136|51410840
19774|0|72291|02/01/2024 23:27:08||1972|60056792|72880584
18894|0|86139|02/01/2024 17:04:59||24901|979713760|1291881896
18148|0|75847|02/01/2024 11:42:54||44226|5353290824|6538803968
17696|0|41951|02/01/2024 08:25:16||56084|23244861960|25672515184
19061|0|16435|02/01/2024 18:26:49||19991|831212152|938757624
17923|0|54435|02/01/2024 10:05:38||50062|2761304792|2768156592
19565|0|47423|02/01/2024 21:51:19||7721|854626136|1247067488
19714|0|66168|02/01/2024 22:58:27||3693|2241217592|2394331512
19138|0|39733|02/01/2024 18:55:34||18266|1540870352|2001668168
19358|0|52399|02/01/2024 20:22:51||13029|4794765240|5275759192
18122|0|66019|02/01/2024 11:38:30||44490|494512224|564948936
18895|0|51702|02/01/2024 17:03:34||24986|14383469504|19871317392
19817|0|67769|02/01/2024 23:40:05||1195|547242936|684466776
19478|0|38904|02/01/2024 21:12:57||10023|2616996520|3801682608
19537|0|15981|02/01/2024 21:45:00||8100|261004864|357889432
19818|0|8079|02/01/2024 23:40:09||1191|676080688|806300864
18917|0|95288|02/01/2024 17:19:27||24033|2982307176|3624746344
19715|0|10292|02/01/2024 22:55:20||3880|392754664|401802440
19775|0|47706|02/01/2024 23:21:56||2284|245532144|246851360
17949|0|36037|02/01/2024 10:13:00||49620|94933166920|184050122064
18831|0|54757|02/01/2024 16:37:24||26556|2072446072|2340418496
18542|0|11886|02/01/2024 14:38:10||33710|11454715712|14613908592
19359|0|26244|02/01/2024 20:20:24||13176|3548515592|4420161208
18896|0|65452|02/01/2024 17:00:25||25175|6976289264|10107455184
