IdSession|IdPSX|IdSubscriber|StartSession|EndSession|Duartion|UpTx|DownTx
28648|0|37974|07/01/2024 08:43:54||4566|1957856976|2275145696
26561|0|6516|06/01/2024 18:10:15||56985|6619165232|9447690744
26712|0|87799|06/01/2024 19:26:14||52426|6366253392|8292238520
27061|0|77688|06/01/2024 21:40:30||44370|5736497488|6700185272
28427|0|85502|07/01/2024 07:15:29||9871|1932099648|2373320168
28671|0|53666|07/01/2024 08:57:36||3744|20566089024|39389246280
28604|0|59125|07/01/2024 08:27:57||5523|24354480|25664880
27621|0|45253|07/01/2024 01:54:33||29127|3352438344|4586420664
28712|0|96559|07/01/2024 09:17:50||2530|1169682880|1356054528
27341|0|77661|06/01/2024 23:52:29||36451|1786795160|2243435584
28765|0|77027|07/01/2024 09:30:52||1748|81533432|87094912
26713|0|41083|06/01/2024 19:26:44||52396|78786605664|169153460920
28127|0|25839|07/01/2024 05:11:17||17323|2292124336|3301720680
28605|0|21645|07/01/2024 08:20:26||5974|628278840|861201120
27589|0|85282|07/01/2024 01:47:47|07/01/2024 09:59:55|29528|1604831048|1721599432
28649|0|79536|07/01/2024 08:48:07||4313|80229624|111613760
28004|0|42228|07/01/2024 04:21:32||20308|2256133336|3060425056
27796|0|54570|07/01/2024 03:00:02||25198|49585009048|142030217000
28056|0|87485|07/01/2024 04:45:13||18887|66826547768|135023946672
28582|0|59994|07/01/2024 08:13:02||6418|1887617792|2691259480
28355|0|22313|07/01/2024 06:42:38||11842|27268227072|77781782400
28456|0|36265|07/01/2024 07:23:55||9365|225328672|243590848
28428|0|56069|07/01/2024 07:16:05||9835|839747304|1036801760
28080|0|35261|07/01/2024 04:59:54||18006|3047462104|3758943744
27384|0|8960|07/01/2024 00:14:56||35104|2151821504|2870506744
27476|0|83585|07/01/2024 00:58:21||32499|26559447568|27063450464
28429|0|75051|07/01/2024 07:17:23||9757|414853880|562110632
28482|0|78882|07/01/2024 07:38:24||8496|1394200480|1657893384
26971|0|17166|06/01/2024 21:12:34||46046|82669370880|183973784448
27210|0|18892|06/01/2024 22:59:29||39631|10833491896|13402859280
28233|0|27076|07/01/2024 06:06:33||14007|1101379768|1304884904
26357|0|77886|06/01/2024 16:41:55||62285|14272520032|20223327512
28713|0|24952|07/01/2024 09:11:43||2897|1871314384|2081599000
28457|0|88791|07/01/2024 07:26:10||9230|1651329784|2309088520
27477|0|59587|07/01/2024 00:53:07||32813|3140990744|4550678656
28191|0|70465|07/01/2024 05:43:01||15419|12835881624|16956510440
27816|0|69235|07/01/2024 03:13:00||24420|544796960|735151640
27797|0|27723|07/01/2024 03:01:07||25133|928657528|1015545640
27798|0|30336|07/01/2024 03:03:39||24981|5342583872|5835154472
28164|0|71399|07/01/2024 05:32:42||16038|1453303488|1915002744
27773|0|54404|07/01/2024 02:56:59||25381|2779751408|3739748880
28790|0|94047|07/01/2024 09:47:19||761|432924496|593346176
26358|0|85646|06/01/2024 16:48:11||61909|10977881384|15040546144
27983|0|68624|07/01/2024 04:17:38||20542|11843989912|11916346384
28380|0|68329|07/01/2024 06:50:53||11347|3787043232|5542551672
28791|0|71658|07/01/2024 09:42:04||1076|26091856|29437264
28406|0|66423|07/01/2024 07:08:00||10320|5426915008|5630854064
26802|0|37529|06/01/2024 20:02:38||50242|113854440672|226957007128
27774|0|42806|07/01/2024 02:55:58||25442|2247390968|3250314480
28650|0|61794|07/01/2024 08:48:08||4312|633441160|848685952
28289|0|11120|07/01/2024 06:22:06||13074|6052271680|7107075808
26829|0|5419|06/01/2024 20:16:10||49430|2645642944|3691677848
28691|0|49253|07/01/2024 09:01:57||3483|798456520|947772280
28035|0|71383|07/01/2024 04:38:19||19301|7516278648|10126193856
28005|0|73710|07/01/2024 04:29:13||19847|2979122184|4463992808
28356|0|23638|07/01/2024 06:41:18||11922|1633645128|2395971888
27726|0|30847|07/01/2024 02:34:14||26746|5409145072|6171138960
27847|0|21813|07/01/2024 03:20:09||23991|27652716424|60890432304
27449|0|44839|07/01/2024 00:44:39||33321|5615665784|5638502000
27960|0|96132|07/01/2024 04:06:18||21222|2550844768|2725294824
27520|0|41896|07/01/2024 01:14:18||31542|16619682272|20892742080
26665|0|43101|06/01/2024 19:05:48||53652|8944698120|12349128936
28766|0|96497|07/01/2024 09:39:31||1229|26274520|28218176
27062|0|5259|06/01/2024 21:48:23||43897|3861692792|5102359064
28651|0|77830|07/01/2024 08:44:12||4548|19358980088|50787109680
28147|0|26698|07/01/2024 05:29:29||16231|54065989824|105507252960
28325|0|96233|07/01/2024 06:38:26||12094|56374579352|126560274560
27450|0|97799|07/01/2024 00:46:33||33207|8038762608|10493853008
27451|0|38204|07/01/2024 00:41:44||33496|5700941048|6840888832
27188|0|35155|06/01/2024 22:48:54||40266|1031298656|1346516696
27878|0|5357|07/01/2024 03:39:54||22806|4384367656|5196840184
27424|0|58783|07/01/2024 00:32:59||34021|6798476320|7857547536
27817|0|5731|07/01/2024 03:12:09||24471|51946877968|133665093080
26056|0|76792|06/01/2024 14:57:40||68540|2814086664|6942089224
28326|0|81147|07/01/2024 06:39:40||12020|1121369704|1182032056
26623|0|22791|06/01/2024 18:49:50||54610|6839324240|9931302880
28458|0|89313|07/01/2024 07:21:57||9483|553735624|579605320
27699|0|60137|07/01/2024 02:23:04||27416|28618092280|73053672152
28583|0|42336|07/01/2024 08:17:40||6140|1912092296|1942621584
27818|0|35390|07/01/2024 03:14:55||24305|3312552736|3453866168
27478|0|40685|07/01/2024 00:58:35||32485|243761440|339975192
27521|0|20349|07/01/2024 01:13:56||31564|5238922056|7567650592
28327|0|13191|07/01/2024 06:37:56||12124|4530775984|5231335240
27361|0|25130|07/01/2024 00:08:57||35463|1946316192|2216715256
28672|0|5792|07/01/2024 08:54:55||3905|2293712456|2864218992
28692|0|51212|07/01/2024 09:07:35||3145|321357336|413281376
27038|0|17452|06/01/2024 21:38:39||44481|8411082536|8765788504
28381|0|64295|07/01/2024 06:57:52||10928|5773294848|6676588720
27479|0|51526|07/01/2024 00:50:26||32974|2162818512|2884531520
28262|0|84546|07/01/2024 06:10:36||13764|1714626640|2468415664
28357|0|70042|07/01/2024 06:42:22||11858|501167480|519080424
26307|0|46044|06/01/2024 16:24:56||63304|3808425848|5386228792
27362|0|18447|07/01/2024 00:02:36||35844|69909141280|139859809424
28562|0|60049|07/01/2024 08:00:11||7189|4040243408|5092076536
28506|0|59631|07/01/2024 07:46:27||8013|911825448|949134224
26975|0|13992|06/01/2024 21:14:31||45929|7820718336|8717680520
27385|0|51438|07/01/2024 00:10:12||35388|16622430896|19328473848
27727|0|94557|07/01/2024 02:39:57||26403|64001495128|164591959832
28234|0|98839|07/01/2024 06:00:22||14378|79596089776|43050977704
27936|0|68009|07/01/2024 03:57:20||21760|3941755272|4863804824
28584|0|73246|07/01/2024 08:15:06||6294|1044155072|1361955776
28165|0|80435|07/01/2024 05:36:50||15790|1331689064|1853118808
27343|0|82791|06/01/2024 23:57:35||36145|11744358952|16739691376
27571|0|27374|07/01/2024 01:37:06||30174|12673903136|15524272112
27099|0|48759|06/01/2024 22:07:07||42773|7918023928|9008078616
28290|0|11546|07/01/2024 06:24:35||12925|2795012440|3573496144
28673|0|47486|07/01/2024 08:53:56||3964|920125048|1287280584
28430|0|67555|07/01/2024 07:16:53||9787|180893232|204592752
27299|0|83091|06/01/2024 23:31:20||37720|2187531392|2421304976
27879|0|71416|07/01/2024 03:31:29||23311|5251745672|5289799376
28263|0|57697|07/01/2024 06:16:56||13384|1868771208|2751578016
28382|0|49043|07/01/2024 06:59:18||10842|67384488|78312616
27880|0|98717|07/01/2024 03:35:14||23086|2539108792|3028529384
28291|0|5281|07/01/2024 06:27:07||12773|5137393960|7617255600
26380|0|10721|06/01/2024 16:54:42||61518|20784982952|29606177136
28585|0|28960|07/01/2024 08:10:48||6552|23599436112|48826283664
27590|0|91314|07/01/2024 01:47:47||29533|2785899408|3060966640
28531|0|96669|07/01/2024 07:57:20||7360|357259968|499275688
26976|0|33410|06/01/2024 21:16:48||45792|117640524736|326736604616
28746|0|79031|07/01/2024 09:25:13||2087|358018440|515032920
28792|0|79718|07/01/2024 09:47:24||756|27168800|31977720
28532|0|73049|07/01/2024 07:52:56||7624|21577470560|42991939408
28192|0|86051|07/01/2024 05:41:48||15492|2579147984|2689054272
27669|0|34585|07/01/2024 02:16:22||27818|1036795088|1037453728
27750|0|59314|07/01/2024 02:49:06||25854|1551636584|1728491928
27848|0|83578|07/01/2024 03:29:16||23444|7783455456|8828151816
27363|0|36494|07/01/2024 00:08:42||35478|8187479912|9137996320
27776|0|27550|07/01/2024 02:59:53||25207|3840584784|5118488112
28620|0|63513|07/01/2024 08:31:52||5288|1278770128|1370859016
28128|0|89332|07/01/2024 05:13:47||17173|5060206328|5137420184
27344|0|60709|06/01/2024 23:57:34||36146|1966466920|2389103304
28006|0|14653|07/01/2024 04:27:44||19936|3043699128|3734334968
28328|0|29371|07/01/2024 06:35:31||12269|1236633192|1830955448
28693|0|84110|07/01/2024 09:03:43||3377|582391776|758462312
27364|0|47537|07/01/2024 00:03:26||35794|8248347248|9167925512
27729|0|90469|07/01/2024 02:33:57||26763|1114057896|1159421144
27386|0|93506|07/01/2024 00:15:56||35044|6888303968|6948621408
28383|0|64718|07/01/2024 06:50:15||11385|2797486936|3679351120
26425|0|10105|06/01/2024 17:10:21||60579|23156728472|27372619032
28148|0|92558|07/01/2024 05:26:45||16395|7154681216|7564806560
28793|0|78522|07/01/2024 09:47:36||744|28517240|36769768
26667|0|98900|06/01/2024 19:01:37||53903|20338908936|30288801072
28292|0|26789|07/01/2024 06:21:24||13116|24924905968|47017513736
27273|0|47184|06/01/2024 23:23:54||38166|5654501768|5885367216
27170|0|30969|06/01/2024 22:30:44||41356|7839891336|8846795880
27452|0|37938|07/01/2024 00:42:55||33425|2597511424|3516615848
28747|0|40573|07/01/2024 09:20:30||2370|62112320|79393768
28621|0|82453|07/01/2024 08:33:46||5174|430114512|557850520
27274|0|33467|06/01/2024 23:26:37||38003|242884208|300581304
28622|0|78745|07/01/2024 08:35:54||5046|2316176240|2645523632
28237|0|5194|07/01/2024 06:07:06||13974|46320016120|101192588648
28507|0|9725|07/01/2024 07:45:40||8060|534394376|570166040
28358|0|51146|07/01/2024 06:44:24||11736|664049792|881644392
26476|0|73845|06/01/2024 17:35:07||59093|11974415536|13190434448
28193|0|14516|07/01/2024 05:46:13||15227|1983239056|2719003944
28533|0|50415|07/01/2024 07:53:16||7604|1738213320|2295865864
27171|0|27068|06/01/2024 22:32:42||41238|22046840976|31846051176
28534|0|44729|07/01/2024 07:56:34||7406|1685002512|2220093968
28329|0|10326|07/01/2024 06:35:43||12257|27226849976|68077576856
26533|0|46454|06/01/2024 18:05:56||57244|5186438768|7522693960
27040|0|5370|06/01/2024 21:35:04|07/01/2024 09:54:48|44384|129936490976|301374436312
28821|0|5370|07/01/2024 09:55:46||254|644225496|1785506544
28166|0|16276|07/01/2024 05:36:56||15784|3780745944|4483457416
28714|0|94862|07/01/2024 09:14:31||2729|97135648|141083184
27593|0|77556|07/01/2024 01:48:34||29486|4038529992|4347374328
28083|0|59764|07/01/2024 04:54:47||18313|31401451392|70155854480
27254|0|89175|06/01/2024 23:18:59||38461|33293118440|48615987232
26978|0|31271|06/01/2024 21:17:55||45725|63851353704|44393422976
27144|0|27336|06/01/2024 22:24:45||41715|6084577712|6165802864
28084|0|60295|07/01/2024 04:53:32||18388|6270738632|6473095872
26097|0|88989|06/01/2024 15:07:41||67939|24466452192|27134683144
28113|0|25576|07/01/2024 05:08:43||17477|2328313024|3452623424
26646|0|88728|06/01/2024 18:55:09||54291|12092048392|16925613400
28459|0|57284|07/01/2024 07:21:18||9522|1605342184|2365276328
28149|0|88707|07/01/2024 05:26:30||16410|47594042592|95572612392
28384|0|92971|07/01/2024 06:54:59||11101|663554320|690361256
28674|0|18359|07/01/2024 08:51:05||4135|8322345416|17671433576
28748|0|16548|07/01/2024 09:24:14||2146|274068792|321670328
28586|0|92612|07/01/2024 08:15:53||6247|2554570856|2919885336
28652|0|54847|07/01/2024 08:44:25||4535|307689616|414418632
27821|0|34312|07/01/2024 03:11:42||24498|11420954920|11774787752
27017|0|62267|06/01/2024 21:28:22||45098|943959864|959844816
27255|0|16816|06/01/2024 23:18:14||38506|9060561616|10322549736
28385|0|43712|07/01/2024 06:52:29||11251|13686529400|26946443304
26624|0|52955|06/01/2024 18:42:09||55071|1739127888|2260864584
28264|0|99171|07/01/2024 06:17:13||13367|22022958904|43792578728
27594|0|41802|07/01/2024 01:41:10||29930|1950289392|2754958400
28150|0|3991|07/01/2024 05:29:13||16247|1471829840|1480713904
27777|0|99295|07/01/2024 02:51:09||25731|1800991792|2395860752
27822|0|33320|07/01/2024 03:19:37||24023|3143557608|4481689504
27937|0|10493|07/01/2024 03:54:38||21922|5410062504|6384878936
27778|0|92343|07/01/2024 02:55:57||25443|1016068776|1420673160
28407|0|80004|07/01/2024 07:08:42||10278|1517680504|1611870064
28767|0|67316|07/01/2024 09:37:24||1356|257730776|305374464
28408|0|38628|07/01/2024 07:08:58||10262|1275001192|1651889376
28564|0|44150|07/01/2024 08:00:45||7155|725444496|765509320
28238|0|59111|07/01/2024 06:05:00||14100|5113614264|5774043840
28694|0|85531|07/01/2024 09:03:18||3402|235115320|294627504
28431|0|92469|07/01/2024 07:17:38||9742|1273067424|1372871208
28293|0|24715|07/01/2024 06:28:46||12674|397289280|465231208
27823|0|34605|07/01/2024 03:15:28||24272|31775831000|90155651344
27671|0|77033|07/01/2024 02:11:02||28138|1626856992|1686624864
28822|0|83901|07/01/2024 09:52:22||458|42404600|58260224
26275|0|85924|06/01/2024 16:16:42||63798|17524229680|20155693720
28167|0|95978|07/01/2024 05:31:36||16104|1487615552|1847939864
27881|0|57855|07/01/2024 03:37:15||22965|7581162288|10935196048
27962|0|98490|07/01/2024 04:02:39||21441|3372450368|3676499952
27824|0|13791|07/01/2024 03:12:47||24433|75564205568|217149324616
28695|0|24430|07/01/2024 09:06:51||3189|2050762888|2132809808
28749|0|24261|07/01/2024 09:20:27||2373|4045827808|2234095032
26668|0|4122|06/01/2024 19:00:07||53993|163369329512|464340101144
28675|0|99654|07/01/2024 08:58:59||3661|1296593792|1613252960
28653|0|88644|07/01/2024 08:43:42||4578|1262392336|1479403272
28409|0|77054|07/01/2024 07:04:55||10505|14093283920|10429281584
28432|0|18094|07/01/2024 07:14:32||9928|4852082664|6412678176
28007|0|10634|07/01/2024 04:27:33||19947|1992876864|2698201800
28294|0|59979|07/01/2024 06:22:52||13028|1973339056|2122829392
28460|0|10027|07/01/2024 07:22:03||9477|277056816|369567792
26979|0|94737|06/01/2024 21:12:49||46031|11330824872|14665918176
28114|0|39463|07/01/2024 05:05:30||17670|3423368952|4875793616
28794|0|73573|07/01/2024 09:46:36||804|18559120|21242480
28058|0|91117|07/01/2024 04:48:02||18718|940782336|946261400
27595|0|7959|07/01/2024 01:40:38||29962|63485034304|134902453408
27427|0|70850|07/01/2024 00:37:32||33748|3767112472|4567620760
27365|0|48207|07/01/2024 00:02:00||35880|8764102128|11833002720
28008|0|91375|07/01/2024 04:25:48||20052|4207338880|5044802016
27231|0|75481|06/01/2024 23:01:09||39531|20310327808|24005389064
28623|0|82493|07/01/2024 08:34:07||5153|5816517272|3315437360
28295|0|87249|07/01/2024 06:25:14||12886|8612431864|9128996824
27673|0|67468|07/01/2024 02:10:29||28171|4642952904|4925613160
27320|0|55223|06/01/2024 23:49:33||36627|10008093736|13858932408
28587|0|56756|07/01/2024 08:15:11||6289|389960256|463698160
28265|0|47090|07/01/2024 06:19:15||13245|2996293032|3332959632
28086|0|80555|07/01/2024 04:54:39||18321|684622288|794953704
28060|0|86419|07/01/2024 04:45:25||18875|69356160|72212456
28768|0|86414|07/01/2024 09:36:05||1435|298245672|321835768
27700|0|69115|07/01/2024 02:29:53||27007|310031152|337043512
26742|0|17534|06/01/2024 19:35:01||51899|16518201000|19248449376
27801|0|54065|07/01/2024 03:04:56||24904|20248325280|22322455784
28239|0|63283|07/01/2024 06:05:04||14096|17710988048|12727467696
26692|0|83443|06/01/2024 19:16:57||52983|5803736272|6648925400
28676|0|29503|07/01/2024 08:53:37||3983|7019891216|17930133456
28588|0|91907|07/01/2024 08:12:31||6449|237777320|318047416
26382|0|69672|06/01/2024 16:57:55||61325|25246465752|25689447768
26905|0|52341|06/01/2024 20:43:40||47780|2561668184|3510558464
28168|0|19540|07/01/2024 05:37:37||15743|9757986584|10028835232
26517|0|96145|06/01/2024 17:58:08||57712|1767971392|1922502720
27701|0|33806|07/01/2024 02:22:50||27430|6641545568|8291141768
28151|0|39888|07/01/2024 05:24:45||16515|1495314544|2130644112
28677|0|68794|07/01/2024 08:58:08||3712|803636312|1072845616
28715|0|18173|07/01/2024 09:13:52||2768|9085245392|6230246552
27624|0|70576|07/01/2024 01:52:51||29229|14333478792|9175906840
28696|0|67613|07/01/2024 09:09:08||3052|781530288|1156897120
27802|0|93139|07/01/2024 03:04:55||24905|62239568|72877424
28359|0|97429|07/01/2024 06:48:31|07/01/2024 09:56:18|11267|995076056|1155608608
28624|0|60623|07/01/2024 08:35:05||5095|1175645432|1692437600
28697|0|84902|07/01/2024 09:04:46||3314|1625404560|1987668816
28266|0|7301|07/01/2024 06:12:59||13621|1582734984|2119665408
26342|0|42083|06/01/2024 16:37:21||62559|136111254120|280291050784
26933|0|98838|06/01/2024 20:56:59||46981|25204324424|31090411528
28037|0|53581|07/01/2024 04:30:08||19792|1279253648|1823251872
27067|0|55477|06/01/2024 21:46:03||44037|4883215344|5609129288
27674|0|21733|07/01/2024 02:13:39||27981|77358091944|183659595544
27387|0|85876|07/01/2024 00:15:09||35091|5239547008|6819510864
27211|0|39458|06/01/2024 22:56:29||39811|10523407776|15339995504
28716|0|7944|07/01/2024 09:14:25||2735|1911878808|2017071688
28152|0|81050|07/01/2024 05:24:59||16501|756971224|817305016
27752|0|86917|07/01/2024 02:41:49||26291|1710927328|1721332896
27572|0|9119|07/01/2024 01:31:55||30485|24541103960|26733727168
27454|0|77862|07/01/2024 00:47:51||33129|9886617368|9901395128
27675|0|82926|07/01/2024 02:16:22||27818|1606317936|1947940408
27083|0|97187|06/01/2024 21:59:54|07/01/2024 09:55:40|42946|89026192|97201544
26448|0|63427|06/01/2024 17:25:19||59681|2007666608|2244243224
28717|0|26169|07/01/2024 09:10:44||2956|4797587912|11682648656
26220|0|26030|06/01/2024 15:55:14||65086|25677499064|35461211312
28434|0|66378|07/01/2024 07:13:23||9997|1076003136|1127021896
27276|0|71810|06/01/2024 23:25:24||38076|4527343712|4711895736
28169|0|25089|07/01/2024 05:38:42||15678|13965419864|14293092080
28536|0|98016|07/01/2024 07:57:10||7370|3256659656|4077560160
28240|0|41825|07/01/2024 06:08:54||13866|8073738760|10907587880
28625|0|26405|07/01/2024 08:39:30||4830|2386448552|2619276288
28296|0|49138|07/01/2024 06:22:13||13067|1685845064|1769276016
28241|0|57084|07/01/2024 06:08:36|07/01/2024 09:59:55|13879|3262526520|3853689584
28678|0|97358|07/01/2024 08:50:46||4154|1249268872|1260241264
27753|0|16386|07/01/2024 02:44:39||26121|2449638992|3182289608
28565|0|44704|07/01/2024 08:07:54||6726|1408111976|1705647128
28718|0|13628|07/01/2024 09:11:27||2913|645218160|806168952
28195|0|42803|07/01/2024 05:45:35||15265|2116944096|2501907776
28297|0|83617|07/01/2024 06:29:39||12621|4835665248|5255364056
28242|0|31738|07/01/2024 06:09:18||13842|2094384528|2735901032
27234|0|79796|06/01/2024 23:07:52||39128|6964331056|9670640480
28537|0|51155|07/01/2024 07:50:18||7782|483316704|669878856
27908|0|28470|07/01/2024 03:43:10||22610|2519556592|3631290048
28410|0|16084|07/01/2024 07:00:12||10788|1279056552|1485381624
28750|0|12313|07/01/2024 09:29:48||1812|471262056|594671624
28626|0|64019|07/01/2024 08:39:13||4847|355986712|485189288
28087|0|30099|07/01/2024 04:50:04||18596|181121664|195471448
27963|0|87230|07/01/2024 04:09:37||21023|15197301368|16854025008
28795|0|93774|07/01/2024 09:43:46||974|283709832|390580240
28566|0|24718|07/01/2024 08:08:22||6698|403052504|490659688
28679|0|11123|07/01/2024 08:55:49||3851|119376152|130345736
27754|0|91362|07/01/2024 02:41:44||26296|1654906368|1949934672
28627|0|87386|07/01/2024 08:35:59||5041|490249832|502140472
28011|0|36677|07/01/2024 04:27:02||19978|576901576|666733488
27779|0|40270|07/01/2024 02:52:47||25633|3636184880|3743580088
26833|0|37491|06/01/2024 20:11:45||49695|1009734536|1153411088
28796|0|21264|07/01/2024 09:47:22||758|6639376|8932128
28387|0|42522|07/01/2024 06:53:43||11177|1183176008|1565551584
27597|0|56903|07/01/2024 01:46:51||29589|10061983144|13344258832
28769|0|34817|07/01/2024 09:33:45||1575|18964224|20610984
27850|0|26763|07/01/2024 03:25:11||23689|2911767200|3852001288
26983|0|95397|06/01/2024 21:14:20||45940|5785394288|8216881288
27755|0|74214|07/01/2024 02:40:49||26351|3982781560|5164236816
27756|0|41711|07/01/2024 02:41:15||26325|1592947880|2048347192
27984|0|89625|07/01/2024 04:19:56||20404|1929996248|2742931552
28360|0|76903|07/01/2024 06:48:46||11474|6126533144|7592898592
28483|0|22732|07/01/2024 07:31:13||8927|864106264|1089544672
28654|0|27439|07/01/2024 08:41:02||4738|1023482992|1212127704
26648|0|21299|06/01/2024 18:52:31||54449|3519653640|4540338896
28088|0|99802|07/01/2024 04:58:46||18074|315902776|398887584
28196|0|20340|07/01/2024 05:49:11||15049|4239174824|4443978624
28461|0|66642|07/01/2024 07:22:16||9464|304862176|327170448
28538|0|86893|07/01/2024 07:57:54||7326|948083824|1196819736
28484|0|64535|07/01/2024 07:38:39||8481|81393776|105169176
27455|0|96448|07/01/2024 00:43:27||33393|13991302912|14046099352
27882|0|36110|07/01/2024 03:30:56||23344|4234380520|4719914904
28267|0|96996|07/01/2024 06:10:04||13796|3782522128|4420805216
28719|0|10821|07/01/2024 09:11:43||2897|1104376528|1466962440
27780|0|71230|07/01/2024 02:57:47||25333|1581751776|2354526824
27020|0|20804|06/01/2024 21:25:27||45273|10163558352|11086406760
28038|0|76684|07/01/2024 04:32:35||19645|24908643000|14345696768
28606|0|51592|07/01/2024 08:28:18||5502|2106601896|2944633224
26003|0|88869|06/01/2024 14:25:11||70489|7882689080|9038765712
28435|0|47921|07/01/2024 07:10:17|07/01/2024 09:53:12|9775|3066843440|2388606104
28823|0|47921|07/01/2024 09:54:35||325|154352816|94246848
28197|0|31822|07/01/2024 05:42:30||15450|2657431528|3497773216
26649|0|86916|06/01/2024 18:56:17||54223|16742605216|19499945168
28332|0|68127|07/01/2024 06:39:48||12012|11942521824|14002706456
28720|0|31414|07/01/2024 09:18:35||2485|962173680|1205418800
27574|0|67864|07/01/2024 01:34:53||30307|326388800|461337384
28243|0|48010|07/01/2024 06:09:36||13824|50660853232|112147269672
28198|0|61739|07/01/2024 05:47:54||15126|1236807248|1610842424
27883|0|70053|07/01/2024 03:39:45||22815|3726970824|4938647656
28462|0|91452|07/01/2024 07:28:31||9089|1300132112|1756548480
27985|0|51410|07/01/2024 04:13:58||20762|2095502248|2208448120
26718|0|66319|06/01/2024 19:25:28||52472|69735796728|41507734864
27909|0|69724|07/01/2024 03:45:21||22479|3262460552|4290956968
27625|0|20365|07/01/2024 01:57:42||28938|4805273648|5278512504
28012|0|65216|07/01/2024 04:29:47||19813|4159005504|5838955424
26788|0|76536|06/01/2024 19:51:57||50883|5571420128|7271082072
28567|0|5022|07/01/2024 08:07:38||6742|17119785520|33174877336
26836|0|59193|06/01/2024 20:10:51||49749|25586200560|26007951608
27174|0|95892|06/01/2024 22:36:10||41030|13178640576|14950879752
27482|0|87236|07/01/2024 00:57:07|07/01/2024 09:59:50|32563|4193021816|5025348872
28089|0|14216|07/01/2024 04:51:12||18528|2302548256|3107599912
28090|0|94244|07/01/2024 04:56:11||18229|1878230424|2676601440
27235|0|50648|06/01/2024 23:02:34||39446|130106390672|261355453736
28411|0|65854|07/01/2024 07:05:16||10484|5284636640|6468162512
28436|0|14086|07/01/2024 07:14:54||9906|3532603968|3783561096
28797|0|59647|07/01/2024 09:49:33||627|309962256|390826144
28216|0|69690|07/01/2024 05:55:22||14678|3293179288|3693668544
27626|0|58138|07/01/2024 01:50:26||29374|1196307424|1673620072
26935|0|90465|06/01/2024 20:51:43||47297|54119310640|132032414008
26278|0|95327|06/01/2024 16:10:39||64161|7890528616|5602878584
27702|0|68548|07/01/2024 02:28:46||27074|4841777720|5505947648
28061|0|37636|07/01/2024 04:42:28||19052|4040477504|5858102936
28680|0|68233|07/01/2024 08:56:10||3830|1256762168|1691001816
26518|0|7309|06/01/2024 17:59:56||57604|174990128208|373721437352
26671|0|55305|06/01/2024 19:08:25||53495|9856369288|10267603592
28039|0|51811|07/01/2024 04:33:47||19573|25241204680|61436178440
27106|0|65020|06/01/2024 22:09:47||42613|15611445208|19477491088
28171|0|9069|07/01/2024 05:33:27||15993|5863146624|6424845400
27733|0|80460|07/01/2024 02:35:48||26652|6504167208|7163440064
28268|0|60476|07/01/2024 06:10:12||13788|5066088688|5899605312
27390|0|63560|07/01/2024 00:13:38||35182|7279554624|8383664152
28568|0|24713|07/01/2024 08:07:35||6745|4990662832|5907578816
27321|0|80258|06/01/2024 23:49:14||36646|2721931648|3805660440
27021|0|87313|06/01/2024 21:24:45||45315|7177084880|7759064840
28485|0|72139|07/01/2024 07:37:56||8524|408909264|537254280
28628|0|64222|07/01/2024 08:34:31||5129|829948632|846087320
27627|0|47934|07/01/2024 01:52:47||29233|24166459864|13734940320
28388|0|57723|07/01/2024 06:52:28||11252|364535016|504020432
27483|0|29227|07/01/2024 00:59:20||32440|107195920|144219000
28798|0|57621|07/01/2024 09:41:39||1101|19406472|20735144
27107|0|21811|06/01/2024 22:08:51||42669|1614347960|1713730304
26907|0|11099|06/01/2024 20:48:59||47461|1948246960|2498304552
27852|0|6911|07/01/2024 03:21:52||23888|14625828304|9413023640
27304|0|45514|06/01/2024 23:34:36||37524|2254816760|2611939896
27677|0|7366|07/01/2024 02:16:12||27828|52593603776|126430404688
28464|0|41385|07/01/2024 07:29:59||9001|277698744|316078800
26519|0|69945|06/01/2024 17:53:45||57975|37042069056|43957185240
26695|0|6427|06/01/2024 19:17:27|07/01/2024 09:54:23|52616|3758707312|5395535976
28245|0|97624|07/01/2024 06:09:19||13841|1624981112|1961089312
28389|0|89298|07/01/2024 06:58:23||10897|970748096|1007301640
28569|0|14240|07/01/2024 08:00:17||7183|2682757152|3662507920
28116|0|5332|07/01/2024 05:04:21||17739|2980586256|3563397480
27410|0|53873|07/01/2024 00:22:52||34628|12177291328|13379485464
27392|0|71946|07/01/2024 00:13:44||35176|2558456608|2895350120
26625|0|47809|06/01/2024 18:47:18||54762|2439252176|3227534784
28589|0|11854|07/01/2024 08:12:38||6442|1021293320|1088904616
28824|0|28891|07/01/2024 09:59:44||16|533736|747416
27575|0|93935|07/01/2024 01:33:40||30380|21517278344|28506389440
27305|0|70819|06/01/2024 23:34:02||37558|2776370936|3244059256
26936|0|64286|06/01/2024 20:58:30||46890|23271864896|23865126096
27069|0|56440|06/01/2024 21:49:49||43811|11121520176|13496970840
27938|0|87270|07/01/2024 03:52:58||22022|213992528|231523160
28770|0|53853|07/01/2024 09:33:21||1599|1244842960|1424977088
28508|0|46894|07/01/2024 07:48:29||7891|1425701424|1712964584
28412|0|89783|07/01/2024 07:06:24||10416|1205797912|1767262424
27939|0|45445|07/01/2024 03:52:16||22064|50901052760|104336138312
28298|0|10739|07/01/2024 06:23:26||12994|128783656|189903560
27986|0|19406|07/01/2024 04:12:26||20854|3024622032|3682642808
27884|0|57415|07/01/2024 03:35:51||23049|4490174616|4561387536
28655|0|86546|07/01/2024 08:44:16||4544|807622016|1202674040
27322|0|82423|06/01/2024 23:47:49||36731|8859995080|10977688808
27940|0|80650|07/01/2024 03:50:37||22163|5028592424|5801944520
26540|0|57089|06/01/2024 18:05:05||57295|17770939800|26642134296
27430|0|50307|07/01/2024 00:36:12||33828|774829584|1074910528
27910|0|22879|07/01/2024 03:48:41|07/01/2024 09:50:25|21704|3759042368|3977140920
27758|0|13972|07/01/2024 02:45:46||26054|166103312|206312008
28721|0|73294|07/01/2024 09:12:33||2847|674586800|1008271736
28570|0|54615|07/01/2024 08:00:25||7175|609438528|729095112
28062|0|45025|07/01/2024 04:48:53||18667|456803112|611461272
28799|0|74976|07/01/2024 09:40:05||1195|19749568|25023616
28413|0|91970|07/01/2024 07:07:50||10330|569367072|788088568
26451|0|6561|06/01/2024 17:29:28||59432|41874303744|54372473392
28361|0|51065|07/01/2024 06:41:28||11912|8453069912|9558390672
27212|0|44253|06/01/2024 22:53:37||39983|9764643008|11020852232
26101|0|43310|06/01/2024 15:08:25||67895|10039626176|13770500888
27547|0|24372|07/01/2024 01:24:17||30943|3329132512|4985048608
28825|0|30656|07/01/2024 09:52:27||453|251936|292064
28698|0|54872|07/01/2024 09:09:38||3022|9106576784|20323348304
27527|0|53832|07/01/2024 01:17:37||31343|19612234264|25040291920
27911|0|28135|07/01/2024 03:46:29||22411|14605274568|20989103800
27548|0|85209|07/01/2024 01:26:09||30831|10142146280|13253666176
27457|0|97025|07/01/2024 00:49:10||33050|12536891344|12551967416
28041|0|57478|07/01/2024 04:39:19||19241|9044774760|11127506248
27367|0|83204|07/01/2024 00:02:29||35851|6052357704|7450956576
26951|0|36075|06/01/2024 21:08:21||46299|1346295640|1607843504
26478|0|92674|06/01/2024 17:33:07||59213|13650072320|14139278448
27781|0|82437|07/01/2024 02:59:07||25253|3944490640|4489481952
27393|0|35393|07/01/2024 00:18:44||34876|12565778768|13145812104
26720|0|6812|06/01/2024 19:22:50||52630|13507027464|14953721632
28681|0|94644|07/01/2024 08:52:28||4052|779743784|942786624
26885|0|82855|06/01/2024 20:30:15||48585|37835985856|37909633752
28269|0|25393|07/01/2024 06:10:01||13799|9552777656|10703655600
27108|0|95133|06/01/2024 22:06:22||42818|1860642912|2030027872
28333|0|39092|07/01/2024 06:35:36||12264|1589376728|1990042816
26123|0|46481|06/01/2024 15:13:39||67581|39444489464|46193777424
27966|0|80114|07/01/2024 04:07:59||21121|1524706904|1725943904
27678|0|86587|07/01/2024 02:14:53||27907|2626100112|3257211552
27734|0|49972|07/01/2024 02:34:48||26712|4931310880|5910685520
28826|0|38043|07/01/2024 09:51:41||499|71657952|91475200
26200|0|98102|06/01/2024 15:46:51||65589|15079398736|15668782672
28656|0|64851|07/01/2024 08:43:01||4619|82895696|95083872
28800|0|98867|07/01/2024 09:49:58||602|79072072|95968344
28414|0|9408|07/01/2024 07:09:38||10222|403271160|528530640
27735|0|98219|07/01/2024 02:35:39||26661|1106731384|1254372952
28172|0|61298|07/01/2024 05:31:58||16082|1164472744|1736141856
28299|0|82683|07/01/2024 06:23:48||12972|1170471768|1277986128
28199|0|32304|07/01/2024 05:49:59||15001|2423421360|2711022360
28129|0|23312|07/01/2024 05:10:23||17377|20046818040|50592038728
28362|0|99463|07/01/2024 06:40:12||11988|8454296128|9385504576
28415|0|19240|07/01/2024 07:03:07||10613|2825414480|3073160320
28217|0|58846|07/01/2024 05:56:17||14623|5204579160|7753134872
27599|0|43037|07/01/2024 01:48:55||29465|4505455408|6053099640
27368|0|16393|07/01/2024 00:03:45||35775|1977769728|2505218816
27912|0|44799|07/01/2024 03:45:22||22478|12695299608|13895104832
28416|0|54462|07/01/2024 07:00:49||10751|1088951440|1215925656
28465|0|90193|07/01/2024 07:25:49||9251|463186984|595895968
26837|0|82514|06/01/2024 20:17:31||49349|7303973808|9441758936
26696|0|82779|06/01/2024 19:13:22||53198|1981925896|2140232976
28486|0|98097|07/01/2024 07:31:22||8918|475505632|643843680
28437|0|53244|07/01/2024 07:15:38||9862|2711294832|3117679000
27369|0|11651|07/01/2024 00:02:14||35866|699441528|711932184
26808|0|94247|06/01/2024 20:01:11||50329|9496243400|11144978608
26651|0|87489|06/01/2024 18:56:29||54211|19631571840|25195053400
27853|0|74631|07/01/2024 03:28:16||23504|73961057000|156309620848
28827|0|68505|07/01/2024 09:51:11||529|7861848|9993512
26628|0|90503|06/01/2024 18:49:17||54643|13900771304|15176857000
28246|0|94561|07/01/2024 06:02:59||14221|8286655992|10024579336
27022|0|17532|06/01/2024 21:29:23||45037|5828045224|6130551512
28092|0|98547|07/01/2024 04:56:20||18220|761625688|921643640
28390|0|7726|07/01/2024 06:58:54||10866|1071297480|1133370480
27502|0|77479|07/01/2024 01:09:34||31826|11021072672|14987114048
28629|0|94328|07/01/2024 08:30:10||5390|4469863656|4790317136
27885|0|66715|07/01/2024 03:39:28||22832|25095161928|15062896648
27759|0|93283|07/01/2024 02:47:13||25967|438520312|603042808
28699|0|10836|07/01/2024 09:01:36||3504|827046000|1240020136
28300|0|57796|07/01/2024 06:23:38||12982|1893227040|2103396120
28363|0|3862|07/01/2024 06:48:55||11465|1212368432|1312687392
28487|0|86841|07/01/2024 07:37:36||8544|15738680|20340832
27347|0|76372|06/01/2024 23:50:54||36546|5394608984|6829943624
27886|0|92396|07/01/2024 03:31:58||23282|1476458440|1508221376
28200|0|52234|07/01/2024 05:41:38||15502|1130924768|1300004360
27175|0|65096|06/01/2024 22:31:09||41331|17610112096|22521935264
28334|0|57543|07/01/2024 06:35:01||12299|16806327760|16811177576
27149|0|54758|06/01/2024 22:21:10||41930|8324056240|9964109040
27703|0|88082|07/01/2024 02:20:44||27556|905221496|1035304160
26747|0|23710|06/01/2024 19:37:43||51737|20294731368|24678200288
28153|0|89187|07/01/2024 05:25:14||16486|1241475776|1396343864
28173|0|73332|07/01/2024 05:31:50||16090|4564921680|6236128432
28771|0|62677|07/01/2024 09:34:57||1503|73182368|81767656
28014|0|93299|07/01/2024 04:25:44||20056|462117848|466887848
27679|0|14844|07/01/2024 02:17:50||27730|6476509264|7608550136
27760|0|29962|07/01/2024 02:46:49||25991|23915346416|18737457472
27459|0|15805|07/01/2024 00:44:18||33342|7454122360|9350496688
27854|0|78214|07/01/2024 03:28:53||23467|27964058104|56555875280
27736|0|97040|07/01/2024 02:36:22||26618|758303152|862890800
28630|0|87395|07/01/2024 08:30:10||5390|550280072|808385168
26228|0|6143|06/01/2024 15:54:24||65136|12110024176|16925410752
27913|0|93065|07/01/2024 03:47:50||22330|45940114936|115739361112
27987|0|85296|07/01/2024 04:12:33||20847|11785742488|14413065904
27600|0|88911|07/01/2024 01:48:56||29464|62526901968|180647986600
28201|0|50993|07/01/2024 05:45:59||15241|5707923216|6632241824
27504|0|93087|07/01/2024 01:08:37||31883|10273480512|10417870368
27680|0|79156|07/01/2024 02:15:49||27851|2372295912|2811504336
27737|0|77493|07/01/2024 02:36:19||26621|1505123600|2028778544
28539|0|58102|07/01/2024 07:54:36||7524|150628600|185328848
28607|0|43201|07/01/2024 08:20:58||5942|3689274168|4256813304
28682|0|45750|07/01/2024 08:56:17||3823|2146674920|3120651088
27804|0|33153|07/01/2024 03:07:03||24777|13387350776|15955168544
28438|0|43493|07/01/2024 07:18:26||9694|937515504|1239968672
26653|0|81041|06/01/2024 18:55:07||54293|8068332072|12008923152
27942|0|51755|07/01/2024 03:53:07||22013|56982129560|151161447104
27628|0|93848|07/01/2024 01:58:42||28878|693682384|889357056
28335|0|85769|07/01/2024 06:32:01||12479|4475450072|4909094496
27825|0|55126|07/01/2024 03:17:39||24141|119971506480|236531694040
27394|0|51344|07/01/2024 00:18:48||34872|5131070664|6562394344
28466|0|72617|07/01/2024 07:24:01||9359|785240536|1132835824
26700|0|99020|06/01/2024 19:18:21||52899|152538236640|378198318680
28247|0|97371|07/01/2024 06:00:40||14360|379512840|532777304
27967|0|47709|07/01/2024 04:04:26||21334|16446176|24116928
27704|0|85520|07/01/2024 02:23:27||27393|19022897672|38828454080
27461|0|79305|07/01/2024 00:47:21||33159|7407492880|9816376744
27914|0|91634|07/01/2024 03:44:43||22517|3310769848|3637610744
27395|0|12052|07/01/2024 00:14:21||35139|5595702552|7869066000
27279|0|39240|06/01/2024 23:27:46||37934|6378639072|6973710224
28571|0|13720|07/01/2024 08:04:51||6909|2148124088|2484441200
28722|0|86178|07/01/2024 09:11:24||2916|393742864|501075936
28657|0|93907|07/01/2024 08:44:54||4506|55418640|64864512
28723|0|67384|07/01/2024 09:15:14||2686|1491123744|1493413808
27738|0|41453|07/01/2024 02:32:10||26870|901010328|1289089144
28336|0|78045|07/01/2024 06:32:59||12421|665745688|818774168
26988|0|15742|06/01/2024 21:14:58||45902|9465597456|12572496896
27577|0|89377|07/01/2024 01:37:24||30156|7326299984|9791403728
28572|0|92029|07/01/2024 08:00:17||7183|1422015280|1651776776
26862|0|77649|06/01/2024 20:27:18||48762|47177909640|30195020480
26482|0|71455|06/01/2024 17:38:10||58910|28231775160|34474582432
28540|0|16196|07/01/2024 07:51:50||7690|1975243968|2572822960
28724|0|72586|07/01/2024 09:13:39||2781|8819280928|22717581760
27887|0|66485|07/01/2024 03:34:59||23101|3707532152|4905761632
28467|0|80306|07/01/2024 07:20:54||9546|584454304|633627848
27213|0|48112|06/01/2024 22:52:28||40052|11523397656|16081509712
27761|0|95564|07/01/2024 02:48:19||25901|8643716160|10261512560
27915|0|81304|07/01/2024 03:49:59||22201|14205335296|16124190280
28439|0|58968|07/01/2024 07:17:21||9759|2357349136|2639081472
28509|0|66943|07/01/2024 07:41:35||8305|778939376|1000570352
27943|0|55543|07/01/2024 03:50:26||22174|2867383464|3672956968
27463|0|49985|07/01/2024 00:48:12||33108|27523550336|65494836008
26789|0|33239|06/01/2024 19:53:04||50816|9015695472|11824189528
28725|0|29163|07/01/2024 09:11:44||2896|265591168|361273904
26629|0|61581|06/01/2024 18:40:01||55199|2674201432|3028420152
28391|0|38182|07/01/2024 06:50:59||11341|5511000840|7066638680
28202|0|87943|07/01/2024 05:48:48||15072|34469362592|77517733920
27192|0|84015|06/01/2024 22:43:16||40604|9216853600|10223095312
28130|0|80365|07/01/2024 05:18:05||16915|2164602008|2651281168
28016|0|26203|07/01/2024 04:29:53||19807|1053746520|1452707192
27549|0|91413|07/01/2024 01:22:00||31080|5834415072|7945352504
28726|0|51087|07/01/2024 09:15:15||2685|1031844632|1481696832
28631|0|97711|07/01/2024 08:32:08||5272|2458924184|3063121184
28093|0|48037|07/01/2024 04:58:34||18086|755991432|762304648
28590|0|66209|07/01/2024 08:13:27||6393|5199444112|5206331904
28683|0|69771|07/01/2024 08:56:40||3800|94583504|134321608
28727|0|83444|07/01/2024 09:10:30||2970|308595528|369778464
28248|0|57000|07/01/2024 06:02:12||14268|14147488584|9890699800
28131|0|20158|07/01/2024 05:17:58||16922|2788543576|3820077008
28392|0|5526|07/01/2024 06:51:39||11301|3735299392|5476701536
27629|0|7096|07/01/2024 01:54:54||29106|14176024088|15586928720
27042|0|3879|06/01/2024 21:38:56||44464|10082000688|11590579952
26483|0|43049|06/01/2024 17:33:41||59179|75040002288|48690992048
27193|0|91320|06/01/2024 22:48:02||40318|19763561440|23131802184
28573|0|17515|07/01/2024 08:04:28||6932|256295904|274353920
26673|0|63244|06/01/2024 19:03:27||53793|9474596720|10715935312
28064|0|84700|07/01/2024 04:43:57||18963|5094779560|5279387968
28302|0|62485|07/01/2024 06:26:56||12784|3304587880|3671518976
27601|0|64240|07/01/2024 01:44:30||29730|11792683040|15255934680
28541|0|67487|07/01/2024 07:55:40||7460|621278672|673307872
28042|0|47177|07/01/2024 04:39:00||19260|993659680|1187276480
27988|0|48358|07/01/2024 04:10:21||20979|3980630424|4917840984
28393|0|3804|07/01/2024 06:52:40||11240|1556991656|1670885120
28772|0|37594|07/01/2024 09:32:16||1664|117478584|140461368
28094|0|34693|07/01/2024 04:56:43||18197|1041582112|1470950984
28154|0|15530|07/01/2024 05:20:43||16757|767046512|1083111264
27550|0|10788|07/01/2024 01:28:54||30666|100471827080|217887369112
27805|0|56085|07/01/2024 03:01:35||25105|4400630840|5130560384
28043|0|37466|07/01/2024 04:33:58|07/01/2024 09:58:30|19472|1318783360|1504248192
28364|0|86599|07/01/2024 06:49:22||11438|4125889864|5289035096
28218|0|93545|07/01/2024 05:58:15||14505|9691693744|9847041672
28608|0|84155|07/01/2024 08:29:04||5456|118812960|149686480
27916|0|60316|07/01/2024 03:47:34||22346|8707779920|8969570256
28609|0|77115|07/01/2024 08:29:29||5431|386944392|555039776
28751|0|60730|07/01/2024 09:20:10||2390|119210744|157971712
27348|0|56414|06/01/2024 23:53:32||36388|835381040|844196504
26022|0|69735|06/01/2024 14:35:50||69850|13576621000|15188192672
28394|0|94648|07/01/2024 06:55:26||11074|3722055040|4653856792
26769|0|7824|06/01/2024 19:47:08||51172|20997958736|27484361096
28658|0|85659|07/01/2024 08:44:38||4522|36979944|42307760
27432|0|60821|07/01/2024 00:36:35||33805|2953007184|3381274800
28659|0|76230|07/01/2024 08:46:16||4424|1123487216|1534563592
27762|0|37427|07/01/2024 02:43:20||26200|556243872|735502032
26125|0|9300|06/01/2024 15:18:19||67301|13454863704|15867722792
27551|0|69790|07/01/2024 01:27:04||30776|6563319280|9776525248
28728|0|39331|07/01/2024 09:18:45||2475|271113384|347026232
28488|0|36103|07/01/2024 07:30:05||8995|1099312488|1522629712
27433|0|40103|07/01/2024 00:34:04||33956|9699691352|13859549688
28337|0|18851|07/01/2024 06:38:35||12085|367199904|394985168
27739|0|55006|07/01/2024 02:37:20||26560|2359493760|3046295296
26911|0|52977|06/01/2024 20:46:11||47629|3693165776|3749492640
26751|0|49389|06/01/2024 19:30:05||52195|6693015104|8324645768
27150|0|90604|06/01/2024 22:29:17||41443|11620147568|14175851760
28632|0|10372|07/01/2024 08:37:15||4965|1274489472|1349946416
28270|0|8097|07/01/2024 06:15:27||13473|9156448344|9742177912
28610|0|38989|07/01/2024 08:27:52||5528|888708480|1125573328
26612|0|57109|06/01/2024 18:30:35||55765|6836039016|8673720664
27260|0|85899|06/01/2024 23:15:17||38683|1818552376|2655152432
27506|0|61807|07/01/2024 01:04:12||32148|974207448|1003960120
27889|0|95204|07/01/2024 03:31:32||23308|79738768|102531296
28338|0|71532|07/01/2024 06:36:28||12212|1532194928|2003739192
28219|0|33020|07/01/2024 05:56:32||14608|4351734384|5161877848
28700|0|8075|07/01/2024 09:03:09||3411|238305752|276161424
28017|0|30647|07/01/2024 04:20:42||20358|14208368080|18837262592
28752|0|62807|07/01/2024 09:24:25||2135|460699952|650095472
27706|0|74728|07/01/2024 02:23:39||27381|2289415280|2553453272
28684|0|77675|07/01/2024 08:59:46||3614|134758272|135330080
27784|0|92661|07/01/2024 02:54:31||25529|2998174528|4299741352
26888|0|14526|06/01/2024 20:39:18||48042|20227430648|26686279312
27602|0|90068|07/01/2024 01:44:40||29720|8694917232|10781177824
28045|0|41286|07/01/2024 04:31:02||19738|11095890512|11474705456
27413|0|46783|07/01/2024 00:21:47||34693|3508262024|5255498032
28701|0|37021|07/01/2024 09:01:44||3496|796224264|1016555640
27740|0|14784|07/01/2024 02:39:04||26456|3527025216|3536846992
28132|0|4530|07/01/2024 05:12:01||17279|2546924568|2687820624
26952|0|15140|06/01/2024 21:06:31||46409|12151692264|17084813472
28591|0|73320|07/01/2024 08:17:33||6147|1361778232|1475838632
28633|0|81360|07/01/2024 08:36:10||5030|11366645560|28736482656
28339|0|28987|07/01/2024 06:31:24||12516|10810935296|29408566328
28304|0|50031|07/01/2024 06:23:38||12982|7740941936|8788209184
27372|0|89679|07/01/2024 00:04:48||35712|4061220800|4666752680
27890|0|91899|07/01/2024 03:33:14||23206|642426536|672155968
27917|0|72403|07/01/2024 03:47:33||22347|725191976|784286976
26991|0|19178|06/01/2024 21:11:05||46135|393603416|461634584
27485|0|10537|07/01/2024 00:54:54||32706|3108702800|3502393752
27707|0|40603|07/01/2024 02:22:10||27470|4907510536|6540385328
28592|0|86607|07/01/2024 08:16:03||6237|16951156328|36766098632
27891|0|26748|07/01/2024 03:35:51||23049|8038227200|9196276072
26953|0|61221|06/01/2024 21:08:50||46270|2439458136|3437470880
28340|0|20659|07/01/2024 06:37:34||12146|607081240|626964296
27857|0|74715|07/01/2024 03:27:22||23558|1825456904|2644103128
27214|0|13277|06/01/2024 22:54:57||39903|3598048928|4177866736
28489|0|63578|07/01/2024 07:38:48||8472|10549877512|27006133928
27373|0|53452|07/01/2024 00:07:08|07/01/2024 09:54:19|35231|8790680584|11463337008
28828|0|53452|07/01/2024 09:55:44||256|55789160|56435584
27044|0|35773|06/01/2024 21:32:12||44868|4170072528|4365565136
27238|0|86994|06/01/2024 23:07:20||39160|8710504768|9208165656
27681|0|50071|07/01/2024 02:18:08||27712|9235549736|11329775440
28685|0|84148|07/01/2024 08:57:27||3753|332882528|383374768
28066|0|77085|07/01/2024 04:42:38||19042|25380686280|55977717808
27682|0|99342|07/01/2024 02:17:01||27779|10966255368|14800416744
27507|0|95449|07/01/2024 01:04:35||32125|14019512080|18221103880
28773|0|56611|07/01/2024 09:37:30||1350|27749736|34752336
28634|0|49933|07/01/2024 08:36:36||5004|722201168|1033826016
28395|0|33874|07/01/2024 06:55:23||11077|2685963592|3686846280
27309|0|51188|06/01/2024 23:33:48||37572|2030229232|2946799784
28067|0|33654|07/01/2024 04:49:22||18638|5642017920|7602927600
27552|0|70282|07/01/2024 01:22:26||31054|8450849552|9011240840
28542|0|72619|07/01/2024 07:52:42||7638|16735487528|42496855320
27239|0|45898|06/01/2024 23:08:28||39092|56871056976|31124531424
28753|0|75420|07/01/2024 09:25:00||2100|729094440|511336456
28220|0|82756|07/01/2024 05:50:26||14974|1589637688|2292934304
27683|0|25757|07/01/2024 02:13:48||27972|30640319744|90726608152
28095|0|6099|07/01/2024 04:57:21||18159|714781728|905276576
27806|0|93704|07/01/2024 03:05:58||24842|2216778336|2769198664
28729|0|38058|07/01/2024 09:11:08||2932|379139720|236324288
28754|0|62081|07/01/2024 09:26:38||2002|1958353432|1525502896
28203|0|98961|07/01/2024 05:45:53||15247|10203570312|12667016704
27829|0|12671|07/01/2024 03:10:09||24591|5135984584|5259283728
27651|0|43443|07/01/2024 02:03:49||28571|1630817544|2329889528
27652|0|14586|07/01/2024 02:04:51||28509|1534757880|1549736944
28574|0|64866|07/01/2024 08:01:47||7093|944774448|1231831624
27830|0|98312|07/01/2024 03:17:54||24126|2980704568|3407046016
28341|0|63877|07/01/2024 06:31:40||12500|3366539672|5000832120
28271|0|81649|07/01/2024 06:12:32||13648|4492602408|5740604728
28593|0|55855|07/01/2024 08:15:40||6260|1173546576|1525822800
27194|0|26752|06/01/2024 22:49:02||40258|23381461576|23866953768
27434|0|20797|07/01/2024 00:39:44||33616|8128829800|12171157120
28068|0|92786|07/01/2024 04:41:33||19107|3281179896|3303680984
27990|0|36213|07/01/2024 04:10:45||20955|3012619872|3437948272
28155|0|46103|07/01/2024 05:24:18||16542|2785842216|3612027864
28204|0|70809|07/01/2024 05:44:34||15326|11468693280|14422231472
27374|0|25911|07/01/2024 00:05:37||35663|6336124064|8184442384
27112|0|7858|06/01/2024 22:05:43||42857|122946940496|315511364848
26812|0|80078|06/01/2024 20:00:09||50391|5847336328|7806736680
28305|0|30506|07/01/2024 06:29:17||12643|4436026976|5183604752
28396|0|16471|07/01/2024 06:58:51||10869|4377918104|4603586464
28221|0|55039|07/01/2024 05:56:59||14581|3091538792|4547036048
27708|0|46180|07/01/2024 02:29:29||27031|4695040384|5903055544
28018|0|98373|07/01/2024 04:28:00||19920|3168554728|3552827960
27970|0|7703|07/01/2024 04:05:14||21286|11589907888|15505714424
28730|0|80757|07/01/2024 09:11:10||2930|8970018400|23195949336
27262|0|64906|06/01/2024 23:17:34||38546|85056021016|174506760344
28342|0|59622|07/01/2024 06:31:07||12533|9328074648|11935877320
26791|0|36498|06/01/2024 19:55:54||50646|8440570832|10954689792
27375|0|65716|07/01/2024 00:03:48||35772|5476611472|5684006752
27807|0|64889|07/01/2024 03:07:03||24777|9711619552|11002333328
28272|0|39989|07/01/2024 06:12:45||13635|2727039872|3456461560
28046|0|20427|07/01/2024 04:39:45||19215|910760344|1107495624
26771|0|78553|06/01/2024 19:45:59||51241|27745273416|38645811464
28731|0|63619|07/01/2024 09:14:27||2733|321700288|437482632
27533|0|85187|07/01/2024 01:16:25||31415|2109959688|6190110200
26992|0|71628|06/01/2024 21:15:13||45887|8852698848|11294395936
28306|0|33929|07/01/2024 06:29:57||12603|19489557640|19792977016
27466|0|24083|07/01/2024 00:46:24||33216|844748872|1186063232
28365|0|73903|07/01/2024 06:43:31||11789|3849422376|5308974656
26792|0|75433|06/01/2024 19:56:52||50588|28958881688|40384814336
26544|0|47638|06/01/2024 18:03:59||57361|21013447480|23536626528
28176|0|39615|07/01/2024 05:36:36||15804|4251143784|4690558344
28019|0|26853|07/01/2024 04:23:34||20186|2328365688|2928817640
28801|0|90524|07/01/2024 09:41:05||1135|3890464|5430776
28177|0|63519|07/01/2024 05:37:11||15769|1076948144|1345005448
28802|0|27053|07/01/2024 09:43:09||1011|101879056|129071928
28273|0|55461|07/01/2024 06:12:46||13634|3689672024|4197615136
26159|0|82153|06/01/2024 15:28:35|07/01/2024 09:55:32|66417|23377040864|26644827144
28829|0|82153|07/01/2024 09:56:46||194|9423680|9734056
28117|0|56154|07/01/2024 05:05:00||17700|939275752|1062934040
28397|0|18965|07/01/2024 06:58:44||10876|984995320|1079597840
28343|0|87016|07/01/2024 06:35:19||12281|10367005648|11089899248
26913|0|37108|06/01/2024 20:43:24||47796|2246894648|2495195856
28660|0|81904|07/01/2024 08:47:19||4361|722545080|861971512
28205|0|69625|07/01/2024 05:46:01||15239|13010444168|13177506632
28774|0|98182|07/01/2024 09:35:34||1466|462110048|655952832
27831|0|80005|07/01/2024 03:15:16||24284|4751526240|5311753960
27892|0|24466|07/01/2024 03:35:17||23083|3054968904|4416254080
27944|0|55290|07/01/2024 03:54:50||21910|3628422704|3851488712
26345|0|41634|06/01/2024 16:38:11||62509|5942646680|8184232248
28178|0|82244|07/01/2024 05:33:17||16003|3865202728|4186429376
27971|0|33949|07/01/2024 04:01:30||21510|6203357336|6540136640
28274|0|62443|07/01/2024 06:11:09||13731|1504760352|1914960192
28775|0|74222|07/01/2024 09:37:18||1362|3228876528|7611218776
28441|0|25872|07/01/2024 07:19:46||9614|77882312|108137992
28803|0|14344|07/01/2024 09:47:29||751|67240264|85517728
28575|0|79726|07/01/2024 08:08:32||6688|897882976|1276053424
28661|0|95843|07/01/2024 08:48:43||4277|105574488|131557272
28133|0|47930|07/01/2024 05:11:39|07/01/2024 09:55:24|17025|14044180712|8627632056
28830|0|47930|07/01/2024 09:57:10||170|129893592|106099848
27151|0|47501|06/01/2024 22:27:07||41573|10651193704|15520029560
27398|0|26733|07/01/2024 00:13:51||35169|1653908096|2209126120
27135|0|53099|06/01/2024 22:13:09|07/01/2024 09:55:34|42145|2229971392|2446477192
28755|0|60524|07/01/2024 09:29:06||1854|373843520|502941736
28134|0|34787|07/01/2024 05:14:56||17104|2276652272|2444572608
27581|0|71522|07/01/2024 01:38:53||30067|1955489776|2931984160
28156|0|78069|07/01/2024 05:23:34||16586|1838982768|1946430720
28662|0|54515|07/01/2024 08:40:12||4788|294843664|366741832
27152|0|78328|06/01/2024 22:28:34||41486|126138133744|272542879008
28069|0|54413|07/01/2024 04:41:18||19122|852253968|959032920
28206|0|68537|07/01/2024 05:42:25||15455|12385928624|13800211432
26939|0|10110|06/01/2024 20:51:35||47305|15346220504|22548560048
27946|0|52004|07/01/2024 03:53:59||21961|16911675064|45965774440
27653|0|30630|07/01/2024 02:01:26||28714|9000061496|13107641728
28732|0|13046|07/01/2024 09:12:22||2858|1281841280|1298649880
27859|0|73835|07/01/2024 03:28:43||23477|1377944912|1600580152
28020|0|75025|07/01/2024 04:25:03||20097|3707920240|4422417920
28831|0|72204|07/01/2024 09:59:52||8|0|0
26864|0|95706|06/01/2024 20:29:51||48609|669399720|736812488
28469|0|34756|07/01/2024 07:23:57||9363|1093405416|1491531240
27631|0|29712|07/01/2024 01:52:33||29247|4382674976|5678290720
27114|0|87945|06/01/2024 22:08:07||42713|7673442440|8618446544
28733|0|12922|07/01/2024 09:19:32||2428|82732832|114643080
28543|0|48767|07/01/2024 07:57:23||7357|277497608|291878272
26501|0|72896|06/01/2024 17:43:29||58591|31960574776|35460050936
27893|0|38388|07/01/2024 03:31:14||23326|6114116000|7015097824
28442|0|10047|07/01/2024 07:16:20||9820|4305252632|6362111744
28096|0|48296|07/01/2024 04:55:43||18257|520221368|527717160
28511|0|55146|07/01/2024 07:44:48||8112|673570864|720732912
27467|0|90367|07/01/2024 00:45:57||33243|6415169672|7465599824
28135|0|6960|07/01/2024 05:13:41||17179|44616000000|104465001544
28832|0|30767|07/01/2024 09:52:51||429|27624056|32528112
28097|0|22544|07/01/2024 04:56:13||18227|177176216|186372320
26841|0|26628|06/01/2024 20:18:12||49308|10793923752|12223778280
28734|0|28393|07/01/2024 09:17:57||2523|8420481400|21544782704
27045|0|16695|06/01/2024 21:38:09||44511|10128088952|14368487560
27832|0|40671|07/01/2024 03:18:32||24088|1637975280|1734807920
28308|0|76609|07/01/2024 06:21:24||13116|3859302176|5480371424
27508|0|90732|07/01/2024 01:00:38||32362|3689231840|4298633736
27310|0|15557|06/01/2024 23:38:27||37293|980237680|1269031216
28702|0|40511|07/01/2024 09:06:57||3183|3355337976|3609340928
28544|0|86192|07/01/2024 07:50:07||7793|1732656136|2102718704
28208|0|34412|07/01/2024 05:48:54||15066|1206055608|1358334648
28366|0|78500|07/01/2024 06:49:14||11446|1817010440|1959127880
26940|0|10342|06/01/2024 20:56:59||46981|119951300312|281421926368
28275|0|97925|07/01/2024 06:15:53||13447|3378983584|4400218512
28470|0|23436|07/01/2024 07:20:47||9553|1307290176|1374561304
28776|0|48911|07/01/2024 09:39:12||1248|355443056|388790960
27325|0|58536|06/01/2024 23:48:58||36662|3955124768|5003470040
28635|0|79407|07/01/2024 08:34:54||5106|2520697296|2717911640
28118|0|73069|07/01/2024 05:03:57||17763|683021216|769722160
28545|0|27884|07/01/2024 07:51:45||7695|684044008|424900616
27025|0|39308|06/01/2024 21:20:59||45541|1399774320|1893288888
27046|0|78689|06/01/2024 21:37:38||44542|18213422872|22603124072
27196|0|74346|06/01/2024 22:42:12||40668|4384300376|4780065584
28417|0|14697|07/01/2024 07:03:54||10566|724808192|856900472
28512|0|98973|07/01/2024 07:41:10||8330|234853232|295777528
27136|0|65491|06/01/2024 22:13:29||42391|84817074520|245043939280
27153|0|98489|06/01/2024 22:21:02||41938|23337396464|30763549232
28636|0|56997|07/01/2024 08:30:01||5399|5788864832|12975668176
28418|0|48741|07/01/2024 07:08:41||10279|961024992|1354916360
27765|0|64434|07/01/2024 02:49:52||25808|2768866496|3249158488
27216|0|3892|06/01/2024 22:56:52||39788|40400992000|83137789000
28833|0|6662|07/01/2024 09:55:42||258|109648056|134152328
26415|0|71562|06/01/2024 17:09:20||60640|184585024768|350877669272
27860|0|12088|07/01/2024 03:22:17||23863|4194369312|5342231624
28703|0|17294|07/01/2024 09:06:58||3182|892044520|1146350024
27554|0|78684|07/01/2024 01:29:16||30644|4299205344|5517193624
27197|0|84330|06/01/2024 22:45:42||40458|12726809152|13409329944
27786|0|41706|07/01/2024 02:52:16||25664|777811472|915048128
27326|0|56872|06/01/2024 23:43:05||37015|49794035352|110495988368
28047|0|82127|07/01/2024 04:37:51||19329|10896154768|13698057448
26756|0|55644|06/01/2024 19:37:56||51724|8526007848|10193040176
28611|0|56746|07/01/2024 08:29:04||5456|1104125168|1483677096
27264|0|75667|06/01/2024 23:15:02||38698|57710402264|123872070328
26320|0|73186|06/01/2024 16:20:36||63564|9584885072|13563892912
27709|0|41227|07/01/2024 02:22:08||27472|1721471992|2279894864
26843|0|11781|06/01/2024 20:11:07|07/01/2024 09:58:29|49642|12948916936|17573914544
28136|0|42205|07/01/2024 05:19:14||16846|1708230440|1789575216
28344|0|96286|07/01/2024 06:37:10||12170|6398214080|7171827856
27555|0|94788|07/01/2024 01:21:25||31115|11327988720|14652815840
28250|0|78335|07/01/2024 06:01:36||14304|3064248216|3535874768
28419|0|97865|07/01/2024 07:08:45||10275|13001551472|25116543800
27198|0|60882|06/01/2024 22:41:11||40729|63524591368|124307316352
28309|0|81789|07/01/2024 06:21:22||13118|991373672|1163413584
27265|0|96892|06/01/2024 23:18:43||38477|11118583152|11969946144
28804|0|46995|07/01/2024 09:46:08||832|40480320|59155256
28546|0|38982|07/01/2024 07:59:47||7213|17178403376|32504702664
28594|0|31000|07/01/2024 08:12:53||6427|12246132056|22789442992
28471|0|34953|07/01/2024 07:22:14||9466|1462510312|1581082216
28367|0|75914|07/01/2024 06:45:36||11664|384790568|551756488
27920|0|86009|07/01/2024 03:40:38||22762|17982023520|20634237200
28443|0|86823|07/01/2024 07:13:41||9979|2173091912|2429658560
27468|0|79268|07/01/2024 00:48:01||33119|11671942312|16388869320
28777|0|33485|07/01/2024 09:39:07||1253|2579424744|6334684712
26727|0|85291|06/01/2024 19:24:21||52539|4389418384|5484105592
28472|0|17728|07/01/2024 07:22:45||9435|24579648|30608976
26915|0|47970|06/01/2024 20:44:40||47720|6528578416|7486338816
26844|0|32920|06/01/2024 20:15:08||49492|12267447320|12947526216
28513|0|77756|07/01/2024 07:49:44|07/01/2024 09:55:01|7517|1822391120|2235875944
26545|0|89551|06/01/2024 18:07:09||57171|25869408504|31433702160
27138|0|13907|06/01/2024 22:19:17||42043|168920992|187567040
27921|0|65987|07/01/2024 03:48:34||22286|20931586640|45760555560
27070|0|94873|06/01/2024 21:44:30||44130|20760640824|25167485008
27991|0|76428|07/01/2024 04:12:47||20833|4648345456|4802667088
28180|0|9390|07/01/2024 05:36:03||15837|1770068576|1911351064
27833|0|43972|07/01/2024 03:15:32||24268|11204994976|12186146816
28071|0|82516|07/01/2024 04:46:56||18784|4826498672|6569900840
28444|0|53217|07/01/2024 07:10:48||10152|170259384|184274536
28778|0|93244|07/01/2024 09:35:26||1474|386866096|424109528
28251|0|22741|07/01/2024 06:07:50||13930|5392386280|5429050120
28805|0|46086|07/01/2024 09:49:44||616|29977536|40670760
28514|0|48483|07/01/2024 07:48:30||7890|323796192|472793544
28547|0|69341|07/01/2024 07:52:51||7629|833218328|946207784
27376|0|43934|07/01/2024 00:02:46||35834|15622369856|16799928720
27862|0|32336|07/01/2024 03:27:11||23569|5020781392|5821559112
28276|0|35699|07/01/2024 06:19:50||13210|833139368|1000504064
28735|0|42383|07/01/2024 09:11:17||2923|2299850792|3090168384
28023|0|70346|07/01/2024 04:25:28||20072|3180485352|4066763824
27090|0|4685|06/01/2024 21:56:54||43386|3699097800|5067971448
28445|0|77465|07/01/2024 07:15:09||9891|436069208|497105752
27922|0|84443|07/01/2024 03:43:21||22599|1575007024|1659745192
28345|0|42168|07/01/2024 06:37:34||12146|6551454592|7480980008
26546|0|59806|06/01/2024 18:06:28||57212|16613590976|18922144544
26997|0|64838|06/01/2024 21:17:50||45730|76847911520|166981012112
26757|0|14009|06/01/2024 19:39:57||51603|9068216608|11095204408
27047|0|87581|06/01/2024 21:33:20||44800|3620219552|4930682336
27556|0|12956|07/01/2024 01:27:16||30764|7405330936|8573393056
27710|0|43609|07/01/2024 02:26:05||27235|1493563072|1881459304
28756|0|81020|07/01/2024 09:29:44||1816|315005592|356871024
28311|0|54461|07/01/2024 06:28:32||12688|7436613232|7870193496
28515|0|92593|07/01/2024 07:45:12||8088|271081264|341846080
27923|0|35495|07/01/2024 03:48:27||22293|2902954928|2962513240
27469|0|98672|07/01/2024 00:42:49||33431|15408760928|22750489096
28072|0|21866|07/01/2024 04:47:12||18768|824051320|549437400
28663|0|17787|07/01/2024 08:41:45||4695|1386441552|956278384
28222|0|31852|07/01/2024 05:54:18||14742|3711858472|3803898928
28073|0|39893|07/01/2024 04:44:13||18947|9696118968|29010780656
28612|0|60185|07/01/2024 08:27:25||5555|4544453080|5500747248
27948|0|98573|07/01/2024 03:52:11||22069|6442847952|8207860424
27992|0|20093|07/01/2024 04:14:11||20749|2964314760|3209222520
28736|0|45060|07/01/2024 09:11:49||2891|715470480|973902912
27924|0|68311|07/01/2024 03:40:17||22783|1670751872|1781864648
27287|0|71535|06/01/2024 23:26:36||38004|17720731272|17837027984
26184|0|50341|06/01/2024 15:30:44||66556|14902057392|19005995576
27437|0|53738|07/01/2024 00:30:57||34143|6259980992|8779312952
28686|0|56024|07/01/2024 08:50:37||4163|920284032|1110641016
27199|0|24447|06/01/2024 22:42:54||40626|99518476376|262136649344
28048|0|99612|07/01/2024 04:34:35||19525|4932308200|4983916152
28312|0|11302|07/01/2024 06:29:30||12630|5837755256|7279938208
27241|0|5708|06/01/2024 23:04:28||39332|7272285336|10554621336
27603|0|18160|07/01/2024 01:48:46||29474|102667115248|217692189720
27604|0|11860|07/01/2024 01:47:56||29524|5564536096|5887536416
28223|0|96844|07/01/2024 05:50:15||14985|1706732144|2202077080
27489|0|45386|07/01/2024 00:52:31||32849|9686532808|10873351840
27155|0|19015|06/01/2024 22:20:27||41973|14085999624|15358037168
27686|0|27679|07/01/2024 02:10:33||28167|10200175152|10396082360
28313|0|45373|07/01/2024 06:27:48||12732|1871131080|2428956224
28779|0|68984|07/01/2024 09:33:16||1604|4561852584|11288174136
28834|0|44360|07/01/2024 09:53:38||382|433586400|344072704
27534|0|4470|07/01/2024 01:17:48||31332|8428609416|11515786696
27438|0|10085|07/01/2024 00:38:30||33690|6041240632|6410277552
27834|0|86250|07/01/2024 03:15:25||24275|4950993304|6075594232
26866|0|57795|06/01/2024 20:27:09||48771|514100008|523573848
27810|0|43550|07/01/2024 03:07:38||24742|2805722912|3537849696
27835|0|82841|07/01/2024 03:14:11||24349|13708132232|15112377600
27811|0|39394|07/01/2024 03:07:01||24779|2483060208|3682209592
26847|0|4803|06/01/2024 20:19:48||49212|87528187608|227767113848
26293|0|98113|06/01/2024 16:19:51||63609|13496220888|19806397088
28704|0|44803|07/01/2024 09:02:05||3475|4815380744|3468121576
27351|0|8206|06/01/2024 23:59:35||36025|15133659536|19985804592
27894|0|98608|07/01/2024 03:37:15||22965|2312213480|2539453784
26678|0|57836|06/01/2024 19:04:27||53733|94048426688|239687607176
27633|0|87579|07/01/2024 01:55:08||29092|305392768|432096728
27949|0|11571|07/01/2024 03:54:23||21937|2264381608|2603194056
27788|0|54472|07/01/2024 02:55:29||25471|5840494496|6590382768
27418|0|36839|07/01/2024 00:20:04||34796|3609076328|4690351840
28224|0|75669|07/01/2024 05:50:56||14944|17284241176|34621931896
28074|0|62816|07/01/2024 04:41:02||19138|2432095536|2902115016
28806|0|16540|07/01/2024 09:42:49||1031|283810552|346128656
27864|0|24602|07/01/2024 03:29:43||23417|2278191544|3051998040
27313|0|34214|06/01/2024 23:32:47||37633|11089093504|11105994784
27490|0|93820|07/01/2024 00:58:15|07/01/2024 09:57:29|32354|13859621136|17611267192
28835|0|93820|07/01/2024 09:58:28||92|18526368|25979104
27974|0|45796|07/01/2024 04:06:53||21187|4854593048|5255631944
28099|0|95116|07/01/2024 04:50:46||18554|4699879016|5043173888
28225|0|28587|07/01/2024 05:54:16||14744|210731344|226147448
26919|0|28106|06/01/2024 20:45:36||47664|90840163288|196077732256
27327|0|61191|06/01/2024 23:43:39||36981|11452179896|11874882456
28516|0|53326|07/01/2024 07:44:30||8130|1208301400|1606809616
28446|0|32111|07/01/2024 07:11:24||10116|5797311768|8082847688
28137|0|5803|07/01/2024 05:14:15||17145|1060881648|1326829520
28517|0|41544|07/01/2024 07:43:05||8215|14691904|15920784
28492|0|52563|07/01/2024 07:38:31||8489|917143112|1002449656
28157|0|7998|07/01/2024 05:22:47||16633|2360038480|2824148432
28049|0|66081|07/01/2024 04:34:36||19524|75898643296|152257946016
28024|0|54119|07/01/2024 04:22:47||20233|4730487064|6438283176
27491|0|30404|07/01/2024 00:58:47||32473|4831355216|5504427264
26849|0|91976|06/01/2024 20:16:15||49425|16242092248|19150591800
28252|0|24453|07/01/2024 06:04:47||14113|2164928384|2564715760
28025|0|61717|07/01/2024 04:25:35||20065|1767628816|2249473856
28807|0|70213|07/01/2024 09:41:03||1137|74745544|108339752
28277|0|50917|07/01/2024 06:13:35||13585|3101618088|3620208680
27812|0|30781|07/01/2024 03:05:58||24842|1073272928|1253708344
27157|0|36760|06/01/2024 22:26:59||41581|13709210472|15272717488
26295|0|29228|06/01/2024 16:11:23||64117|8632637520|11724867048
28420|0|60581|07/01/2024 07:02:42||10638|1289089096|1448467552
28347|0|94050|07/01/2024 06:37:38||12142|929216504|1111208688
28637|0|21356|07/01/2024 08:34:42||5118|225391416|321114600
27399|0|68948|07/01/2024 00:16:28||35012|3791689312|4530178736
28100|0|31189|07/01/2024 04:53:44||18376|2382795248|2747762752
27200|0|91279|06/01/2024 22:47:59||40321|14418386304|21241924288
27419|0|39360|07/01/2024 00:27:48||34332|3774771456|4443805728
27219|0|41267|06/01/2024 22:56:34||39806|3196510920|3812060592
28780|0|27595|07/01/2024 09:36:23||1417|66744856|73432832
27896|0|94316|07/01/2024 03:38:41||22879|10489243648|12361929488
27510|0|72700|07/01/2024 01:04:38||32122|6933490288|10355791376
28447|0|97311|07/01/2024 07:14:17||9943|11177785608|28299127952
28757|0|42553|07/01/2024 09:27:47||1933|678536648|761031992
27000|0|88746|06/01/2024 21:19:13||45647|4564588984|6635105496
28758|0|85267|07/01/2024 09:27:41||1939|434731120|582600776
27400|0|16744|07/01/2024 00:13:13||35207|8434227616|8582752688
27352|0|52807|06/01/2024 23:57:29||36151|7882762144|9347317376
28613|0|73600|07/01/2024 08:23:56||5764|2338340672|3188708848
28595|0|20283|07/01/2024 08:13:23||6397|146930656|152195920
28209|0|92726|07/01/2024 05:43:03||15417|5316287160|7653186968
28638|0|74286|07/01/2024 08:34:47||5113|1849346704|2556582656
28181|0|33275|07/01/2024 05:31:03||16137|498508408|544461960
27897|0|34884|07/01/2024 03:32:07||23273|5087717736|6186268584
28158|0|43115|07/01/2024 05:29:08||16252|810755624|952657600
28705|0|75722|07/01/2024 09:04:23||3337|158826464|173966520
27607|0|77345|07/01/2024 01:42:12||29868|17336289080|19302848088
26868|0|35459|06/01/2024 20:29:30||48630|1525144848|1902933688
28101|0|52141|07/01/2024 04:51:27||18513|509850680|605051760
28664|0|78667|07/01/2024 08:48:36||4284|293115728|359576080
27268|0|22701|06/01/2024 23:16:38||38602|9092985432|10474804816
28687|0|75547|07/01/2024 08:52:10||4070|63446928|78386072
27837|0|53471|07/01/2024 03:13:29||24391|72328575800|161364167208
28075|0|13654|07/01/2024 04:44:12||18948|4300670608|5923734232
28518|0|51319|07/01/2024 07:45:26||8074|509956632|629620704
28253|0|89917|07/01/2024 06:02:34||14246|1636651944|1885875280
28254|0|72926|07/01/2024 06:09:50||13810|764863640|866428600
28808|0|63274|07/01/2024 09:44:59||901|35179968|38176440
27536|0|98428|07/01/2024 01:14:34||31526|7367467040|10409007952
27420|0|52904|07/01/2024 00:27:03||34377|7222772576|7917779408
26619|0|93717|06/01/2024 18:31:21||55719|9606683256|11522070064
27492|0|36448|07/01/2024 00:54:21||32739|15344046320|18589064488
26820|0|75895|06/01/2024 20:00:46||50354|100391289120|273884902816
27421|0|8613|07/01/2024 00:26:21||34419|6159644712|6991931240
28314|0|56019|07/01/2024 06:21:23||13117|1227139072|1707559352
27160|0|71391|06/01/2024 22:27:11||41569|6686711736|8355958432
28548|0|18270|07/01/2024 07:59:19||7241|11433837736|24729642936
28050|0|62527|07/01/2024 04:38:17||19303|23933500960|48094693192
26962|0|6376|06/01/2024 21:00:54||46746|5924644144|7333641512
27560|0|48108|07/01/2024 01:28:19||30701|11393852536|14875400832
28278|0|70009|07/01/2024 06:16:41||13399|8583226040|10546693080
26185|0|71014|06/01/2024 15:36:24||66216|18165293144|19768753952
27927|0|87607|07/01/2024 03:42:06||22674|8204424224|11231499112
26507|0|13824|06/01/2024 17:41:25||58715|27489104992|32910054992
27537|0|98663|07/01/2024 01:12:14||31666|18543825456|20427222032
28706|0|83148|07/01/2024 09:02:49||3431|439149976|601616992
28255|0|90954|07/01/2024 06:01:48||14292|2009691520|2017808816
28182|0|61005|07/01/2024 05:35:37||15863|1886511512|2001967608
27899|0|89323|07/01/2024 03:34:44||23116|791912024|913516952
27688|0|42723|07/01/2024 02:10:02||28198|2093269944|2502515520
27838|0|77387|07/01/2024 03:16:47||24193|37526842344|111328872176
28576|0|19955|07/01/2024 08:02:12||7068|307529264|383971832
27328|0|72301|06/01/2024 23:46:32||36808|143581016|166549616
28688|0|30346|07/01/2024 08:56:46||3794|14057630328|35902642680
26597|0|35567|06/01/2024 18:20:29||56371|41559299512|56282511360
27789|0|28380|07/01/2024 02:55:40||25460|5211257472|7231817384
28398|0|68077|07/01/2024 06:51:39||11301|30658818408|77620255896
27003|0|58966|06/01/2024 21:16:28||45812|13589788936|17447870736
27401|0|50446|07/01/2024 00:15:05||35095|7082851488|7919845416
27291|0|25604|06/01/2024 23:29:46||37814|66319219320|146183338592
26508|0|26325|06/01/2024 17:42:28||58652|8597399616|11653582944
28737|0|19601|07/01/2024 09:14:45||2715|878354504|1253656880
28738|0|8328|07/01/2024 09:14:48||2712|1590952048|1989351024
28076|0|64575|07/01/2024 04:49:04||18656|10364998768|13235068120
28759|0|18394|07/01/2024 09:28:40||1880|164065032|210873248
28210|0|96247|07/01/2024 05:49:33||15027|1637330024|2151288224
27993|0|62292|07/01/2024 04:15:20||20680|87199536|115997392
28639|0|32468|07/01/2024 08:37:46||4934|2838557280|2159445696
27609|0|35329|07/01/2024 01:46:52||29588|14322880472|15004832792
26891|0|48439|06/01/2024 20:35:34||48266|32439041304|43095249624
26892|0|39373|06/01/2024 20:31:50||48490|9014268928|10324255808
28665|0|11043|07/01/2024 08:40:12||4788|634127032|909942152
28809|0|68306|07/01/2024 09:46:22||818|107539112|120237048
28493|0|76017|07/01/2024 07:33:50||8770|281774952|315337416
26921|0|6952|06/01/2024 20:48:02||47518|152576813504|403363708352
28666|0|38590|07/01/2024 08:44:36||4524|3343222592|2176078488
27634|0|71648|07/01/2024 01:54:25||29135|5361956784|7043812600
26773|0|94709|06/01/2024 19:41:37||51503|1055293648|1112454656
27900|0|16348|07/01/2024 03:38:15||22905|6681191760|9615536152
27839|0|57503|07/01/2024 03:11:59||24481|8190343544|8345398224
28640|0|39968|07/01/2024 08:32:12||5268|562052104|684792520
27353|0|37225|06/01/2024 23:58:49||36071|3696728952|5541546768
27743|0|85434|07/01/2024 02:31:41|07/01/2024 09:57:21|26740|1533582608|1576841576
28836|0|85434|07/01/2024 09:57:55||125|1193256|1359456
28549|0|15099|07/01/2024 07:58:43||7277|218501264|276788792
27928|0|91313|07/01/2024 03:46:47||22393|4567430248|6514002464
26775|0|45237|06/01/2024 19:45:41||51259|4357784080|6351062240
28519|0|88937|07/01/2024 07:49:32||7828|418382512|577897304
28781|0|68338|07/01/2024 09:35:49||1451|36968920|43841432
28159|0|68634|07/01/2024 05:22:54||16626|1128760456|1362995840
28550|0|45886|07/01/2024 07:57:33||7347|576064792|838890032
26657|0|64101|06/01/2024 18:57:16||54164|1927247824|2620615464
27511|0|95683|07/01/2024 01:08:52||31868|334968360|432890816
27512|0|19376|07/01/2024 01:03:42||32178|32552723392|18218827520
27563|0|34682|07/01/2024 01:25:43||30857|4131872896|6190836864
27689|0|28349|07/01/2024 02:15:19||27881|3960436336|4554447424
27901|0|38542|07/01/2024 03:36:02||23038|7821941536|9445649096
27583|0|62620|07/01/2024 01:36:33|07/01/2024 09:54:04|29851|6553460376|8699490976
26465|0|78994|06/01/2024 17:24:23||59737|96863257696|277437011976
28810|0|47033|07/01/2024 09:45:56||844|34266232|38460392
27690|0|28176|07/01/2024 02:15:23||27877|195305894248|123304743488
28421|0|30265|07/01/2024 07:08:23||10297|334346520|393310960
28315|0|95237|07/01/2024 06:22:37||13043|3041697112|3691583736
28782|0|26922|07/01/2024 09:35:29||1471|9201184|12971096
27929|0|31543|07/01/2024 03:49:05||22255|4146790448|5271941928
28279|0|6248|07/01/2024 06:17:03||13377|7816571104|7837277848
28783|0|61686|07/01/2024 09:30:14||1786|700974544|886788992
27903|0|78972|07/01/2024 03:39:51||22809|4461806184|4862934400
28316|0|39025|07/01/2024 06:27:25||12755|4477006440|5597064960
26705|0|14541|06/01/2024 19:17:21||52959|1211052328|1230084240
28494|0|12056|07/01/2024 07:30:31||8969|536259528|597829248
28184|0|57247|07/01/2024 05:31:18||16122|38919299520|111921508912
26797|0|28438|06/01/2024 19:56:04||50636|15313586712|15462469424
27866|0|85410|07/01/2024 03:23:03||23817|1939818536|2120236160
27181|0|99156|06/01/2024 22:31:12||41328|2969026192|3191868624
27610|0|98210|07/01/2024 01:40:36||29964|3859947824|5023816496
27659|0|80363|07/01/2024 02:06:35||28405|1547506168|2319017320
28371|0|82385|07/01/2024 06:48:08||11512|3163240048|4156445640
27813|0|9107|07/01/2024 03:02:03||25077|1111440192|1619703024
27712|0|54339|07/01/2024 02:22:53||27427|20181416048|43609723296
26393|0|4054|06/01/2024 16:59:30||61230|22192308160|30270077064
27790|0|28518|07/01/2024 02:59:06||25254|5598511216|6860236064
27930|0|77491|07/01/2024 03:48:13||22307|964123032|1360355024
26729|0|35733|06/01/2024 19:23:55||52565|866622864|1007404112
26922|0|98856|06/01/2024 20:45:18||47682|21462372192|25528962192
27814|0|7143|07/01/2024 03:03:01||25019|3183795776|3940466160
28667|0|44658|07/01/2024 08:44:07||4553|412737208|432122632
28372|0|69201|07/01/2024 06:48:21||11499|6217473040|8794530008
26680|0|37861|06/01/2024 19:07:48||53532|4669880552|5700545536
28811|0|68031|07/01/2024 09:49:03||657|325919880|416004104
27242|0|65772|06/01/2024 23:02:31||39449|5905959168|6205648520
27611|0|85011|07/01/2024 01:46:12||29628|1290752776|1830703888
28185|0|4256|07/01/2024 05:36:12||15828|4414784944|5047659936
28707|0|28951|07/01/2024 09:02:53||3427|433815856|629435952
27005|0|44893|06/01/2024 21:12:01||46079|1048239968|1222908528
28495|0|64878|07/01/2024 07:35:08||8692|3466239744|3807089264
27867|0|95872|07/01/2024 03:23:32||23788|6141749144|7364131672
28641|0|13764|07/01/2024 08:30:47||5353|2167249976|2275292040
28422|0|44731|07/01/2024 07:04:14||10546|811166456|1149142968
28348|0|58029|07/01/2024 06:34:57||12303|2429682200|3162868360
28474|0|27027|07/01/2024 07:22:06||9474|51624408|58658256
27713|0|81072|07/01/2024 02:21:33||27507|679370016|799358840
27744|0|9349|07/01/2024 02:32:11||26869|2420427072|2984541216
28399|0|37070|07/01/2024 06:52:59||11221|3100639904|4208552424
28496|0|13737|07/01/2024 07:30:49||8951|99206160|128387240
28689|0|19087|07/01/2024 08:50:03||4197|7158785928|13696675264
27714|0|94461|07/01/2024 02:25:40||27260|4169910600|5266125960
28577|0|19097|07/01/2024 08:03:10||7010|1873072|2184224
27612|0|89879|07/01/2024 01:43:51||29769|75602097360|175392357624
27031|0|98621|06/01/2024 21:25:40||45260|5575689160|6189243064
28551|0|89278|07/01/2024 07:59:54||7206|1525670248|1860021704
27635|0|61032|07/01/2024 01:56:52||28988|8911963328|10764950656
28668|0|8632|07/01/2024 08:43:45||4575|7411763144|5054649296
28739|0|7199|07/01/2024 09:10:26||2974|1322706600|1780700128
28186|0|93666|07/01/2024 05:39:08||15652|945083008|1138077736
28552|0|28277|07/01/2024 07:54:27||7533|12672436632|27781765000
27220|0|30292|06/01/2024 22:59:28||39632|110827646504|260899034864
27745|0|80603|07/01/2024 02:38:24||26496|4063656320|4416962376
27613|0|97911|07/01/2024 01:44:07||29753|24172267240|25367749296
28760|0|85081|07/01/2024 09:20:39||2361|1297417832|1702445840
28497|0|5529|07/01/2024 07:34:21||8739|484840600|564395912
26327|0|68440|06/01/2024 16:23:15||63405|20306176688|23273211352
27139|0|43678|06/01/2024 22:16:56||42184|11305599280|16165726632
28400|0|94248|07/01/2024 06:51:53||11287|5378291840|7945647272
28642|0|65387|07/01/2024 08:30:24||5376|338150136|374841368
27715|0|65210|07/01/2024 02:27:45||27135|4067082416|5075878056
28596|0|83558|07/01/2024 08:17:44||6136|1854277824|1889215504
28520|0|90872|07/01/2024 07:42:59||8221|1091640176|1195636984
27584|0|11066|07/01/2024 01:34:27|07/01/2024 09:51:46|29839|2132638712|2468184808
27636|0|57080|07/01/2024 01:50:42||29358|11287588632|15051602280
28740|0|66317|07/01/2024 09:15:37||2663|480156120|643964088
28784|0|29753|07/01/2024 09:30:53||1747|361599712|506460752
27118|0|57413|06/01/2024 22:08:28||42692|4871302296|5266342128
26466|0|79350|06/01/2024 17:24:09||59751|9571141760|14015782728
27716|0|9206|07/01/2024 02:25:36||27264|1135333240|1138297184
26490|0|75279|06/01/2024 17:39:45||58815|21274654352|25266418112
28785|0|90190|07/01/2024 09:31:36||1704|710751432|980163976
28615|0|69929|07/01/2024 08:26:21||5619|2836971520|4156113776
26467|0|88489|06/01/2024 17:21:40|07/01/2024 09:58:30|59810|28555646896|42628619416
28226|0|60223|07/01/2024 05:57:25||14555|114314704|117371984
28187|0|71031|07/01/2024 05:38:20||15700|42119427888|84394214128
28423|0|86032|07/01/2024 07:07:30||10350|576073632|813105368
27183|0|38350|06/01/2024 22:33:16||41204|3638243360|5390488256
28027|0|52489|07/01/2024 04:25:35||20065|7349772784|8817302624
27221|0|83051|06/01/2024 22:59:52||39608|1914710400|2517117072
27330|0|38265|06/01/2024 23:42:45||37035|1001478152|1278485920
27513|0|22671|07/01/2024 01:03:20||32200|116975369656|218435609048
28553|0|14794|07/01/2024 07:50:48||7752|946585968|974643936
28281|0|61015|07/01/2024 06:17:46||13334|15744187504|34408022712
26798|0|96090|06/01/2024 19:55:18||50682|4629713664|6368022728
27585|0|15906|07/01/2024 01:31:38||30502|79243001848|162020788184
27994|0|20383|07/01/2024 04:12:22||20858|13519702384|15884796424
28102|0|59942|07/01/2024 04:53:10||18410|6414874920|7644395296
26297|0|58552|06/01/2024 16:18:02||63718|1080837864|1092449392
27977|0|73325|07/01/2024 04:00:20||21580|3237767616|4639322112
28373|0|90642|07/01/2024 06:45:04||11696|565112320|571972536
28257|0|83215|07/01/2024 06:01:32||14308|3818378048|4398225912
28741|0|10527|07/01/2024 09:18:26||2494|1685810288|2165562192
26621|0|91752|06/01/2024 18:31:05||55735|18646684608|25884995776
28597|0|63625|07/01/2024 08:17:37||6143|4549520032|10051680856
28103|0|11654|07/01/2024 04:59:54||18006|4060324040|5916941080
27792|0|80192|07/01/2024 02:51:51||25689|4777872920|5673806840
28837|0|20606|07/01/2024 09:55:08||292|46312872|50029256
28401|0|11226|07/01/2024 06:52:49||11231|1305593112|1673626312
27204|0|33681|06/01/2024 22:45:06||40494|29805846304|30783117664
26779|0|43601|06/01/2024 19:45:58||51242|66192620120|161190608584
28140|0|32541|07/01/2024 05:10:28||17372|1467766208|1818362992
28104|0|53508|07/01/2024 04:58:39||18081|5526533904|6065539720
28349|0|87992|07/01/2024 06:39:20||12040|469994648|696005200
27614|0|88561|07/01/2024 01:40:40||29960|847499080|997487496
27541|0|14153|07/01/2024 01:11:18||31722|21643357072|24621781888
28188|0|85454|07/01/2024 05:39:47||15613|26616861952|15498831040
27793|0|53519|07/01/2024 02:59:38||25222|230814496|307981976
28350|0|94015|07/01/2024 06:30:52||12548|23087592416|58142263952
27542|0|40656|07/01/2024 01:13:38||31582|24614455488|32060996464
27868|0|23651|07/01/2024 03:28:54||23466|49454357712|98860065312
28142|0|67809|07/01/2024 05:11:16||17324|1035942744|1388505352
28105|0|30443|07/01/2024 04:54:59||18301|772540024|972538592
28498|0|8061|07/01/2024 07:37:28||8552|301689480|317729624
27995|0|9807|07/01/2024 04:13:53||20767|13414252072|13991334936
28351|0|72808|07/01/2024 06:34:56||12304|3468629256|4593363264
28578|0|75327|07/01/2024 08:00:07||7193|2755572800|2084558480
27662|0|87025|07/01/2024 02:07:23||28357|3469835448|3562818048
28812|0|86790|07/01/2024 09:43:16||1004|151921000|219856952
28052|0|31643|07/01/2024 04:31:15||19725|3037220736|3634881384
28189|0|91568|07/01/2024 05:31:13||16127|2870184928|3503823672
28742|0|67632|07/01/2024 09:16:47||2593|927974192|1288707568
27140|0|98783|06/01/2024 22:16:54||42186|4796892456|6390791904
26397|0|65288|06/01/2024 16:52:12||61668|96123664536|54854629840
28616|0|27482|07/01/2024 08:24:22||5738|555238080|595468976
27006|0|76833|06/01/2024 21:15:56||45844|8599372832|11627194000
27494|0|76108|07/01/2024 00:59:35||32425|13585956192|15557547800
27543|0|29837|07/01/2024 01:11:56||31684|6248964680|7739669392
28761|0|86732|07/01/2024 09:26:21||2019|317333896|382190904
28475|0|72404|07/01/2024 07:23:48||9372|1254337792|1261560640
28762|0|74822|07/01/2024 09:22:06||2274|973790640|1403496312
27996|0|27751|07/01/2024 04:18:36||20484|6048172088|7107317488
28838|0|35686|07/01/2024 09:59:45||15|3113496|3383048
28374|0|9849|07/01/2024 06:48:46||11474|6130412696|6854168600
28554|0|35235|07/01/2024 07:54:43||7517|138844040|176790896
28077|0|51334|07/01/2024 04:43:49||18971|7155709392|10212666160
27719|0|23676|07/01/2024 02:24:08||27352|7707973768|8249618216
27092|0|43917|06/01/2024 21:50:48||43752|2405218112|3400807040
27331|0|19157|06/01/2024 23:43:09||37011|123968280|147421056
27692|0|12454|07/01/2024 02:19:02||27658|8383097104|9113267384
28617|0|36095|07/01/2024 08:20:43||5957|7225818016|5637980800
26437|0|65470|06/01/2024 17:10:39||60561|18084635968|19659072008
27637|0|8662|07/01/2024 01:51:54||29286|2359056888|3141298168
27978|0|35937|07/01/2024 04:02:23||21457|15340527168|18502672280
26398|0|54314|06/01/2024 16:52:24||61656|49798466688|37375394536
27052|0|89835|06/01/2024 21:33:44||44776|57725237712|168276571720
27932|0|86941|07/01/2024 03:43:37||22583|5585626040|6654091352
28839|0|14050|07/01/2024 09:51:43||497|37792048|43303720
28743|0|43170|07/01/2024 09:14:27||2733|79614672|114438240
27120|0|58921|06/01/2024 22:03:36||42984|21954273744|22985030920
27842|0|65423|07/01/2024 03:15:02||24298|5234162264|6716226392
26422|0|94290|06/01/2024 17:01:47||61093|9062947264|9615927704
27869|0|80310|07/01/2024 03:25:10||23690|3332699104|4271305056
28579|0|67919|07/01/2024 08:00:42||7158|398601952|515631624
28028|0|53841|07/01/2024 04:25:34||20066|17077874104|18400667392
26469|0|83641|06/01/2024 17:26:52||59588|220790193896|441059550304
28282|0|8563|07/01/2024 06:10:03||13797|396971192|537065488
26258|0|51236|06/01/2024 16:01:44||64696|11313566408|11628437456
27514|0|83949|07/01/2024 01:07:06||31974|13514900160|14292267712
28375|0|72067|07/01/2024 06:48:42||11478|27028332152|53776024824
27243|0|32098|06/01/2024 23:00:10||39590|2222901704|3296448352
28448|0|84881|07/01/2024 07:13:28||9992|385515360|430170736
28402|0|3865|07/01/2024 06:59:19||10841|1635866240|1885993056
28813|0|91706|07/01/2024 09:40:07||1193|202494552|288662504
28814|0|21276|07/01/2024 09:48:06||714|192343968|228436976
27997|0|10910|07/01/2024 04:17:37||20543|7281886344|9353801024
27244|0|58591|06/01/2024 23:09:07||39053|10332836640|14698230264
27093|0|73872|06/01/2024 21:58:52||43268|5228445888|6832440968
28424|0|31608|07/01/2024 07:02:04||10676|13823493528|27658358696
27564|0|12811|07/01/2024 01:22:19||31061|65600265120|190917937520
28106|0|94733|07/01/2024 04:51:53||18487|3211948392|3747094952
26853|0|43877|06/01/2024 20:14:36||49524|6739297472|8033565032
26511|0|78144|06/01/2024 17:45:00||58500|20996346272|21066616544
26899|0|91772|06/01/2024 20:30:25||48575|7661427808|8519911424
28449|0|33645|07/01/2024 07:14:31||9929|526167944|564834320
28598|0|42604|07/01/2024 08:12:01||6479|1390574312|1768305952
27693|0|74470|07/01/2024 02:16:08||27832|7008291344|8819840368
28120|0|26143|07/01/2024 05:08:34||17486|2446377288|3632734192
27402|0|93385|07/01/2024 00:17:36||34944|15586327112|21268026536
28283|0|12302|07/01/2024 06:19:22||13238|2739544136|3256057224
27094|0|45404|06/01/2024 21:57:32||43348|2656246800|3632719880
26964|0|47108|06/01/2024 21:03:52|07/01/2024 09:51:49|46077|12288740688|16426131648
26471|0|29307|06/01/2024 17:26:05||59635|6527767456|8463645472
27223|0|59210|06/01/2024 22:55:18||39882|6569121560|7550710104
28284|0|43549|07/01/2024 06:12:05||13675|2917042528|3902506176
27565|0|22725|07/01/2024 01:25:19||30881|8615358720|10026573648
27694|0|57389|07/01/2024 02:17:41||27739|967227496|1427790792
27843|0|24844|07/01/2024 03:19:57||24003|25114144824|17306753552
27095|0|35573|06/01/2024 21:52:33||43647|4865255400|5324132800
28107|0|73063|07/01/2024 04:50:54||18546|5612781472|7967268208
28227|0|30082|07/01/2024 05:57:13||14567|3484492176|4822166152
27053|0|34348|06/01/2024 21:35:41||44659|10685461128|14395337112
27904|0|87365|07/01/2024 03:32:11||23269|6525553760|7569331816
27844|0|79245|07/01/2024 03:13:55||24365|5737716120|5755802080
27054|0|9901|06/01/2024 21:37:37||44543|4803454224|6701198168
26035|0|62224|06/01/2024 14:34:07||69953|7996768080|10956896776
27870|0|98714|07/01/2024 03:29:41||23419|6177027440|7832509856
27208|0|5505|06/01/2024 22:48:11||40309|24577914544|25698065160
28450|0|33559|07/01/2024 07:11:36||10104|8024211960|10286225800
28555|0|68101|07/01/2024 07:53:33||7587|769370304|919143064
26965|0|70705|06/01/2024 21:00:16||46784|14301714904|20309570824
28744|0|42589|07/01/2024 09:15:17||2683|145332248|176316712
26552|0|73018|06/01/2024 18:05:28||57272|3923831288|4517494672
28521|0|39214|07/01/2024 07:47:16||7964|2246344888|2629459464
28451|0|63285|07/01/2024 07:11:40||10100|508994680|519153864
27871|0|85390|07/01/2024 03:22:20||23860|4670354952|5799403528
28786|0|46401|07/01/2024 09:35:28||1472|176404512|263410392
27515|0|78489|07/01/2024 01:03:09||32211|5494455256|7001390728
28556|0|37890|07/01/2024 07:56:37||7403|293489192|305340760
28840|0|50590|07/01/2024 09:57:04||176|57317560|74919960
28212|0|12393|07/01/2024 05:46:18||15222|8648561744|10050045192
26943|0|36252|06/01/2024 20:55:40||47060|63116260704|167160458472
28029|0|83596|07/01/2024 04:23:34||20186|4766828568|4885674456
28522|0|6525|07/01/2024 07:42:54||8226|440301912|637453320
28815|0|23557|07/01/2024 09:44:37||923|73711360|78035720
28053|0|43098|07/01/2024 04:31:55||19685|1945199760|2816745928
26492|0|41285|06/01/2024 17:35:50|07/01/2024 09:56:09|58819|152341449104|360588705592
26926|0|72614|06/01/2024 20:47:16||47564|25846119264|30757222344
27074|0|98932|06/01/2024 21:44:26||44134|18891396384|25571349560
27953|0|33752|07/01/2024 03:56:24||21816|8657119216|10026091704
26528|0|46850|06/01/2024 17:59:01||57659|3371352768|4876618376
27746|0|47619|07/01/2024 02:37:49||26531|279543344|361934536
27184|0|30968|06/01/2024 22:39:41|07/01/2024 09:56:48|40627|6735837480|9642101672
28841|0|30968|07/01/2024 09:57:05||175|458728|600136
26874|0|63548|06/01/2024 20:26:07||48833|44968710360|31373872312
27422|0|30617|07/01/2024 00:24:02||34558|11193417680|11959296584
26553|0|12842|06/01/2024 18:09:37||57023|9100870168|12618345296
27617|0|43844|07/01/2024 01:42:14||29866|9089945568|13251187704
27794|0|71057|07/01/2024 02:52:07||25673|5317875272|7877357784
27979|0|18438|07/01/2024 04:01:09||21531|2590964136|2701928080
27663|0|60703|07/01/2024 02:06:24||28416|65983718848|125382729976
28599|0|72297|07/01/2024 08:13:58||6362|663307560|941712920
26682|0|81412|06/01/2024 19:07:12||53568|10316877168|11862430040
28523|0|21007|07/01/2024 07:44:09||8151|1014401544|1332341464
28708|0|83505|07/01/2024 09:06:13||3227|1793267080|2036812920
26823|0|22179|06/01/2024 20:05:25||50075|989571296|1290598016
27294|0|15877|06/01/2024 23:23:47||38173|29637615736|17939618880
27121|0|54956|06/01/2024 22:05:00||42900|105095787840|236825778616
28108|0|27843|07/01/2024 04:56:32||18208|22108160776|55958244840
28499|0|5186|07/01/2024 07:38:58||8462|991488760|1212700984
27980|0|46905|07/01/2024 04:03:13||21407|3982432584|5031056632
27998|0|96978|07/01/2024 04:12:45||20835|45910059720|100530282488
26709|0|24426|06/01/2024 19:16:15||53025|1624850152|1988533688
27954|0|98002|07/01/2024 03:55:03||21897|463461384|561745784
28122|0|60691|07/01/2024 05:07:58||17522|850568040|959690568
27586|0|11827|07/01/2024 01:36:57||30183|45764303816|128411386728
28524|0|15088|07/01/2024 07:41:12||8328|778296464|1148267520
26967|0|17325|06/01/2024 21:09:45||46215|150515147144|318090378832
28228|0|89016|07/01/2024 05:53:39||14781|4655166008|6346981552
26927|0|49136|06/01/2024 20:49:07||47453|3287135000|3621932696
28842|0|7660|07/01/2024 09:59:29||31|1584184|2353632
28500|0|50462|07/01/2024 07:37:00||8580|1722566664|2528036136
28229|0|62763|07/01/2024 05:58:36||14484|1270160056|1528686224
27747|0|9151|07/01/2024 02:34:12||26748|2524815048|3412122384
28030|0|94159|07/01/2024 04:23:32||20188|16302134096|16430995120
28123|0|95768|07/01/2024 05:08:59||17461|19739913192|53178541016
28557|0|81698|07/01/2024 07:50:22||7778|496656688|524797112
28787|0|78200|07/01/2024 09:33:40||1580|209170744|227404544
28230|0|48966|07/01/2024 05:51:06||14934|2739808760|3340838704
27225|0|69320|06/01/2024 22:59:31||39629|15239162896|20580384960
27404|0|72432|07/01/2024 00:14:35||35125|4272013224|5936543016
27721|0|93094|07/01/2024 02:28:05||27115|7323900104|7506754272
28258|0|4227|07/01/2024 06:07:21||13959|692269320|784652280
28745|0|13942|07/01/2024 09:17:08||2572|3335578248|2157279032
28160|0|30353|07/01/2024 05:29:27||16233|42632737248|111026462016
28816|0|43304|07/01/2024 09:40:23||1177|37082528|42305752
28352|0|87183|07/01/2024 06:37:30||12150|14956489736|17230309912
28763|0|18959|07/01/2024 09:26:20||2020|1044178472|1301378816
27770|0|47552|07/01/2024 02:43:50||26170|4945140480|6297637056
28669|0|57128|07/01/2024 08:48:45||4275|262841552|265727096
27696|0|74235|07/01/2024 02:16:12||27828|880252336|1274078728
27875|0|46516|07/01/2024 03:29:04||23456|13790575432|14719411352
27185|0|38175|06/01/2024 22:33:53||41167|12179173376|17199574512
28403|0|11997|07/01/2024 06:54:50||11110|2666842056|2940738888
28109|0|45049|07/01/2024 04:52:24||18456|1196327848|1499775416
28032|0|9410|07/01/2024 04:29:44||19816|3226670400|4514845312
28078|0|72638|07/01/2024 04:42:28||19052|8364711160|12547057880
28318|0|62436|07/01/2024 06:21:36||13104|2958883408|3314264408
28286|0|48440|07/01/2024 06:18:25||13295|6853522688|8716883680
28843|0|35031|07/01/2024 09:54:49||311|329006584|715756072
27955|0|73304|07/01/2024 03:56:00||21840|66786307800|168823628104
28190|0|91904|07/01/2024 05:39:36||15624|14222983664|8373279064
28558|0|15025|07/01/2024 07:53:01||7619|936429472|1315109560
27333|0|52975|06/01/2024 23:42:09||37071|5982563816|8595347384
26734|0|16867|06/01/2024 19:28:25||52295|1691240400|2178912528
28600|0|42561|07/01/2024 08:18:16||6104|4758683240|5925433128
26493|0|14926|06/01/2024 17:37:25||58955|32469884904|33874635024
28213|0|87069|07/01/2024 05:48:40||15080|31369314776|69389814360
26824|0|99310|06/01/2024 20:09:34||49826|7127452840|9641662312
27007|0|47772|06/01/2024 21:14:44||45916|9708161896|11135681432
26601|0|35837|06/01/2024 18:22:51||56229|7740768584|9315511096
27566|0|17103|07/01/2024 01:24:10||30950|11006146328|12870531312
27567|0|7336|07/01/2024 01:26:33||30807|16741676336|18405655952
28319|0|68618|07/01/2024 06:20:45||13155|2629923128|3906172640
27295|0|27795|06/01/2024 23:29:16||37844|2811509800|2946181120
27248|0|4621|06/01/2024 23:01:38||39502|7517977632|10510244056
27056|0|64251|06/01/2024 21:39:46||44414|2046233400|2444995152
26641|0|61230|06/01/2024 18:44:50||54910|3536032240|4502376888
28288|0|13216|07/01/2024 06:11:22||13718|1060740496|1139285864
28817|0|94384|07/01/2024 09:48:12||708|89825752|111754072
28643|0|68055|07/01/2024 08:31:25||5315|5244631976|14059212992
28110|0|37570|07/01/2024 04:55:38||18262|2263663896|2654027200
27568|0|35354|07/01/2024 01:25:39||30861|2437966512|2709883040
27639|0|8768|07/01/2024 01:55:00||29100|8434594216|10038257496
26088|0|43189|06/01/2024 14:56:06|07/01/2024 09:55:49|68383|3227161088|3440988856
28764|0|49596|07/01/2024 09:28:04||1916|2938121984|7059977696
28559|0|30949|07/01/2024 07:58:17||7303|1057409592|1071770256
26642|0|99503|06/01/2024 18:45:41||54859|710029352|743552072
28111|0|21312|07/01/2024 04:53:38||18382|1125803464|1274593800
27249|0|30427|06/01/2024 23:05:49||39251|1541914336|1811544768
26238|0|63148|06/01/2024 15:53:15||65205|17023555432|17810465424
28818|0|86493|07/01/2024 09:47:46||734|46534936|61215064
27164|0|56566|06/01/2024 22:20:45||41955|13698899984|19271616784
28144|0|94111|07/01/2024 05:19:42||16818|3034938944|3273951296
28844|0|46473|07/01/2024 09:57:09||171|23834624|24346288
27142|0|78203|06/01/2024 22:14:43||42317|6892583216|10079221960
26584|0|77620|06/01/2024 18:17:34||56546|17063116792|20479019656
27165|0|39120|06/01/2024 22:27:33||41547|13506958312|14477008312
27335|0|60771|06/01/2024 23:49:36||36624|3905594352|4770398440
27999|0|62245|07/01/2024 04:16:34||20606|7559208840|10273268168
27474|0|27032|07/01/2024 00:43:25||33395|7461334344|7928215112
28670|0|30328|07/01/2024 08:43:49||4571|12670854096|29232559224
28054|0|94286|07/01/2024 04:37:59||19321|8198062384|8581834592
27228|0|68117|06/01/2024 22:56:20||39820|12819045128|12827597552
28161|0|99100|07/01/2024 05:26:58||16382|2213782872|2523995808
27956|0|50600|07/01/2024 03:57:31||21749|5899841920|6456906888
27618|0|47967|07/01/2024 01:43:19||29801|11426385936|16616462496
28477|0|34328|07/01/2024 07:21:14||9526|18026646768|34176754120
28000|0|10616|07/01/2024 04:10:34||20966|16906609544|21412682016
27845|0|84226|07/01/2024 03:15:28||24272|2416278064|2695610376
26442|0|21038|06/01/2024 17:19:17||60043|17829136888|18882442264
27010|0|9203|06/01/2024 21:13:03||46017|4502906880|4728461400
28478|0|94043|07/01/2024 07:27:57||9123|279720536|330652792
28502|0|26607|07/01/2024 07:34:53||8707|959351064|976259952
26089|0|27215|06/01/2024 14:54:38||68722|3910459624|5726205320
28452|0|14620|07/01/2024 07:17:33||9747|1202798496|1772013584
26945|0|24209|06/01/2024 20:54:29||47131|19925192568|20498428288
26855|0|55356|06/01/2024 20:13:21||49599|12667640936|15527568928
28231|0|29905|07/01/2024 05:59:33||14427|9912681760|10761011032
27517|0|26270|07/01/2024 01:02:51||32229|7931014120|7940940064
27057|0|25173|06/01/2024 21:31:19||44921|1957450632|2078488480
27905|0|85501|07/01/2024 03:31:16||23324|45055023792|84659022088
27336|0|55392|06/01/2024 23:47:39||36741|1243889672|1504172552
28560|0|58996|07/01/2024 07:58:06||7314|1846233344|2678549264
28580|0|86099|07/01/2024 08:06:52||6788|218286664|231823856
27545|0|53891|07/01/2024 01:17:36||31344|2355532968|2882415848
27981|0|47323|07/01/2024 04:03:49||21371|1609259464|1979015416
28425|0|59499|07/01/2024 07:01:12||10728|839059336|1257849152
27640|0|48804|07/01/2024 01:57:59||28921|28171072352|22142980480
26783|0|6555|06/01/2024 19:42:19||51461|3084882168|3927825024
28690|0|80674|07/01/2024 08:55:46||3854|1199046008|1564517120
28353|0|50934|07/01/2024 06:37:51||12129|4125621424|5066002304
28819|0|50742|07/01/2024 09:48:45||675|308706896|367631424
27250|0|28133|06/01/2024 23:04:59||39301|10120784048|10789833432
28479|0|58407|07/01/2024 07:20:40||9560|3371989264|4246003920
28525|0|91705|07/01/2024 07:43:15||8205|429368048|535016832
27034|0|57257|06/01/2024 21:20:58||45542|5188771528|6458496168
27795|0|60001|07/01/2024 02:58:33||25287|9550343928|13854266384
26334|0|34397|06/01/2024 16:22:06||63474|2909109992|3787146696
28644|0|69505|07/01/2024 08:36:03||5037|1860973304|2659994528
27035|0|16239|06/01/2024 21:28:34||45086|11321162856|14021786320
28526|0|30798|07/01/2024 07:41:36||8304|2941046072|3698406224
28820|0|31981|07/01/2024 09:43:29||991|5923496|6854368
28002|0|79714|07/01/2024 04:19:07||20453|482859656|670562360
27958|0|33279|07/01/2024 03:57:10||21770|21395442416|26867238208
28845|0|57904|07/01/2024 09:53:22||398|1551152|1563064
28561|0|35120|07/01/2024 07:50:59||7741|59670117600|42836057648
28125|0|16240|07/01/2024 05:04:39||17721|2024980576|2446340376
28527|0|14104|07/01/2024 07:49:29||7831|1581276416|2193700224
28214|0|66255|07/01/2024 05:43:40||15380|1618496008|1689071008
28259|0|74769|07/01/2024 06:03:02||14218|8409537680|10510621696
28376|0|25105|07/01/2024 06:40:23||11977|2872831016|4226040280
27316|0|39885|06/01/2024 23:30:32||37768|133864246280|276292826856
28645|0|92044|07/01/2024 08:39:06||4854|2098450688|2360617352
27876|0|17848|07/01/2024 03:21:47||23893|30544754096|18306862440
28709|0|16659|07/01/2024 09:08:48||3072|250741584|254137184
27123|0|14117|06/01/2024 22:06:35||42805|7952806352|7992391928
26878|0|15440|06/01/2024 20:24:09||48951|32496922352|42602062048
28320|0|57444|07/01/2024 06:27:02||12778|18772703912|35223836504
28618|0|62347|07/01/2024 08:28:36||5484|7110279240|3981773480
27982|0|38818|07/01/2024 04:02:30||21450|1537414368|1897233128
27317|0|46314|06/01/2024 23:37:33||37347|91201065392|179694215424
27447|0|63573|07/01/2024 00:33:38||33982|56593477928|37601765264
27382|0|62004|07/01/2024 00:06:30||35610|36038139808|80950080176
27643|0|89959|07/01/2024 01:54:16||29144|50425281256|137351350480
26930|0|71418|06/01/2024 20:48:52||47468|134823443128|343054215728
27337|0|4556|06/01/2024 23:43:18||37002|3326929608|3529137816
28619|0|62223|07/01/2024 08:28:47||5473|1929442720|2343489336
27229|0|88436|06/01/2024 22:58:37||39683|10914022528|13683226824
26530|0|82717|06/01/2024 17:57:23||57757|14076943232|17764593696
28601|0|75980|07/01/2024 08:18:08||6112|469141048|579787136
27933|0|48242|07/01/2024 03:48:17|07/01/2024 09:58:05|22188|3721548800|4869973568
28846|0|48242|07/01/2024 09:59:46||14|104592|123776
26785|0|81178|06/01/2024 19:45:31||51269|66190503464|40485487288
27724|0|10376|07/01/2024 02:20:34||27566|4056898912|5111208552
27338|0|64229|06/01/2024 23:41:22||37118|35927816|38460736
28426|0|61605|07/01/2024 07:01:20||10720|1427278480|1969832856
27518|0|70548|07/01/2024 01:04:24||32136|12264978472|12651913184
27772|0|27726|07/01/2024 02:48:43||25877|8098152688|8943214048
27934|0|33542|07/01/2024 03:40:20||22780|7130052448|7745730888
28079|0|77991|07/01/2024 04:40:17||19183|9604402096|13864228984
28528|0|66892|07/01/2024 07:47:17||7963|11864126480|22978276688
28145|0|59854|07/01/2024 05:18:17||16903|6467582952|8429978048
28788|0|82808|07/01/2024 09:33:48||1572|282649440|397677464
28646|0|17928|07/01/2024 08:32:38||5242|3356272128|4205689040
28503|0|25324|07/01/2024 07:31:49||8891|921237272|1111891400
27496|0|68685|07/01/2024 00:51:39||32901|3075720816|4117662008
27725|0|4905|07/01/2024 02:25:02||27298|2712582208|3127862848
28377|0|28826|07/01/2024 06:40:42||11958|19734905440|54298204984
28162|0|60607|07/01/2024 05:20:02||16798|2565420520|2854989512
28003|0|99202|07/01/2024 04:16:46||20594|338000800|363685872
28261|0|52151|07/01/2024 06:09:38||13822|2344572208|2809756632
27318|0|16794|06/01/2024 23:38:09||37311|6965483120|8306711896
27815|0|45922|07/01/2024 03:04:13||24947|1059025712|1135884296
27620|0|9616|07/01/2024 01:48:27||29493|2303708640|3219902208
28322|0|71492|07/01/2024 06:20:16||13184|2711414272|2865114984
28055|0|76728|07/01/2024 04:37:02||19378|5336545976|7803584536
27877|0|38309|07/01/2024 03:25:25||23675|438470488|439683736
28354|0|34607|07/01/2024 06:39:46||12014|8230995752|12182920008
26495|0|84637|06/01/2024 17:36:31||59009|1608964184|1966275080
28323|0|93182|07/01/2024 06:25:11||12889|2238232424|2515127176
28581|0|55259|07/01/2024 08:01:13||7127|262245416|338966088
28710|0|37345|07/01/2024 09:03:08||3412|1048985968|1354423744
28453|0|48086|07/01/2024 07:18:48||9672|27032291208|56766860024
28163|0|13529|07/01/2024 05:28:39||16281|4471287968|6547755824
28324|0|24702|07/01/2024 06:23:26||12994|4644305696|5913846264
28378|0|73225|07/01/2024 06:47:08||11572|3961896536|5130418680
26603|0|7807|06/01/2024 18:20:57||56343|17895895096|22191928104
27935|0|88656|07/01/2024 03:48:58||22262|7066949056|8867195976
27383|0|78408|07/01/2024 00:03:10||35810|1959564360|2618592016
28529|0|63664|07/01/2024 07:46:25||8015|1370337696|1399294464
28602|0|24671|07/01/2024 08:10:39||6561|1066403896|1384493376
28480|0|20752|07/01/2024 07:25:31||9269|13770651312|32592914656
28711|0|37389|07/01/2024 09:08:48||3072|1017677000|1138547448
27846|0|96516|07/01/2024 03:14:53||24307|80228965408|208544596208
28404|0|19374|07/01/2024 06:55:24||11076|37640866936|80012211784
28126|0|73511|07/01/2024 05:09:36||17424|1414628816|2057485896
28530|0|76492|07/01/2024 07:47:23||7957|32141688|43656096
28033|0|43350|07/01/2024 04:27:32||19948|5316376072|7743528816
27339|0|49479|06/01/2024 23:49:01||36659|17691887408|11951655384
28454|0|10088|07/01/2024 07:14:43||9917|10456277264|7050993840
27098|0|96799|06/01/2024 21:57:19||43361|10864728392|13139968200
28504|0|86300|07/01/2024 07:31:15||8925|1440892008|1474299144
28647|0|43629|07/01/2024 08:36:50||4990|759562504|830838960
28146|0|49984|07/01/2024 05:14:14||17146|3971691432|5494595688
26169|0|51341|06/01/2024 15:21:08||67132|13989074704|15473946712
26801|0|48178|06/01/2024 19:55:33||50667|10367698568|12971093576
27037|0|47955|06/01/2024 21:25:30||45270|1919957328|2486824592
27272|0|48187|06/01/2024 23:10:43||38957|808179128|891762136
28603|0|24789|07/01/2024 08:11:16||6524|306360016|410664232
28481|0|62736|07/01/2024 07:27:38||9142|22411560984|48013643664
28455|0|97663|07/01/2024 07:13:18||10002|5968379488|6477192944
28789|0|40241|07/01/2024 09:35:27||1473|1470694720|3790825440
26586|0|96482|06/01/2024 18:19:17||56443|7996485368|10212566632
26947|0|97466|06/01/2024 20:54:26||47134|3394587872|4858314352
27546|0|48119|07/01/2024 01:15:10||31490|109150272440|204176029872
28379|0|59435|07/01/2024 06:49:45||11415|398732024|513977720
27319|0|29409|06/01/2024 23:30:45||37755|11422620368|12594522976
26645|0|29872|06/01/2024 18:42:44||55036|20597749400|27067867904
