IdSession|IdPSX|IdSubscriber|StartSession|EndSession|Duartion|UpTx|DownTx
28376|0|44433|05/01/2024 10:46:32||19408|11397050616|13781926872
27589|0|5202|05/01/2024 05:14:24||39336|5881371344|7460959016
28943|0|89706|05/01/2024 14:40:30||5370|105315824|120503376
26829|0|14391|04/01/2024 23:49:36||58824|167670799488|423580089816
28062|0|94342|05/01/2024 08:38:15||27105|628891240|875204136
27280|0|78614|05/01/2024 02:54:31||47729|6911632160|8654802888
27736|0|36342|05/01/2024 06:11:57||35883|6523138864|7952875976
28986|0|19403|05/01/2024 15:01:07||4133|9776648|9880072
27126|0|88207|05/01/2024 01:54:56||51304|28423002944|32136780112
27361|0|58567|05/01/2024 03:25:50||45850|18978120264|22488028968
27854|0|96775|05/01/2024 07:05:36||32664|44480608080|93309041992
27281|0|82513|05/01/2024 02:58:23||47497|15860957848|20057500176
27693|0|26538|05/01/2024 05:55:16||36884|89171371216|224037354448
27971|0|65418|05/01/2024 07:55:38||29662|6718303888|8923526264
26954|0|93199|05/01/2024 00:32:42||56238|7470243632|9532758032
27694|0|26136|05/01/2024 05:52:17||37063|29859402760|33176754144
28451|0|88537|05/01/2024 11:13:43||17777|8816191192|8883122896
28499|0|44892|05/01/2024 11:37:42||16338|984622152|1469901144
27633|0|31741|05/01/2024 05:35:13||38087|6990882040|7320934560
28878|0|67328|05/01/2024 14:19:36||6624|610253568|847075280
27972|0|27387|05/01/2024 07:55:29||29671|601796728|684626104
28898|0|81205|05/01/2024 14:26:34||6206|245227408|353257128
28235|0|26108|05/01/2024 09:43:03||23217|926208432|1180878824
28399|0|7629|05/01/2024 10:51:59||19081|2865385288|3674960088
27822|0|43470|05/01/2024 06:52:18||33462|55265582904|145206955608
27855|0|63503|05/01/2024 07:05:40||32660|8502839392|12684805008
28542|0|15054|05/01/2024 11:59:59||15001|6635122144|7033512456
28352|0|25776|05/01/2024 10:34:52||20108|5165948696|7125940896
27250|0|30644|05/01/2024 02:40:24||48576|12466877448|12735986432
27823|0|42572|05/01/2024 06:51:00||33540|9497663896|10682647720
26416|0|20049|04/01/2024 20:53:29||69391|9864173112|13214374072
27695|0|88811|05/01/2024 05:54:26||36934|1939998832|1978303784
28400|0|43200|05/01/2024 10:58:40||18680|4002549048|4112452032
28695|0|42085|05/01/2024 13:09:29||10831|22686155712|51384825184
28094|0|72193|05/01/2024 08:52:30||26250|442266008|571949312
28472|0|56454|05/01/2024 11:23:01||17219|4952391760|6161400032
27362|0|24107|05/01/2024 03:25:03||45897|3622651808|4438829064
28674|0|79155|05/01/2024 12:56:00||11640|749876512|1033075912
27775|0|24555|05/01/2024 06:30:48||34752|653988640|940186256
29115|0|38522|05/01/2024 15:54:03||957|368149216|379457544
28764|0|13510|05/01/2024 13:32:42||9438|2824179712|3380984088
28917|0|30713|05/01/2024 14:38:55||5465|90937720|128574920
28814|0|28950|05/01/2024 13:57:11||7969|9456273800|5893151536
29015|0|45897|05/01/2024 15:12:17||3463|1101533032|1473653928
28473|0|24996|05/01/2024 11:27:33||16947|5161953392|5645115592
28987|0|80722|05/01/2024 15:05:52||3848|340644944|349978000
28297|0|53251|05/01/2024 10:15:16||21284|43432409976|93960290368
27251|0|90987|05/01/2024 02:41:10||48530|46807274840|112773193000
26563|0|91907|04/01/2024 21:56:56||65584|107349444296|210887694920
27363|0|84326|05/01/2024 03:21:55||46085|6203500856|7072737104
28842|0|64201|05/01/2024 14:00:53||7747|2832928712|3268930768
27058|0|25943|05/01/2024 01:25:54||53046|22507412016|23235398696
28918|0|37805|05/01/2024 14:35:47||5653|808998176|880551768
27170|0|47260|05/01/2024 02:14:08||50152|78315561088|158286870008
27824|0|93566|05/01/2024 06:58:51||33069|17103483744|22522795320
29062|0|61304|05/01/2024 15:32:04||2276|595911584|767851048
28500|0|52562|05/01/2024 11:30:56||16744|2945910608|3822982832
29016|0|37321|05/01/2024 15:12:35||3445|1331826616|1339919200
27417|0|95343|05/01/2024 03:43:14||44806|18125647304|18331622864
27252|0|54052|05/01/2024 02:43:52||48368|20637999272|25502677064
28178|0|10787|05/01/2024 09:25:34||24266|2385248176|3095594048
28253|0|93308|05/01/2024 09:52:40||22640|2221669280|2895123928
27696|0|93644|05/01/2024 05:54:47||36913|8900048056|11705155536
28474|0|10594|05/01/2024 11:22:12||17268|1522720320|1825123960
27947|0|92867|05/01/2024 07:49:28||30032|122654926064|237041287584
28967|0|46098|05/01/2024 14:53:17||4603|142358664|151564864
28543|0|93881|05/01/2024 11:52:55||15425|69266170440|134461318480
27418|0|29316|05/01/2024 03:40:00||45000|100999291968|191924407592
29116|0|36558|05/01/2024 15:55:15||885|396914456|554166760
27738|0|78566|05/01/2024 06:18:17||35503|10350996808|11102659888
28121|0|15938|05/01/2024 09:04:48||25512|1697569216|2322460160
28015|0|57451|05/01/2024 08:17:13||28367|788252608|818721880
29117|0|5821|05/01/2024 15:55:14||886|172009928|177457592
28988|0|83136|05/01/2024 15:06:53||3787|1235175688|1336751040
27040|0|52066|05/01/2024 01:16:18||53622|3975204784|5103036640
28607|0|39820|05/01/2024 12:20:33||13767|3725587640|5431634856
27214|0|74181|05/01/2024 02:33:52||48968|4460143768|4868690304
28968|0|77035|05/01/2024 14:59:01||4259|824340920|1058818232
28675|0|66329|05/01/2024 12:56:47||11593|1519863096|1652874160
28207|0|93506|05/01/2024 09:33:03||23817|718623576|833302512
27948|0|23656|05/01/2024 07:43:55||30365|6738398328|9326264328
27825|0|6427|05/01/2024 06:57:58||33122|5409087584|6740621240
28544|0|95199|05/01/2024 11:50:06||15594|10693368448|14061361448
27949|0|46454|05/01/2024 07:45:06||30294|7878814584|11648496128
28377|0|90327|05/01/2024 10:49:21||19239|3490823304|4211478616
27826|0|43252|05/01/2024 06:52:56||33424|4475731048|4949239640
29118|0|9613|05/01/2024 15:55:41||859|88266760|123144584
28696|0|77350|05/01/2024 13:09:33||10827|1661816848|2156130912
28425|0|15352|05/01/2024 11:07:45||18135|4984294208|7405749528
27994|0|41561|05/01/2024 08:04:37||29123|9075631656|9113527520
28919|0|95649|05/01/2024 14:39:11||5449|65693552|71000936
28720|0|79017|05/01/2024 13:10:03||10797|30495986032|66357113912
28582|0|18443|05/01/2024 12:10:10||14390|44594684520|87850754304
28792|0|99368|05/01/2024 13:46:31||8609|4331092968|5847079848
28608|0|99818|05/01/2024 12:28:30||13290|360116464|494957928
28501|0|56667|05/01/2024 11:37:09||16371|30787137176|65419745912
28043|0|39434|05/01/2024 08:29:17||27643|7002389120|8982473336
27173|0|36730|05/01/2024 02:10:29||50371|3324380288|3381767584
28765|0|33546|05/01/2024 13:30:53||9547|1186915408|1690252608
28426|0|19300|05/01/2024 11:02:45||18435|59512371496|136075659376
28766|0|31663|05/01/2024 13:39:55||9005|4424484624|5832369496
27336|0|5705|05/01/2024 03:13:00||46620|25367997440|30007393520
28944|0|11226|05/01/2024 14:48:35||4885|12322869888|33566170832
28676|0|81514|05/01/2024 12:57:57||11523|32372364424|84866429584
26564|0|83610|04/01/2024 21:55:19||65681|19066454120|24773413400
28767|0|67697|05/01/2024 13:32:41||9439|10569208736|10664584520
28475|0|73620|05/01/2024 11:29:38||16822|39995556096|85185607848
28989|0|6308|05/01/2024 15:04:32||3928|1205613536|1538410936
28208|0|65668|05/01/2024 09:39:19||23441|1887957824|2441658888
27535|0|56875|05/01/2024 04:41:07||41333|86421981216|219514826232
28843|0|59525|05/01/2024 14:00:32||7768|23128049896|57799060032
29040|0|20713|05/01/2024 15:20:11||2989|2280669280|2775538328
28844|0|88069|05/01/2024 14:02:27||7653|143683024|157906752
28990|0|85910|05/01/2024 15:01:51||4089|495575448|557881632
28583|0|98470|05/01/2024 12:18:32||13888|7546023528|8590960280
27458|0|50824|05/01/2024 04:04:43||43517|7537794816|9598345888
27926|0|81078|05/01/2024 07:38:26||30694|11640347072|13675037384
27366|0|57141|05/01/2024 03:20:39||46161|7766307112|11170276056
28969|0|36420|05/01/2024 14:58:22||4298|904669872|1342511536
28079|0|6876|05/01/2024 08:40:14||26986|3046946120|4532440168
28991|0|43035|05/01/2024 15:04:28||3932|810863888|1028858080
29086|0|75330|05/01/2024 15:49:45||1215|229636832|328437048
28427|0|28032|05/01/2024 11:02:32||18448|10731794560|14582770184
27882|0|93299|05/01/2024 07:18:13||31907|1059065808|1171181712
26767|0|39639|04/01/2024 23:11:18||61122|21530542816|31993894592
28452|0|11201|05/01/2024 11:10:52||17948|20778491800|21469893304
28298|0|80308|05/01/2024 10:10:00||21600|1811229256|2684356680
27436|0|53228|05/01/2024 03:51:01||44339|193465424|194345792
29017|0|88393|05/01/2024 15:11:13||3527|343210984|427011200
29041|0|56267|05/01/2024 15:24:38||2722|23659088|33651896
29087|0|77342|05/01/2024 15:47:51||1329|3723536504|9263867248
28584|0|28839|05/01/2024 12:13:56||14164|3422351632|3653515168
28380|0|23299|05/01/2024 10:40:44||19756|1314918960|1383873992
27193|0|29885|05/01/2024 02:20:26||49774|2732493688|3325017440
27367|0|92893|05/01/2024 03:28:29||45691|13081979056|18584807344
29042|0|81968|05/01/2024 15:20:27||2973|815015376|1173342120
27150|0|79073|05/01/2024 02:07:32||50548|10110017016|14542476240
28609|0|79333|05/01/2024 12:24:28||13532|528869480|691368520
28545|0|99099|05/01/2024 11:58:46||15074|2174521104|2378745656
27697|0|41402|05/01/2024 05:57:38||36742|4693619560|5918732240
29043|0|71426|05/01/2024 15:26:17||2623|5575597552|10510414904
28149|0|89898|05/01/2024 09:19:03||24657|862944360|1143289560
27085|0|28056|05/01/2024 01:39:46||52214|22214736216|26605347520
28845|0|70133|05/01/2024 14:09:17||7243|445897024|470998672
27591|0|56042|05/01/2024 05:16:59||39181|8942748528|10461046376
28635|0|68094|05/01/2024 12:39:14||12646|2502781560|3235154512
28677|0|52757|05/01/2024 12:53:33||11787|787893536|841127392
28558|0|37520|05/01/2024 12:02:05||14875|1515797144|1774522448
28678|0|47084|05/01/2024 12:52:21||11859|1785508520|2277014792
28559|0|15246|05/01/2024 12:00:49||14951|2665117792|3377169664
27283|0|67076|05/01/2024 02:55:11||47689|15545856768|17931267104
28236|0|29483|05/01/2024 09:42:29||23251|11899288456|27815766360
26883|0|39152|05/01/2024 00:06:01||57839|171674089592|372770274256
27721|0|95563|05/01/2024 06:01:49||36491|5228517704|5619514448
28502|0|44711|05/01/2024 11:31:09||16731|9060938880|9164565648
28299|0|45658|05/01/2024 10:18:04||21116|5404011408|5731902128
28899|0|10590|05/01/2024 14:28:03||6117|3001043184|3824514984
28328|0|48287|05/01/2024 10:26:44||20596|1037590256|1508037512
28561|0|77250|05/01/2024 12:07:48||14532|205249544|262386416
27778|0|97692|05/01/2024 06:31:24||34716|7222569080|9088826064
29018|0|46712|05/01/2024 15:15:41||3259|4594485704|13278184056
28846|0|47108|05/01/2024 14:02:01||7679|2186245440|2816678592
28945|0|80433|05/01/2024 14:48:43||4877|202341504|212660544
27337|0|27389|05/01/2024 03:13:06||46614|15565596552|17626931592
27549|0|28990|05/01/2024 04:59:09||40251|4957937520|5358234536
27194|0|53667|05/01/2024 02:24:05||49555|5717343080|8493741856
27420|0|69250|05/01/2024 03:42:25||44855|5380493880|6379441152
26616|0|32642|04/01/2024 22:12:10||64670|9396291016|12182376512
27756|0|88198|05/01/2024 06:26:32||35008|88315236432|246955320848
29063|0|72259|05/01/2024 15:37:24||1956|5467593896|11754796568
28405|0|80210|05/01/2024 10:51:04||19136|1019596296|1256247544
29019|0|69961|05/01/2024 15:19:27||3033|871496800|979027696
27636|0|79654|05/01/2024 05:38:02||37918|21088087888|12218069632
27131|0|40278|05/01/2024 01:53:40|05/01/2024 16:02:47|50947|16769768328|23361403608
29137|0|40278|05/01/2024 16:03:25||395|74548768|78813888
28768|0|37966|05/01/2024 13:35:43||9257|23834187216|57336982464
28150|0|18539|05/01/2024 09:16:52||24788|1429767000|1503186504
28636|0|36702|05/01/2024 12:30:45||13155|113384184|140425464
29119|0|76563|05/01/2024 15:57:38||742|42140480|44679216
28562|0|5610|05/01/2024 12:01:04||14936|522739168|642688896
28300|0|38974|05/01/2024 10:14:31||21329|8953004920|10099528840
28453|0|55843|05/01/2024 11:10:27||17973|2060100848|2183815136
27911|0|98341|05/01/2024 07:27:01||31379|7049794016|7062103024
28586|0|6290|05/01/2024 12:13:51||14169|329135120|391429752
28095|0|60779|05/01/2024 08:51:31||26309|1678418056|2272517064
28546|0|55077|05/01/2024 11:50:45||15555|1199187192|1778099968
27393|0|20203|05/01/2024 03:31:11||45529|3050040936|4276679928
27668|0|24831|05/01/2024 05:48:18||37302|12853977632|13966602128
27478|0|63505|05/01/2024 04:12:24||43056|2833536944|4233045336
27151|0|22851|05/01/2024 02:07:48||50532|1180789832|1526068416
28301|0|46661|05/01/2024 10:14:46||21314|2120548824|2120818448
27856|0|68217|05/01/2024 07:01:51||32889|1163058928|1681014472
27741|0|79002|05/01/2024 06:15:22||35678|8195996536|11402748184
27637|0|52753|05/01/2024 05:35:18||38082|31568278200|37821695496
27216|0|57917|05/01/2024 02:37:37||48743|9153797512|9226303968
28237|0|66799|05/01/2024 09:48:33||22887|3289258408|4686518952
27042|0|18446|05/01/2024 01:16:57||53583|4485613128|5904904808
26720|0|74290|04/01/2024 22:58:02||61918|2287761888|2623834744
27110|0|49022|05/01/2024 01:46:15||51825|14824277728|16857452712
27952|0|94914|05/01/2024 07:40:03||30597|2710483648|3769489888
29044|0|40176|05/01/2024 15:27:14||2566|668435144|671659128
28587|0|77197|05/01/2024 12:14:08||14152|28899238136|61389162984
28353|0|36355|05/01/2024 10:31:27||20313|476218720|536645376
27438|0|6603|05/01/2024 03:55:40||44060|3049282432|3424795768
29088|0|85963|05/01/2024 15:43:30||1590|67778648|100605400
28610|0|8129|05/01/2024 12:28:30||13290|900957200|1188915424
29089|0|67015|05/01/2024 15:47:54||1326|270284128|402408176
27801|0|95660|05/01/2024 06:47:34||33746|36922388240|93630733064
27002|0|85484|05/01/2024 00:54:13||54947|5194387776|6828545664
28151|0|5362|05/01/2024 09:13:59||24961|2448655032|2548364728
29045|0|50427|05/01/2024 15:20:29||2971|12199192|16023456
28454|0|34226|05/01/2024 11:16:37||17603|3908911392|5007750008
26907|0|45892|05/01/2024 00:17:30||57150|18354951144|18670358480
28946|0|37399|05/01/2024 14:40:33||5367|1890387120|2003070104
28611|0|89373|05/01/2024 12:22:24||13656|1854985760|2205847024
28847|0|79162|05/01/2024 14:08:38||7282|484303224|544147528
28652|0|13087|05/01/2024 12:46:25||12215|1147492704|1348754424
27928|0|97042|05/01/2024 07:30:37||31163|3091510488|4261116904
26545|0|21853|04/01/2024 21:46:55||66185|5586122184|7851860040
26866|0|76954|04/01/2024 23:57:56||58324|8801654472|10689493536
27132|0|42971|05/01/2024 01:55:58||51242|94782800|95837024
27592|0|19469|05/01/2024 05:15:33||39267|3817503056|5267931192
28096|0|15805|05/01/2024 08:52:08||26272|2627091488|3280841776
26445|0|25102|04/01/2024 21:07:48||68532|15873153280|19439748224
29090|0|90351|05/01/2024 15:40:36||1764|287078720|373606320
26568|0|26133|04/01/2024 21:58:56||65464|13125234440|18151304320
28123|0|14111|05/01/2024 09:04:34||25526|49576696792|140489008888
28769|0|7489|05/01/2024 13:37:57||9123|5906433408|8315236064
26722|0|67635|04/01/2024 22:59:04||61856|3551431872|4371861616
28329|0|18836|05/01/2024 10:22:56||20824|253525744|297187200
28256|0|90411|05/01/2024 09:54:57||22503|394675376|416839296
27421|0|74516|05/01/2024 03:46:05||44635|8283944688|10998478288
28848|0|45093|05/01/2024 14:06:44||7396|322635552|350604904
27513|0|61183|05/01/2024 04:32:03||41877|6163634816|8792846424
27340|0|25662|05/01/2024 03:10:37||46763|7422829480|10087039672
27757|0|41652|05/01/2024 06:23:12||35208|5667928456|7832687728
27857|0|69062|05/01/2024 07:08:45||32475|26411220568|18412603856
27459|0|27146|05/01/2024 04:00:13||43787|3401587960|3514768456
28638|0|19023|05/01/2024 12:35:11||12889|1727920048|2074608376
28097|0|14750|05/01/2024 08:53:08||26212|11121111408|13834808640
27152|0|32399|05/01/2024 02:01:47||50893|68731735936|190341045088
28721|0|69490|05/01/2024 13:17:31||10349|1432331640|1869735440
27802|0|71070|05/01/2024 06:42:38||34042|19475425576|27705235368
28920|0|59913|05/01/2024 14:35:54||5646|371278920|412157432
28921|0|96471|05/01/2024 14:30:30||5970|5695072368|6418565104
26569|0|46857|04/01/2024 21:53:01||65819|16015914712|16795808144
26546|0|65086|04/01/2024 21:45:47||66253|17878551160|25304644280
28330|0|15045|05/01/2024 10:21:43||20897|1207046784|1414663872
28639|0|56720|05/01/2024 12:39:52||12608|4515912288|6266072224
28098|0|35649|05/01/2024 08:55:34||26066|13513070464|15098687720
26689|0|14341|04/01/2024 22:44:23||62737|14626138264|14626141344
28564|0|11533|05/01/2024 12:03:59||14761|50043090880|113879590416
29091|0|27027|05/01/2024 15:48:08||1312|28371160|34907096
29120|0|86498|05/01/2024 15:57:43||737|101573832|130315584
27803|0|40566|05/01/2024 06:49:16|05/01/2024 16:08:37|33561|57175079120|152201586128
28278|0|91723|05/01/2024 10:04:45||21915|1621062944|2034046280
29121|0|60277|05/01/2024 15:57:43||737|149839512|180457456
28849|0|9625|05/01/2024 14:08:36||7284|2919468488|3131471264
27285|0|9179|05/01/2024 02:58:48||47472|1351716680|1405174064
27723|0|69718|05/01/2024 06:08:05||36115|10578175432|12052674096
27929|0|59915|05/01/2024 07:31:35||31105|50592416680|149169393768
27479|0|15258|05/01/2024 04:13:10||43010|87193678936|185090763392
28992|0|95361|05/01/2024 15:01:40||4100|383984416|389660000
28018|0|8386|05/01/2024 08:17:40||28340|6534950288|7966838408
28080|0|32028|05/01/2024 08:45:09||26691|7881807200|8419114664
29046|0|26151|05/01/2024 15:25:05||2695|377138512|531301992
27514|0|91512|05/01/2024 04:32:40||41840|3071814984|4278755368
28429|0|39702|05/01/2024 11:06:55||18185|3932950624|4596743080
27700|0|80733|05/01/2024 05:55:11||36889|1356028040|1400725000
27724|0|83622|05/01/2024 06:07:27||36153|6224672120|8883163288
28815|0|88927|05/01/2024 13:53:10||8210|5346261528|6357207480
27827|0|80612|05/01/2024 06:53:54||33366|2157812240|2393272160
28816|0|50961|05/01/2024 13:54:59||8101|2811263200|3260380856
29047|0|49446|05/01/2024 15:27:29||2551|572115840|621026728
28697|0|99833|05/01/2024 13:05:35||11065|5363515712|7052977968
28354|0|90750|05/01/2024 10:34:23||20137|2639088320|3097108760
27218|0|85681|05/01/2024 02:31:55||49085|14270868096|18222580088
27858|0|64729|05/01/2024 07:07:25|05/01/2024 16:08:43|32478|3372862656|4610015624
28503|0|92358|05/01/2024 11:33:51||16569|3923669720|5483894528
27574|0|89291|05/01/2024 05:09:48||39612|2079353976|2237056760
29092|0|76797|05/01/2024 15:47:31||1349|310595480|402405352
28180|0|7833|05/01/2024 09:21:09||24531|5381904928|5633846432
28589|0|90547|05/01/2024 12:16:47||13993|803044128|818381776
27742|0|39540|05/01/2024 06:13:14||35806|5508379880|7877504136
28181|0|13853|05/01/2024 09:24:29||24331|1628477440|1965237672
28081|0|16779|05/01/2024 08:47:49||26531|1924276568|2527211424
28922|0|89263|05/01/2024 14:33:26||5794|2218797736|2655606064
26868|0|47038|04/01/2024 23:51:08||58732|10763952592|11991975056
27497|0|63156|05/01/2024 04:20:19||42581|1158369392|1426212160
27640|0|67016|05/01/2024 05:38:26||37894|20267086320|22274175032
28770|0|46036|05/01/2024 13:30:43||9557|2314450032|2476056488
27422|0|76866|05/01/2024 03:47:40||44540|7749361896|7887218032
28382|0|17351|05/01/2024 10:42:35||19645|1290419392|1749848880
27669|0|25964|05/01/2024 05:40:39||37761|9070066784|12686149016
28879|0|46869|05/01/2024 14:14:25||6935|646730104|869009192
28476|0|13220|05/01/2024 11:28:58||16862|2401768744|2573894608
28152|0|21923|05/01/2024 09:19:04||24656|378472784|540251024
28970|0|21912|05/01/2024 14:58:13||4307|264590456|352702248
28590|0|84943|05/01/2024 12:18:03||13917|1485820656|1891699640
28302|0|32864|05/01/2024 10:19:43||21017|7796141456|7826009000
28153|0|40115|05/01/2024 09:13:30||24990|583406944|669405008
28182|0|33989|05/01/2024 09:27:45||24135|2111166232|2985109776
28850|0|87856|05/01/2024 14:02:35||7645|22779106480|45429006416
28793|0|32738|05/01/2024 13:46:26||8614|1595994856|2144380688
27996|0|13981|05/01/2024 08:02:31||29249|3420393856|3444672568
27395|0|39952|05/01/2024 03:38:13||45107|22562856696|23633389464
28124|0|79203|05/01/2024 09:02:43||25637|422776376|610492776
28993|0|25884|05/01/2024 15:05:39||3861|1474447048|1507613000
27670|0|76091|05/01/2024 05:40:10||37790|1041181216|1447666488
26959|0|31550|05/01/2024 00:38:18||55902|16329429816|21943338176
28280|0|69121|05/01/2024 10:07:01||21779|3342162736|3596396072
27498|0|98518|05/01/2024 04:24:15||42345|8745821496|8824283032
28794|0|18411|05/01/2024 13:43:07||8813|131909536|150548008
28209|0|16505|05/01/2024 09:37:22||23558|1665108424|1826716512
27859|0|48354|05/01/2024 07:01:17||32923|2480806944|2490279968
28698|0|86521|05/01/2024 13:01:19||11321|11934048184|17277852056
26745|0|77111|04/01/2024 23:02:13||61667|37295307488|43397695136
27499|0|59450|05/01/2024 04:24:37||42323|3980816008|5369114104
29093|0|53839|05/01/2024 15:49:36||1224|139481112|186849312
28477|0|98958|05/01/2024 11:27:09||16971|5003787856|5404277568
28851|0|93403|05/01/2024 14:01:39||7701|157457536|223667136
28331|0|96689|05/01/2024 10:24:40||20720|5992195632|7000140760
27829|0|78379|05/01/2024 06:50:50||33550|893472016|1184692528
27930|0|13583|05/01/2024 07:32:35||31045|5827932464|5933804432
26838|0|46671|04/01/2024 23:45:02||59098|8909064688|10424757192
29048|0|53820|05/01/2024 15:26:44||2596|552011256|639010912
28238|0|83210|05/01/2024 09:41:37||23303|1213437552|1685389440
26447|0|16818|04/01/2024 21:09:44||68416|165474281080|457300322792
27154|0|36006|05/01/2024 02:01:49||50891|65963180008|138385510304
28852|0|99108|05/01/2024 14:00:14||7786|447003784|562384248
27973|0|47458|05/01/2024 07:57:24||29556|3125249744|4518205416
28900|0|47468|05/01/2024 14:26:34||6206|1461507408|1744973936
28126|0|50187|05/01/2024 09:07:33||25347|467874272|469961728
27179|0|57468|05/01/2024 02:19:12||49848|19772714624|24684883120
28455|0|53702|05/01/2024 11:18:31||17489|43341548440|104122742496
28612|0|47314|05/01/2024 12:22:46||13634|1226353560|1644045424
28082|0|52594|05/01/2024 08:42:35||26845|3688079512|3876211968
27744|0|95953|05/01/2024 06:19:30||35430|14990528960|16778717080
28281|0|41355|05/01/2024 10:07:50||21730|1420381464|2130446240
27195|0|28423|05/01/2024 02:27:43||49337|8796613040|9362628288
28994|0|56946|05/01/2024 15:09:08||3652|323123224|462864000
27914|0|55328|05/01/2024 07:22:50||31630|3938280736|5701817128
28430|0|12418|05/01/2024 11:04:12||18348|6828241720|8499572056
28971|0|33855|05/01/2024 14:59:13||4247|7069150320|21140612784
28521|0|43820|05/01/2024 11:44:55||15905|5997163040|7414390208
28355|0|65875|05/01/2024 10:30:43||20357|962756120|1334704760
28083|0|23810|05/01/2024 08:44:32||26728|3961070120|5142874648
27370|0|98440|05/01/2024 03:22:18||46062|21763307704|30549296400
27671|0|93541|05/01/2024 05:46:33||37407|7018274640|9716791632
28258|0|11267|05/01/2024 09:53:48||22572|1641951464|1892547352
28947|0|23640|05/01/2024 14:45:58||5042|298042104|445142888
29138|0|31851|05/01/2024 16:08:40||80|975216|1180664
27500|0|36659|05/01/2024 04:21:02||42538|4458843032|6108628240
27701|0|99997|05/01/2024 05:52:48||37032|10002378888|12636130600
28591|0|69461|05/01/2024 12:17:54||13926|451801560|516989952
27672|0|93127|05/01/2024 05:46:32||37408|10701784424|14944053048
28456|0|40614|05/01/2024 11:11:20||17920|6802918840|9637799544
26840|0|70372|04/01/2024 23:48:05||58915|205072592|261066232
28210|0|12784|05/01/2024 09:31:05||23935|1661544416|2260889488
28045|0|76227|05/01/2024 08:27:37||27743|1940880280|2606147384
28817|0|18908|05/01/2024 13:54:54||8106|27036196168|57043907920
27860|0|36200|05/01/2024 07:04:18||32742|58443804168|174192902952
28699|0|8635|05/01/2024 13:07:05||10975|1062854800|1149133184
27423|0|76281|05/01/2024 03:45:07||44693|23848286992|28370438872
28565|0|53746|05/01/2024 12:06:11||14629|1433690512|1918270560
27953|0|41346|05/01/2024 07:46:47||30193|5219824488|6143442664
28818|0|72646|05/01/2024 13:52:44||8236|2617599952|2767318448
27861|0|87836|05/01/2024 07:08:45||32475|54632469408|101755204408
28679|0|13499|05/01/2024 12:51:00||11940|1367765704|2042108752
28653|0|79857|05/01/2024 12:49:07||12053|6828073912|8818594880
27915|0|74614|05/01/2024 07:28:16||31304|29848606896|23209221128
27975|0|10206|05/01/2024 07:59:20||29440|4376284128|6039731040
26592|0|17670|04/01/2024 22:09:49||64811|565247096|758540976
29020|0|87499|05/01/2024 15:15:01||3299|76182880|80213904
27481|0|59984|05/01/2024 04:19:16||42644|12207323480|14373087680
27976|0|27276|05/01/2024 07:54:34||29726|12532370792|15047029080
28019|0|47817|05/01/2024 08:16:21||28419|12951068408|14647319768
28995|0|97540|05/01/2024 15:03:41||3979|156148416|172120824
27916|0|56731|05/01/2024 07:23:50||31570|342494840|390645248
27255|0|98869|05/01/2024 02:41:08||48532|16482165232|17450044888
28923|0|76270|05/01/2024 14:35:41||5659|452207488|534211864
28504|0|87483|05/01/2024 11:39:40||16220|46053174240|104706923480
28020|0|59224|05/01/2024 08:19:42||28218|9855622096|13700017680
28548|0|91336|05/01/2024 11:54:16||15344|883263736|929471432
27256|0|4883|05/01/2024 02:44:58||48302|560281408|609894048
28303|0|64359|05/01/2024 10:10:21||21579|1732383384|1970569320
27593|0|32570|05/01/2024 05:19:14||39046|9275449496|10068878856
28948|0|43849|05/01/2024 14:45:49||5051|130497840|153369712
28099|0|55154|05/01/2024 08:54:21||26139|22159591056|13918244368
28819|0|31105|05/01/2024 13:58:53||7867|3543869520|4237943120
28700|0|37879|05/01/2024 13:07:51||10929|12892956936|35564821816
28613|0|19913|05/01/2024 12:28:49||13271|1900500792|2189259392
27725|0|99904|05/01/2024 06:05:47||36253|29828385768|35495186656
27997|0|86290|05/01/2024 08:00:31||29369|1830617432|1933853016
27312|0|92409|05/01/2024 03:06:02||47038|6681870744|9387045256
28431|0|86385|05/01/2024 11:07:37||18143|31699371232|74661584120
28924|0|57307|05/01/2024 14:36:26||5614|2880187328|2173142032
26811|0|17717|04/01/2024 23:38:17||59503|59621797408|116453082064
28154|0|77032|05/01/2024 09:12:39||25041|13363147168|13775784824
28304|0|68878|05/01/2024 10:10:02||21598|6118693368|6443414496
28406|0|69340|05/01/2024 10:58:22||18698|7758016440|9346922640
28383|0|88899|05/01/2024 10:40:39||19761|817563464|1149030888
28407|0|31522|05/01/2024 10:56:36||18804|644622856|752735208
28332|0|49279|05/01/2024 10:24:33||20727|7227505848|7833540080
27257|0|68053|05/01/2024 02:45:58||48242|105149724536|310645261536
27884|0|77217|05/01/2024 07:17:29||31951|2906211488|4319888952
28654|0|10808|05/01/2024 12:41:27||12513|2118184632|3081038264
28680|0|89909|05/01/2024 12:56:22||11618|2653418536|3175530960
27954|0|24143|05/01/2024 07:49:50||30010|6004368544|6877841256
27673|0|19688|05/01/2024 05:49:08||37252|4913800608|6517760344
28972|0|60139|05/01/2024 14:51:22||4718|154154912|167506680
28566|0|39792|05/01/2024 12:02:17||14863|1232305016|1262924400
28567|0|47169|05/01/2024 12:04:39||14721|63784123080|131983924928
26750|0|25887|04/01/2024 23:06:26||61414|13002750232|18415333544
28701|0|27570|05/01/2024 13:03:56||11164|134049304|194911488
28478|0|34200|05/01/2024 11:29:50||16810|1714867200|2023099776
28212|0|60061|05/01/2024 09:37:55||23525|1955435240|2087205880
27020|0|23908|05/01/2024 01:02:17||54463|10443024456|13808739152
28568|0|55316|05/01/2024 12:05:16||14684|1996615672|2610016720
28213|0|52044|05/01/2024 09:39:54||23406|13607299936|35878050320
28655|0|29712|05/01/2024 12:43:38||12382|346768376|464389096
28614|0|10941|05/01/2024 12:24:44||13516|886995096|950964840
27703|0|32616|05/01/2024 05:53:38||36982|10995385488|14493472808
28305|0|98338|05/01/2024 10:16:24||21216|6228777248|3562820752
28771|0|64106|05/01/2024 13:30:51||9549|1260940776|1595899984
28853|0|72615|05/01/2024 14:04:29||7531|2696843816|2768743416
28925|0|9914|05/01/2024 14:36:30||5610|8562678128|6022630408
27221|0|82418|05/01/2024 02:30:35||49165|6992751840|7680689352
28333|0|22507|05/01/2024 10:29:58||20402|2330054720|3455189936
27932|0|80719|05/01/2024 07:32:09||31071|5217338096|7682903272
27998|0|67557|05/01/2024 08:02:35||29245|6528870072|7486163024
29139|0|7575|05/01/2024 16:03:01||419|172508488|176328216
27917|0|96953|05/01/2024 07:27:13||31367|12629007096|14643259312
28022|0|27975|05/01/2024 08:19:40||28220|7150669640|9549719976
29064|0|76524|05/01/2024 15:31:05||2335|1139850504|1298234712
27641|0|82986|05/01/2024 05:30:32||38368|1315447592|1445461664
29049|0|14643|05/01/2024 15:22:44||2836|255577240|377411232
28722|0|63622|05/01/2024 13:16:43||10397|2776024656|3626623912
28569|0|17504|05/01/2024 12:08:24||14496|15109811584|31411679648
28820|0|98298|05/01/2024 13:52:05||8275|2410562216|2437516088
27759|0|69372|05/01/2024 06:21:25||35315|7083132680|8808525544
29122|0|47819|05/01/2024 15:58:19||701|1406757104|3376717520
27977|0|61217|05/01/2024 07:50:54||29946|13144276248|7273214488
27999|0|87153|05/01/2024 08:06:28||29012|11450750576|15306014520
28656|0|34618|05/01/2024 12:45:56||12244|1107590360|1557391416
28772|0|97800|05/01/2024 13:38:12||9108|3399258288|3452822160
28702|0|8816|05/01/2024 13:00:53||11347|3569102848|4336187960
27461|0|57813|05/01/2024 04:06:32||43408|4029124280|4150142952
27258|0|28055|05/01/2024 02:44:22||48338|36892101952|22771798776
28184|0|53398|05/01/2024 09:29:40||24020|5519211576|6557693424
27726|0|98424|05/01/2024 06:04:27||36333|20254547440|24194476608
28522|0|63848|05/01/2024 11:46:36||15804|26498733720|62302042608
28100|0|29370|05/01/2024 08:51:05||26335|16415177200|33709138968
27045|0|16017|05/01/2024 01:17:12||53568|30623042464|35480410600
28432|0|30539|05/01/2024 11:00:22||18578|226883072|330426424
27344|0|48807|05/01/2024 03:18:45||46275|12346837504|17199254048
28926|0|49120|05/01/2024 14:30:09||5991|10281691976|22522196016
27536|0|10654|05/01/2024 04:47:38||40942|15169678928|21125112136
28023|0|31332|05/01/2024 08:11:10||28730|6740681936|8690195912
27397|0|49678|05/01/2024 03:39:46||45014|18572448848|27462398728
28334|0|46124|05/01/2024 10:25:26||20674|3422094232|4682390104
28880|0|52225|05/01/2024 14:15:15||6885|414196992|523893880
28185|0|23803|05/01/2024 09:23:22||24398|335059512|439484936
28723|0|50238|05/01/2024 13:11:35||10705|3988902688|4126897832
28505|0|42428|05/01/2024 11:37:21||16359|3822406352|4774215784
26400|0|74145|04/01/2024 20:40:26||70174|18328576536|19343639992
28335|0|74526|05/01/2024 10:28:01||20519|4032517904|5267032200
28855|0|26093|05/01/2024 14:03:30||7590|643909976|821715704
27371|0|17156|05/01/2024 03:28:32||45688|2448856720|3108567848
28064|0|30835|05/01/2024 08:38:32||27088|91009256|118868072
28795|0|28124|05/01/2024 13:43:17||8803|18443168896|47959473320
27597|0|22317|05/01/2024 05:11:38||39502|2050269496|2913469304
28523|0|25051|05/01/2024 11:41:36||16104|670797432|837950656
28214|0|91511|05/01/2024 09:36:40||23600|10900131464|14830441184
28549|0|80236|05/01/2024 11:55:54||15246|3808668576|4559076048
28479|0|66310|05/01/2024 11:24:01||17159|7352391888|9371118672
29123|0|41124|05/01/2024 15:52:57||1023|390650976|575591296
28506|0|53714|05/01/2024 11:39:28||16232|37237935008|73543916664
26577|0|30667|04/01/2024 21:58:45||65475|2555398504|3315103392
28408|0|77148|05/01/2024 10:55:46||18854|7866234376|9051436136
28901|0|48874|05/01/2024 14:20:56||6544|21673334384|49252756712
28457|0|59145|05/01/2024 11:12:15||17865|9499240064|12976710472
28973|0|8839|05/01/2024 14:59:21||4239|27712352|41268712
28703|0|93041|05/01/2024 13:06:46||10994|3401455192|5070919080
27518|0|80096|05/01/2024 04:39:50||41410|56206644840|31920255992
27599|0|34312|05/01/2024 05:15:24||39276|3590327544|3740458864
29050|0|63103|05/01/2024 15:29:16||2444|445587976|565340952
28821|0|83597|05/01/2024 13:55:56||8044|1580508856|1590579464
27804|0|83129|05/01/2024 06:43:18||34002|9449885112|11128788792
27462|0|74601|05/01/2024 04:09:44||43216|62359960552|180500071944
27519|0|64781|05/01/2024 04:35:07||41693|2221791480|3066795368
28724|0|62055|05/01/2024 13:16:53||10387|11945454528|31952977736
27259|0|31527|05/01/2024 02:49:22||48038|13707643392|15487723640
28084|0|71041|05/01/2024 08:43:37||26783|17693938760|26269513048
29065|0|6073|05/01/2024 15:39:49||1811|1031600608|1384492992
28409|0|47971|05/01/2024 10:55:21||18879|976380784|1341061664
29021|0|29306|05/01/2024 15:19:11||3049|646218920|754995288
28856|0|76670|05/01/2024 14:02:18||7662|1184821568|1736439568
28550|0|59433|05/01/2024 11:51:57||15483|2195632464|2411256888
28857|0|93311|05/01/2024 14:01:15||7725|1322450288|1796601704
27314|0|27416|05/01/2024 03:09:07||46853|19496015880|22176027048
28681|0|19123|05/01/2024 12:55:31||11669|1477685824|1720030400
28156|0|48946|05/01/2024 09:11:53||25087|3190763904|3222495736
28725|0|53676|05/01/2024 13:19:35||10225|1926327640|1958963112
28773|0|38060|05/01/2024 13:32:37||9443|1634829792|1695027048
28615|0|27730|05/01/2024 12:25:15||13485|654702944|658903248
28336|0|96896|05/01/2024 10:22:03||20877|50706529560|143269578216
28433|0|17009|05/01/2024 11:09:08||18052|9737778112|14310051648
28704|0|96272|05/01/2024 13:01:29||11311|2862695848|3231731904
28127|0|48902|05/01/2024 09:05:33||25467|11074511320|16304856712
27887|0|24903|05/01/2024 07:14:24||32136|4412300864|4637214648
27345|0|75957|05/01/2024 03:15:54||46446|5763212336|5966098776
28640|0|19759|05/01/2024 12:30:56||13144|684348728|1012873232
28307|0|34442|05/01/2024 10:14:08||21352|2187834424|2414238576
27182|0|97470|05/01/2024 02:16:50||49990|2679882832|3871321632
29094|0|25982|05/01/2024 15:48:26||1294|2808704712|7277907920
28881|0|24245|05/01/2024 14:17:04||6776|845779576|1011426048
28570|0|26819|05/01/2024 12:08:13||14507|133590664|157977808
27440|0|27001|05/01/2024 03:51:29||44311|18517052208|25147249952
28308|0|83551|05/01/2024 10:10:56||21544|26788750056|68386346384
27551|0|14122|05/01/2024 04:50:40||40760|2374371112|3156813520
27197|0|95610|05/01/2024 02:29:11||49249|4835822832|5791555784
27482|0|64459|05/01/2024 04:17:39||42741|923577928|1360938712
28796|0|39569|05/01/2024 13:47:38||8542|7993222272|8696945208
28974|0|34668|05/01/2024 14:56:15||4425|890853376|1111322848
29095|0|98196|05/01/2024 15:41:30||1710|969422392|992397872
28385|0|84711|05/01/2024 10:44:43||19517|3201683376|3684356104
28524|0|19779|05/01/2024 11:49:25||15635|1142420488|1444547408
26888|0|83416|05/01/2024 00:08:58||57662|28086516000|31270157656
28822|0|15205|05/01/2024 13:55:28||8072|2458408688|2549550512
27918|0|81876|05/01/2024 07:27:10||31370|78642810096|205214606936
28507|0|60347|05/01/2024 11:39:47||16213|342365920|415859376
28215|0|49963|05/01/2024 09:35:13||23687|3967064176|4614500072
28128|0|53977|05/01/2024 09:03:19||25601|9837097760|10095994776
27198|0|47511|05/01/2024 02:20:39||49761|7722023032|10275536704
28975|0|39224|05/01/2024 14:51:48||4692|404356792|484360984
28797|0|43761|05/01/2024 13:44:27||8733|3198514352|3215974096
28882|0|58449|05/01/2024 14:18:37||6683|328813200|434728440
28525|0|64525|05/01/2024 11:47:10||15770|1244168448|1405630400
28949|0|57595|05/01/2024 14:45:50||5050|148816320|150553704
28823|0|49047|05/01/2024 13:58:59||7861|18016897464|35931877232
27066|0|49037|05/01/2024 01:20:09||53391|2809507640|4025666408
28927|0|99858|05/01/2024 14:36:37||5603|149248|197840
27832|0|16277|05/01/2024 06:53:55||33365|835179064|914061216
28824|0|63116|05/01/2024 13:58:04||7916|1078105360|1259237312
28825|0|4984|05/01/2024 13:55:41||8059|7950135304|5832360680
28996|0|46329|05/01/2024 15:04:01||3959|232968184|346517816
26939|0|17550|05/01/2024 00:28:45||56475|19596434776|27092291832
27978|0|54532|05/01/2024 07:52:44||29836|5445889224|7337227408
28657|0|31810|05/01/2024 12:49:24||12036|3438175592|4553688584
26940|0|70058|05/01/2024 00:26:39||56601|4433360840|5041199904
28065|0|32232|05/01/2024 08:37:32||27148|12816520160|14292471568
28705|0|31906|05/01/2024 13:05:22||11078|1495442560|1730781624
28157|0|54433|05/01/2024 09:19:10||24650|2041107472|2262123160
27401|0|34330|05/01/2024 03:37:33||45147|5746630744|7580843344
28774|0|51211|05/01/2024 13:33:53||9367|350459456|496270168
26752|0|70169|04/01/2024 23:07:37||61343|20116560656|26696757880
28902|0|42351|05/01/2024 14:27:42||6138|4355591544|4883866408
28480|0|46986|05/01/2024 11:29:25||16835|1120653840|1172131376
26423|0|23505|04/01/2024 20:59:20||69040|31728129240|38157292304
28593|0|89361|05/01/2024 12:10:08||14392|929565552|1242771528
28826|0|90189|05/01/2024 13:51:14||8326|21635628000|57092875720
28357|0|12303|05/01/2024 10:30:30||20370|5436574552|5538107056
27676|0|30577|05/01/2024 05:42:11||37669|40802134752|86785809936
28551|0|84423|05/01/2024 11:52:14||15466|8472882824|10892803016
28950|0|88803|05/01/2024 14:44:35||5125|74512608|90283272
29022|0|12863|05/01/2024 15:15:50||3250|735517536|835448072
28024|0|98215|05/01/2024 08:17:00||28380|15039780208|18436288960
28309|0|85856|05/01/2024 10:13:47||21373|5967844936|8322536480
27833|0|74749|05/01/2024 06:53:12||33408|2039700720|2202965552
28158|0|84447|05/01/2024 09:11:38||25102|37484071632|107917709344
28658|0|59369|05/01/2024 12:45:56||12244|5583981520|6279564096
28997|0|14295|05/01/2024 15:08:12||3708|348319680|495320936
28659|0|44381|05/01/2024 12:47:14||12166|1196789864|1515524816
27979|0|66095|05/01/2024 07:56:43||29597|4186382512|4557343896
29066|0|5616|05/01/2024 15:36:23||2017|2575201320|7323551624
28998|0|80746|05/01/2024 15:03:36||3984|815936992|989350256
28748|0|96534|05/01/2024 13:22:00||10080|3246068080|4032970320
28508|0|5989|05/01/2024 11:36:25||16415|500511624|610185688
29124|0|96379|05/01/2024 15:50:11||1189|17808040|23684808
28616|0|90014|05/01/2024 12:25:57|05/01/2024 16:03:58|13081|4546859104|6165204048
29140|0|90014|05/01/2024 16:04:37||323|108057056|145743184
27483|0|90493|05/01/2024 04:18:02||42718|5982517816|8735656048
28951|0|4593|05/01/2024 14:47:54||4926|910690368|1143278016
28660|0|75854|05/01/2024 12:49:50||12010|45393571872|103586308072
29023|0|88091|05/01/2024 15:11:30||3510|95098104|95559824
26814|0|91923|04/01/2024 23:39:31||59429|816191168|1217296040
28434|0|31308|05/01/2024 11:00:57||18543|1524722776|1803598320
27704|0|49376|05/01/2024 05:57:36||36744|23317785840|26470464584
29096|0|7743|05/01/2024 15:49:18||1242|525579960|602061120
27936|0|81346|05/01/2024 07:37:42||30738|3024126752|4515543144
27199|0|31214|05/01/2024 02:28:09||49311|13513700336|18404456920
28243|0|23717|05/01/2024 09:46:40||23000|93720304984|204802105624
28260|0|63011|05/01/2024 09:54:53||22507|262202912|365561816
27919|0|98475|05/01/2024 07:22:04||31676|1306340008|1317045968
28187|0|76634|05/01/2024 09:23:46||24374|77364757000|207022381552
28129|0|65810|05/01/2024 09:02:31||25649|2844230984|4237560904
29051|0|73491|05/01/2024 15:29:16||2444|31994296|33683216
27920|0|38718|05/01/2024 07:25:27||31473|54945265440|150475770600
27263|0|62800|05/01/2024 02:43:28||48392|20352690552|25328260320
27956|0|15351|05/01/2024 07:40:27||30573|1350164664|1694481184
28310|0|60165|05/01/2024 10:13:52||21368|2848920320|3781961752
28159|0|58684|05/01/2024 09:18:38||24682|189064024|229166424
27290|0|86640|05/01/2024 02:57:08||47572|17130211544|20098197696
28903|0|78867|05/01/2024 14:28:56||6064|34887785584|25357645688
28661|0|31189|05/01/2024 12:44:52||12308|1130164352|1241605936
29097|0|13450|05/01/2024 15:44:32||1528|291180336|294919160
26846|0|66722|04/01/2024 23:44:30||59130|6348392672|8804935200
27760|0|47552|05/01/2024 06:21:36||35304|95518552552|177716634488
28283|0|8441|05/01/2024 10:04:20||21940|3665928064|3719407280
27443|0|38222|05/01/2024 03:51:08||44332|14555323624|21106994432
27863|0|28387|05/01/2024 07:09:53||32407|65707432680|176407859304
27864|0|52962|05/01/2024 07:03:37||32783|201465728|242589896
27183|0|64081|05/01/2024 02:16:24||50016|10695441704|11392492112
28858|0|79493|05/01/2024 14:04:29||7531|210583456|263681008
28682|0|6802|05/01/2024 12:50:43||11957|32716869320|70725026280
28130|0|62492|05/01/2024 09:06:50||25390|6307181856|6662757392
28617|0|60248|05/01/2024 12:21:37||13703|22761366752|51905489168
28358|0|78104|05/01/2024 10:33:17||20203|9492406744|9610837984
28188|0|82589|05/01/2024 09:23:43||24377|690444064|813707592
28359|0|18066|05/01/2024 10:31:03||20337|41151873376|88454839088
29098|0|64119|05/01/2024 15:49:28||1232|416744320|561710384
28481|0|41167|05/01/2024 11:20:38||17362|8594273344|11983327616
29067|0|46705|05/01/2024 15:32:50||2230|2263860768|2503216120
28775|0|38141|05/01/2024 13:39:31||9029|938626648|1081936520
27888|0|16344|05/01/2024 07:17:18||31962|50328117032|147545722176
28662|0|67666|05/01/2024 12:42:47||12433|1816855080|1829946976
28706|0|62937|05/01/2024 13:07:29||10951|7158409320|7692418720
28726|0|42018|05/01/2024 13:13:26||10594|1088909512|1205248000
28776|0|62028|05/01/2024 13:32:52||9428|8435104768|6035774568
28085|0|38580|05/01/2024 08:44:57||26703|3369407584|5024316680
28904|0|57517|05/01/2024 14:28:57||6063|607886160|829551064
28216|0|52747|05/01/2024 09:34:30||23730|434155312|507031288
28311|0|40916|05/01/2024 10:19:20||21040|2686042504|3367581680
27602|0|54993|05/01/2024 05:18:41||39079|21447838848|27466203800
28618|0|16518|05/01/2024 12:26:43||13397|1928272224|2222230928
28483|0|24519|05/01/2024 11:28:55||16865|8196600688|8892302776
28727|0|4618|05/01/2024 13:17:16||10364|27362273888|68928167240
27957|0|55593|05/01/2024 07:43:35||30385|12091768768|17911979712
28046|0|73499|05/01/2024 08:20:09||28191|881323912|1120958848
27346|0|66256|05/01/2024 03:14:06||46554|23919403592|32151244960
28952|0|48135|05/01/2024 14:43:11||5209|1208363552|1712065328
28999|0|14893|05/01/2024 15:04:00||3960|800673520|1039444616
28859|0|39980|05/01/2024 14:00:56||7744|4603233704|5115441224
27807|0|88454|05/01/2024 06:42:27||34053|2092433256|2439236880
27783|0|76363|05/01/2024 06:35:29||34471|2480678656|3080690624
27503|0|27733|05/01/2024 04:22:39||42441|117661727800|259601578096
28827|0|32834|05/01/2024 13:57:31||7949|131435520|149340008
26989|0|18927|05/01/2024 00:41:17||55723|24016434120|34067493960
27958|0|44714|05/01/2024 07:47:33||30147|3732596184|4117769696
28047|0|51889|05/01/2024 08:27:55||27725|13929191904|19886618816
28798|0|43410|05/01/2024 13:44:49||8711|1853860208|2545215800
27265|0|26002|05/01/2024 02:44:11||48349|5555939600|7100911856
26990|0|95066|05/01/2024 00:48:14||55306|1380997296|2063490664
28244|0|67595|05/01/2024 09:48:58||22862|26530809336|53625074768
28883|0|4606|05/01/2024 14:13:44||6976|2349091528|3147597480
28928|0|22300|05/01/2024 14:36:32||5608|2319569688|2464148728
28484|0|12608|05/01/2024 11:21:50||17290|17875831856|23063167832
27761|0|58246|05/01/2024 06:26:27||35013|713830904|993123144
28284|0|49105|05/01/2024 10:05:35||21865|8484400016|9539863552
27538|0|99768|05/01/2024 04:45:42||41058|4295052944|5869227840
28929|0|24213|05/01/2024 14:35:53||5647|14856179568|30011398208
27200|0|89014|05/01/2024 02:23:45||49575|44708156040|25773495608
28337|0|89046|05/01/2024 10:24:55||20705|1449835976|1628858928
29000|0|59817|05/01/2024 15:09:42||3618|892748576|1048092792
27266|0|19943|05/01/2024 02:41:15||48525|3597283760|4886467368
27747|0|56598|05/01/2024 06:12:27||35853|7619319240|9192037536
28509|0|90141|05/01/2024 11:32:09||16671|1381127112|1562076808
28485|0|21232|05/01/2024 11:23:32||17188|9826870176|12763088296
26849|0|36128|04/01/2024 23:43:31||59189|25419835864|31848894088
28313|0|42069|05/01/2024 10:16:49||21191|2768493616|3608759512
28410|0|15177|05/01/2024 10:59:10||18650|12957562248|35210061968
26890|0|13160|05/01/2024 00:03:39||57981|16870405384|19640197464
28777|0|86394|05/01/2024 13:35:44||9256|3139517536|3941748632
28261|0|63511|05/01/2024 09:54:44||22516|60007509368|111564079752
27643|0|10794|05/01/2024 05:33:05||38215|2330033648|3086340664
28190|0|93514|05/01/2024 09:28:47||24073|1752539408|2451956584
28086|0|20600|05/01/2024 08:49:50||26410|13083057824|14061229600
27554|0|21691|05/01/2024 04:51:33||40707|1553042208|2079438488
27890|0|59271|05/01/2024 07:11:44||32296|4560297840|6416696488
27705|0|81367|05/01/2024 05:56:42||36798|14400162584|20871739640
27729|0|7986|05/01/2024 06:08:08||36112|4419788288|4504078336
28663|0|75318|05/01/2024 12:48:50||12070|3169518152|4466937560
27464|0|91924|05/01/2024 04:02:38||43642|8854034992|12930056240
28486|0|58220|05/01/2024 11:22:19||17261|4071212744|5020674344
28620|0|76632|05/01/2024 12:28:27||13293|5410597704|6693503320
28191|0|58272|05/01/2024 09:20:32||24568|5222105704|7640711784
28778|0|82918|05/01/2024 13:31:08||9532|5501774864|5530328456
27678|0|65442|05/01/2024 05:43:40||37580|133662022920|253455303408
28552|0|5948|05/01/2024 11:57:56||15124|6705222536|7500202504
28026|0|78582|05/01/2024 08:12:31||28649|2672518176|3591667776
27921|0|89998|05/01/2024 07:28:09||31311|9606214448|9637227888
26912|0|44391|05/01/2024 00:19:57||57003|5664843568|7475242048
29125|0|20346|05/01/2024 15:59:56||604|107878176|139485208
28799|0|23057|05/01/2024 13:46:43||8597|5001513800|7011090320
27784|0|78811|05/01/2024 06:30:23||34777|1440352800|1729235880
28386|0|10907|05/01/2024 10:42:57||19623|433934648|549187176
26964|0|53550|05/01/2024 00:33:17||56203|8727391968|8903870048
29024|0|82975|05/01/2024 15:11:39||3501|153887408|181505976
28572|0|61892|05/01/2024 12:03:31||14789|2635638912|3311138696
26942|0|88718|05/01/2024 00:22:55||56825|22242155896|25801807976
28860|0|77070|05/01/2024 14:09:49||7211|1026390800|1480293312
27115|0|47033|05/01/2024 01:43:46||51974|8587995496|9569899728
28728|0|79497|05/01/2024 13:11:38||10702|4450434256|5209891512
29126|0|68717|05/01/2024 15:50:10||1190|61167272|69717344
28884|0|41470|05/01/2024 14:19:27||6633|2747009600|2925308640
27891|0|57014|05/01/2024 07:16:55||31985|99576315688|205182181344
28729|0|73381|05/01/2024 13:17:57||10323|2816120304|3109589152
27374|0|94806|05/01/2024 03:20:25||46175|10013441632|11866390304
28905|0|77752|05/01/2024 14:21:12||6528|605047768|801688168
27347|0|47290|05/01/2024 03:13:47||46573|9324594624|12279067352
28161|0|61999|05/01/2024 09:17:19||24761|8519250328|10187213952
29068|0|54759|05/01/2024 15:34:05||2155|530063400|664779688
29025|0|10306|05/01/2024 15:13:16||3404|106085472|133290632
27557|0|58622|05/01/2024 04:51:20||40720|13346870056|19209979928
28930|0|35607|05/01/2024 14:35:19||5681|4030260568|4036517592
28411|0|30399|05/01/2024 10:53:24||18996|24007357800|52972525712
28027|0|12192|05/01/2024 08:18:30||28290|5954068008|8693148400
28262|0|25186|05/01/2024 09:50:52||22748|29499369240|20399971680
27023|0|55387|05/01/2024 01:07:38||54142|148031528|216797880
28828|0|19163|05/01/2024 13:57:38||7942|175364872|177301056
28779|0|28713|05/01/2024 13:39:45||9015|2703085744|2811072648
28621|0|92282|05/01/2024 12:23:57||13563|531684512|557570032
28458|0|73562|05/01/2024 11:14:41||17719|2564688400|2874701000
27922|0|66198|05/01/2024 07:21:25||31715|11069168104|11446458416
28885|0|33865|05/01/2024 14:18:19||6701|407202752|434302776
28594|0|17300|05/01/2024 12:19:48||13812|3928732512|4563694288
28087|0|57145|05/01/2024 08:48:35||26485|11173088208|16642448920
28595|0|40057|05/01/2024 12:10:06||14394|2298718008|3362442328
28800|0|26795|05/01/2024 13:40:33||8967|842389352|862180968
27159|0|39030|05/01/2024 02:04:42||50718|153248802592|361019314128
29099|0|99675|05/01/2024 15:44:37||1523|34925712|49938920
27603|0|43205|05/01/2024 05:16:41||39199|5594882008|8319944416
28412|0|33122|05/01/2024 10:52:28||19052|47358876984|108012257608
28931|0|21673|05/01/2024 14:35:04||5696|10542007656|29151432920
27558|0|51103|05/01/2024 04:51:55||40685|9327320192|9335307304
28683|0|53935|05/01/2024 12:59:35||11425|1677057832|1845389736
28285|0|30505|05/01/2024 10:01:40||22100|6206440088|6237020360
28906|0|38745|05/01/2024 14:22:56||6424|588945224|601055192
28487|0|4662|05/01/2024 11:25:32||17068|5887609592|8806740424
28387|0|20811|05/01/2024 10:49:02||19258|746980800|963326000
28088|0|32328|05/01/2024 08:46:30||26610|5034223840|6795440480
29100|0|50008|05/01/2024 15:45:03||1497|701406736|965244592
28684|0|20016|05/01/2024 12:57:35||11545|166187504|230554464
28193|0|99132|05/01/2024 09:24:30||24330|4349033664|5039616088
28622|0|46657|05/01/2024 12:23:18||13602|170850424|186589000
28459|0|90910|05/01/2024 11:17:56||17524|7459204936|10078244936
28596|0|85555|05/01/2024 12:11:54||14286|20734586248|54110854104
28780|0|22859|05/01/2024 13:33:16||9404|1551781672|1608138464
28553|0|47454|05/01/2024 11:54:56||15304|200944616|220546480
27160|0|44115|05/01/2024 02:03:05||50815|2746925240|3087661656
27706|0|79123|05/01/2024 05:52:48||37032|45299853592|26255256248
28685|0|88502|05/01/2024 12:59:17||11443|49154233032|108954147608
28862|0|26176|05/01/2024 14:09:21||7239|1408201176|2099588568
27426|0|53116|05/01/2024 03:43:38||44782|9358170408|9501186872
28217|0|87020|05/01/2024 09:36:36||23604|2534071600|2907502656
26756|0|81151|04/01/2024 23:08:31||61289|22102862760|25508605480
28730|0|9286|05/01/2024 13:16:55||10385|1783006736|2117109696
29052|0|66185|05/01/2024 15:27:52||2528|1747576464|1877169440
28002|0|90018|05/01/2024 08:01:21||29319|3625427448|4509849128
27291|0|70222|05/01/2024 02:56:50||47590|15126994728|16236460192
28731|0|9820|05/01/2024 13:14:10||10550|6283697248|8377727696
28069|0|24393|05/01/2024 08:39:07||27053|19392196592|23955440656
28597|0|80798|05/01/2024 12:14:59||14101|3623499552|4540433576
28829|0|45845|05/01/2024 13:54:27||8133|901320432|1140643408
28388|0|53663|05/01/2024 10:42:31||19649|1292786328|1310344192
27980|0|29777|05/01/2024 07:51:22||29918|1360057528|1463629664
27141|0|84210|05/01/2024 01:50:45||51555|96701343968|269552664064
29001|0|41862|05/01/2024 15:07:55||3725|996387368|1390749464
27403|0|4405|05/01/2024 03:38:32||45088|7452095192|9486162272
28028|0|21417|05/01/2024 08:19:21||28239|31970806360|35392155088
28641|0|67368|05/01/2024 12:37:24||12756|3540195208|4083352968
28932|0|76870|05/01/2024 14:39:37||5423|1392383384|1811444288
26699|0|96661|04/01/2024 22:40:57||62943|9441903312|12925285520
28953|0|86178|05/01/2024 14:47:02||4978|198992256|218007056
28954|0|89519|05/01/2024 14:49:39||4821|9524910000|24752403824
27748|0|11325|05/01/2024 06:10:27||35973|31491490008|93175475224
28029|0|55642|05/01/2024 08:12:27|05/01/2024 16:05:18|28371|530460792|538966184
29141|0|55642|05/01/2024 16:07:01||179|3280608|3439720
28103|0|54879|05/01/2024 08:52:28||26252|8232646984|8991141080
28510|0|10559|05/01/2024 11:31:26||16714|13273841688|13549912960
27623|0|38624|05/01/2024 05:25:57||38643|75306705640|209359132616
28664|0|5653|05/01/2024 12:49:34||12026|1208616608|1699808856
27707|0|9731|05/01/2024 05:56:28||36812|69852855120|187075692192
28750|0|76157|05/01/2024 13:21:32||10108|1752644272|1947219424
28751|0|40982|05/01/2024 13:23:17||10003|2001427024|2166352368
28263|0|96177|05/01/2024 09:59:21||22239|63070149816|127443378760
28752|0|96870|05/01/2024 13:23:08||10012|37110286944|72992333792
29127|0|86096|05/01/2024 15:52:39||1041|4576327344|10022004528
28886|0|10021|05/01/2024 14:14:10||6950|232046968|253193776
28933|0|68860|05/01/2024 14:31:40||5900|341533536|496430008
27762|0|24594|05/01/2024 06:25:23||35077|5947922208|6182165792
27445|0|86952|05/01/2024 03:57:50||43930|49158742224|39911332232
28360|0|18593|05/01/2024 10:33:47||20173|12256757128|14821693088
27268|0|60247|05/01/2024 02:45:39||48261|10386405816|14061096808
28003|0|66325|05/01/2024 08:08:47||28873|2805329824|3966564240
28887|0|79106|05/01/2024 14:12:20||7060|669096088|731729576
27763|0|25586|05/01/2024 06:28:28||34892|2694030936|3534497592
28004|0|32026|05/01/2024 08:08:47||28873|1424292976|1959569304
29002|0|12453|05/01/2024 15:07:50||3730|229468008|314021352
27892|0|45528|05/01/2024 07:19:11||31849|97414695952|185872814872
27785|0|78121|05/01/2024 06:31:33||34707|18228271528|22270397960
28686|0|41018|05/01/2024 12:56:46||11594|849876976|1128719360
28340|0|88853|05/01/2024 10:25:25||20675|2854325288|3854363792
28049|0|79262|05/01/2024 08:20:40||28160|8099540872|9067421496
27320|0|11561|05/01/2024 03:07:07||46973|13823795936|16478950176
28907|0|96983|05/01/2024 14:22:51||6429|4771431392|5370778680
27231|0|23100|05/01/2024 02:36:38||48802|2566520600|3134878320
28753|0|68623|05/01/2024 13:21:46||10094|3209903776|4656559560
28623|0|22149|05/01/2024 12:26:22||13418|1208793888|1469906944
26891|0|76584|05/01/2024 00:00:16||58184|14209424176|21028954112
26774|0|93398|04/01/2024 23:15:50||60850|23433909536|28410653272
27348|0|6953|05/01/2024 03:18:53||46267|8705836424|11069545472
27786|0|18374|05/01/2024 06:37:22||34358|74641195808|174250941512
27836|0|18673|05/01/2024 06:51:43||33497|2122240472|2715354568
27730|0|21544|05/01/2024 06:08:01||36119|17533598360|24008929504
28732|0|19065|05/01/2024 13:17:18||10362|6800199416|7305420408
27837|0|79371|05/01/2024 06:54:08||33352|28817449624|84317492464
28314|0|78455|05/01/2024 10:13:44||21376|2968323072|3609615024
29101|0|51972|05/01/2024 15:42:00||1680|604676672|606724624
27810|0|70264|05/01/2024 06:40:08||34192|10381595944|13516001536
28286|0|48466|05/01/2024 10:06:05||21835|4265154768|5271420472
28287|0|47102|05/01/2024 10:06:22||21818|4476170840|6199887976
27811|0|81534|05/01/2024 06:42:53||34027|17449962176|22453061832
27894|0|19347|05/01/2024 07:15:39||32061|348505952|449420920
29003|0|50119|05/01/2024 15:08:50||3670|1310575064|1408802560
27981|0|89878|05/01/2024 07:58:05||29515|6541514496|8140827752
28830|0|71826|05/01/2024 13:59:45||7815|1229877928|1262517600
28219|0|78405|05/01/2024 09:37:37||23543|99046699024|200118106792
27204|0|96073|05/01/2024 02:25:11||49489|5964682000|6973199816
28527|0|62538|05/01/2024 11:47:37||15743|1232286400|1580251544
28598|0|7155|05/01/2024 12:17:23||13957|133994536|150821008
29004|0|84557|05/01/2024 15:02:24||4056|7726007728|19824382912
27448|0|38351|05/01/2024 03:58:51||43869|18962023808|23044054024
29069|0|6918|05/01/2024 15:34:07||2153|324263344|456058456
27731|0|60391|05/01/2024 06:05:22||36278|11994893632|13988192056
26700|0|76396|04/01/2024 22:45:19||62681|21092408312|24375606528
27375|0|78294|05/01/2024 03:22:55||46025|26021770056|26856627368
27682|0|87788|05/01/2024 05:40:14||37786|3586599680|3632603960
29102|0|30325|05/01/2024 15:49:07||1253|284269288|333857504
27787|0|70362|05/01/2024 06:30:30|05/01/2024 16:08:16|34666|768607280|846750192
29026|0|83640|05/01/2024 15:16:34||3206|6849425920|13018950640
28955|0|14822|05/01/2024 14:47:45||4935|645245360|761741024
28220|0|45814|05/01/2024 09:35:26||23674|344591008|462342120
26759|0|97683|04/01/2024 23:08:07||61313|645896728|744627040
27788|0|26004|05/01/2024 06:38:23||34297|9062145048|9582023768
29103|0|9484|05/01/2024 15:45:20||1480|416587088|623873432
27683|0|99765|05/01/2024 05:47:00||37380|9059925192|9521171920
29142|0|87648|05/01/2024 16:04:59||301|123964536|167235192
27233|0|41487|05/01/2024 02:34:54||48906|13276294752|17573841080
28245|0|85504|05/01/2024 09:42:29||23251|4494207936|6064280824
28976|0|45641|05/01/2024 14:57:26||4354|219320832|245299032
26673|0|81865|04/01/2024 22:32:17||63463|37432998824|40129245488
27026|0|87989|05/01/2024 01:01:06||54534|10947537976|15319384544
27524|0|9699|05/01/2024 04:31:22||41918|1921794824|2353678592
28802|0|22793|05/01/2024 13:45:20||8680|6463948800|6958429112
27576|0|32356|05/01/2024 05:03:18||40002|9593377528|12524266536
27684|0|10022|05/01/2024 05:49:11||37249|4726327088|4814188128
28105|0|67811|05/01/2024 08:52:59||26221|719176328|744024848
29070|0|61780|05/01/2024 15:30:11||2389|584664144|681476256
29005|0|23997|05/01/2024 15:08:24||3696|272573096|386911064
29027|0|83574|05/01/2024 15:13:25||3395|11308271192|29881261104
28005|0|7181|05/01/2024 08:02:03||29277|3361382560|4245453040
28863|0|98621|05/01/2024 14:08:04||7316|638435168|653128192
28342|0|59285|05/01/2024 10:20:21||20979|2291507256|2734919208
28687|0|68529|05/01/2024 12:58:22||11498|8560324808|10236727184
28288|0|80682|05/01/2024 10:02:40||22040|799054464|1091809112
29143|0|5584|05/01/2024 16:02:51||429|132019624|170652216
29104|0|11094|05/01/2024 15:48:56||1264|311086208|341101992
29006|0|89326|05/01/2024 15:04:15||3945|1120189384|1215510944
28511|0|99205|05/01/2024 11:35:32||16468|3723746032|5358935680
28488|0|22626|05/01/2024 11:23:40||17180|1881508544|1931060552
27234|0|7018|05/01/2024 02:30:40||49160|5553504080|5822296256
28665|0|37512|05/01/2024 12:49:12||12048|5176095072|5294440272
26651|0|35844|04/01/2024 22:22:18||64062|14093089680|17733357120
28289|0|34867|05/01/2024 10:06:14||21826|1042249312|1069533560
29105|0|4713|05/01/2024 15:44:08||1552|1500344704|1566074128
28031|0|74252|05/01/2024 08:14:32||28528|99431953128|257727477968
27270|0|72885|05/01/2024 02:44:10||48350|18648285488|19312940632
28265|0|96899|05/01/2024 09:51:42||22698|510529384|553698376
27488|0|44332|05/01/2024 04:18:47||42673|9276980264|10411114888
28708|0|71110|05/01/2024 13:00:01||11399|2104723200|2120182816
28437|0|97929|05/01/2024 11:00:16||18584|7672117368|10652075736
28624|0|7418|05/01/2024 12:25:50||13450|1411794952|1633195928
28831|0|45519|05/01/2024 13:59:47||7813|4563941896|6725857088
27789|0|9390|05/01/2024 06:34:21||34539|10919577912|16102628672
28438|0|95175|05/01/2024 11:00:33||18567|5018817640|5787777880
28162|0|98472|05/01/2024 09:14:59||24901|5358840768|7655872368
27812|0|76698|05/01/2024 06:44:53||33907|2567245984|3085453328
28489|0|40634|05/01/2024 11:26:45||16995|80228128|102584648
27895|0|75357|05/01/2024 07:18:09||31911|8035864168|8817719032
28642|0|51641|05/01/2024 12:35:00||12900|23283369152|51988426560
28132|0|81674|05/01/2024 09:09:31||25229|1067546600|1503065320
28643|0|82539|05/01/2024 12:35:19||12881|426100304|482158264
26793|0|85726|04/01/2024 23:29:16||60044|161177499752|376127319808
27790|0|35063|05/01/2024 06:39:27||34233|84849416360|182050592984
28221|0|19394|05/01/2024 09:35:02||23698|42941187744|115642384688
27982|0|42042|05/01/2024 07:59:19||29441|4239468080|4342422880
28163|0|17133|05/01/2024 09:18:07||24713|82190000256|226798070504
26873|0|80111|04/01/2024 23:53:43||58577|8453211920|9764391168
28956|0|39548|05/01/2024 14:49:55||4805|693334528|798061032
27506|0|75915|05/01/2024 04:27:19||42161|2900459760|3330792984
27813|0|45148|05/01/2024 06:49:53||33607|6878407416|9181961904
28599|0|62410|05/01/2024 12:14:59||14101|1415530968|1738367824
26895|0|20792|05/01/2024 00:00:11||58189|11767827000|28468970536
27839|0|26500|05/01/2024 06:59:37||33023|6979599000|9416295664
28864|0|96779|05/01/2024 14:00:09||7791|582648944|633793320
27142|0|77834|05/01/2024 01:51:37||51503|2234583256|2537922696
28246|0|81917|05/01/2024 09:41:32||23308|836537192|982998000
28908|0|89206|05/01/2024 14:22:45||6435|2679810544|3363908848
26917|0|66793|05/01/2024 00:18:21||57099|26855418592|27605787088
28934|0|58035|05/01/2024 14:39:17||5443|469352640|597802432
28133|0|48275|05/01/2024 09:00:06||25794|674655832|768821448
29007|0|96826|05/01/2024 15:09:56||3604|305410592|321682496
28688|0|5630|05/01/2024 12:54:14||11746|21621591248|58297269960
28529|0|61600|05/01/2024 11:47:20||15760|4908413536|5522814792
26701|0|99822|04/01/2024 22:48:14||62506|24422747592|24526105672
29071|0|20360|05/01/2024 15:35:30||2070|990974888|1089588208
27896|0|94951|05/01/2024 07:15:51||32049|11590008080|12768436712
28390|0|68549|05/01/2024 10:41:30||19710|1175728464|1696858040
28865|0|42501|05/01/2024 14:06:12||7428|149013632|207539360
28512|0|19463|05/01/2024 11:32:22||16658|6102138416|7861455048
28977|0|95722|05/01/2024 14:56:55||4385|1085749912|1167006912
28266|0|18382|05/01/2024 09:52:59||22621|9654956552|10996831256
27685|0|10152|05/01/2024 05:42:28||37652|15628199112|16741534312
27840|0|12037|05/01/2024 06:53:00||33420|1733498664|1746308720
29128|0|47261|05/01/2024 15:51:02||1138|156855704|157293808
27961|0|19747|05/01/2024 07:43:24||30396|2163392568|2692533240
27938|0|14486|05/01/2024 07:33:49||30971|4797153168|6879839728
28134|0|89349|05/01/2024 09:03:30||25590|4704456416|4856401976
28135|0|54507|05/01/2024 09:05:06||25494|815675360|1146477864
27542|0|49346|05/01/2024 04:42:44||41236|2707842640|3331281600
28222|0|21026|05/01/2024 09:31:45||23895|2149601776|2813665168
28315|0|4441|05/01/2024 10:17:25||21155|15307374672|18796462424
27096|0|68378|05/01/2024 01:31:09||52731|5704655224|6172994040
27236|0|33554|05/01/2024 02:30:18||49182|82185724608|228333132440
27814|0|15632|05/01/2024 06:45:03||33897|18362720960|18903664064
28781|0|50596|05/01/2024 13:32:20||9460|13753123416|29802750768
28316|0|29189|05/01/2024 10:18:17||21103|146907985304|101610351952
28136|0|9643|05/01/2024 09:00:24||25776|21670760|25318080
27377|0|7207|05/01/2024 03:21:51||46089|21513656800|29035132720
28573|0|14734|05/01/2024 12:09:16||14444|1848122936|2121102200
28290|0|30801|05/01/2024 10:08:59||21661|8487150880|9782707496
28888|0|69962|05/01/2024 14:13:11||7009|565783760|593132888
27647|0|31771|05/01/2024 05:34:01||38159|1144527096|1282751424
28053|0|96638|05/01/2024 08:29:18||27642|5423664320|6928114672
29072|0|34171|05/01/2024 15:35:59||2041|290061728|390007696
29129|0|70987|05/01/2024 15:54:12||948|18345136|19948112
28317|0|89289|05/01/2024 10:13:19||21401|4297357096|5119329832
28754|0|30802|05/01/2024 13:24:52||9908|2479444840|2689318184
29008|0|79133|05/01/2024 15:06:05||3835|166067080|189865296
29073|0|7346|05/01/2024 15:39:05||1855|116751160|137817688
27117|0|97195|05/01/2024 01:46:21||51819|7645440360|8932120520
28490|0|10159|05/01/2024 11:25:47||17053|17317452352|23171820216
29028|0|99367|05/01/2024 15:16:24||3216|116625144|172669184
28978|0|77547|05/01/2024 14:59:01||4259|834642600|943294136
28600|0|84629|05/01/2024 12:13:20||14200|791186912|1110782424
29130|0|24235|05/01/2024 15:50:37||1163|37017512|46572736
27271|0|69104|05/01/2024 02:43:10||48410|8154076448|11184787272
28733|0|36534|05/01/2024 13:13:16||10604|5156443312|5442564344
28625|0|85532|05/01/2024 12:21:49||13691|2828054680|3862751776
28194|0|62232|05/01/2024 09:28:33||24087|1862942536|2285442768
27295|0|17819|05/01/2024 02:51:17||47923|3902147768|3944847600
27816|0|15781|05/01/2024 06:46:28||33812|5992531160|6948857528
28247|0|80543|05/01/2024 09:42:49||23231|13043525976|15514776536
28531|0|32359|05/01/2024 11:41:12||16128|7173287960|7496404616
27924|0|46049|05/01/2024 07:25:44||31456|5174499480|7169268328
28689|0|99338|05/01/2024 12:56:03||11637|4932786640|5402835640
28909|0|64565|05/01/2024 14:29:05||6055|5292854976|3459012024
27869|0|50421|05/01/2024 07:07:35||32545|5563719976|8179126568
28866|0|8845|05/01/2024 14:06:30||7410|408992136|547220800
28195|0|59094|05/01/2024 09:24:07|05/01/2024 16:00:05|23758|8891246704|9586008576
29144|0|59094|05/01/2024 16:01:45||495|68031960|79078848
28626|0|96049|05/01/2024 12:21:07||13733|16981336|24749544
29029|0|51793|05/01/2024 15:16:20||3220|2084999592|2181968984
29074|0|87765|05/01/2024 15:38:14||1906|93367096|108548056
28710|0|44668|05/01/2024 13:08:54||10866|4843615032|5808891800
29131|0|71414|05/01/2024 15:54:06||954|245184784|309445976
28440|0|33345|05/01/2024 11:09:49||18011|10002711672|12761127360
28755|0|32519|05/01/2024 13:22:59||10021|1275470424|1584481296
27378|0|47605|05/01/2024 03:22:10||46070|8196414136|10313749320
27897|0|74461|05/01/2024 07:11:23||32317|2245874664|2251308192
29053|0|82164|05/01/2024 15:28:22||2498|1111846728|1205483896
28734|0|54529|05/01/2024 13:15:52||10448|5360718496|6560075184
29054|0|12117|05/01/2024 15:26:37||2603|476030600|502384608
27792|0|99443|05/01/2024 06:37:01||34379|642004224|943455648
27206|0|47292|05/01/2024 02:28:53||49267|10894724216|13729081984
29030|0|56682|05/01/2024 15:11:44||3496|404427392|406038328
28574|0|15289|05/01/2024 12:07:56||14524|1114618456|1584717680
27765|0|94231|05/01/2024 06:20:19||35381|17171332536|24124099008
28196|0|97245|05/01/2024 09:22:36||24444|2406835832|3042611912
28138|0|66723|05/01/2024 09:05:15||25485|1790528896|2055628064
27870|0|38245|05/01/2024 07:08:59||32461|5783033864|7742588352
29031|0|66355|05/01/2024 15:10:25||3575|190866128|237975848
27648|0|82714|05/01/2024 05:37:42||37938|6469247664|9207376336
28644|0|60261|05/01/2024 12:33:47||12973|990631160|1012466768
27325|0|67205|05/01/2024 03:05:55||47045|7766920064|11252696008
28554|0|32313|05/01/2024 11:53:30||15390|638483568|710037032
29055|0|28726|05/01/2024 15:23:29||2791|190412320|269903616
27185|0|51683|05/01/2024 02:12:59||50221|4176556168|4255284312
27939|0|75998|05/01/2024 07:37:24||30756|3543364272|4993873976
28979|0|57797|05/01/2024 14:52:33||4647|114387272|128059360
29132|0|33192|05/01/2024 15:59:36||624|20965608|27544824
27379|0|34656|05/01/2024 03:22:32||46048|17305066784|24808408960
27352|0|7769|05/01/2024 03:11:14||46726|39392288960|46052158144
28575|0|86308|05/01/2024 12:08:10||14510|18265600112|44804708160
27605|0|93183|05/01/2024 05:10:23||39577|3134341640|3936991432
28008|0|5135|05/01/2024 08:08:07||28913|7897252680|9963172048
27508|0|79232|05/01/2024 04:27:27||42153|7634828280|7891545040
28415|0|57831|05/01/2024 10:56:48||18792|5093861016|5360141904
28889|0|82438|05/01/2024 14:16:57||6783|2335287728|3302689032
29032|0|12734|05/01/2024 15:12:40||3440|330683752|455049008
27240|0|25961|05/01/2024 02:31:10||49130|14662698424|18475251920
29009|0|42706|05/01/2024 15:05:38||3862|286144944|361003248
29133|0|64351|05/01/2024 15:55:56||844|224509408|299079288
28627|0|71343|05/01/2024 12:28:14||13306|847254080|1152120872
27489|0|4679|05/01/2024 04:10:43||43157|23153722464|25816518128
28735|0|87895|05/01/2024 13:17:30||10350|5500467192|6808464832
28736|0|41100|05/01/2024 13:13:59||10561|3898732016|4801717032
28441|0|34410|05/01/2024 11:01:34||18506|5414878424|6781228720
27686|0|69883|05/01/2024 05:41:55||37685|3268479968|4425352888
27793|0|90329|05/01/2024 06:30:21||34779|81641344056|171878329832
27241|0|26103|05/01/2024 02:33:23||48997|4993253032|6790548440
28757|0|65965|05/01/2024 13:21:38||10102|1494938032|2004970520
27962|0|61971|05/01/2024 07:41:15||30525|1037286368|1488902008
27899|0|27111|05/01/2024 07:15:16||32084|2215890520|2926038584
28910|0|41229|05/01/2024 14:23:37||6383|691576664|698914752
27844|0|12623|05/01/2024 06:57:57||33123|6025499248|6237355416
28804|0|70023|05/01/2024 13:48:43||8477|6386726032|7083680240
27449|0|8672|05/01/2024 03:51:49||44291|12984961240|14087361232
28628|0|17757|05/01/2024 12:29:45||13215|722704544|1005829128
28629|0|29377|05/01/2024 12:23:29||13591|2205019744|2873889048
29075|0|66428|05/01/2024 15:39:40||1820|478450288|713843504
26518|0|32980|04/01/2024 21:25:23||67477|76543323904|164555499512
26761|0|41921|04/01/2024 23:09:41|05/01/2024 16:05:38|60957|23348052640|26510397064
28248|0|75783|05/01/2024 09:41:46||23294|7112345952|9473344992
28832|0|70958|05/01/2024 13:57:29||7951|1307526592|1697039392
27650|0|48473|05/01/2024 05:32:57||38223|14131592984|20826349392
28166|0|80768|05/01/2024 09:16:38||24802|6396666232|9048978792
27963|0|14576|05/01/2024 07:42:51||30429|10908614320|13951866952
26874|0|94454|04/01/2024 23:55:52||58448|7204981472|7565347056
28911|0|98606|05/01/2024 14:26:10||6230|2497486576|2565392184
28867|0|41412|05/01/2024 14:05:02||7498|521520784|667642952
28462|0|6895|05/01/2024 11:13:43||17777|15360910480|17817256880
28758|0|77975|05/01/2024 13:20:47||10153|1131303072|1344127776
27580|0|96606|05/01/2024 05:02:08||40072|100782176968|201966686768
28139|0|95545|05/01/2024 09:04:00||25560|12405716280|14596319864
29056|0|24307|05/01/2024 15:21:34||2906|69290232|102361112
27272|0|17773|05/01/2024 02:41:11|05/01/2024 16:06:38|48327|58085613928|131749458264
28645|0|16254|05/01/2024 12:32:45||13035|11497626376|32663644528
26796|0|68801|04/01/2024 23:26:08||60232|5799948896|7104933208
27872|0|52231|05/01/2024 07:02:59||32821|8989523600|9387071200
28711|0|95887|05/01/2024 13:08:19||10901|3180199224|4275116416
27327|0|85181|05/01/2024 03:00:27||47373|8641272832|12137190016
28223|0|92408|05/01/2024 09:37:41||23539|1613555712|2063267144
27469|0|35718|05/01/2024 04:09:22||43238|4496512424|5616179832
27900|0|20749|05/01/2024 07:18:44||31876|35275363464|19968022640
28344|0|83600|05/01/2024 10:20:07||20993|5526184216|6688628976
27752|0|45693|05/01/2024 06:15:52||35648|8203853072|11013378576
28249|0|97815|05/01/2024 09:45:19||23081|1452356112|2138358296
26434|0|13493|04/01/2024 20:54:10||69350|9512511872|12280840328
28513|0|88931|05/01/2024 11:36:27||16413|265242672|368551824
27014|0|35317|05/01/2024 00:58:07||54713|5626637808|8277767400
28034|0|94257|05/01/2024 08:11:47||28693|26751540184|36719300312
27380|0|24262|05/01/2024 03:26:20||45820|12500149800|13065598000
28602|0|3851|05/01/2024 12:17:20||13960|30731540456|60381298648
27687|0|9189|05/01/2024 05:43:42||37578|5477166880|7107458520
27381|0|83499|05/01/2024 03:27:04||45776|430409864|462632640
26968|0|41122|05/01/2024 00:30:13||56387|12508302432|18301396840
28491|0|59429|05/01/2024 11:20:24||17376|1449995568|2099899016
28035|0|99435|05/01/2024 08:11:06||28734|880371424|931007568
28224|0|5229|05/01/2024 09:34:19||23741|714848096|846140248
28712|0|43993|05/01/2024 13:03:08||11212|7613282816|11043858864
29076|0|27338|05/01/2024 15:35:12||2088|391257600|437686000
28463|0|35667|05/01/2024 11:14:08||17752|472842920|600592744
28071|0|85851|05/01/2024 08:37:34||27146|2903146168|4261128408
27525|0|40573|05/01/2024 04:36:20||41620|1754392360|2008373248
27845|0|59942|05/01/2024 06:59:59||33001|13661656328|16899152112
28890|0|31921|05/01/2024 14:14:35||6925|655779176|763139352
28935|0|28755|05/01/2024 14:39:59||5401|142234720|148446344
28532|0|79793|05/01/2024 11:43:51||15969|16608612568|31952812064
28072|0|38179|05/01/2024 08:36:21||27219|45542961016|99737706776
29106|0|78438|05/01/2024 15:48:47||1273|324417520|443618976
27846|0|49770|05/01/2024 06:57:37||33143|3765660768|4368238296
28514|0|84206|05/01/2024 11:39:15||16245|7561159432|8388390768
28225|0|60833|05/01/2024 09:35:56||23644|2549379256|3074410608
28957|0|22823|05/01/2024 14:47:45||4935|283467992|319483408
28630|0|37004|05/01/2024 12:25:39||13461|1936747928|2161230048
27526|0|77062|05/01/2024 04:39:50||41410|15343493416|20001091896
27354|0|97059|05/01/2024 03:15:47||46453|1091364200|1268538008
28417|0|87107|05/01/2024 10:58:42||18678|482695048|538191968
28250|0|45176|05/01/2024 09:40:54||23346|4050996664|5003712568
27901|0|33922|05/01/2024 07:16:59||31981|2208947264|2868070584
28464|0|73857|05/01/2024 11:19:29||17431|54601443472|123071021376
29107|0|82971|05/01/2024 15:42:16||1664|4638564800|9922034544
27581|0|27341|05/01/2024 05:05:45||39855|2845728592|3685508248
28783|0|21019|05/01/2024 13:35:49||9251|712759896|752115456
28533|0|29612|05/01/2024 11:49:11||15649|14673227200|8248313688
27627|0|13573|05/01/2024 05:26:25||38615|1355695840|1720588384
28362|0|52834|05/01/2024 10:39:59||19801|2149604832|2392273096
28912|0|46855|05/01/2024 14:23:04|05/01/2024 16:07:58|6294|753964856|1122494112
29145|0|46855|05/01/2024 16:08:42||78|7519760|10110488
28054|0|13064|05/01/2024 08:24:15||27945|2325157464|3220819520
28267|0|31411|05/01/2024 09:56:02||22438|40564977672|82320601424
28980|0|34153|05/01/2024 14:54:22||4538|75127624|97366976
26876|0|78282|04/01/2024 23:50:50||58750|9280670400|10116725824
27902|0|50750|05/01/2024 07:15:56||32044|8644428728|10535261000
28981|0|6116|05/01/2024 14:55:58||4442|6262546808|16224943032
28805|0|97249|05/01/2024 13:43:22||8798|3157982600|4726887160
28631|0|53664|05/01/2024 12:23:25||13595|2425343840|2897023240
27527|0|16510|05/01/2024 04:30:20||41980|2256934264|2501673072
27242|0|35214|05/01/2024 02:37:49||48731|105164266920|284784034280
29077|0|41861|05/01/2024 15:36:43||1997|3832754352|10876714040
28646|0|36487|05/01/2024 12:33:01||13019|961465568|1078248376
27451|0|66957|05/01/2024 03:59:46||43814|4482291776|5983406640
28227|0|57918|05/01/2024 09:37:55||23525|6047420704|8520017376
28738|0|10330|05/01/2024 13:15:05||10495|621853424|721713344
28739|0|79624|05/01/2024 13:10:56||10744|3580028944|3748901512
28690|0|42719|05/01/2024 12:55:39||11661|1915527656|2322610880
27606|0|73530|05/01/2024 05:15:40||39260|6107821264|6248198688
27562|0|92645|05/01/2024 04:58:25||40295|55390346072|159337975680
27984|0|21385|05/01/2024 07:58:31||29489|5424475080|6541283216
27299|0|52719|05/01/2024 02:50:41||47959|11971088536|17882459152
28534|0|38527|05/01/2024 11:44:07||15953|29520744240|60124401704
28466|0|31268|05/01/2024 11:18:12||17508|3268755160|3364547472
28535|0|56679|05/01/2024 11:47:47||15733|13715211912|14508153304
28891|0|72510|05/01/2024 14:10:47||7153|2304106104|3078945392
29108|0|61372|05/01/2024 15:47:57||1323|200295200|211378688
28442|0|77953|05/01/2024 11:05:28||18272|34872744248|104367752896
27472|0|46653|05/01/2024 04:08:38||43282|5550725608|7852965608
29134|0|24748|05/01/2024 15:58:38||682|1701194744|4057510624
28913|0|53567|05/01/2024 14:22:13||6467|4533161824|6369233280
28936|0|35563|05/01/2024 14:37:52||5528|974636640|992788864
28647|0|13922|05/01/2024 12:33:39||12981|531199016|691171272
27873|0|70666|05/01/2024 07:05:09||32691|48700244872|120010401976
28536|0|54905|05/01/2024 11:48:52||15668|3353053168|3562373976
27965|0|74606|05/01/2024 07:44:36||30324|1024532160|1288953416
28140|0|57472|05/01/2024 09:02:52|05/01/2024 16:03:30|25238|5741921680|7219040496
27847|0|10919|05/01/2024 06:52:32||33448|3194197008|4494745448
26920|0|83555|05/01/2024 00:12:40|05/01/2024 16:07:50|57310|3172718488|4503026648
29146|0|83555|05/01/2024 16:08:53||67|2768032|3038040
27074|0|16612|05/01/2024 01:27:16||52964|13982346712|18161101384
26797|0|74187|04/01/2024 23:24:21||60339|1808139712|2180193328
27355|0|88991|05/01/2024 03:15:20||46480|13868694680|20201494848
27607|0|18073|05/01/2024 05:19:46||39014|38019902504|103335652736
28363|0|63004|05/01/2024 10:32:36||20244|4562306000|6097330472
28346|0|99591|05/01/2024 10:26:21||20619|2792246656|3107750640
28364|0|8887|05/01/2024 10:35:38||20062|4958664520|5693412280
28806|0|37896|05/01/2024 13:40:09||8991|24962028280|69224595312
28958|0|13874|05/01/2024 14:45:29||5071|675362360|987708440
28740|0|13244|05/01/2024 13:15:49||10451|2589953008|2823785600
28537|0|86624|05/01/2024 11:44:43||15917|6342918864|8316134384
28759|0|42008|05/01/2024 13:23:52||9968|2410219368|3455516040
28515|0|53860|05/01/2024 11:38:15||16305|2857037368|3958802816
27654|0|16348|05/01/2024 05:32:30||38250|6892557656|9552189296
27275|0|38202|05/01/2024 02:42:06||48474|3970379280|5055556352
29109|0|36263|05/01/2024 15:49:29||1231|3298350344|9493126208
28269|0|26181|05/01/2024 09:51:22||22718|1277587376|1459003296
28713|0|34464|05/01/2024 13:04:45||11115|20551511888|61563754328
28009|0|13532|05/01/2024 08:00:06||29394|1974985608|2253129152
27490|0|7887|05/01/2024 04:13:02||43018|33950932496|40683506208
28982|0|40465|05/01/2024 14:55:00||4500|124676240|164718056
28197|0|47736|05/01/2024 09:23:27||24393|72279456024|137013862792
27688|0|5765|05/01/2024 05:44:12||37548|67528335152|36823558888
29057|0|17337|05/01/2024 15:28:58||2462|5009936616|13871757480
27564|0|42103|05/01/2024 04:52:36||40644|18065446704|21662930872
29033|0|74137|05/01/2024 15:14:16||3344|1777819072|2071409752
26971|0|79354|05/01/2024 00:37:14||55966|10210868744|11929221000
27119|0|78694|05/01/2024 01:49:38||51622|22177699592|24139827920
28057|0|61026|05/01/2024 08:23:53||27967|7961499432|8955569728
28959|0|28160|05/01/2024 14:48:26||4894|220711608|241371696
29110|0|65912|05/01/2024 15:42:03||1677|774368424|984833376
28666|0|94374|05/01/2024 12:47:47||12133|98500064|115071944
27966|0|43064|05/01/2024 07:47:20||30160|3491377648|3507362264
28667|0|48487|05/01/2024 12:46:23||12217|508369800|753517704
28960|0|79910|05/01/2024 14:42:29||5251|1927464784|2318058344
28937|0|29115|05/01/2024 14:35:46||5654|24542880|31359952
29058|0|85331|05/01/2024 15:25:52||2648|225210240|285922560
28109|0|41623|05/01/2024 08:58:09||25911|18634413888|26373543824
28807|0|95533|05/01/2024 13:46:25||8615|2393848104|2840294424
27733|0|90250|05/01/2024 06:02:39||36441|6275455896|8337053424
29147|0|84677|05/01/2024 16:01:36||504|58902264|82189736
28365|0|20316|05/01/2024 10:35:31||20069|8460965920|11233854016
28983|0|41686|05/01/2024 14:58:22||4298|1699072240|2342360696
27713|0|43871|05/01/2024 05:52:39||37041|11508966688|15569101368
28168|0|73860|05/01/2024 09:15:37||24863|5860209144|6884189792
26539|0|40447|04/01/2024 21:31:41||67099|11881884864|17050104160
28632|0|87297|05/01/2024 12:20:46||13754|886914592|1196263232
27655|0|75227|05/01/2024 05:33:19||38201|222811264|239706328
29135|0|9020|05/01/2024 15:54:25||935|113274952|167225376
28418|0|16244|05/01/2024 10:59:09||18651|8263715792|8961925784
29148|0|74253|05/01/2024 16:06:48||192|35936672|42087496
28938|0|70904|05/01/2024 14:32:10||5870|149032792|214518080
28760|0|89944|05/01/2024 13:23:15||10005|1857492272|1932490088
28516|0|74426|05/01/2024 11:33:28||16592|1269145584|1580864536
29111|0|36839|05/01/2024 15:40:10||1790|38475424|50695816
27940|0|43395|05/01/2024 07:30:21||31179|293817472|325068968
26822|0|56614|04/01/2024 23:30:24||59976|20802683192|27581984320
28366|0|74809|05/01/2024 10:34:37||20123|6871082552|8467475616
27849|0|5677|05/01/2024 06:59:14||33046|620889912|740588096
27795|0|24638|05/01/2024 06:36:24||34416|19055306152|19614037696
28668|0|25252|05/01/2024 12:40:32||12568|257463040|309064616
28419|0|57805|05/01/2024 10:57:05||18775|1000469232|1478510920
27941|0|41285|05/01/2024 07:35:02||30898|3813514816|5357139672
28892|0|82691|05/01/2024 14:16:00||6840|83253248|97347160
27942|0|15873|05/01/2024 07:36:14||30826|8216299304|9884717592
28199|0|98961|05/01/2024 09:28:07||24113|1850821248|2315331360
28741|0|77390|05/01/2024 13:11:26||10714|11893670568|6457049736
28089|0|72368|05/01/2024 08:40:30||26970|18853172784|20145034144
28961|0|9063|05/01/2024 14:42:25||5255|8039855776|17212953512
27031|0|98692|05/01/2024 01:06:49||54191|5841349424|6416279616
29010|0|26265|05/01/2024 15:09:30||3630|615185232|729646880
28914|0|87711|05/01/2024 14:28:12||6108|4658754824|5984815552
28200|0|29622|05/01/2024 09:26:33||24207|18429995968|37242427944
28391|0|79158|05/01/2024 10:41:51||19689|5055149704|7569201376
26878|0|30036|04/01/2024 23:58:06||58314|20546020640|28207490464
28868|0|64766|05/01/2024 14:03:19||7601|2141260776|2149201008
28111|0|36269|05/01/2024 08:56:45||25995|27799396640|68161690120
27032|0|78865|05/01/2024 01:03:43||54377|37993365776|39614166984
28169|0|53041|05/01/2024 09:15:52||24848|44813172800|84856561848
27850|0|88578|05/01/2024 06:54:08||33352|2037185264|2085557944
28367|0|89561|05/01/2024 10:34:15||20145|17864376944|19453699224
28869|0|95245|05/01/2024 14:05:09||7491|8358459288|23750930440
28318|0|32447|05/01/2024 10:17:02||21178|53795845464|146037514912
28603|0|68258|05/01/2024 12:15:07||14093|639032224|836159464
28742|0|88441|05/01/2024 13:11:03||10737|4873837112|7133112648
28228|0|71449|05/01/2024 09:37:52||23528|1244375144|1296508456
27714|0|36306|05/01/2024 05:53:57||36963|5924062368|6797401472
28893|0|80154|05/01/2024 14:18:58||6662|45777584|46779664
27796|0|54959|05/01/2024 06:33:26||34594|15384386496|15934134664
28517|0|54041|05/01/2024 11:37:29||16351|3253646224|3935352072
28833|0|55135|05/01/2024 13:54:32||8128|5066717696|5487602600
26607|0|81191|04/01/2024 22:08:43||64877|29801923568|38537234360
28368|0|32888|05/01/2024 10:33:21||20199|2008935264|2652570336
29059|0|15723|05/01/2024 15:28:12||2508|190880232|200958200
28870|0|99991|05/01/2024 14:06:32||7408|4093595392|4980021440
28112|0|5554|05/01/2024 08:50:42||26358|3654003600|4275084280
29011|0|70438|05/01/2024 15:01:57||4083|1029231248|1079780464
28939|0|92554|05/01/2024 14:34:19||5741|369533312|465650256
29034|0|21659|05/01/2024 15:10:46||3554|81850328|121669320
28785|0|26980|05/01/2024 13:30:40||9560|2215138216|2689509344
28894|0|63399|05/01/2024 14:19:11||6649|2705771864|3485095712
28229|0|15875|05/01/2024 09:36:14||23626|1655562536|1886982328
28691|0|75162|05/01/2024 12:57:34||11546|4587879768|6730651376
27509|0|7739|05/01/2024 04:26:16||42224|4932710416|4950087120
29078|0|29468|05/01/2024 15:35:23||2077|378249944|552850520
28761|0|86773|05/01/2024 13:22:31||10049|1847992360|1934086992
29112|0|17303|05/01/2024 15:41:14||1726|531991816|579582528
26633|0|60664|04/01/2024 22:19:14||64246|32646949992|32998089056
28369|0|86252|05/01/2024 10:30:18||20382|1687270400|1749794544
28984|0|36699|05/01/2024 14:54:00||4560|320498848|402447200
28370|0|36740|05/01/2024 10:31:00||20340|6328092216|7840746128
29035|0|19323|05/01/2024 15:13:51||3369|314260304|357755352
28714|0|8753|05/01/2024 13:03:51||11169|6915217304|8822495136
28073|0|28078|05/01/2024 08:34:01||27359|5562083216|6689927904
28743|0|77387|05/01/2024 13:13:08||10612|69966304|95225144
28170|0|53716|05/01/2024 09:15:12||24888|9692966480|11050262816
27530|0|15403|05/01/2024 04:37:31||41549|954371064|1193590768
28392|0|9025|05/01/2024 10:41:44||19696|11963435600|24667640976
28871|0|55717|05/01/2024 14:07:47||7333|16905552|24836008
27943|0|84376|05/01/2024 07:32:41||31039|1553409360|2184186648
28962|0|80480|05/01/2024 14:41:07||5333|12337470240|25449705960
27583|0|52658|05/01/2024 05:08:01||39719|5391787264|5966906832
27986|0|73643|05/01/2024 07:55:01||29699|221565696|316187064
26859|0|34494|04/01/2024 23:44:49||59111|15686418816|22466153104
28114|0|79522|05/01/2024 08:56:12||26028|2686302880|3372222704
27734|0|47755|05/01/2024 06:05:52||36248|4808252960|6009158800
27945|0|18924|05/01/2024 07:34:41||30919|9722013224|10270640424
27429|0|99751|05/01/2024 03:48:33||44487|28227492960|37092638760
26608|0|93865|04/01/2024 22:06:25||65015|36124503576|48012028568
28141|0|77766|05/01/2024 09:05:36||25464|11707759200|17104393352
28230|0|27167|05/01/2024 09:39:35||23425|11277511752|11613701944
28010|0|69030|05/01/2024 08:03:24||29196|7450482640|9150751872
27876|0|93486|05/01/2024 07:02:19||32861|12275120704|14809356696
26540|0|66034|04/01/2024 21:32:18||67062|11068636720|11354588032
27631|0|79586|05/01/2024 05:23:11||38809|6980572752|8136981880
27386|0|32116|05/01/2024 03:25:59||45841|139041503632|259080794920
27818|0|14807|05/01/2024 06:40:43||34157|8417897312|10355318968
28444|0|38696|05/01/2024 11:05:01||18299|7606844744|8244005768
28171|0|54838|05/01/2024 09:13:44||24976|6865296160|9792917552
28604|0|37461|05/01/2024 12:18:43||13877|638821272|940987640
28172|0|73341|05/01/2024 09:16:02||24838|2731425872|3647651336
28834|0|63083|05/01/2024 13:58:04||7916|348206792|424863168
28116|0|79100|05/01/2024 08:52:57||26223|1833368176|1929519920
26826|0|62211|04/01/2024 23:34:20||59740|820853904|986863952
28835|0|47912|05/01/2024 13:56:57||7983|6724188336|4318976024
28518|0|39715|05/01/2024 11:30:21||16779|1954501288|2270244576
28538|0|15250|05/01/2024 11:48:27||15693|1023892640|1296603952
28074|0|18631|05/01/2024 08:38:51||27069|15343104328|18902683248
28577|0|51882|05/01/2024 12:05:47||14653|5732103616|12982438416
28058|0|78878|05/01/2024 08:23:42||27978|5980974320|6278759504
28963|0|89204|05/01/2024 14:41:11||5329|1790527528|1998834112
28808|0|82518|05/01/2024 13:47:33||8547|569532856|578121800
28372|0|94344|05/01/2024 10:38:19||19901|3679110632|3982587184
27566|0|97600|05/01/2024 04:55:04||40496|2834267904|3681583368
28648|0|64944|05/01/2024 12:37:28||12752|2587318928|3689403984
26973|0|80812|05/01/2024 00:39:27||55833|58933750816|46552486776
27430|0|56599|05/01/2024 03:46:23||44617|97595505496|225334151280
28445|0|47360|05/01/2024 11:06:28||18212|10522479728|12566365136
27387|0|97429|05/01/2024 03:23:55||45965|931104840|1370048512
28090|0|67781|05/01/2024 08:47:01||26579|7273712216|10352311640
28649|0|52200|05/01/2024 12:39:33||12627|4908091752|6663331656
29079|0|41071|05/01/2024 15:38:20||1900|4748120840|9032205744
28895|0|8643|05/01/2024 14:16:23||6817|1735047464|2441128840
28964|0|67649|05/01/2024 14:47:00||4980|53413504|78325520
28809|0|25888|05/01/2024 13:47:25||8555|4131883304|5778626248
28173|0|26328|05/01/2024 09:10:28||25172|13485253120|20027982120
27967|0|42520|05/01/2024 07:41:54||30486|1154436264|1549196736
28011|0|86567|05/01/2024 08:08:29||28891|6593322120|9741353856
28292|0|81769|05/01/2024 10:03:51||21969|3323024688|4871395000
28347|0|32474|05/01/2024 10:28:04||20516|3270384336|3633860936
28075|0|45501|05/01/2024 08:39:46||27014|8807705752|12273599144
27767|0|56819|05/01/2024 06:21:55||35285|2263203616|2923552480
29060|0|9574|05/01/2024 15:25:45||2655|600134160|782671688
28117|0|6697|05/01/2024 08:50:58||26342|15082913920|21223477112
28519|0|91241|05/01/2024 11:38:31||16289|5388413896|7134518368
27413|0|29642|05/01/2024 03:30:53||45547|12877257448|13287759096
28142|0|13123|05/01/2024 09:09:27||25233|66633918608|141163341632
27121|0|42894|05/01/2024 01:49:22||51638|13863460832|18574526608
27877|0|84893|05/01/2024 07:07:42||32538|2932487776|3240257848
27246|0|94526|05/01/2024 02:35:41||48859|111693091384|326583762712
26711|0|45550|04/01/2024 22:49:29||62431|151515179272|415762883536
28143|0|71258|05/01/2024 09:04:35||25525|3113664448|4252680792
28251|0|13115|05/01/2024 09:41:35||23305|1611351528|1643502336
28468|0|44974|05/01/2024 11:10:18||17982|27450095680|79607813032
28786|0|14688|05/01/2024 13:36:20||9220|4576803568|6674237304
28270|0|11468|05/01/2024 09:53:13||22607|3083706248|3538035912
27491|0|95438|05/01/2024 04:19:01||42659|21630630968|23006116376
28872|0|18427|05/01/2024 14:03:34||7586|152022080|159347016
27968|0|17526|05/01/2024 07:40:05||30595|36831916936|26516268400
28787|0|42183|05/01/2024 13:38:06||9114|24324757344|49380062024
27584|0|91126|05/01/2024 05:02:00||40080|7709092608|8857247152
28144|0|90576|05/01/2024 09:08:46||25274|10297302248|12571833848
27105|0|78367|05/01/2024 01:37:49||52331|15486090416|20554330248
28985|0|72360|05/01/2024 14:59:32||4228|669497968|703474568
28873|0|46288|05/01/2024 14:04:20||7540|3390663712|4403374216
27454|0|54152|05/01/2024 03:58:26||43894|29087658184|39891413160
27878|0|67240|05/01/2024 07:09:28||32432|3854616216|5292486352
28650|0|77531|05/01/2024 12:34:20||12940|282594448|293127136
28446|0|74466|05/01/2024 11:02:45||18435|2458803936|3296170656
29080|0|10430|05/01/2024 15:39:31||1829|353517640|424356384
28671|0|17529|05/01/2024 12:44:33||12327|10868495616|12650923304
27609|0|51690|05/01/2024 05:11:01||39539|5526134344|8118668776
27000|0|21950|05/01/2024 00:41:55||55685|2111583240|2392863568
28788|0|87710|05/01/2024 13:37:12||9168|2521976336|2995385176
27414|0|37084|05/01/2024 03:37:08||45172|10252417736|12133671792
28036|0|39666|05/01/2024 08:14:25||28535|33672125168|76487492688
28231|0|43733|05/01/2024 09:37:04||23576|279606688|321772152
27278|0|40008|05/01/2024 02:48:24||48096|12804774160|15633126104
28013|0|9476|05/01/2024 08:06:32||29008|6895016056|8766219880
28762|0|64665|05/01/2024 13:29:22||9638|2720741488|3529142392
28940|0|67711|05/01/2024 14:38:36||5484|8283427728|15607965296
28320|0|24588|05/01/2024 10:10:31||21569|11355904728|14596621920
29081|0|41678|05/01/2024 15:31:29||2311|170614728|186664752
28810|0|7952|05/01/2024 13:45:28||8672|8280640952|16203779128
28493|0|51101|05/01/2024 11:27:31||16949|2533466784|3305122112
28692|0|81927|05/01/2024 12:56:15||11625|4225439384|4971089992
27357|0|67642|05/01/2024 03:16:47||46393|14010602096|14767893336
27474|0|75426|05/01/2024 04:06:03||43437|2118675120|2519667072
27851|0|27868|05/01/2024 06:51:07||33533|46899136136|28671791568
28789|0|84433|05/01/2024 13:35:03||9297|4679163968|5885369024
28605|0|40947|05/01/2024 12:11:57||14283|1289481800|1760938824
29082|0|13644|05/01/2024 15:32:29||2251|22295520|29323416
28836|0|24758|05/01/2024 13:56:33||8007|824064608|829906936
27106|0|46327|05/01/2024 01:37:32||52348|28843557336|29293627800
26974|0|50225|05/01/2024 00:32:25||56255|40805994056|47741434608
28716|0|14760|05/01/2024 13:07:23||10957|2493311504|3477978952
29083|0|27502|05/01/2024 15:34:53||2107|198257264|286591104
28811|0|80629|05/01/2024 13:49:55||8405|3159547168|3860679840
29149|0|91467|05/01/2024 16:02:34||446|19921352|28217528
28717|0|71024|05/01/2024 13:06:54||10986|5785695656|7869877880
28494|0|81286|05/01/2024 11:21:17||17323|10383757264|13463195240
28578|0|64035|05/01/2024 12:00:42||14958|60723408|75881944
28495|0|96155|05/01/2024 11:24:03||17157|1862265968|2087000016
28202|0|45196|05/01/2024 09:22:19||24461|1818817080|2031139624
28837|0|15888|05/01/2024 13:54:05||8155|6926714984|7645346648
28555|0|12661|05/01/2024 11:50:03||15597|871010040|881507904
27415|0|28727|05/01/2024 03:36:54||45186|26000240744|26584837288
28539|0|97251|05/01/2024 11:41:27||16113|19235758792|12076289600
29012|0|38360|05/01/2024 15:00:11||4189|7625022288|14658287184
28321|0|15994|05/01/2024 10:10:08||21592|1817051928|1950254016
28059|0|35371|05/01/2024 08:27:18||27762|3878330624|5686762584
26903|0|75092|05/01/2024 00:03:46||57974|9106489912|10154194064
27989|0|24511|05/01/2024 07:57:50||29530|57709111712|117221877864
27769|0|23614|05/01/2024 06:29:29||34831|2578344296|2782670496
27969|0|46741|05/01/2024 07:48:19||30101|5073771904|6452425896
28118|0|56858|05/01/2024 08:57:49||25931|2952781128|3469825208
26586|0|26946|04/01/2024 21:52:59||65821|5218713928|7516564080
28420|0|12021|05/01/2024 10:54:05||18955|5974372872|6645589976
29013|0|46420|05/01/2024 15:02:11||4069|682425440|934719072
28037|0|25756|05/01/2024 08:19:05||28255|9689906032|11023614832
27852|0|74999|05/01/2024 06:58:51||33069|11680244696|13451928904
27055|0|85010|05/01/2024 01:15:02||53698|7922509384|9696526040
26682|0|52925|04/01/2024 22:33:48||63372|12768826544|18643002664
28838|0|60476|05/01/2024 13:58:26||7894|1896837376|2553785640
28896|0|17458|05/01/2024 14:15:10||6890|675901176|878743984
26926|0|10342|05/01/2024 00:19:17||57043|7443341272|8591162792
28060|0|59776|05/01/2024 08:28:12||27708|15110002792|20671273328
28579|0|4388|05/01/2024 12:00:10||14990|1743253544|2465091032
27990|0|75143|05/01/2024 07:54:50||29710|75826157216|163848696352
27771|0|33082|05/01/2024 06:25:05||35095|47208051448|125411621584
28915|0|83742|05/01/2024 14:29:39||6021|1680286488|2197048648
29036|0|69336|05/01/2024 15:16:41||3199|9602586976|18452444080
27717|0|98324|05/01/2024 05:53:48||36972|9998134056|14166182944
28606|0|15160|05/01/2024 12:16:06||14034|1485631304|1882691832
27879|0|58708|05/01/2024 07:01:24||32916|5230222848|7433408936
28497|0|35671|05/01/2024 11:29:07||16853|6252542696|6734977776
28812|0|4646|05/01/2024 13:46:01||8639|3812981184|5487063384
28393|0|68114|05/01/2024 10:48:51||19269|18008414744|12562144832
28394|0|90072|05/01/2024 10:45:43||19457|2810228832|3330341960
29061|0|32503|05/01/2024 15:28:22||2498|357998264|519620576
28719|0|59161|05/01/2024 13:04:14||11146|10047060240|14015336944
28580|0|82121|05/01/2024 12:01:22||14918|7974244832|18504459248
28916|0|31421|05/01/2024 14:26:48||6192|498338248|681535128
28941|0|16859|05/01/2024 14:36:04||5636|484791736|560485224
28965|0|86390|05/01/2024 14:48:25||4895|1183832552|1582600744
28039|0|53872|05/01/2024 08:18:20||28300|12595012552|17264245280
28763|0|33168|05/01/2024 13:23:46||9974|3920467272|4282428744
27925|0|43566|05/01/2024 07:20:50||31750|8003223752|10478613664
28744|0|4860|05/01/2024 13:18:11||10309|1577518072|1843534112
27906|0|58021|05/01/2024 07:16:57||31983|1934827096|2287247728
27880|0|97500|05/01/2024 07:07:14||32566|5351829272|7646843688
27125|0|18094|05/01/2024 01:40:55||52145|144795609056|389820066032
28395|0|51861|05/01/2024 10:49:20||19240|2142440824|2961159208
29113|0|57039|05/01/2024 15:43:40||1580|808968160|892492840
28176|0|26901|05/01/2024 09:17:50||24730|1007425072|1304439872
28322|0|19702|05/01/2024 10:14:05||21355|3007453944|3897466120
28839|0|35850|05/01/2024 13:56:25||8015|16671102824|39692560336
28745|0|84397|05/01/2024 13:12:13||10667|2162197360|2308590760
29084|0|50701|05/01/2024 15:31:36||2304|359737560|409497024
28421|0|47404|05/01/2024 10:51:42||19098|3690976064|3861402136
28447|0|26809|05/01/2024 11:05:52||18248|9998048216|13576481184
27147|0|8108|05/01/2024 01:51:58||51482|7594496104|10003297280
28348|0|35529|05/01/2024 10:22:57||20823|35165203568|101125477704
28874|0|15694|05/01/2024 14:00:21||7779|3499158808|2248799000
27416|0|22722|05/01/2024 03:38:00||45120|5509862192|6995722392
28374|0|52881|05/01/2024 10:38:12||19908|12238964936|12338710264
27992|0|12413|05/01/2024 07:56:28||29612|7134679656|8558105736
28746|0|98340|05/01/2024 13:13:39||10581|2639152096|3429742360
27455|0|24600|05/01/2024 03:51:56||44284|15688361872|15691779656
28520|0|5407|05/01/2024 11:38:04||16316|5797527080|3156985800
28274|0|93380|05/01/2024 09:50:52||22748|4912605408|5136731472
27107|0|35530|05/01/2024 01:39:57||52203|2576039576|3344778656
28232|0|40197|05/01/2024 09:39:46||23414|415093504|487032888
28693|0|85581|05/01/2024 12:54:04||11756|1846335824|2527770832
29014|0|43477|05/01/2024 15:00:04||4196|80001352|96737808
28498|0|75676|05/01/2024 11:24:24||17136|4818913920|6750717672
28875|0|11079|05/01/2024 14:09:18||7242|2826130440|3034705440
28634|0|24608|05/01/2024 12:20:19||13781|32283705624|78708047048
28694|0|55704|05/01/2024 12:51:20||11920|4357167328|6182735040
28672|0|28591|05/01/2024 12:44:01||12359|14038480520|36088743992
27610|0|56295|05/01/2024 05:12:26||39454|2866827648|3080084800
28146|0|91538|05/01/2024 09:07:45||25335|2425697464|2958879224
27799|0|68641|05/01/2024 06:36:24||34416|70395906976|209984557008
27533|0|29541|05/01/2024 04:34:39||41721|4782702240|6563899112
27820|0|71810|05/01/2024 06:49:29||33631|4375950128|5219832024
28041|0|71126|05/01/2024 08:19:16||28244|9169634224|12034108648
28120|0|74646|05/01/2024 08:58:02||25918|10300462552|14376883232
28581|0|97572|05/01/2024 12:04:57||14703|3598833312|5055151544
26928|0|54245|05/01/2024 00:18:05||57115|12072024792|18071517856
28233|0|7109|05/01/2024 09:33:25||23795|2969397656|4284911952
27773|0|38071|05/01/2024 06:20:17||35383|90527075256|213459276488
28177|0|70348|05/01/2024 09:14:30||24930|5124652736|6625352832
28396|0|34241|05/01/2024 10:45:24||19476|12478371656|15143960144
27001|0|79054|05/01/2024 00:42:57||55623|95447495336|240613781640
28790|0|68988|05/01/2024 13:30:29||9571|27048763448|74711020944
27545|0|25230|05/01/2024 04:42:05||41275|109454406312|204950499184
28234|0|60715|05/01/2024 09:32:11||23869|1824986232|1963311912
27881|0|24630|05/01/2024 07:03:51||32769|6718650488|8279677616
28323|0|56033|05/01/2024 10:15:44||21256|6691877056|7996300168
28448|0|90901|05/01/2024 11:06:51||18189|5666692616|7037223504
26978|0|97941|05/01/2024 00:35:39||56061|10875795920|12266957616
28876|0|52424|05/01/2024 14:04:29||7531|5584990696|6545268248
27821|0|57912|05/01/2024 06:43:25||33995|12257840224|12343376992
28791|0|85330|05/01/2024 13:35:55||9245|1211803552|1383631016
27475|0|10055|05/01/2024 04:04:23||43537|11398605040|14955714528
26828|0|33173|04/01/2024 23:38:20||59500|5121851720|7528508176
26743|0|7558|04/01/2024 22:57:07||61973|34493826488|36804322336
27664|0|5686|05/01/2024 05:33:48||38172|11810938088|13271037816
26766|0|24424|04/01/2024 23:02:16||61664|4936690608|6800221208
27588|0|30678|05/01/2024 05:01:14||40126|14390003696|16462747352
27476|0|50486|05/01/2024 04:00:05||43795|1758532720|2221863488
28942|0|48030|05/01/2024 14:38:07||5513|2453015656|3436995784
27718|0|69086|05/01/2024 05:58:33||36687|11058200984|11866436664
28061|0|60740|05/01/2024 08:28:47||27673|8916077128|12794339344
26684|0|24679|04/01/2024 22:35:14||63286|25615473896|36245383208
28840|0|85942|05/01/2024 13:53:01||8219|2778265400|4088564136
28422|0|8218|05/01/2024 10:54:22||18938|2780675592|3809150600
28540|0|82233|05/01/2024 11:41:48||16092|410464792|598172832
28841|0|56808|05/01/2024 13:53:43||8177|12316657080|30029902560
27017|0|62577|05/01/2024 00:59:38||54622|20789756984|29435164872
29085|0|84504|05/01/2024 15:33:51||2169|861304880|1054311544
29037|0|16378|05/01/2024 15:13:48||3372|79820984|89133136
28897|0|99657|05/01/2024 14:18:06||6714|317602936|335563168
27057|0|82548|05/01/2024 01:15:27|05/01/2024 16:01:32|53165|12582784624|17403840048
28252|0|48969|05/01/2024 09:43:34||23186|2839147688|3344277280
26929|0|74383|05/01/2024 00:12:37||57443|10739175816|14329177472
28423|0|82486|05/01/2024 10:58:15||18705|4157418528|4790306952
27568|0|91758|05/01/2024 04:58:14||40306|13342895560|14084675136
29114|0|86139|05/01/2024 15:46:38||1402|47967264|63856224
28147|0|66419|05/01/2024 09:05:49||25451|1142201352|1266489256
29038|0|5932|05/01/2024 15:13:46||3374|913545280|961370768
26979|0|41951|05/01/2024 00:39:35||55825|49665415344|38498889632
27039|0|93926|05/01/2024 01:08:50||54070|25979363512|37290766904
28877|0|13135|05/01/2024 14:09:11||7249|4609316432|4621192320
27692|0|54435|05/01/2024 05:49:20||37240|3136428296|3596052096
29136|0|58953|05/01/2024 15:58:11||709|393278048|407897320
28541|0|66168|05/01/2024 11:40:29||16171|9545142528|12203828616
29039|0|77415|05/01/2024 15:12:29||3451|288158064|358372688
27993|0|21833|05/01/2024 07:52:31||29849|16677635696|18920241240
27907|0|84404|05/01/2024 07:15:58||32042|3404068440|4593494128
28556|0|46341|05/01/2024 11:54:28||15332|889525928|1279480728
27511|0|70015|05/01/2024 04:29:14||42046|17259688072|25041425176
26953|0|52399|05/01/2024 00:20:49||56951|14354439520|18917249304
28673|0|4936|05/01/2024 12:47:33||12147|1455070120|2028522680
28424|0|15981|05/01/2024 10:56:45||18795|2123838096|2288988648
28450|0|8079|05/01/2024 11:08:42||18078|8199468344|11410392088
28295|0|10292|05/01/2024 10:03:24||21996|1751920776|2202588008
28351|0|62496|05/01/2024 10:28:31||20489|692175264|713089712
27908|0|79316|05/01/2024 07:17:08||31972|5758387992|7410658816
26715|0|96555|04/01/2024 22:47:33||62547|4898791592|6017058784
28470|0|76006|05/01/2024 11:16:03||17637|5877205472|7310192120
27735|0|93620|05/01/2024 06:01:21||36519|7012746168|10257397736
