IdSession|IdPSX|IdSubscriber|StartSession|EndSession|Duartion|UpTx|DownTx
26113|0|37974|06/01/2024 15:10:31||30569|12430470400|16331547096
26686|0|33927|06/01/2024 19:16:43||15797|5012971952|7464657800
26423|0|56609|06/01/2024 17:11:30||23310|82897336112|171489766248
26561|0|6516|06/01/2024 18:10:15||19785|3056540424|3507623736
26712|0|87799|06/01/2024 19:26:14||15226|1745332200|2135904352
27061|0|77688|06/01/2024 21:40:30||7170|271607432|384527064
26016|0|62355|06/01/2024 14:32:22||32858|49968183072|97454165200
25607|0|49346|06/01/2024 11:43:49||42971|2227880456|3101448080
27187|0|53666|06/01/2024 22:45:01||3299|11561214992|32801867904
26017|0|80501|06/01/2024 14:38:10||32510|1996493080|2516112336
25784|0|74669|06/01/2024 13:02:43||38237|2756153736|4109387872
25576|0|86264|06/01/2024 11:38:37||43283|3837135320|4355825312
26970|0|18826|06/01/2024 21:19:55||8405|9267080776|27595952280
25719|0|45253|06/01/2024 12:35:52||39848|4884661416|7069734016
26474|0|96559|06/01/2024 17:39:55||21605|3221354552|3597029696
26737|0|77661|06/01/2024 19:39:26||14434|472914576|521114072
25367|0|43777|06/01/2024 10:03:32||48988|130485735024|290632267168
26713|0|41083|06/01/2024 19:26:44||15196|13669305056|38915983768
26738|0|25839|06/01/2024 19:37:02||14578|1333422328|1672553888
26475|0|53028|06/01/2024 17:39:23||21637|9313255784|9670082488
25785|0|85282|06/01/2024 13:01:04||38336|4452026520|6447954176
27014|0|79536|06/01/2024 21:26:23||8017|285088424|406195952
27167|0|90678|06/01/2024 22:33:22||3998|258499352|272035912
25459|0|54570|06/01/2024 10:49:53||46207|112114059320|231959292544
26687|0|87485|06/01/2024 19:10:47||16153|64256636256|120360453128
25677|0|36265|06/01/2024 12:15:15||41085|3243788784|4728579152
27078|0|8960|06/01/2024 21:51:31||6509|275924184|349338064
27015|0|89716|06/01/2024 21:21:14||8326|2799095440|2800102216
26400|0|13652|06/01/2024 17:00:05||23995|7896882352|8359021344
25318|0|89741|06/01/2024 09:45:21||50079|9605131080|11639259200
25553|0|56849|06/01/2024 11:22:47||44233|13715922816|18380923008
26269|0|60741|06/01/2024 16:13:18||26802|5289636312|6381441856
26763|0|47789|06/01/2024 19:40:15||14385|510367160|676648720
26971|0|17166|06/01/2024 21:12:34||8846|16973638328|36115195688
27210|0|18892|06/01/2024 22:59:29||2431|1015668568|1281352464
26357|0|77886|06/01/2024 16:41:55||25085|7566485944|8967603240
26379|0|86402|06/01/2024 16:53:21||24399|51476904328|97911493696
26114|0|75263|06/01/2024 15:14:43|06/01/2024 23:33:39|29936|2074680032|3031651384
25786|0|27723|06/01/2024 13:09:42||37818|834903088|946126832
26688|0|6916|06/01/2024 19:18:00||15720|2554554456|3692860800
26972|0|57595|06/01/2024 21:10:47||8953|1277357600|1553821160
26515|0|54404|06/01/2024 17:51:25||20915|2393363168|3489268328
26054|0|94047|06/01/2024 14:53:05||31615|4568156360|5028074352
26358|0|85646|06/01/2024 16:48:11||24709|6931249016|7720695800
26091|0|37317|06/01/2024 15:03:49||30971|8545534896|11570945368
25523|0|96811|06/01/2024 11:10:56||44944|4813516824|6651481936
26587|0|68624|06/01/2024 18:28:11||18709|13645043696|14803432016
25720|0|66423|06/01/2024 12:35:45||39855|7343235224|10776893072
26802|0|37529|06/01/2024 20:02:38||13042|21868782536|64626590368
26902|0|42806|06/01/2024 20:45:46||10454|1738500232|2023471040
25524|0|61794|06/01/2024 11:12:27||44853|3998193424|5030833936
26829|0|5419|06/01/2024 20:16:10||12230|661109296|873494064
27168|0|93337|06/01/2024 22:37:21||3759|2778790512|3218656208
25609|0|73710|06/01/2024 11:49:45||42615|5875004512|8112195016
26001|0|23638|06/01/2024 14:25:36||33264|5155422968|6276870208
25976|0|35546|06/01/2024 14:17:14||33766|1019742440|1364662624
25657|0|76483|06/01/2024 12:00:09||41991|2156589448|2582469912
26689|0|23220|06/01/2024 19:18:18||15702|1700568432|2503141536
25700|0|41896|06/01/2024 12:28:48||40272|12874324672|13182375176
26665|0|43101|06/01/2024 19:05:48||16452|1125516760|1248670088
25435|0|47660|06/01/2024 10:39:45||46815|16689237960|20998994616
27062|0|5259|06/01/2024 21:48:23||6697|451152936|537356008
25787|0|96233|06/01/2024 13:04:00||38160|115127041968|338910270864
26092|0|97799|06/01/2024 15:09:23||30637|6754114800|7744745968
26115|0|38204|06/01/2024 15:14:48||30312|5362214624|6451125216
25918|0|39037|06/01/2024 13:53:41||35179|4631855584|5133419816
26830|0|85701|06/01/2024 20:11:42||12498|3649746336|4475612736
27188|0|35155|06/01/2024 22:48:54||3066|67105432|78168784
26305|0|82492|06/01/2024 16:23:31||26189|3856970592|4983753184
26037|0|5357|06/01/2024 14:43:18||32202|2353384528|2612428448
26055|0|10962|06/01/2024 14:53:36||31584|3245983168|3991477672
25168|0|5731|06/01/2024 08:34:25||54335|117384619136|226724192424
26973|0|99136|06/01/2024 21:11:36|06/01/2024 23:32:34|8458|4946408768|6974815568
26056|0|76792|06/01/2024 14:57:40||31340|1384017520|3301458112
26562|0|83266|06/01/2024 18:13:08||19612|1018671672|1274176136
26623|0|22791|06/01/2024 18:49:50||17410|4450661792|6403083416
26666|0|64480|06/01/2024 19:09:23||16237|1016025128|1220153704
27189|0|60137|06/01/2024 22:47:44||3136|2376744792|5092873624
26803|0|42336|06/01/2024 20:02:11||13069|2735401176|3446546584
26306|0|8920|06/01/2024 16:29:25||25835|12198718104|18245898856
24807|0|89902|06/01/2024 06:09:00||63060|13013506296|16812030464
26948|0|55333|06/01/2024 21:03:24||9396|4585268608|5624653984
26974|0|40685|06/01/2024 21:19:36||8424|17867008|26145520
26271|0|20349|06/01/2024 16:13:34||26786|3672044224|4967093848
27169|0|17160|06/01/2024 22:32:38|06/01/2024 23:37:12|3874|669948608|849597176
25919|0|59576|06/01/2024 13:56:51||34989|12964511368|13883153752
25135|0|51885|06/01/2024 08:21:31||55109|6219175616|8985076256
26857|0|43797|06/01/2024 20:22:37||11843|3298963976|3488295464
24757|0|5792|06/01/2024 05:49:50||64210|18715810336|26683175880
27252|0|59735|06/01/2024 23:14:07||1553|4434344160|10196330080
26903|0|66732|06/01/2024 20:47:17||10363|1613023712|1750430744
27038|0|17452|06/01/2024 21:38:39||7281|1459957640|2091184736
26690|0|34064|06/01/2024 19:11:33||16107|363157408|460986864
25764|0|64295|06/01/2024 12:55:15||38685|12794648768|16676723640
25190|0|51526|06/01/2024 08:41:02||53938|7249493976|8684136392
26563|0|70042|06/01/2024 18:18:17||19303|4140808456|4282805344
25679|0|11287|06/01/2024 12:17:03||40977|5817353384|7301293544
26307|0|46044|06/01/2024 16:24:56||26104|1821997616|2044979624
25110|0|81133|06/01/2024 08:16:55||55385|20534375664|22922172088
25631|0|60049|06/01/2024 11:59:30||42030|13980287496|16412665496
26975|0|13992|06/01/2024 21:14:31||8729|3303650128|4586403032
26786|0|68009|06/01/2024 19:55:01||13499|1788480952|2098190280
25819|0|60031|06/01/2024 13:19:19||37241|16106769616|18197658320
26241|0|27374|06/01/2024 16:04:54||27306|13515370832|16509034848
27099|0|48759|06/01/2024 22:07:07||5573|239568888|249092688
27125|0|31579|06/01/2024 22:12:07||5273|857820504|867891088
26094|0|68039|06/01/2024 15:09:13||30647|7312140952|8500703032
25415|0|47486|06/01/2024 10:27:21||47559|9133494648|10418931448
26272|0|26986|06/01/2024 16:13:27||26793|2208263008|2611290104
26588|0|96277|06/01/2024 18:26:19||18821|2684610488|3151428168
26242|0|72607|06/01/2024 16:08:26||27094|9725496992|14199638304
27253|0|62190|06/01/2024 23:13:50||1570|218044688|283122560
27299|0|83091|06/01/2024 23:31:20||520|32846056|45970128
27300|0|35621|06/01/2024 23:39:10||50|276127680|215535368
26714|0|5281|06/01/2024 19:25:59||15241|1023805032|1079980824
27079|0|89833|06/01/2024 21:53:32||6388|494815456|585547096
26380|0|10721|06/01/2024 16:54:42||24318|1204614616|1450928032
26424|0|91314|06/01/2024 17:10:45||23355|2501326816|2714850120
25081|0|23672|06/01/2024 08:05:41||56059|117345167672|236812454896
26976|0|33410|06/01/2024 21:16:48||8592|28076572400|63936144816
25474|0|6383|06/01/2024 10:59:31||45629|29535104280|29763173504
26217|0|79718|06/01/2024 15:50:02||28198|864964112|972696952
26804|0|48614|06/01/2024 20:00:20||13180|1519549080|2084664784
25460|0|86051|06/01/2024 10:46:34||46406|7639253904|7829340080
27230|0|24662|06/01/2024 23:05:19||2081|1569650232|1944967968
25901|0|34585|06/01/2024 13:40:40||35960|6113275864|8921815488
26787|0|83578|06/01/2024 19:51:02||13738|1290073496|1453564976
26565|0|36494|06/01/2024 18:14:08||19552|5220817656|6100772120
27063|0|16928|06/01/2024 21:45:55||6845|103449480|141775672
26977|0|25520|06/01/2024 21:15:26||8674|19240048000|45139979680
27039|0|32410|06/01/2024 21:35:54||7446|693630664|699306368
26146|0|14653|06/01/2024 15:26:32||29608|6743248560|10020902160
26338|0|84110|06/01/2024 16:34:25||25535|3803249544|5468175048
25902|0|90469|06/01/2024 13:47:01||35579|3666650920|3727173616
26339|0|33870|06/01/2024 16:39:18||25242|3768538272|4934656160
25633|0|93506|06/01/2024 11:53:36||42384|6083046824|6455439096
24921|0|35012|06/01/2024 06:58:30||60090|5153533240|5686782040
25788|0|83926|06/01/2024 13:05:41||38059|10567196040|13838112624
26381|0|64718|06/01/2024 16:50:05||24595|5323957768|7082410480
26425|0|10105|06/01/2024 17:10:21||23379|3774585904|5177372304
26340|0|92558|06/01/2024 16:39:23||25237|12933182928|15396175312
26116|0|78522|06/01/2024 15:17:03|06/01/2024 23:38:10|30067|3126332584|3510636480
26667|0|98900|06/01/2024 19:01:37||16703|5463697624|5739615352
27064|0|22043|06/01/2024 21:41:51||7089|9781024920|19201370024
26831|0|26789|06/01/2024 20:11:36||12504|22588914528|45817945176
27273|0|47184|06/01/2024 23:23:54||966|267223024|288282816
25820|0|31782|06/01/2024 13:16:49||37391|135637272712|367047632784
27170|0|30969|06/01/2024 22:30:44||4156|614976800|818691920
26218|0|40573|06/01/2024 15:54:51||27909|5864488144|6718182304
27274|0|33467|06/01/2024 23:26:37||803|21170632|25657952
25612|0|66047|06/01/2024 11:44:56||42904|5820303248|6735368944
25743|0|9725|06/01/2024 12:42:56||39424|3830472784|4553789720
26476|0|73845|06/01/2024 17:35:07||21893|5714502016|6832831720
27171|0|27068|06/01/2024 22:32:42||4038|2180280024|2369552496
25345|0|44729|06/01/2024 09:52:53||49627|17076671656|25029417192
27100|0|10326|06/01/2024 22:02:32||5848|13495706648|30386798768
26533|0|46454|06/01/2024 18:05:56||20044|1698182336|2324066400
25790|0|6884|06/01/2024 13:03:21||38199|7172167816|7778585792
27040|0|5370|06/01/2024 21:35:04||7496|22203436088|46372902072
26715|0|16276|06/01/2024 19:23:27||15393|2451947768|3558128752
27101|0|71970|06/01/2024 22:01:41||5899|406999864|490486432
25903|0|11383|06/01/2024 13:47:21||35559|13628611576|18716283600
26096|0|68885|06/01/2024 15:06:21||30819|3711083136|5502153752
26879|0|94862|06/01/2024 20:34:32||11128|382882400|397493816
26426|0|77556|06/01/2024 17:10:17||23383|2185717968|2541827168
27016|0|59764|06/01/2024 21:27:07||7973|16495184264|33773122672
27254|0|89175|06/01/2024 23:18:59||1261|792869112|956512960
26978|0|31271|06/01/2024 21:17:55||8525|10835823112|8498846032
27144|0|27336|06/01/2024 22:24:45||4515|535525456|666089968
25476|0|60295|06/01/2024 10:54:09||45951|24159873920|30053675728
26097|0|88989|06/01/2024 15:07:41||30739|8843684432|10714545368
26646|0|88728|06/01/2024 18:55:09||17091|6331653800|8596155736
26309|0|57284|06/01/2024 16:21:13||26327|4789892528|5816937312
24995|0|35340|06/01/2024 07:24:17||58543|5805151160|8518001744
25921|0|28599|06/01/2024 13:57:43||34937|725840960|774548256
24830|0|92612|06/01/2024 06:10:39||62961|19983771280|24358110672
25978|0|34312|06/01/2024 14:14:37||33923|8190336992|8257137304
27102|0|30933|06/01/2024 22:09:13||5447|371822776|513925600
26274|0|83343|06/01/2024 16:10:03|06/01/2024 23:38:48|26925|9954778480|13371500976
27017|0|62267|06/01/2024 21:28:22||7898|470926168|639603280
27255|0|16816|06/01/2024 23:18:14||1306|266999688|297118176
26624|0|52955|06/01/2024 18:42:09||17871|426041064|426716696
26832|0|55584|06/01/2024 20:19:54||12006|3993406904|4760473720
25391|0|99171|06/01/2024 10:15:25||48275|90690583880|199122620120
25280|0|41802|06/01/2024 09:25:12||51288|2368557592|2641378304
27172|0|65097|06/01/2024 22:36:26||3814|1761527648|2217996280
27018|0|47771|06/01/2024 21:25:09||8091|346879776|421129712
25170|0|48954|06/01/2024 08:37:48||54132|2236113320|2296053032
25578|0|29673|06/01/2024 11:33:34||43586|175562265640|349758218608
25634|0|67795|06/01/2024 11:58:48||42072|3518283720|4954057360
26931|0|14645|06/01/2024 20:58:51||9669|186263632|186434008
26904|0|33320|06/01/2024 20:41:07||10733|1565510560|1697852376
25392|0|92343|06/01/2024 10:12:44||48436|5225368112|5591805336
25951|0|80004|06/01/2024 14:01:48||34692|4740684752|4920389688
26310|0|27619|06/01/2024 16:26:05||26035|1287492696|1672735928
25082|0|44150|06/01/2024 08:06:37||56003|18467260784|26504160976
26039|0|92469|06/01/2024 14:40:45||32355|2532024960|2879749688
26949|0|24715|06/01/2024 21:04:26||9334|329878808|383568944
26589|0|34605|06/01/2024 18:23:29||18991|31570213224|86639785032
26275|0|85924|06/01/2024 16:16:42||26598|7859571472|9208730200
25579|0|6957|06/01/2024 11:35:21||43479|128946129752|286317363864
26668|0|4122|06/01/2024 19:00:07||16793|69889521544|138830109624
27301|0|55411|06/01/2024 23:33:53||367|18258880|23101128
25212|0|87720|06/01/2024 08:57:18||52962|11601402976|12389804616
24616|0|75232|06/01/2024 04:47:52||67928|9969249552|14640697456
27103|0|64821|06/01/2024 22:00:52||5948|576844088|678629936
26739|0|88644|06/01/2024 19:31:03||14937|2838072304|3990899568
26880|0|77054|06/01/2024 20:31:44||11296|18065958456|10554649832
26171|0|41962|06/01/2024 15:33:33||29187|12103267344|16061719040
25863|0|44361|06/01/2024 13:39:57||36003|8360568520|12340429232
25745|0|23222|06/01/2024 12:41:24||39516|10545300872|15153314912
25477|0|10634|06/01/2024 10:53:41||45979|3827324440|3953408376
25635|0|10027|06/01/2024 11:51:53||42487|900379576|1160562040
27126|0|7843|06/01/2024 22:17:18||4962|15851474456|31130582336
26740|0|29280|06/01/2024 19:36:07||14633|2562294520|2831696936
27019|0|37519|06/01/2024 21:24:45||8115|5548594256|5703662328
26979|0|94737|06/01/2024 21:12:49||8831|5593860768|7110686376
26117|0|96649|06/01/2024 15:19:13||30047|14175461952|15640195176
26018|0|73573|06/01/2024 14:39:13||32447|2443733616|3556082608
26980|0|48207|06/01/2024 21:11:28||8912|5238937488|6688750536
27302|0|91375|06/01/2024 23:34:24||336|106744600|110466520
26447|0|41399|06/01/2024 17:23:01||22619|2601104640|3506478240
25822|0|60347|06/01/2024 13:11:56||37684|2936757088|2948630752
27231|0|75481|06/01/2024 23:01:09||2331|1437210592|1626358312
26098|0|15640|06/01/2024 15:02:05||31075|634901016|788825696
26341|0|88763|06/01/2024 16:32:11||25669|1414253528|1751089520
26147|0|67468|06/01/2024 15:25:29||29671|7794723256|9033510776
24880|0|55223|06/01/2024 06:33:40||61580|25634114952|26818417944
26534|0|56756|06/01/2024 18:05:51||20049|885120216|1021295664
27081|0|86419|06/01/2024 21:59:58||6002|6894256|7221392
25417|0|79886|06/01/2024 10:23:25||47795|17590368952|19341018832
26981|0|86414|06/01/2024 21:13:32||8788|1959482928|2695631576
26040|0|69115|06/01/2024 14:47:10||31970|367682176|515274072
26805|0|85231|06/01/2024 20:04:40||12920|1258912896|1738437064
26172|0|6280|06/01/2024 15:32:01||29279|8053484568|8110299736
26742|0|17534|06/01/2024 19:35:01||14699|5031157360|5329660256
27145|0|86974|06/01/2024 22:25:19||4481|692402872|799623776
27082|0|63283|06/01/2024 21:59:17||6043|6576216288|4927903832
26692|0|83443|06/01/2024 19:16:57||15783|394075112|437688464
25614|0|89997|06/01/2024 11:45:29||42871|102479689776|251413337944
26567|0|32170|06/01/2024 18:15:34||19466|92501057704|189396756552
25581|0|73047|06/01/2024 11:37:57||43323|1412681288|1572704368
26382|0|69672|06/01/2024 16:57:55||24125|4693464744|6575223056
26905|0|52341|06/01/2024 20:43:40||10580|757037968|938910944
26243|0|19540|06/01/2024 16:07:17||27163|10397764256|10819799088
26517|0|96145|06/01/2024 17:58:08||20512|835332736|867168832
26716|0|34910|06/01/2024 19:27:13||15167|2251070840|2755354504
26764|0|52059|06/01/2024 19:45:00||14100|43014332024|80247084280
27232|0|33806|06/01/2024 23:08:34||1886|306126632|353868240
25582|0|39888|06/01/2024 11:30:37||43763|4364234248|6512417656
26148|0|43637|06/01/2024 15:29:26||29434|9521786952|11745608728
26859|0|18993|06/01/2024 20:22:47||11833|5709907792|5821777568
26173|0|18173|06/01/2024 15:36:24||29016|116074073192|64867373056
26535|0|21573|06/01/2024 18:06:41||19999|4448232256|5583047272
26860|0|42861|06/01/2024 20:24:40||11720|990943024|1045573240
26669|0|18259|06/01/2024 19:07:08||16372|39478734080|106494610272
26647|0|93139|06/01/2024 18:54:38||17122|36355008|39255608
27190|0|21463|06/01/2024 22:43:10||3410|284695592|402378816
27066|0|64769|06/01/2024 21:40:09||7191|6632976|9417640
27146|0|84902|06/01/2024 22:20:48||4752|1152922472|1714986960
24973|0|98665|06/01/2024 07:13:44||59176|15870271032|18260111872
26536|0|64277|06/01/2024 18:04:40||20120|4390651664|4677975560
26219|0|7301|06/01/2024 15:57:39||27741|2651462400|3746364288
26342|0|42083|06/01/2024 16:37:21||25359|47431599248|98943093832
25478|0|73608|06/01/2024 10:52:19||46061|22731856240|23534920464
26933|0|98838|06/01/2024 20:56:59||9781|4560116456|5447116768
27067|0|55477|06/01/2024 21:46:03||6837|1260723536|1697309960
26717|0|21733|06/01/2024 19:23:34||15386|35477582336|103166470312
26404|0|85876|06/01/2024 17:09:44||23416|3723031760|3937846808
27211|0|39458|06/01/2024 22:56:29||2611|746816336|775538552
27275|0|7944|06/01/2024 23:23:38||982|648834192|808647320
25239|0|44132|06/01/2024 09:07:07||52373|8187785512|11866666416
24836|0|9119|06/01/2024 06:14:37||62723|38759299120|45722862304
25583|0|59960|06/01/2024 11:33:48||43572|8750289728|12580804944
26982|0|82926|06/01/2024 21:11:56||8884|794872520|897363392
27083|0|97187|06/01/2024 21:59:54||6006|54713648|76726072
25703|0|40880|06/01/2024 12:24:49|06/01/2024 23:36:31|40302|11550455808|14613419672
26448|0|63427|06/01/2024 17:25:19||22481|456658976|579428888
26220|0|26030|06/01/2024 15:55:14||27886|12251746776|13258960072
24762|0|65392|06/01/2024 05:46:42||64398|18043016048|22119924352
27276|0|71810|06/01/2024 23:25:24||876|132912968|138796536
25704|0|50202|06/01/2024 12:21:18||40722|6722415624|10003887696
26276|0|25089|06/01/2024 16:13:53||26767|10456534336|13246330384
26765|0|73296|06/01/2024 19:44:06||14154|24610143296|64916728768
27127|0|40131|06/01/2024 22:15:25|06/01/2024 23:37:01|4896|216846072|257724360
25980|0|57084|06/01/2024 14:11:52||34088|6038487888|7882812200
27173|0|3894|06/01/2024 22:38:04||3716|791375792|1154281976
26311|0|13628|06/01/2024 16:21:37||26303|5355851608|5948247008
27233|0|57579|06/01/2024 23:08:03||1917|4291036184|8912775600
25864|0|85510|06/01/2024 13:32:59||36421|11308825616|15727880056
25347|0|88441|06/01/2024 09:55:01||49499|24444811232|35823526032
27234|0|79796|06/01/2024 23:07:52||1928|555753736|572998888
25681|0|95146|06/01/2024 12:19:01||40859|15781000|23055792
26099|0|51155|06/01/2024 15:06:42||30798|996616768|1350870376
26934|0|17382|06/01/2024 20:57:14||9766|4609449528|6334347104
25637|0|93774|06/01/2024 11:52:42||42438|10532373248|13018611024
24810|0|40487|06/01/2024 06:08:20||63100|25090804912|28501393064
25064|0|91362|06/01/2024 07:51:33||56907|10807020184|11104221496
24882|0|85395|06/01/2024 06:37:06||61374|5834230680|6040775496
25955|0|36677|06/01/2024 14:01:14||34726|1795536128|2241420232
26833|0|37491|06/01/2024 20:11:45||12495|336459384|388869744
27128|0|21264|06/01/2024 22:13:32||5188|314534584|371265560
25308|0|56994|06/01/2024 09:39:12||50448|6939634880|8142703240
26950|0|68857|06/01/2024 21:05:32||9268|26200634112|78590814024
27129|0|34817|06/01/2024 22:18:33||4887|195625080|227809776
26002|0|26763|06/01/2024 14:28:28||33092|1932910568|2185143896
26983|0|95397|06/01/2024 21:14:20||8740|1231547088|1440557328
25215|0|50925|06/01/2024 08:59:58||52802|92706898624|231489694136
26118|0|91337|06/01/2024 15:15:15||30285|18339860248|19817457784
26449|0|89625|06/01/2024 17:26:04||22436|2657732680|2927700704
26806|0|76903|06/01/2024 20:05:23||12877|1536930616|2156546488
25322|0|57927|06/01/2024 09:44:39||50121|4634186352|4850581224
26312|0|42738|06/01/2024 16:24:46||26114|3645657104|4796916608
25792|0|55048|06/01/2024 13:02:55||38225|7382766856|7686060096
27068|0|57316|06/01/2024 21:48:59||6661|1769311736|2010364920
27041|0|27439|06/01/2024 21:38:48||7272|3768625536|4393832928
26648|0|21299|06/01/2024 18:52:31||17249|524694952|527034696
25043|0|13130|06/01/2024 07:49:46||57014|8816907488|9010114120
25559|0|26964|06/01/2024 11:22:16||44264|68044564264|190277627400
26834|0|35952|06/01/2024 20:18:38||12082|1891786544|1906709288
25323|0|20340|06/01/2024 09:49:48||49812|11740386152|15455589496
27104|0|97176|06/01/2024 22:01:50||5890|592511240|608653136
25746|0|66642|06/01/2024 12:47:28||39152|7330215200|10788451256
27277|0|86893|06/01/2024 23:21:18||1122|489702504|509469880
26882|0|64535|06/01/2024 20:37:33||10947|881267456|1190047576
26670|0|90151|06/01/2024 19:06:15||16425|9793858544|11071711112
25418|0|96448|06/01/2024 10:25:12||47688|23325796168|25251197576
25616|0|36110|06/01/2024 11:44:24||42936|10972962568|11326262448
27084|0|96996|06/01/2024 21:57:16||6164|977806120|1062739688
26497|0|10821|06/01/2024 17:42:34||21446|7545372392|10845015312
25526|0|86044|06/01/2024 11:17:52||44528|6727566000|8981901536
27130|0|81524|06/01/2024 22:14:55||5105|16370760784|31795134720
25865|0|48388|06/01/2024 13:32:27||36453|7949764864|9498335536
25659|0|71230|06/01/2024 12:09:41||41419|3095657016|3867950688
25824|0|11355|06/01/2024 13:13:05||37615|2454310240|3638120872
24975|0|79678|06/01/2024 07:11:59||59281|627514304|713910584
27020|0|20804|06/01/2024 21:25:27||8073|1905247528|2215294264
26766|0|76684|06/01/2024 19:49:37||13823|15993205128|10725584232
25767|0|8331|06/01/2024 12:59:01||38459|2355022368|2825256416
26003|0|88869|06/01/2024 14:25:11||33289|2570280768|2780496976
26649|0|86916|06/01/2024 18:56:17||17023|4861969728|6090293208
27105|0|31414|06/01/2024 22:03:38||5782|1694545328|1942396048
25560|0|61739|06/01/2024 11:29:32||43828|821378992|1130969336
26985|0|6013|06/01/2024 21:10:16||8984|626394080|767446352
24860|0|13940|06/01/2024 06:24:01||62159|7006722096|8784754952
26174|0|91452|06/01/2024 15:32:06||29274|5118578000|6772389608
25956|0|51410|06/01/2024 14:09:37||34223|1477205000|2173138984
24861|0|62611|06/01/2024 06:25:15||62085|5103997328|5257647592
27147|0|21591|06/01/2024 22:23:22||4598|423857232|490680672
26718|0|66319|06/01/2024 19:25:28||15272|20766185432|14007075064
26835|0|82161|06/01/2024 20:19:54||12006|20987578840|11420651224
26277|0|54749|06/01/2024 16:13:05||26815|3258852072|4769713352
26788|0|76536|06/01/2024 19:51:57||13683|1482717912|1539694840
26383|0|5022|06/01/2024 16:50:23||24577|43154521968|119193470496
26120|0|4076|06/01/2024 15:14:48||30312|123132339232|242483672632
26197|0|86912|06/01/2024 15:46:03||28437|7166466720|9211021688
26836|0|59193|06/01/2024 20:10:51||12549|6244424512|8851661848
27174|0|95892|06/01/2024 22:36:10||3830|1290912808|1476246464
26221|0|14216|06/01/2024 15:59:15||27645|31454912952|44481150944
27235|0|50648|06/01/2024 23:02:34||2246|6543015712|17285105464
26590|0|69690|06/01/2024 18:23:33||18987|3405712456|3499244824
25462|0|58138|06/01/2024 10:48:13||46307|6115480360|6253482328
26935|0|90465|06/01/2024 20:51:43||10097|9365929080|27285660280
25371|0|44230|06/01/2024 10:05:49||48851|3535455200|4838537272
26278|0|95327|06/01/2024 16:10:39||26961|3836873752|2108243736
25065|0|35479|06/01/2024 07:57:32|06/01/2024 23:36:57|56365|27826291448|32612827792
25723|0|68233|06/01/2024 12:36:32||39808|9272717944|13902307776
26518|0|7309|06/01/2024 17:59:56||20404|38561643952|89464589216
26150|0|78976|06/01/2024 15:29:41||29419|12737093456|13946867120
26694|0|34893|06/01/2024 19:16:06||15834|1419919040|1724569336
26671|0|55305|06/01/2024 19:08:25||16295|1213514592|1608770128
26121|0|51811|06/01/2024 15:11:32||30508|64442153184|130150140648
27106|0|65020|06/01/2024 22:09:47||5413|1056557656|1084052976
26019|0|90478|06/01/2024 14:30:52||32948|11438260856|13100952768
26807|0|45456|06/01/2024 20:02:01||13079|4422378064|4947982192
24952|0|62835|06/01/2024 07:02:34|06/01/2024 23:32:51|59417|4952525280|7000664024
27303|0|62835|06/01/2024 23:33:23||397|41881960|44934768
25705|0|9069|06/01/2024 12:29:26||40234|12115602072|12792638400
25825|0|80460|06/01/2024 13:18:18||37302|10370350208|14954869744
25660|0|60476|06/01/2024 12:06:52||41588|12906677640|16281825728
25216|0|63560|06/01/2024 08:54:39||53121|26113292992|31350077208
27256|0|24713|06/01/2024 23:18:55||1265|902985144|1112970904
25706|0|27227|06/01/2024 12:24:58||40502|4063374952|5037671432
25641|0|70487|06/01/2024 11:57:33||42147|11998589576|14209855920
26405|0|6879|06/01/2024 17:09:28||23432|1074441936|1164872200
27021|0|87313|06/01/2024 21:24:45||8115|1865510976|2560050432
25923|0|70323|06/01/2024 13:55:34||35066|1137838888|1326882312
25794|0|47934|06/01/2024 13:07:07||37973|32451877184|18133750640
25527|0|75947|06/01/2024 11:11:38||44902|3681941160|5127836296
25867|0|88959|06/01/2024 13:36:37||36203|5994470368|7282930000
26279|0|57621|06/01/2024 16:17:56||26524|908860560|1362195736
27107|0|21811|06/01/2024 22:08:51||5469|621221784|902174880
26907|0|11099|06/01/2024 20:48:59||10261|287771856|377463536
25285|0|6911|06/01/2024 09:27:06||51174|23771726936|17589366480
26538|0|54831|06/01/2024 18:06:56||19984|4583060336|5129174208
27304|0|45514|06/01/2024 23:34:36||324|60424792|67588864
26570|0|41385|06/01/2024 18:18:45||19275|5238585608|5878352272
26519|0|69945|06/01/2024 17:53:45||20775|19344495072|21602359992
26539|0|42847|06/01/2024 18:02:59||20221|5488382648|5547509864
26695|0|6427|06/01/2024 19:17:27||15753|376800736|493399920
27278|0|25541|06/01/2024 23:22:57||1023|1104532648|631827544
26384|0|5332|06/01/2024 16:51:57||24483|4492006488|6251919776
26625|0|47809|06/01/2024 18:47:18||17562|1274842984|1718202176
25420|0|62011|06/01/2024 10:26:57||47583|87987135472|234565267248
26004|0|11854|06/01/2024 14:24:06||33354|10993126616|12656204080
27305|0|70819|06/01/2024 23:34:02||358|38331472|38968136
26936|0|64286|06/01/2024 20:58:30||9690|5808573152|6791244408
26571|0|75798|06/01/2024 18:14:08||19552|7624336744|8570930520
27069|0|56440|06/01/2024 21:49:49||6611|356712144|435129336
26385|0|87270|06/01/2024 16:53:11||24409|233745816|250743976
26884|0|97660|06/01/2024 20:36:29||11011|518159816|683878112
26650|0|19406|06/01/2024 18:53:52||17168|2310972056|2985600336
25845|0|57415|06/01/2024 13:29:05||36655|10678203848|11984496864
24721|0|86546|06/01/2024 05:20:24||65976|13087738424|14317900496
26198|0|82423|06/01/2024 15:45:53||28447|8568792744|12217385784
25442|0|49032|06/01/2024 10:32:06||47274|17286725704|17661522824
26222|0|87024|06/01/2024 15:53:47||27973|9962579104|12168577208
25724|0|3992|06/01/2024 12:30:03||40197|8412875408|9292340032
26540|0|57089|06/01/2024 18:05:05||20095|9227885272|10223418512
25846|0|50307|06/01/2024 13:27:35||36745|3186601160|3348508512
26908|0|36401|06/01/2024 20:47:53||10327|5013828064|6472373568
26937|0|83725|06/01/2024 20:53:24|06/01/2024 23:38:23|9899|2742949416|3214688112
26672|0|13835|06/01/2024 19:08:38||16282|1146119680|1590382312
25115|0|41731|06/01/2024 08:12:51||55629|3138251816|3156784424
26427|0|93921|06/01/2024 17:16:13||23027|14036211872|15152182216
26428|0|50025|06/01/2024 17:10:03||23397|59953458232|169537335824
26245|0|54615|06/01/2024 16:09:25||27035|11494409144|14401742616
27131|0|45025|06/01/2024 22:16:14||5026|186519032|231160296
27257|0|22056|06/01/2024 23:16:44||1396|313546256|366230496
26246|0|73120|06/01/2024 16:02:35||27445|10312161272|13741508544
27306|0|5401|06/01/2024 23:39:39||21|29253000|73547056
26451|0|6561|06/01/2024 17:29:28||22232|12566619048|17294330880
26572|0|51065|06/01/2024 18:17:02||19378|14580648256|18128951256
27212|0|44253|06/01/2024 22:53:37||2783|256119008|322657680
26101|0|43310|06/01/2024 15:08:25||30695|3052505256|4265504120
26745|0|56185|06/01/2024 19:31:07||14933|47340282448|126462048248
25747|0|54872|06/01/2024 12:49:30||39030|135977204800|349477919792
25748|0|84742|06/01/2024 12:49:02||39058|10377107808|14626079960
25661|0|85209|06/01/2024 12:05:39||41661|6620157920|8929264160
26063|0|78717|06/01/2024 14:52:24||31656|1749656872|1960048744
24977|0|83204|06/01/2024 07:18:57||58863|7906832256|11010400608
24767|0|26199|06/01/2024 05:42:16||64664|127714355864|381239440848
27307|0|64290|06/01/2024 23:38:00||120|17946656|21173800
26951|0|36075|06/01/2024 21:08:21||9099|1098459848|1192975104
25826|0|99286|06/01/2024 13:16:25||37415|18135295896|18203826880
26719|0|88834|06/01/2024 19:27:08||15172|2610308872|3173476312
25924|0|41389|06/01/2024 13:50:17||35383|83272581616|239285373392
26478|0|92674|06/01/2024 17:33:07||22013|2931008792|3653581240
26541|0|82437|06/01/2024 18:00:50||20350|3719999008|5301133736
25173|0|61623|06/01/2024 08:30:40||54560|16120437024|20055807320
26479|0|35393|06/01/2024 17:33:46||21974|14519983896|20294031496
26720|0|6812|06/01/2024 19:22:50||15430|2068249072|3041050728
25796|0|94644|06/01/2024 13:09:04||37856|9720841536|14096359608
26452|0|98465|06/01/2024 17:28:29||22291|12695847472|18775079728
26885|0|82855|06/01/2024 20:30:15||11385|4486708584|5057795344
25981|0|5372|06/01/2024 14:19:09||33651|7892747352|10122117488
27085|0|14459|06/01/2024 21:55:24||6276|142855688|158768784
26223|0|37387|06/01/2024 15:52:31||28049|1880396776|1929560584
25394|0|25393|06/01/2024 10:16:44||48196|29578767840|30140167680
25725|0|32548|06/01/2024 12:34:52||39908|11325877072|15969122408
27108|0|95133|06/01/2024 22:06:22||5618|45886576|64380464
25750|0|30816|06/01/2024 12:44:25||39335|11880830080|15450108480
27132|0|54646|06/01/2024 22:16:29||5011|1148772184|1556439800
26123|0|46481|06/01/2024 15:13:39||30381|20369021480|28413493200
26480|0|62682|06/01/2024 17:34:31||21929|4067618544|4131065928
25847|0|18337|06/01/2024 13:23:44||36976|27616258432|31207862000
26200|0|98102|06/01/2024 15:46:51||28389|5531383696|5942517392
26247|0|79969|06/01/2024 16:06:18||27222|14550147736|17701050704
25586|0|38044|06/01/2024 11:35:51||43449|113825256592|319698552752
27109|0|9408|06/01/2024 22:09:17||5443|297516216|368405960
27086|0|38520|06/01/2024 21:53:41||6379|166889592|180655120
26606|0|92001|06/01/2024 18:38:29||18091|15834192552|16368479304
26201|0|32304|06/01/2024 15:43:32||28588|5760688504|7909013712
25769|0|23312|06/01/2024 12:56:21||38619|54715371720|148710346248
25258|0|28738|06/01/2024 09:14:25||51935|4079099168|4977971968
25957|0|87341|06/01/2024 14:09:08||34252|1647634984|1729890680
25561|0|86936|06/01/2024 11:26:30||44010|88727083752|168340905664
24925|0|20031|06/01/2024 06:54:54||60306|9690431336|11799757096
26281|0|95178|06/01/2024 16:16:06||26634|4104862640|4844536856
25797|0|84421|06/01/2024 13:00:15||38385|4416081576|5000313744
26224|0|43037|06/01/2024 15:51:49||28091|7339915032|10078952408
26064|0|44799|06/01/2024 14:55:45||31455|7318728776|7440754096
27236|0|14136|06/01/2024 23:07:06||1974|293506720|335892880
26006|0|73988|06/01/2024 14:25:47||33253|72803782264|174157690552
26837|0|82514|06/01/2024 20:17:31||12149|1373076328|1792917904
26696|0|82779|06/01/2024 19:13:22||15998|627644232|794678120
26175|0|65673|06/01/2024 15:31:33||29307|30332469192|40190781640
25926|0|98097|06/01/2024 13:58:33||34887|5888278584|8486129376
26225|0|24060|06/01/2024 15:53:10||28010|775969240|930313760
25374|0|11651|06/01/2024 10:04:21||48939|3848590648|4697741952
26808|0|94247|06/01/2024 20:01:11||13129|720328416|978879736
26651|0|87489|06/01/2024 18:56:29||17011|4856581888|5451077520
26986|0|74631|06/01/2024 21:19:24||8436|20617892336|47495013784
26628|0|90503|06/01/2024 18:49:17||17443|7652496896|8323730360
27148|0|94561|06/01/2024 22:23:35||4585|1409088040|1929224296
27022|0|17532|06/01/2024 21:29:23||7837|682925224|799218608
26453|0|98547|06/01/2024 17:22:12||22668|442620536|661202256
25443|0|77479|06/01/2024 10:30:17||47383|17068594960|20587354728
26521|0|94328|06/01/2024 17:51:28||20912|11569117808|16992339776
27191|0|66715|06/01/2024 22:43:41||3379|2827145896|2195012040
25726|0|57796|06/01/2024 12:37:10||39770|7046065576|9649774032
26177|0|3862|06/01/2024 15:38:23||28897|2226899912|3277272312
27258|0|91395|06/01/2024 23:16:55||1385|48403824|67072592
26987|0|87833|06/01/2024 21:14:51|06/01/2024 23:35:21|8430|3660500384|4008703200
25562|0|83858|06/01/2024 11:21:57||44283|3754678960|5297401600
25663|0|86841|06/01/2024 12:06:25||41615|397262832|451817984
26768|0|92396|06/01/2024 19:46:22||14018|831031152|1233278768
26360|0|41079|06/01/2024 16:42:30||25050|7219639056|10650149232
27175|0|65096|06/01/2024 22:31:09||4131|1057272352|1287156456
25529|0|57543|06/01/2024 11:14:01||44759|42012220192|43064745344
27149|0|54758|06/01/2024 22:21:10||4730|1221663944|1295060480
25530|0|88082|06/01/2024 11:10:49||44951|7554597528|7801187272
26226|0|95089|06/01/2024 15:58:57||27663|16816640256|22201705096
26454|0|69994|06/01/2024 17:23:52||22568|1096482912|1303932232
25563|0|53942|06/01/2024 11:21:04||44336|23423308840|24009153016
26747|0|23710|06/01/2024 19:37:43||14537|5642480408|7838033144
26909|0|32448|06/01/2024 20:42:51||10629|5012495720|5264409632
26697|0|89187|06/01/2024 19:16:10||15830|235719784|240483688
27237|0|73332|06/01/2024 23:04:13||2147|708219288|831845368
26124|0|62677|06/01/2024 15:19:39||30021|2594194512|3751299688
26838|0|63108|06/01/2024 20:11:43||12497|3930178792|4066929224
26809|0|13049|06/01/2024 20:08:22||12698|10212801904|10494041144
26652|0|57589|06/01/2024 18:57:56||16924|1568688576|1593490512
27259|0|97040|06/01/2024 23:13:20||1600|85873032|88194088
26910|0|34384|06/01/2024 20:48:18||10302|502014080|703458528
26228|0|6143|06/01/2024 15:54:24||27936|8277313776|12086361712
25642|0|50780|06/01/2024 11:54:27||42333|3320338864|3552562976
27087|0|32846|06/01/2024 21:52:33||6447|1751721824|2281904280
25770|0|88911|06/01/2024 12:54:11||38749|125279071480|313891125768
26313|0|91423|06/01/2024 16:27:14||25966|8798589936|9920766336
26698|0|77493|06/01/2024 19:11:39||16101|817753000|1094841576
26361|0|58102|06/01/2024 16:44:24||24936|812067784|1100717200
25242|0|43201|06/01/2024 09:02:36||52644|10123249264|13782459392
26282|0|99181|06/01/2024 16:10:29||26971|1996378656|2485399960
25444|0|33153|06/01/2024 10:32:00||47280|26297899192|34092268896
26653|0|81041|06/01/2024 18:55:07||17093|1851172328|2075042952
26481|0|7558|06/01/2024 17:33:28||21992|5055267320|5520926736
26407|0|60463|06/01/2024 17:02:06||23874|5895580840|6919979728
26542|0|85769|06/01/2024 18:03:54||20166|7538623048|8176145496
25928|0|98240|06/01/2024 13:55:26||35074|38667360464|84318384016
26887|0|38598|06/01/2024 20:30:30||11370|1504492224|1731892256
25868|0|51344|06/01/2024 13:36:37||36203|11851701808|14172425736
26699|0|72617|06/01/2024 19:13:25||15995|1294636368|1607989032
26522|0|91669|06/01/2024 17:58:20||20500|4008653736|4852446032
26700|0|99020|06/01/2024 19:18:21||15699|30048622648|69110657624
26315|0|97371|06/01/2024 16:26:15||26025|296787856|401881088
25351|0|85520|06/01/2024 09:56:56||49384|35835528072|92438315432
25218|0|79305|06/01/2024 08:53:12||53208|7356561112|8871086648
26499|0|91634|06/01/2024 17:44:57||21303|2333486408|3487763752
25445|0|12052|06/01/2024 10:33:38||47182|8879560360|11516559592
27279|0|39240|06/01/2024 23:27:46||734|249439512|306169024
26021|0|13720|06/01/2024 14:35:17||32683|6400267360|6462117808
26250|0|75206|06/01/2024 16:09:30||27030|50816492584|103836060280
26408|0|71985|06/01/2024 17:03:08||23812|3151336920|3762621688
24981|0|78045|06/01/2024 07:17:53||58927|1334593640|1812105480
26810|0|75345|06/01/2024 20:07:30||12750|12538951816|18141225968
26988|0|15742|06/01/2024 21:14:58||8702|1961073760|2090793752
25422|0|25899|06/01/2024 10:20:14||47986|1481645560|1801528456
27280|0|92029|06/01/2024 23:24:02||958|306408208|355537728
26102|0|29236|06/01/2024 15:01:11||31129|12418428344|12519827552
26862|0|77649|06/01/2024 20:27:18||11562|7063036864|7882681344
26482|0|71455|06/01/2024 17:38:10||21710|7656986720|8572526392
26749|0|16196|06/01/2024 19:39:55||14405|2900074400|4248965040
26750|0|72586|06/01/2024 19:31:19||14921|51239518368|111484094080
26178|0|66485|06/01/2024 15:31:05||29335|6931742152|7997159296
24743|0|50442|06/01/2024 05:39:07||64853|20406333856|23065771688
27213|0|48112|06/01/2024 22:52:28||2852|889821472|1184761296
25219|0|81304|06/01/2024 08:57:29||52951|22000660200|26071718920
26362|0|13627|06/01/2024 16:46:15||24825|1370480336|1734249144
26409|0|58968|06/01/2024 17:06:03||23637|5117906904|6082517376
26789|0|33239|06/01/2024 19:53:04||13616|552598704|732491536
25220|0|29163|06/01/2024 08:54:58||53102|4399622048|5711782568
26629|0|61581|06/01/2024 18:40:01||17999|823685888|948289776
26202|0|10817|06/01/2024 15:41:33||28707|21978524904|24471224376
27192|0|84015|06/01/2024 22:43:16||3404|270012616|318570936
25587|0|4296|06/01/2024 11:39:38||43222|10670702328|14605760560
25827|0|26203|06/01/2024 13:11:24||37716|2272108800|3215534320
26179|0|91252|06/01/2024 15:33:43||29177|10234027552|10454012584
26410|0|58992|06/01/2024 17:02:31||23849|420600768|428689688
26251|0|66806|06/01/2024 16:03:44||27376|10683905528|14432495296
26721|0|58654|06/01/2024 19:29:13||15047|37336216832|93467120576
26630|0|71739|06/01/2024 18:43:16||17804|59775925744|141271065144
26229|0|83444|06/01/2024 15:58:06||27714|2348698624|2576783544
27088|0|89778|06/01/2024 21:58:26||6094|57499144|79987640
26252|0|5526|06/01/2024 16:03:21||27399|9867472432|14575606576
27042|0|3879|06/01/2024 21:38:56||7264|4099664296|4333752680
26483|0|43049|06/01/2024 17:33:41||21979|26401667808|20296151456
26523|0|78022|06/01/2024 17:52:20||20860|1003351552|1189940584
27193|0|91320|06/01/2024 22:48:02||3118|1083239912|1390749352
26673|0|63244|06/01/2024 19:03:27||16593|3373888016|3730773464
26429|0|64240|06/01/2024 17:19:51||22809|3580535408|5346926416
26456|0|11819|06/01/2024 17:25:04||22496|1650321312|1945431864
26203|0|38992|06/01/2024 15:46:58||28382|12224116360|17561836392
25849|0|51283|06/01/2024 13:28:44||36676|5839967224|6592452976
25260|0|48358|06/01/2024 09:10:19||52181|9795531432|10182251112
25644|0|25496|06/01/2024 11:56:31||42209|13463402640|19144524824
26608|0|41827|06/01/2024 18:31:22||18518|1534766584|1844681488
26152|0|99055|06/01/2024 15:23:22|06/01/2024 23:38:14|29692|24054918592|15833462528
26500|0|52740|06/01/2024 17:40:26||21574|4515010544|4698081248
26344|0|10788|06/01/2024 16:33:51||25569|48878144792|141556016232
26609|0|37466|06/01/2024 18:36:12||18228|3002634744|4053585480
26284|0|8062|06/01/2024 16:11:22||26918|5436416616|6630185704
26790|0|19006|06/01/2024 19:54:49||13511|1389370088|1577066408
25532|0|55761|06/01/2024 11:15:35||44665|137132733840|360256301224
25828|0|77115|06/01/2024 13:19:43||37217|1398768592|1900865600
26574|0|56414|06/01/2024 18:13:07||19613|477256056|554235880
26022|0|69735|06/01/2024 14:35:50||32650|3625499280|5034674672
26610|0|50506|06/01/2024 18:32:24||18456|2854946872|2940314264
27043|0|94648|06/01/2024 21:35:55||7445|890760936|1294442560
26769|0|7824|06/01/2024 19:47:08||13972|3708630208|4939825784
26575|0|85659|06/01/2024 18:14:54||19506|275023464|374756736
26701|0|76230|06/01/2024 19:16:15||15825|4798638336|5308538200
26125|0|9300|06/01/2024 15:18:19||30101|8636153808|12291796504
26043|0|41850|06/01/2024 14:46:24||32016|2611479720|3097223776
25930|0|98194|06/01/2024 13:52:06||35274|1319254136|1607700800
25665|0|40103|06/01/2024 12:00:20||41980|11171352096|16688420624
25905|0|18851|06/01/2024 13:48:45||35475|3547358168|3611307272
26911|0|52977|06/01/2024 20:46:11||10429|1246637104|1420813208
26751|0|49389|06/01/2024 19:30:05||14995|720215888|941674960
27150|0|90604|06/01/2024 22:29:17||4243|845362512|1074801552
27281|0|22765|06/01/2024 23:25:40||860|194000144|240970008
26611|0|10372|06/01/2024 18:34:56||18304|3459792536|4918213664
26576|0|85185|06/01/2024 18:16:09|06/01/2024 23:36:19|19210|7254075040|8764996704
26612|0|57109|06/01/2024 18:30:35||18565|4891883464|5183383616
27260|0|85899|06/01/2024 23:15:17||1483|86829984|126580400
26285|0|73648|06/01/2024 16:15:10||26690|5608188592|8295491528
27110|0|73504|06/01/2024 22:06:34||5606|12513837128|35580742056
27308|0|40578|06/01/2024 23:38:36||84|10108576|10599344
26044|0|33020|06/01/2024 14:48:36||31884|7221580528|7805866072
26990|0|81219|06/01/2024 21:12:48||8832|138975992|163516784
26023|0|62807|06/01/2024 14:39:16||32444|2323542656|2659835856
26154|0|74728|06/01/2024 15:29:21||29439|15247593936|19573542320
26888|0|14526|06/01/2024 20:39:18||10842|3995336416|4679421520
27111|0|16532|06/01/2024 22:01:21||5919|1521713392|1633375752
26811|0|67503|06/01/2024 20:09:02||12658|1443624744|2091324848
25288|0|41286|06/01/2024 09:24:02||51358|21674320936|25330411752
26839|0|74143|06/01/2024 20:15:53||12247|1426475928|1647190408
26024|0|59541|06/01/2024 14:34:16||32744|5534693624|7082816264
26952|0|15140|06/01/2024 21:06:31||9209|2695452224|3113627760
25799|0|73320|06/01/2024 13:06:42||37998|11694829656|15593477120
26752|0|28987|06/01/2024 19:33:36||14784|15638561912|32876421344
25618|0|32456|06/01/2024 11:45:31||42869|6911811056|7345381488
26702|0|72622|06/01/2024 19:12:05||16075|1772875456|2229596512
26180|0|96249|06/01/2024 15:34:42||29118|40894760960|78813555504
27282|0|60110|06/01/2024 23:23:15||1005|300442720|389240552
26991|0|19178|06/01/2024 21:11:05||8935|54118632|78504784
26953|0|61221|06/01/2024 21:08:50||9070|957641776|1318726952
27133|0|20659|06/01/2024 22:18:37||4883|156745784|226007712
25870|0|89958|06/01/2024 13:39:48||36012|2851597976|3683881664
27214|0|13277|06/01/2024 22:54:57||2703|171333392|179742920
26675|0|53347|06/01/2024 19:08:45||16275|1503479200|2023105768
25446|0|82959|06/01/2024 10:34:32||47128|12190793504|14048969304
27044|0|35773|06/01/2024 21:32:12||7668|763625880|788153416
27238|0|86994|06/01/2024 23:07:20||1960|1002465608|1310760320
26722|0|77085|06/01/2024 19:22:01||15479|21264499528|42431015168
24867|0|99342|06/01/2024 06:25:12||62088|25972401904|33637938808
26387|0|33874|06/01/2024 16:55:02||24298|1865369816|2166162896
25772|0|83628|06/01/2024 12:53:59||38761|14738857288|15756684760
26156|0|51188|06/01/2024 15:23:10|06/01/2024 23:32:50|29380|3228808744|3249877072
27309|0|51188|06/01/2024 23:33:48||372|19352096|28697744
26157|0|93708|06/01/2024 15:25:54||29646|7976013000|8200914664
25773|0|72619|06/01/2024 12:58:46||38474|80087925144|230763271120
27239|0|45898|06/01/2024 23:08:28||1892|2538184376|1688911288
25751|0|49538|06/01/2024 12:48:13||39107|13258887280|15842141672
26316|0|53235|06/01/2024 16:29:00||25860|20780672904|44914621688
25175|0|78439|06/01/2024 08:35:52||54248|14158289632|19258545704
25800|0|93704|06/01/2024 13:08:50||37870|5815741824|6571846456
26770|0|98961|06/01/2024 19:45:29||14071|2675947528|2824484016
27283|0|12671|06/01/2024 23:26:05||835|731105896|819957104
25688|0|14586|06/01/2024 12:14:39||41121|2695944520|3329874768
27215|0|55807|06/01/2024 22:55:15||2685|1173395808|1221781736
26066|0|98312|06/01/2024 14:52:49||31631|3899574552|4187991736
25261|0|64198|06/01/2024 09:16:58||51782|15269758744|18003231096
24888|0|95348|06/01/2024 06:36:36||61404|21811301832|23456868400
26104|0|38338|06/01/2024 15:07:42||30738|5116634952|7357101504
27194|0|26752|06/01/2024 22:49:02||3058|1620265520|1798948104
26129|0|49374|06/01/2024 15:11:09||30531|9368764184|9815661184
26954|0|96692|06/01/2024 21:09:35||9025|1754301408|2561879872
26286|0|45454|06/01/2024 16:12:25||26855|82192148600|164495487024
26181|0|34760|06/01/2024 15:33:53||29167|11744172208|13770422840
25221|0|54849|06/01/2024 08:54:39||53121|18092054368|22296525432
26430|0|35027|06/01/2024 17:18:17||22903|2112683792|3012397792
26130|0|92786|06/01/2024 15:11:38||30502|10015610640|10529242296
26754|0|15993|06/01/2024 19:31:03||14937|1601077744|2110575712
27240|0|92903|06/01/2024 23:01:12||2328|7590739280|15305296584
27112|0|7858|06/01/2024 22:05:43||5657|15721878856|34855452008
26067|0|74424|06/01/2024 14:57:37||31343|45470145032|27199199808
27261|0|66956|06/01/2024 23:15:29||1471|337660264|437218640
26812|0|80078|06/01/2024 20:00:09||13191|638706672|929884296
27089|0|46180|06/01/2024 21:53:48||6372|1461922312|2091834952
25959|0|98373|06/01/2024 14:05:21||34479|1248206560|1396012560
27176|0|22040|06/01/2024 22:38:45||3675|353136264|424265504
27262|0|64906|06/01/2024 23:17:34||1346|2945130744|8484289960
26723|0|56618|06/01/2024 19:20:12||15588|1854987896|2044916552
27284|0|59622|06/01/2024 23:21:32||1108|668335232|694319128
26791|0|36498|06/01/2024 19:55:54||13446|2563822736|2612417432
25177|0|20751|06/01/2024 08:37:58||54122|42850214408|30099239312
27285|0|64889|06/01/2024 23:23:05||1015|402412448|562186120
24676|0|58689|06/01/2024 05:08:05||66715|19485801480|26455758392
26676|0|20427|06/01/2024 19:05:27||16473|1359118616|1544811544
25312|0|53605|06/01/2024 09:39:43||50417|11477411616|13196485408
26158|0|9867|06/01/2024 15:23:04||29816|1624402424|2368093776
27134|0|39330|06/01/2024 22:10:56||5344|249805504|355678920
26771|0|78553|06/01/2024 19:45:59||14041|2555824872|3696137304
26992|0|71628|06/01/2024 21:15:13||8687|1639464232|1686697984
24982|0|33929|06/01/2024 07:12:32||59248|38763506216|44824253064
25534|0|80530|06/01/2024 11:16:11||44629|3141884272|3374551856
26363|0|24083|06/01/2024 16:49:27||24633|573778552|811449408
26792|0|75433|06/01/2024 19:56:52||13388|5969156736|8254096200
26544|0|47638|06/01/2024 18:03:59||20161|5888056144|7716533936
26412|0|47991|06/01/2024 17:02:59||23821|54187479200|156101575080
27263|0|23508|06/01/2024 23:13:18||1602|6632670528|13545384544
26287|0|63519|06/01/2024 16:16:48||26592|10060180120|13179824920
27177|0|39760|06/01/2024 22:38:50||3670|204457808|302079352
26288|0|27053|06/01/2024 16:17:09||26571|6001120400|6256026200
27113|0|9829|06/01/2024 22:02:16||5864|93160984|120102472
26159|0|82153|06/01/2024 15:28:35||29485|15802180680|20443564416
26364|0|87016|06/01/2024 16:49:35||24625|2863667424|2902964072
26993|0|56152|06/01/2024 21:15:53||8647|6407168552|6934573056
26913|0|37108|06/01/2024 20:43:24||10596|528321472|670666648
25146|0|81904|06/01/2024 08:23:24||54996|12414635680|12615606744
26591|0|66591|06/01/2024 18:20:15||19185|8310040656|11450285184
26345|0|41634|06/01/2024 16:38:11||25309|1723676808|2068957720
27195|0|25872|06/01/2024 22:45:00||3300|1217310248|1281404872
26655|0|74794|06/01/2024 18:56:40||17000|31149994536|76123988840
26755|0|14344|06/01/2024 19:34:56||14704|1273016800|1860742720
27151|0|47501|06/01/2024 22:27:07||4373|791487360|1081070072
25119|0|26733|06/01/2024 08:18:11||55309|5196302720|5715285904
27135|0|53099|06/01/2024 22:13:09||5211|369234672|403235840
26813|0|60524|06/01/2024 20:09:59||12601|5309919864|5504338184
26365|0|55895|06/01/2024 16:41:49||25091|8363476616|9333288504
26994|0|71522|06/01/2024 21:16:18||8622|796473968|876148968
26135|0|83793|06/01/2024 15:16:01||30239|14967691272|19728704080
26413|0|86872|06/01/2024 17:09:03||23457|922619944|1351125736
26458|0|82452|06/01/2024 17:22:29||22651|69430249296|152031909680
26068|0|46123|06/01/2024 14:59:58||31202|285428272|339287904
27152|0|78328|06/01/2024 22:28:34||4286|11063492288|24532961552
26578|0|74259|06/01/2024 18:10:10||19790|562771720|810074784
25667|0|68537|06/01/2024 12:00:11||41989|10726796760|13116428768
26939|0|10110|06/01/2024 20:51:35||10105|3751334384|4059370216
25728|0|52004|06/01/2024 12:33:05||40015|33303119544|71669556280
25290|0|74991|06/01/2024 09:24:42||51318|20128320816|23678226008
25850|0|25915|06/01/2024 13:29:41||36619|1704186648|2166815600
26010|0|30630|06/01/2024 14:28:16||33104|10550532736|14935676184
25961|0|13046|06/01/2024 14:00:47||34753|13815274968|18873059048
27286|0|73835|06/01/2024 23:22:40||1040|61780512|84442864
25872|0|74651|06/01/2024 13:30:07||36593|2172387152|2475561768
26593|0|78433|06/01/2024 18:22:43||19037|6472245864|9087377640
26725|0|75025|06/01/2024 19:21:33||15507|890904040|898468912
26864|0|95706|06/01/2024 20:29:51||11409|223581736|296453520
27023|0|26605|06/01/2024 21:24:37||8123|18796722064|49721127912
27114|0|87945|06/01/2024 22:08:07||5513|66786016|83035736
25120|0|32244|06/01/2024 08:18:38||55282|13543236592|17551413144
26914|0|51161|06/01/2024 20:41:39||10701|2469837392|3277456160
26160|0|48767|06/01/2024 15:27:47||29533|1775475184|2366811880
26501|0|72896|06/01/2024 17:43:29||21391|13716748056|14174886872
25932|0|38388|06/01/2024 13:52:20||35260|7651019600|8147991744
27024|0|78806|06/01/2024 21:27:43||7937|29929567416|64090634696
25399|0|25702|06/01/2024 10:10:20||48580|12566454888|18827847872
26955|0|48296|06/01/2024 21:01:43||9497|5392913200|7244115240
26319|0|61330|06/01/2024 16:23:07||26213|79224728|91594592
25482|0|99359|06/01/2024 10:55:19||45881|31048602480|36418006088
26995|0|26390|06/01/2024 21:18:05||8515|1380835152|1711985840
26841|0|26628|06/01/2024 20:18:12||12108|2900719608|4145522536
24910|0|65677|06/01/2024 06:48:55||60665|3013326576|4437096280
25149|0|39740|06/01/2024 08:23:21||54999|8754768216|13014558056
26632|0|28393|06/01/2024 18:45:32||17668|47974475376|131174957960
27045|0|16695|06/01/2024 21:38:09||7311|4921966568|5700883976
26996|0|35713|06/01/2024 21:16:13||8627|3426367072|5136501784
25668|0|90732|06/01/2024 12:00:00||42000|2960423576|4275063280
25934|0|31251|06/01/2024 13:54:14||35146|3428923008|3591261872
27310|0|15557|06/01/2024 23:38:27||93|18588816|19492616
26889|0|93680|06/01/2024 20:36:42||10998|2240037608|2605170512
26814|0|34412|06/01/2024 20:07:50||12730|691321968|943373192
26677|0|78500|06/01/2024 19:02:42||16638|2766519976|3006710272
26940|0|10342|06/01/2024 20:56:59||9781|25886848608|61407857944
26431|0|97925|06/01/2024 17:14:33||23127|4387950000|6251133352
25830|0|29649|06/01/2024 13:13:19||37601|51083559752|140107552776
27025|0|39308|06/01/2024 21:20:59||8341|182849360|196975920
27046|0|78689|06/01/2024 21:37:38||7342|570575768|739805072
27196|0|74346|06/01/2024 22:42:12||3468|268728888|332495776
27136|0|65491|06/01/2024 22:13:29||5191|8071772520|23350405088
27153|0|98489|06/01/2024 22:21:02||4738|813094688|889628480
27216|0|3892|06/01/2024 22:56:52||2588|2221238488|6401531856
24796|0|6662|06/01/2024 05:58:33||63687|36770575008|53329908024
25510|0|84806|06/01/2024 11:09:31||45029|2991834696|3665470776
26253|0|19079|06/01/2024 16:07:06||27174|39982560480|25365812176
26415|0|71562|06/01/2024 17:09:20||23440|59853872912|133796064200
25935|0|40681|06/01/2024 13:52:40||35240|21755298512|12187633152
26459|0|78684|06/01/2024 17:21:50||22690|3644862720|4165226648
27197|0|84330|06/01/2024 22:45:42||3258|998812512|1074113192
26815|0|95702|06/01/2024 20:06:01||12839|32396475008|89196820480
26289|0|41706|06/01/2024 16:16:25||26615|354225552|425012192
26756|0|55644|06/01/2024 19:37:56||14524|1817308608|2454536184
24960|0|40283|06/01/2024 07:01:47||59893|3290982688|3299640400
27311|0|50061|06/01/2024 23:35:05||295|136778416|172280376
27264|0|75667|06/01/2024 23:15:02||1498|2073995168|5474396888
26320|0|73186|06/01/2024 16:20:36||26364|5339965688|7106726144
26205|0|41227|06/01/2024 15:49:21||28239|1459375832|1512933800
26843|0|11781|06/01/2024 20:11:07||12533|2552421944|3807318544
25831|0|42205|06/01/2024 13:10:12||37788|4119050440|5501560696
25483|0|96286|06/01/2024 10:55:31||45869|17307697560|21044328176
25752|0|94788|06/01/2024 12:49:22||39038|14690179968|19961474072
26793|0|78335|06/01/2024 19:52:44||13636|1308608504|1568422120
27198|0|60882|06/01/2024 22:41:11||3529|5617180512|10874943520
27265|0|96892|06/01/2024 23:18:43||1277|497654056|602324488
25936|0|42912|06/01/2024 13:58:41||34879|3296296056|3621431896
26957|0|28044|06/01/2024 21:07:49||9131|1371442600|1748298416
26071|0|93168|06/01/2024 14:50:58||31742|12649032928|13758745432
27266|0|46995|06/01/2024 23:14:34||1526|63910840|73171424
26366|0|90959|06/01/2024 16:44:08||24952|12231797192|13078074816
26025|0|34953|06/01/2024 14:34:14||32746|5616975496|7328160592
25774|0|26346|06/01/2024 12:56:13||38627|4847492336|6716415848
26321|0|75914|06/01/2024 16:22:50||26230|823134520|982132576
25121|0|39011|06/01/2024 08:14:13||55547|1039033184|1450153584
26727|0|85291|06/01/2024 19:24:21||15339|470896352|480098240
26595|0|70084|06/01/2024 18:29:47||18613|5748676176|6700897120
25648|0|17728|06/01/2024 11:56:49||42191|1168132856|1541539968
26915|0|47970|06/01/2024 20:44:40||10520|1715625288|2191246520
26072|0|74386|06/01/2024 14:51:33||31707|3495902208|4794244888
26844|0|32920|06/01/2024 20:15:08||12292|2481518440|2988005080
27137|0|4535|06/01/2024 22:11:00||5340|8968254880|23229965232
26545|0|89551|06/01/2024 18:07:09||19971|8763699680|9189968200
27138|0|13907|06/01/2024 22:19:17||4843|31415416|44767608
25537|0|48714|06/01/2024 11:14:55||44705|7489761736|9783895024
27312|0|73483|06/01/2024 23:34:06||354|226586304|123061120
26916|0|61110|06/01/2024 20:42:58||10622|1926329816|2660087576
27070|0|94873|06/01/2024 21:44:30||6930|746628624|995769800
26614|0|9390|06/01/2024 18:38:53||18067|3906466136|4355956160
26026|0|82516|06/01/2024 14:33:35||32785|7597388632|9763191504
25330|0|99134|06/01/2024 09:43:17||50203|8224538392|12296032928
25804|0|98009|06/01/2024 13:04:34||38126|21849537624|24875702408
25985|0|66200|06/01/2024 14:18:57||33663|3070831832|4099482512
27115|0|19738|06/01/2024 22:06:28||5612|377082200|521686856
25450|0|22741|06/01/2024 10:32:32||47248|19422989008|22974567328
27217|0|46086|06/01/2024 22:52:13||2867|104402832|126609920
25909|0|48483|06/01/2024 13:46:00||35640|1324395832|1486167888
26046|0|69341|06/01/2024 14:47:25||31955|2425144448|2863094568
26615|0|35699|06/01/2024 18:38:41||18079|1619063112|2297205952
26368|0|38932|06/01/2024 16:44:11||24949|38962923840|79920551872
27090|0|4685|06/01/2024 21:56:54||6186|351936000|450125736
26460|0|42168|06/01/2024 17:26:33||22407|5699688720|5926582232
25539|0|27211|06/01/2024 11:17:14||44566|1193938216|1506988816
26580|0|61132|06/01/2024 18:15:58||19442|2862812752|3003957616
26546|0|59806|06/01/2024 18:06:28||20012|4739904192|5075792800
26997|0|64838|06/01/2024 21:17:50||8530|14081529024|29999950416
26346|0|23892|06/01/2024 16:36:17||25423|4591472608|4963105904
26027|0|35867|06/01/2024 14:38:27||32493|2453118760|2759575016
26291|0|21722|06/01/2024 16:16:07||26633|2324344800|2632664872
26757|0|14009|06/01/2024 19:39:57||14403|434282728|642506552
27154|0|61125|06/01/2024 22:26:59||4381|698640992|717024224
27047|0|87581|06/01/2024 21:33:20||7600|675842432|710979312
26105|0|22794|06/01/2024 15:05:42||30858|11500478544|17117952312
27026|0|81020|06/01/2024 21:28:35||7885|1392281456|1963081136
26656|0|23048|06/01/2024 18:54:02|06/01/2024 23:33:35|16773|3027338016|4131576504
27048|0|30280|06/01/2024 21:35:05||7495|425550904|556592048
26616|0|92824|06/01/2024 18:38:08||18112|29994968992|60914076840
26183|0|54461|06/01/2024 15:30:34||29366|8755695176|12819353080
26816|0|75069|06/01/2024 20:07:29||12751|1095875248|1496323552
26136|0|92593|06/01/2024 15:18:41||30079|9895688784|10837473056
25246|0|98672|06/01/2024 09:01:13||52727|20139758312|28643146944
25591|0|13901|06/01/2024 11:35:03||43497|1218631072|1440887184
25937|0|60185|06/01/2024 13:57:11||34969|9007611824|11606862760
27178|0|64894|06/01/2024 22:35:59||3841|707234600|818036392
26254|0|38417|06/01/2024 16:00:46||27554|12027766984|9729757544
27287|0|71535|06/01/2024 23:26:36||804|458657840|590050336
26184|0|50341|06/01/2024 15:30:44||29356|7148942520|10376946736
26461|0|53738|06/01/2024 17:25:57||22443|4704422192|4888081192
27199|0|24447|06/01/2024 22:42:54||3426|9550915080|22505191104
25469|0|99612|06/01/2024 10:44:13||46547|11661447720|15974326936
26998|0|89988|06/01/2024 21:17:08||8572|1013426680|1485249936
27241|0|5708|06/01/2024 23:04:28||2132|677360144|780358840
26845|0|17446|06/01/2024 20:11:56||12484|1526437976|1791001304
25851|0|35826|06/01/2024 13:25:41||36859|4421166384|4832537656
25179|0|95806|06/01/2024 08:38:29||54091|11799748752|17392608152
26817|0|10803|06/01/2024 20:07:56||12724|235039088|255595768
26416|0|45386|06/01/2024 17:08:37||23483|1564041072|1610019104
26462|0|31448|06/01/2024 17:20:15||22785|6647871304|7267959176
27155|0|19015|06/01/2024 22:20:27||4773|786130832|941619456
26417|0|62285|06/01/2024 17:08:49||23471|73264781920|171102098136
25938|0|27556|06/01/2024 13:53:52||35168|6588259808|8236376200
25540|0|22375|06/01/2024 11:18:47||44473|34009186984|34850710904
26617|0|93403|06/01/2024 18:30:03||18597|679404328|705140704
26890|0|36625|06/01/2024 20:33:07||11213|4609921656|6630423216
25873|0|57591|06/01/2024 13:34:53||36307|25794804056|32392120144
25624|0|45373|06/01/2024 11:40:15||43185|3351501576|3894304488
26255|0|80466|06/01/2024 16:09:54||27006|3888274216|5059672000
27288|0|78679|06/01/2024 23:22:14||1066|746554272|996784752
26432|0|57945|06/01/2024 17:14:10||23150|7725232928|8270786616
27049|0|95103|06/01/2024 21:31:08||7732|14082808848|28886406840
26292|0|78096|06/01/2024 16:19:55||26405|9375396040|9695939200
25090|0|68984|06/01/2024 08:04:21||56139|213338933296|476467628480
26073|0|34272|06/01/2024 14:56:17||31423|12861485248|14781766200
26999|0|44360|06/01/2024 21:12:56||8824|11085745832|7289266048
26618|0|10085|06/01/2024 18:34:54||18306|3091470856|3497051360
26846|0|86250|06/01/2024 20:18:30||12090|2034515552|2276422400
26866|0|57795|06/01/2024 20:27:09||11571|816591312|960608144
26867|0|43550|06/01/2024 20:27:22||11558|2184357096|2949752784
26206|0|7412|06/01/2024 15:45:18||28482|3629879664|3696451528
26323|0|22156|06/01/2024 16:20:45||26355|46103207912|106175289616
26847|0|4803|06/01/2024 20:19:48||12012|25627053608|66976251176
26293|0|98113|06/01/2024 16:19:51||26409|6734139368|8945224936
26231|0|29749|06/01/2024 15:59:28||27632|71380195904|146567553952
26678|0|57836|06/01/2024 19:04:27||16533|24317831344|52669011120
26389|0|87579|06/01/2024 16:58:04||24116|1182143480|1285212232
24934|0|93213|06/01/2024 06:53:06||60414|4853194688|5892528504
26917|0|56631|06/01/2024 20:49:00||10260|3903600280|5321661248
26635|0|89760|06/01/2024 18:49:12||17448|5225620568|5479319960
26390|0|75669|06/01/2024 16:56:40||24200|38360204936|91967664056
26918|0|4484|06/01/2024 20:49:30||10230|1492056160|1555543080
25486|0|62816|06/01/2024 10:56:00||45840|21860880248|22112268296
25266|0|55005|06/01/2024 09:10:48||52152|3292051368|4799178376
26596|0|50675|06/01/2024 18:25:45||18855|861383904|1241006240
27179|0|16540|06/01/2024 22:32:58||4022|1319657312|1644744416
26524|0|24602|06/01/2024 17:59:33||20427|1388678208|1967052920
25123|0|34214|06/01/2024 08:17:56|06/01/2024 23:32:18|54862|11370314656|12521865048
27313|0|34214|06/01/2024 23:32:47||433|120535992|128753688
27156|0|93820|06/01/2024 22:25:25||4475|1266282832|1622381640
25592|0|45796|06/01/2024 11:33:56||43564|11446284528|12199274312
26818|0|95116|06/01/2024 20:09:10||12650|3873889800|3888912728
26848|0|28490|06/01/2024 20:17:17||12163|2539552472|2771747304
26028|0|91127|06/01/2024 14:35:12||32688|4830509184|5967609968
26919|0|28106|06/01/2024 20:45:36||10464|22483253272|57920037096
26294|0|61191|06/01/2024 16:12:45||26835|12856421936|15036757016
26504|0|53326|06/01/2024 17:48:04||21116|2639742264|3596672456
25154|0|13013|06/01/2024 08:22:42||55038|10413378760|15016342192
25380|0|41544|06/01/2024 10:01:43||49097|281818248|314527608
26138|0|45059|06/01/2024 15:13:54||30366|1576875528|2252500800
25649|0|52563|06/01/2024 11:51:31||42509|6359906840|6873176416
27267|0|29237|06/01/2024 23:16:18||1422|211112592|266170280
25940|0|66081|06/01/2024 13:52:30||35250|140624400984|288597741704
25333|0|36012|06/01/2024 09:45:34||50066|15462432840|17823488624
26849|0|91976|06/01/2024 20:16:15||12225|3220827360|3554171528
27180|0|27698|06/01/2024 22:35:32||3868|772619056|894972824
25833|0|38484|06/01/2024 13:15:17||37483|106360988064|224860879672
25941|0|33206|06/01/2024 13:59:23||34837|11209233864|14967478888
25650|0|70213|06/01/2024 11:50:00||42600|3624515304|4662102024
26960|0|83186|06/01/2024 21:04:41||9319|1268674784|1790550048
24603|0|50917|06/01/2024 04:33:54||68766|9815634008|10555398320
24818|0|41963|06/01/2024 06:02:24||63456|3146360168|4689488944
27157|0|36760|06/01/2024 22:26:59||4381|990497120|1036125624
26295|0|29228|06/01/2024 16:11:23||26917|3731534280|5475111112
26433|0|60581|06/01/2024 17:14:15||23145|2935436984|3628950696
25202|0|94050|06/01/2024 08:48:25||53495|2600434864|2605995280
27218|0|21356|06/01/2024 22:50:01||2999|161292016|237668464
26920|0|8169|06/01/2024 20:49:21||10239|7971496360|10244023320
26941|0|78279|06/01/2024 20:57:34||9746|2672659088|3714513176
26107|0|72481|06/01/2024 15:01:47||31093|5877987272|7417180152
25381|0|17619|06/01/2024 10:01:55||49085|8630535152|10556772136
26232|0|84564|06/01/2024 15:58:32||27688|3535103064|5002919840
26794|0|71854|06/01/2024 19:54:07||13553|2061807504|3028398096
27200|0|91279|06/01/2024 22:47:59||3121|433530744|621451208
26048|0|39360|06/01/2024 14:43:07||32213|3140513936|3410239952
27219|0|41267|06/01/2024 22:56:34||2606|86768032|105164208
25710|0|7757|06/01/2024 12:21:03||40737|6132706856|6216788712
27028|0|27595|06/01/2024 21:28:04||7916|752833936|907384360
26485|0|43993|06/01/2024 17:30:08||22192|10338791976|12448175416
26391|0|94316|06/01/2024 16:51:52||24488|7544244224|7626272944
26758|0|72700|06/01/2024 19:38:50||14470|2778608808|4035280664
27158|0|27748|06/01/2024 22:26:34||4406|2015990248|2073166920
26370|0|97311|06/01/2024 16:44:50||24910|27825296040|64490452904
25877|0|42553|06/01/2024 13:33:06||36414|23114631800|23307560904
27000|0|88746|06/01/2024 21:19:13||8447|961546784|1383621664
26418|0|85267|06/01/2024 17:09:28||23432|2928945536|2931249376
27289|0|32978|06/01/2024 23:20:49||1151|274052256|348675904
26108|0|73600|06/01/2024 15:00:54||31146|10205272048|11020188360
25091|0|24156|06/01/2024 08:02:39||56241|13964471656|19381786208
27029|0|23425|06/01/2024 21:27:14||7966|16762259280|31563291424
27290|0|33275|06/01/2024 23:23:58||962|87654896|99141408
26076|0|99107|06/01/2024 14:57:55||31325|2046174032|2271304968
26162|0|75722|06/01/2024 15:22:40||29840|3234750848|4157100928
26371|0|77345|06/01/2024 16:45:04||24896|1552091152|2133224752
26868|0|35459|06/01/2024 20:29:30||11430|218431552|285595760
26139|0|52141|06/01/2024 15:19:18||30042|3061786216|3592341504
27030|0|63807|06/01/2024 21:28:38||7882|3706536008|5356538328
27268|0|22701|06/01/2024 23:16:38||1402|199203504|255807568
25962|0|51319|06/01/2024 14:01:27||34713|17868401928|21436044976
26505|0|53434|06/01/2024 17:40:07||21593|3604111080|3827999032
24775|0|52904|06/01/2024 05:46:26||64414|15414150320|22578940896
26619|0|93717|06/01/2024 18:31:21||18519|4286685760|5536934632
25987|0|5416|06/01/2024 14:16:55||33785|5242740248|6752182048
26820|0|75895|06/01/2024 20:00:46||13154|31156672472|77121003936
26233|0|33346|06/01/2024 15:57:36||27744|4438861008|5945362128
25963|0|84585|06/01/2024 14:09:40||34220|119820209832|245621477784
27159|0|76496|06/01/2024 22:26:15||4425|1882600688|2187110624
26486|0|56019|06/01/2024 17:36:19||21821|1871631808|2147604208
27160|0|71391|06/01/2024 22:27:11||4369|112580176|123831888
25406|0|18270|06/01/2024 10:18:34||48086|73534152720|192523431520
26620|0|84629|06/01/2024 18:39:40||18020|1440275032|1656042184
26049|0|43500|06/01/2024 14:45:16||32084|8627825488|9186075720
26487|0|62527|06/01/2024 17:36:19||21821|32587039664|77737068784
26506|0|33390|06/01/2024 17:47:46||21134|7557467216|8550878616
25755|0|22991|06/01/2024 12:43:40||39380|93820381088|278336004024
26962|0|6376|06/01/2024 21:00:54||9546|3463418904|3574356256
26207|0|79189|06/01/2024 15:49:56||28204|4255057568|4332113744
25267|0|70009|06/01/2024 09:14:49||51911|10772966344|14920093104
26185|0|71014|06/01/2024 15:36:24||29016|6751761248|9875280648
25356|0|55177|06/01/2024 09:52:14||49666|6708661216|8997924424
26434|0|87607|06/01/2024 17:13:54||23166|1666505752|1730620936
26507|0|13824|06/01/2024 17:41:25||21515|6986608736|10096500928
26463|0|67407|06/01/2024 17:23:24||22596|870210808|1159085208
26140|0|98663|06/01/2024 15:18:41||30079|11172699912|13937932016
25806|0|61005|06/01/2024 13:05:53||38047|4728478792|6025162880
24871|0|41578|06/01/2024 06:27:46||61934|2634840456|2855136736
27002|0|35705|06/01/2024 21:14:50||8710|2934442944|3067290304
26869|0|21906|06/01/2024 20:28:42||11478|1409386320|1816051192
27116|0|77387|06/01/2024 22:07:14||5566|6961856032|18683271496
26325|0|19955|06/01/2024 16:21:53||26287|2270282992|2841964752
25293|0|35695|06/01/2024 09:22:00||51480|12148805976|13989677600
25018|0|67239|06/01/2024 07:25:03||58497|9128022632|10777722488
26597|0|35567|06/01/2024 18:20:29||19171|19880486344|20529998104
25426|0|38967|06/01/2024 10:26:11||47629|20767765888|22663521168
24847|0|57132|06/01/2024 06:13:00||62820|187638525736|492333914256
26796|0|46466|06/01/2024 19:58:50||13270|1428114216|1907992184
24914|0|85221|06/01/2024 06:49:24||60636|7755157424|10286496664
27003|0|58966|06/01/2024 21:16:28||8612|2968121400|3171858160
24872|0|50446|06/01/2024 06:24:04||62156|18751959848|19627654200
27291|0|25604|06/01/2024 23:29:46||614|1332274416|3240505488
26508|0|26325|06/01/2024 17:42:28||21452|2354179960|3222456984
25942|0|8328|06/01/2024 13:59:49||34811|7779870248|10510501480
26435|0|71174|06/01/2024 17:15:20||23080|7962239592|8737997896
27292|0|27239|06/01/2024 23:26:43||797|641421968|645523496
26077|0|96247|06/01/2024 14:54:21||31539|2958563256|3929748568
25879|0|62292|06/01/2024 13:36:43||36197|217092472|270980856
27004|0|32468|06/01/2024 21:14:53||8707|4653551768|3704918112
25052|0|17356|06/01/2024 07:46:57||57183|5063455656|5522582184
26891|0|48439|06/01/2024 20:35:34||11066|4765914736|6415560520
26892|0|39373|06/01/2024 20:31:50||11290|3002309944|3460979224
26598|0|11043|06/01/2024 18:28:36||18684|804551304|1051737488
26893|0|68306|06/01/2024 20:33:13||11207|3193800504|3916456888
26235|0|32108|06/01/2024 15:59:58||27602|5344459040|5472787656
26921|0|6952|06/01/2024 20:48:02||10318|47011155008|97988272016
26525|0|71648|06/01/2024 17:53:37||20783|3864475216|4058709624
25268|0|49738|06/01/2024 09:10:28|06/01/2024 23:39:01|52113|2420170472|2694624456
24965|0|40431|06/01/2024 07:02:11||59869|6049854736|7350190400
26773|0|94709|06/01/2024 19:41:37||14303|94870264|113882496
26348|0|57503|06/01/2024 16:35:54||25446|15402026344|18094863824
25756|0|46611|06/01/2024 12:48:16||39104|534847840|801946072
26850|0|39968|06/01/2024 20:11:13||12527|663402624|893865264
26774|0|37225|06/01/2024 19:46:47||13993|4158544160|4600056984
25294|0|85434|06/01/2024 09:22:45||51435|3791775496|4298868552
26349|0|15099|06/01/2024 16:39:21||25239|772724312|971679040
26775|0|45237|06/01/2024 19:45:41||14059|698967328|1005272704
25730|0|88937|06/01/2024 12:37:28||39752|17416194040|22805953216
26821|0|70307|06/01/2024 20:07:13||12767|40626370560|104643530280
25452|0|68634|06/01/2024 10:35:03||47097|4710599400|6613627416
26657|0|64101|06/01/2024 18:57:16||16964|480418760|575298880
25471|0|44964|06/01/2024 10:43:48||46572|15136625072|20290786560
25183|0|34682|06/01/2024 08:33:54||54366|7484653776|8788056592
26465|0|78994|06/01/2024 17:24:23||22537|40168284032|97066258936
26078|0|12359|06/01/2024 14:57:58||31322|5312518592|6300749648
25626|0|28498|06/01/2024 11:42:52||43028|82372747072|177123067456
25383|0|88450|06/01/2024 10:02:38||49042|7341992984|10968572256
26509|0|90225|06/01/2024 17:41:55||21485|7353176440|7610808840
26141|0|22823|06/01/2024 15:14:04||30356|5003317808|6203804760
25076|0|28176|06/01/2024 07:58:23||56497|430359559928|274007574352
26488|0|49522|06/01/2024 17:32:21||22059|2579742816|3814355904
25595|0|30265|06/01/2024 11:32:04||43676|7588167760|10180903608
26489|0|37567|06/01/2024 17:30:52||22148|3276795408|4457464880
25853|0|95237|06/01/2024 13:28:07||36713|5056140184|6317038832
27117|0|26922|06/01/2024 22:06:28||5612|13379392|14972400
25836|0|31543|06/01/2024 13:11:12||37728|7184475560|8520952648
25671|0|13757|06/01/2024 12:08:25||41495|4790360272|6209831600
24630|0|93993|06/01/2024 04:48:06||67914|33521179648|47162063736
27071|0|61686|06/01/2024 21:47:54||6726|2719699632|2724612216
26208|0|39025|06/01/2024 15:41:51||28689|10862268472|14794613728
26705|0|14541|06/01/2024 19:17:21||15759|360011760|380660272
26658|0|31636|06/01/2024 18:56:53||16987|2401636240|2892198040
25943|0|12056|06/01/2024 13:56:51||34989|9596830288|10406933032
25651|0|57247|06/01/2024 11:59:59||42001|97840374736|251856957920
24915|0|48607|06/01/2024 06:46:42||60798|9588761896|12907942504
26797|0|28438|06/01/2024 19:56:04||13436|3064265144|3776373496
25964|0|85410|06/01/2024 14:07:58|06/01/2024 23:39:24|34286|1540674216|2002523656
27181|0|99156|06/01/2024 22:31:12||4128|310735192|370184048
25226|0|82385|06/01/2024 08:59:16||52844|8715096584|8746001800
24873|0|54339|06/01/2024 06:23:02||62218|46973563640|123367944208
26393|0|4054|06/01/2024 16:59:30||24030|8903187448|10651667088
26776|0|21392|06/01/2024 19:41:47||14293|148211656|195501160
26729|0|35733|06/01/2024 19:23:55||15365|178557360|204040392
26922|0|98856|06/01/2024 20:45:18||10482|6881100512|7261959112
26143|0|86828|06/01/2024 15:16:57||30183|16017790608|16980698912
26680|0|37861|06/01/2024 19:07:48||16332|1602940392|1744891920
26894|0|68031|06/01/2024 20:37:13||10967|3327626072|3369642320
27242|0|65772|06/01/2024 23:02:31||2249|580152552|695878072
27051|0|11231|06/01/2024 21:36:41||7399|5050160480|7344468960
27005|0|44893|06/01/2024 21:12:01||8879|322617592|428327640
24660|0|95872|06/01/2024 04:53:31||67589|15246760032|22791881344
25315|0|10802|06/01/2024 09:36:54||50586|166322212400|476971341608
26706|0|6670|06/01/2024 19:19:57||15603|8210478104|10603573176
26420|0|44731|06/01/2024 17:09:22||23438|315691376|444821448
25807|0|58029|06/01/2024 13:09:52||37808|4621851528|5582657224
26895|0|81072|06/01/2024 20:32:37||11243|1637419472|1650082768
26896|0|64456|06/01/2024 20:31:59||11281|6442566448|6594458600
25544|0|29554|06/01/2024 11:14:37||44723|1327622600|1528196720
26681|0|79990|06/01/2024 19:07:47||16333|7271928392|10886857688
26526|0|19097|06/01/2024 17:51:00||20940|6179168|8271600
25914|0|9872|06/01/2024 13:41:23||35917|14684778784|20220813384
25295|0|4771|06/01/2024 09:23:37||51383|2618193568|2633559432
27031|0|98621|06/01/2024 21:25:40||8060|1814910072|2391501888
26050|0|89278|06/01/2024 14:47:02||31978|9285959248|13262302344
26326|0|61032|06/01/2024 16:28:54||25866|7130272304|7388489600
26394|0|7199|06/01/2024 16:58:59||24061|3613930248|5128178920
26209|0|33062|06/01/2024 15:40:14||28786|71297070368|170811914384
27220|0|30292|06/01/2024 22:59:28||2432|6086545824|17878056680
27182|0|80603|06/01/2024 22:34:29||3931|200855016|252226720
25808|0|97911|06/01/2024 13:01:55||38285|19026287072|26954591968
27161|0|5529|06/01/2024 22:25:32||4468|2679153184|3341865192
26327|0|68440|06/01/2024 16:23:15||26205|11251792848|11265511080
27139|0|43678|06/01/2024 22:16:56||4984|2097772632|2796301600
26051|0|16948|06/01/2024 14:41:53||32287|7572043768|9054757976
25880|0|83558|06/01/2024 13:31:57||36483|21777159640|24453373880
27201|0|90872|06/01/2024 22:45:13||3287|1050198256|1062562400
25359|0|27019|06/01/2024 09:58:59||49261|891136632|1251052224
25491|0|11066|06/01/2024 10:52:27||46053|2268788528|2903100144
26923|0|66317|06/01/2024 20:49:21||10239|5183108256|7481671904
26963|0|29753|06/01/2024 21:02:17||9463|5760634136|8045960392
27118|0|57413|06/01/2024 22:08:28||5492|247363488|302897504
26466|0|79350|06/01/2024 17:24:09||22551|2452434696|2891366544
27091|0|71539|06/01/2024 21:50:24||6576|153711296|173743744
25988|0|9206|06/01/2024 14:10:32||34168|1269239256|1401469352
26490|0|75279|06/01/2024 17:39:45||21615|3412359856|4602704656
26897|0|29526|06/01/2024 20:37:38||10942|134548512|201197160
26186|0|69929|06/01/2024 15:30:31||29369|14490511696|21725343064
26163|0|97039|06/01/2024 15:20:02||29998|1131330360|1447127552
25429|0|35168|06/01/2024 10:26:44||47596|86343671840|250043730328
26395|0|59045|06/01/2024 16:59:11||24049|1134187136|1364096536
26467|0|88489|06/01/2024 17:21:40||22700|6766386336|9789415160
25227|0|77284|06/01/2024 08:51:43||53297|19147747072|21994938968
26599|0|53030|06/01/2024 18:28:09||18711|4076879768|5320912216
25598|0|38170|06/01/2024 11:30:12||43788|4304794536|5096335320
27119|0|86032|06/01/2024 22:01:41||5899|321103480|394936480
27183|0|38350|06/01/2024 22:33:16||4004|246642968|287214976
27221|0|83051|06/01/2024 22:59:52||2408|133143440|146619184
24899|0|38265|06/01/2024 06:36:10||61430|3403161488|4445628432
26851|0|42570|06/01/2024 20:11:21||12519|2057054808|2572495600
26924|0|22671|06/01/2024 20:48:56||10264|24189259720|65362909912
26798|0|96090|06/01/2024 19:55:18||13482|1470569424|2084255200
26257|0|15906|06/01/2024 16:05:57||27243|59646583408|121424351096
26777|0|93911|06/01/2024 19:48:55||13865|1897040736|1961662848
26297|0|58552|06/01/2024 16:18:02||26518|626915672|899927896
25989|0|90642|06/01/2024 14:16:44||33796|1469394960|1855810160
27202|0|62691|06/01/2024 22:46:43||3197|190581272|222065776
27203|0|10527|06/01/2024 22:41:24||3516|587009872|697289304
26621|0|91752|06/01/2024 18:31:05||18535|11790332512|13417215256
26778|0|63625|06/01/2024 19:40:38||14362|15721142032|30563804400
26870|0|11654|06/01/2024 20:26:30||11610|2722689624|2843849096
25965|0|11466|06/01/2024 14:05:31||34469|4463568432|4972283208
26372|0|86592|06/01/2024 16:43:46||24974|782272352|897594056
26759|0|70337|06/01/2024 19:33:21||14799|13648076736|35772119904
27204|0|33681|06/01/2024 22:45:06||3294|2553382896|2594020712
26779|0|43601|06/01/2024 19:45:58||14042|20061325632|57942606192
26396|0|64323|06/01/2024 16:52:21||24459|2523691080|2867118568
25854|0|53508|06/01/2024 13:25:57||36843|10067406168|13059017240
25915|0|47866|06/01/2024 13:42:26||35854|10559757472|10798080560
26109|0|88561|06/01/2024 15:02:08||31072|920301512|1080215440
25966|0|14153|06/01/2024 14:09:21||34239|5190111704|7158259888
25248|0|68764|06/01/2024 09:06:38||52402|25731535720|26791142528
26548|0|85454|06/01/2024 18:00:15||20385|34117392320|23989508328
25099|0|53519|06/01/2024 08:07:10||55970|3150660776|3661288992
25249|0|40656|06/01/2024 09:01:41||52699|19135995720|24791105416
25837|0|67809|06/01/2024 13:19:34||37226|20143458448|28226834160
26033|0|30443|06/01/2024 14:30:46||32954|2535913872|2585322992
25944|0|9807|06/01/2024 13:51:54||35286|16416210312|20475917768
25693|0|76735|06/01/2024 12:12:11||41269|284114144|365685320
26210|0|57856|06/01/2024 15:42:20||28660|11720499640|16996952832
26780|0|34124|06/01/2024 19:41:15||14325|3251332176|4699332008
24821|0|91568|06/01/2024 06:02:23||63457|12660492504|15704508784
25384|0|67632|06/01/2024 10:02:15||49065|7233137248|7910958184
26639|0|23103|06/01/2024 18:49:54||17406|28197113440|74845323080
27140|0|98783|06/01/2024 22:16:54||4986|300651152|326015872
26871|0|87315|06/01/2024 20:29:24||11436|557150880|638693520
26436|0|37926|06/01/2024 17:13:46||23174|6850380064|7972238240
26397|0|65288|06/01/2024 16:52:12||24468|37976280040|25587153384
27006|0|76833|06/01/2024 21:15:56||8644|3238263376|4023166168
26549|0|29837|06/01/2024 18:06:52||19988|4646092424|4815169792
25732|0|86732|06/01/2024 12:31:53||40087|8464963344|10054544464
26298|0|72404|06/01/2024 16:15:58||26642|4028085384|5230596856
25128|0|9849|06/01/2024 08:19:50||55210|26332408248|30400893120
25777|0|70242|06/01/2024 12:53:16||38804|4728929584|2640326760
27205|0|43698|06/01/2024 22:44:38||3322|442592976|583709368
26581|0|51334|06/01/2024 18:14:55||19505|8971927600|9240096872
27092|0|43917|06/01/2024 21:50:48||6552|301292432|405870960
26852|0|19157|06/01/2024 20:17:35||12145|57644944|74525384
27162|0|94627|06/01/2024 22:24:39||4521|207021776|210911160
26707|0|12454|06/01/2024 19:14:28||15932|4542717296|4809549608
25855|0|29916|06/01/2024 13:27:52||36728|238598432|301199200
26437|0|65470|06/01/2024 17:10:39||23361|5840319440|7660328776
24990|0|35937|06/01/2024 07:18:58||58862|27593204440|39719216776
26398|0|54314|06/01/2024 16:52:24||24456|18881785032|14845626000
26527|0|26784|06/01/2024 17:59:18||20442|8832524320|10028873160
27052|0|89835|06/01/2024 21:33:44||7576|10448095968|29666645040
27120|0|58921|06/01/2024 22:03:36||5784|702018496|863361824
26582|0|70953|06/01/2024 18:15:37||19463|14659497872|19468487640
26422|0|94290|06/01/2024 17:01:47||23893|2015792552|2320674144
25034|0|80310|06/01/2024 07:30:46||58154|10564873456|10698948928
26799|0|67919|06/01/2024 19:57:54||13326|866381704|1153386128
24514|0|25689|06/01/2024 03:52:18||71262|40786039000|43585737904
26469|0|83641|06/01/2024 17:26:52||22388|70326022408|186467242536
26258|0|51236|06/01/2024 16:01:44||27496|4109841192|4828256928
25733|0|83949|06/01/2024 12:30:06||40194|6813298416|8327448728
25759|0|25341|06/01/2024 12:41:55||39485|13972351744|14737393344
27243|0|32098|06/01/2024 23:00:10||2390|226006728|267923872
26898|0|66006|06/01/2024 20:36:59||10981|5383913808|4133304536
25881|0|3865|06/01/2024 13:34:39||36321|18726339736|25230238144
26034|0|90491|06/01/2024 14:30:43||32957|1641314760|1939726376
25882|0|94482|06/01/2024 13:38:30||36090|4812837096|7041336928
26081|0|40546|06/01/2024 14:56:34||31406|55313467144|106532248864
26760|0|13713|06/01/2024 19:36:49||14591|1108682256|1297488712
27314|0|21276|06/01/2024 23:31:23||517|85009248|113419208
27293|0|45990|06/01/2024 23:20:22||1178|427463736|486764624
26872|0|29694|06/01/2024 20:25:19||11681|3535302400|3886776384
27244|0|58591|06/01/2024 23:09:07||1853|173627976|258026272
27093|0|73872|06/01/2024 21:58:52||6068|61428424|74943368
27163|0|51043|06/01/2024 22:27:16||4364|120256368|162345312
25883|0|31608|06/01/2024 13:32:13||36467|52931112576|132337688472
27072|0|13423|06/01/2024 21:44:06||6954|6561807384|8178411472
25990|0|84025|06/01/2024 14:15:04||33896|3148925464|4691654896
27245|0|3972|06/01/2024 23:06:35||2005|728617784|1066904368
27246|0|12811|06/01/2024 23:09:37||1823|3761888832|10597479240
26853|0|43877|06/01/2024 20:14:36||12324|1174110816|1203462008
26511|0|78144|06/01/2024 17:45:00||21300|6986258736|7014198808
26899|0|91772|06/01/2024 20:30:25||11375|2138544648|2219392072
24561|0|19018|06/01/2024 04:18:37|06/01/2024 23:36:46|69489|7754640472|9730455952
27315|0|19018|06/01/2024 23:37:53||127|10766048|11450952
27206|0|15878|06/01/2024 22:43:28||3392|331807760|357413016
26328|0|8224|06/01/2024 16:24:34||26126|5197147920|5376965960
26373|0|18106|06/01/2024 16:43:01||25019|46868696432|109808000512
26470|0|50805|06/01/2024 17:21:26||22714|5431070456|7571300048
26942|0|78465|06/01/2024 20:58:32||9688|5923024824|6283934144
25991|0|33645|06/01/2024 14:11:38||34102|1417397520|1737467072
26082|0|42604|06/01/2024 14:55:01||31499|7102566376|8909007816
25672|0|26143|06/01/2024 12:06:49||41591|12334227152|18067143608
26550|0|13857|06/01/2024 18:06:53||19987|374616608|482504744
26731|0|12302|06/01/2024 19:28:52||15068|3136093640|3860860672
27094|0|45404|06/01/2024 21:57:32||6148|202842360|302630496
26964|0|47108|06/01/2024 21:03:52||9368|3042408616|3985847688
26471|0|29307|06/01/2024 17:26:05||22435|788085464|1069282016
27222|0|34139|06/01/2024 22:50:52||2948|53814352|72493232
27223|0|59210|06/01/2024 22:55:18||2682|286497504|423570072
27224|0|30142|06/01/2024 22:50:11||2989|365195272|426877624
25885|0|22725|06/01/2024 13:37:01||36179|6707445032|8815113264
26640|0|11020|06/01/2024 18:41:32||17908|25764987240|51809741336
27095|0|35573|06/01/2024 21:52:33||6447|882102832|923898800
27032|0|88768|06/01/2024 21:20:30||8370|3036236976|3232371904
26732|0|31350|06/01/2024 19:24:42||15318|15026756640|41585999808
27053|0|34348|06/01/2024 21:35:41||7459|1562219048|2078079048
27207|0|29115|06/01/2024 22:49:15||3045|392413032|423128520
26187|0|6217|06/01/2024 15:36:52||28988|5450093536|7527753600
27247|0|93688|06/01/2024 23:08:43||1877|296393680|396908608
27073|0|72343|06/01/2024 21:43:26||6994|7900249520|17365587592
26659|0|79245|06/01/2024 18:50:03||17397|980766240|1334597920
27054|0|9901|06/01/2024 21:37:37||7343|496524536|617903136
26583|0|61969|06/01/2024 18:14:35||19525|7257099112|7713403960
26035|0|62224|06/01/2024 14:34:07||32753|2138493688|2647610520
25057|0|69650|06/01/2024 07:46:40||57200|10630912336|11948975688
27208|0|5505|06/01/2024 22:48:11||3109|1705091136|2481222864
25695|0|33559|06/01/2024 12:11:18||41322|11811135224|15069735016
26144|0|17769|06/01/2024 15:14:41||30319|20531724816|29915637784
26965|0|70705|06/01/2024 21:00:16||9584|6108706176|7527098008
24938|0|42589|06/01/2024 06:58:31||60089|1935922944|2469869392
26925|0|52901|06/01/2024 20:49:44||10216|1863150712|2679976568
26552|0|73018|06/01/2024 18:05:28||20072|1455818464|2023242632
25653|0|39214|06/01/2024 11:59:45||42015|15567442152|15590007736
26083|0|7357|06/01/2024 14:51:01||31739|4974076048|6505577064
26438|0|46401|06/01/2024 17:17:39||22941|6285477376|9314601408
25157|0|54186|06/01/2024 08:28:03||54717|7845125648|8162353928
26145|0|82203|06/01/2024 15:15:05||30295|2358758816|3099755696
24993|0|50590|06/01/2024 07:14:14||59146|11690370328|16641453864
26943|0|36252|06/01/2024 20:55:40||9860|17224314664|37445067704
26873|0|23557|06/01/2024 20:20:33||11967|1720224024|2421498664
26492|0|41285|06/01/2024 17:35:50||21850|38430432216|110182650312
26926|0|72614|06/01/2024 20:47:16||10364|3781418224|5373990568
27074|0|98932|06/01/2024 21:44:26||6934|2629271672|3113405248
25992|0|46233|06/01/2024 14:12:42||34038|4225270000|4743375888
27033|0|59358|06/01/2024 21:27:10||7970|4058519824|10371437424
26528|0|46850|06/01/2024 17:59:01||20459|2592798440|2760180344
26260|0|47619|06/01/2024 16:04:59||27301|1024871320|1445819552
27184|0|30968|06/01/2024 22:39:41||3619|282314504|371462368
26874|0|63548|06/01/2024 20:26:07||11633|11392063288|6941388280
27141|0|84582|06/01/2024 22:16:37||5003|2471158184|2481952368
25036|0|69219|06/01/2024 07:38:48||57672|6831492888|8990098016
26553|0|12842|06/01/2024 18:09:37||19823|5558161904|7957334728
26822|0|5490|06/01/2024 20:09:55||12605|2273631496|2686347264
26329|0|43844|06/01/2024 16:28:36||25884|7910782584|8727836912
26084|0|19385|06/01/2024 14:59:31||31229|15899277752|20280588512
26682|0|81412|06/01/2024 19:07:12||16368|2811047832|3453279824
26085|0|15792|06/01/2024 14:54:14||31546|56597567400|114129426672
26823|0|22179|06/01/2024 20:05:25||12875|847019008|894059360
27294|0|15877|06/01/2024 23:23:47||973|725144656|567406408
27121|0|54956|06/01/2024 22:05:00||5700|8458878080|21061280336
25570|0|5186|06/01/2024 11:25:20||44080|2616290080|2911312568
26877|0|27568|06/01/2024 20:20:38||11962|8525293304|9954571344
26781|0|96978|06/01/2024 19:47:48||13932|38213792176|73458924912
26709|0|24426|06/01/2024 19:16:15||15825|173720624|206573232
25810|0|95338|06/01/2024 13:07:55|06/01/2024 23:36:19|37704|5983352992|6440640304
27269|0|15088|06/01/2024 23:19:06||1254|766291080|1125493800
26967|0|17325|06/01/2024 21:09:45||9015|28458152784|77540209712
26086|0|87441|06/01/2024 14:54:17||31543|20991634656|21692268736
26927|0|49136|06/01/2024 20:49:07||10253|899101696|1058100576
25571|0|74773|06/01/2024 11:25:11||44089|111852461008|245828206704
27270|0|50462|06/01/2024 23:15:21||1479|187307824|229490792
26262|0|9151|06/01/2024 16:04:51||27309|7478749432|7747757240
24918|0|94159|06/01/2024 06:47:07||60773|21745303984|22341734784
26111|0|54623|06/01/2024 15:03:23||30997|3787412512|4550867184
25968|0|78200|06/01/2024 14:09:18||34242|4772633416|6499591472
26165|0|8801|06/01/2024 15:23:39||29781|19224539008|21760574544
26900|0|48966|06/01/2024 20:37:40||10940|2377307088|3486041400
27225|0|69320|06/01/2024 22:59:31||2429|976687280|987913384
25887|0|36119|06/01/2024 13:35:04||36296|11709447928|12786438224
26330|0|72432|06/01/2024 16:22:55||26225|5015773440|6303844840
26263|0|13942|06/01/2024 16:09:50||27010|34513527656|26313477472
26782|0|85887|06/01/2024 19:49:29||13831|11101035256|7125189248
26513|0|74573|06/01/2024 17:44:18||21342|20967595456|13950552112
25839|0|51162|06/01/2024 13:13:54||37566|4475817576|5386171008
26166|0|43304|06/01/2024 15:24:16||29744|7014378568|8385332416
26352|0|33272|06/01/2024 16:35:45||25455|5584653496|6155288328
25059|0|86750|06/01/2024 07:48:57||57063|2210046152|2223812192
26683|0|18959|06/01/2024 19:02:47||16633|10394741120|11104797672
26353|0|47552|06/01/2024 16:34:42||25518|2725582664|2982359136
25185|0|74235|06/01/2024 08:35:58||54242|2095955640|2383393336
26167|0|63732|06/01/2024 15:27:33||29547|12585168312|14881628504
25339|0|41299|06/01/2024 09:48:22||49898|3428425128|4100059616
26439|0|28246|06/01/2024 17:13:57||23163|5588705080|5838376776
25969|0|13124|06/01/2024 14:04:11||34549|11788324048|17298942656
27185|0|38175|06/01/2024 22:33:53||3967|342764888|428507176
25945|0|11997|06/01/2024 13:54:09||35151|7497806728|8734143568
26087|0|79283|06/01/2024 14:51:00||31740|2182356688|2550704152
25857|0|88454|06/01/2024 13:29:12||36648|8327960272|11605920568
26237|0|72638|06/01/2024 15:56:44||27796|13975127464|15975381400
26472|0|10095|06/01/2024 17:28:09||22311|3107301144|3529025656
25411|0|99379|06/01/2024 10:18:21||48099|728390024|884799232
26660|0|35031|06/01/2024 18:52:16||17264|23604416032|63054551880
26213|0|73304|06/01/2024 15:49:16||28244|104414252584|231316988904
27226|0|98086|06/01/2024 22:52:46||2834|1204356144|1478567232
26733|0|15025|06/01/2024 19:28:59||15061|896763712|1157959648
26734|0|16867|06/01/2024 19:28:25||15095|390723344|580176208
26493|0|14926|06/01/2024 17:37:25||21755|7672981296|8546961184
26554|0|87069|06/01/2024 18:00:50||20350|36879194376|91626814520
26824|0|99310|06/01/2024 20:09:34||12626|1011119584|1320121664
27007|0|47772|06/01/2024 21:14:44||8716|1498785264|2065250464
25432|0|58910|06/01/2024 10:21:00||47940|26347611048|27140052416
26601|0|35837|06/01/2024 18:22:51||19029|4797949152|6189111144
25970|0|17103|06/01/2024 14:01:42||34698|10331134976|14731194448
25386|0|36939|06/01/2024 10:04:15||48945|2062389688|2228659448
27055|0|28877|06/01/2024 21:31:09||7731|4718651632|2968076696
25779|0|66656|06/01/2024 12:53:13||38807|6550485448|8522229728
27295|0|27795|06/01/2024 23:29:16||644|40461592|46569344
25298|0|88155|06/01/2024 09:20:47||51553|5735729608|8478086672
25387|0|48809|06/01/2024 10:05:57||48843|8476166536|8727600160
26555|0|11424|06/01/2024 18:08:39||19881|4977252792|6152713144
25858|0|66456|06/01/2024 13:20:44||37156|18204997472|21096960120
27248|0|4621|06/01/2024 23:01:38||2302|609659896|773598016
27056|0|64251|06/01/2024 21:39:46||7214|562145680|732508480
26641|0|61230|06/01/2024 18:44:50||17710|1436947184|2022374336
25713|0|13216|06/01/2024 12:22:41||40639|2552067688|2614531392
25994|0|89980|06/01/2024 14:19:08||33652|21322544|21520216
26928|0|9840|06/01/2024 20:40:56||10744|5272215024|7162096144
26354|0|37570|06/01/2024 16:33:52||25568|3117698320|4242035120
25947|0|35354|06/01/2024 13:53:17||35203|3682886328|3700528680
26088|0|43189|06/01/2024 14:56:06||31434|929408264|1152266472
27296|0|49596|06/01/2024 23:28:54||666|1155190464|2268248072
26684|0|30949|06/01/2024 19:06:48||16392|1538143040|1565543736
26642|0|99503|06/01/2024 18:45:41||17659|297104088|427188352
27227|0|40021|06/01/2024 22:51:26||2914|405401568|572259080
27008|0|19237|06/01/2024 21:15:42||8658|402904240|480011168
25859|0|93513|06/01/2024 13:23:06||37014|113551843904|298135513528
26529|0|76056|06/01/2024 17:57:30||20550|10044054416|11712815368
27249|0|30427|06/01/2024 23:05:49||2051|60354704|83384992
25738|0|73518|06/01/2024 12:38:30||39690|6485882336|7409836088
26189|0|85539|06/01/2024 15:35:56||29044|55586846472|132798457176
25972|0|13461|06/01/2024 14:01:07||34733|689420192|750983280
26355|0|54040|06/01/2024 16:39:24||25236|8520309888|9707063216
26238|0|63148|06/01/2024 15:53:15||28005|8968117912|11349716760
26929|0|86493|06/01/2024 20:41:58||10682|1581605816|2194015752
24637|0|84844|06/01/2024 04:41:54||68286|23961002944|25468058696
25739|0|65234|06/01/2024 12:33:58||39962|7533248552|8495873912
27164|0|56566|06/01/2024 22:20:45||4755|1342565008|1631090352
27096|0|95129|06/01/2024 21:56:07||6233|400681640|476047352
25889|0|94111|06/01/2024 13:33:01||36419|22087148080|26135100080
27142|0|78203|06/01/2024 22:14:43||5117|291626912|326619912
26190|0|21475|06/01/2024 15:32:50||29230|1473005984|1958617584
26584|0|77620|06/01/2024 18:17:34||19346|3897742984|5503839336
27165|0|39120|06/01/2024 22:27:33||4347|1013805768|1050126264
27122|0|30846|06/01/2024 22:07:44||5536|2792377840|3003413984
27228|0|68117|06/01/2024 22:56:20||2620|429657328|450010040
26556|0|99100|06/01/2024 18:02:33||20247|3230790712|3576885376
26557|0|47967|06/01/2024 18:04:14||20146|6285050080|6459765272
26333|0|34328|06/01/2024 16:28:51||25869|42484654568|102262619672
27009|0|10616|06/01/2024 21:13:50||8770|8294169864|9076144560
26442|0|21038|06/01/2024 17:19:17||22843|5713811200|8070337400
27010|0|9203|06/01/2024 21:13:03||8817|974541256|1062792072
26968|0|94043|06/01/2024 21:06:48||9192|942331720|1053785120
25812|0|26607|06/01/2024 13:07:56||37924|11222324248|13405489128
26089|0|27215|06/01/2024 14:54:38||31522|1157555160|1210259632
27011|0|14620|06/01/2024 21:17:22||8558|930024792|1197605656
26945|0|24209|06/01/2024 20:54:29||9931|9912016656|10504554992
26855|0|55356|06/01/2024 20:13:21||12399|2878826952|2952677208
26399|0|29905|06/01/2024 16:50:49||24551|705014048|766735360
27057|0|25173|06/01/2024 21:31:19||7721|191915472|253703944
27209|0|85501|06/01/2024 22:46:54||3186|5739357792|13448829992
26239|0|55392|06/01/2024 15:57:58||27722|2362647120|3008522664
25134|0|58996|06/01/2024 08:19:55||55205|13470341728|19562057624
25412|0|53891|06/01/2024 10:18:18||48102|4421471624|4826617488
25780|0|25715|06/01/2024 12:54:01||38759|2256634592|3002893912
25674|0|93729|06/01/2024 12:02:44||41836|5041392736|7296182344
25714|0|84646|06/01/2024 12:20:54||40746|19302093616|22696789416
26783|0|6555|06/01/2024 19:42:19||14261|860424080|1208849952
27075|0|5549|06/01/2024 21:48:51||6669|8343307984|5013514688
27250|0|28133|06/01/2024 23:04:59||2101|590679568|623799032
27034|0|57257|06/01/2024 21:20:58||8342|793847304|1167400792
25842|0|60001|06/01/2024 13:18:33||37287|21925990744|29021076912
26334|0|34397|06/01/2024 16:22:06||26274|1553225256|2273699976
27251|0|69505|06/01/2024 23:06:09||2031|654525608|872959280
25413|0|26638|06/01/2024 10:15:49||48251|5966503424|8160431896
27166|0|77909|06/01/2024 22:29:14||4246|11953654368|28652853544
25340|0|73390|06/01/2024 09:48:21||49899|218755091472|628635339744
27035|0|16239|06/01/2024 21:28:34||7886|3122365040|3601646024
26335|0|16033|06/01/2024 16:28:06||25914|4735014696|6154879720
27297|0|31981|06/01/2024 23:26:27||813|33181888|36227816
25892|0|69970|06/01/2024 13:31:23||36517|6046884888|7894693192
26267|0|79714|06/01/2024 16:09:03||27057|1605653504|2110430080
25274|0|35120|06/01/2024 09:11:17||52123|447438192008|242413265072
26090|0|16240|06/01/2024 14:52:18||31662|5265073744|6824555824
26375|0|66255|06/01/2024 16:43:17||25003|4782868024|4945364920
27316|0|39885|06/01/2024 23:30:32||568|1268861728|3217380376
26356|0|92044|06/01/2024 16:31:33||25707|11183408384|12025101528
25275|0|17848|06/01/2024 09:19:45||51615|14394259704|17192837712
27123|0|14117|06/01/2024 22:06:35||5605|440256056|657578352
26878|0|15440|06/01/2024 20:24:09||11751|9460714160|10577747920
25675|0|57444|06/01/2024 12:02:53||41827|35201329288|101431489264
27012|0|62347|06/01/2024 21:16:59||8581|6547862744|5209474384
25974|0|89490|06/01/2024 14:01:11||34729|2230206368|2777784808
25656|0|38818|06/01/2024 11:51:05||42535|2698011688|2927230624
26215|0|67654|06/01/2024 15:48:41||28279|9948150328|14567676680
25997|0|46314|06/01/2024 14:12:25|06/01/2024 23:36:39|33854|80555786832|163085156472
27317|0|46314|06/01/2024 23:37:33||147|272758816|644285304
25233|0|58747|06/01/2024 08:54:05||53155|6496302400|6668798920
26826|0|47350|06/01/2024 20:00:59||13141|1907378312|2639136896
27076|0|92467|06/01/2024 21:48:03||6717|301058392|372188624
26930|0|71418|06/01/2024 20:48:52||10268|41559514504|81992430512
26662|0|4556|06/01/2024 18:59:46||16814|1934545496|2156242560
26735|0|62223|06/01/2024 19:27:23||15157|3662491224|5374231832
27229|0|88436|06/01/2024 22:58:37||2483|1139485296|1212446728
26663|0|3869|06/01/2024 18:55:45||17055|2701519040|2976550376
26530|0|82717|06/01/2024 17:57:23||20557|5943048816|6563508304
26664|0|65092|06/01/2024 18:53:53||17167|22510811168|50491653960
26785|0|81178|06/01/2024 19:45:31||14069|16507195080|11360100520
27097|0|64229|06/01/2024 21:50:15||6585|2683976|2814600
25781|0|27726|06/01/2024 12:52:04||38876|10634916336|14085458640
25163|0|33542|06/01/2024 08:23:22||54998|14200024584|19267864456
27058|0|77991|06/01/2024 21:32:12||7668|3879762544|4410142872
27298|0|22920|06/01/2024 23:26:52||788|621732304|876596976
27077|0|94623|06/01/2024 21:49:28||6632|4497761536|5838534320
26559|0|93103|06/01/2024 18:01:00||20340|4682232808|6092436216
26685|0|66892|06/01/2024 19:09:53||16207|18653165024|36839850760
25998|0|59854|06/01/2024 14:11:26||34114|18048067816|23607727408
25716|0|64500|06/01/2024 12:22:43||40637|9826028096|12034917064
26376|0|82808|06/01/2024 16:40:34||25166|4144705200|4567640816
25365|0|33809|06/01/2024 09:52:05||49675|22257717472|26188943688
24754|0|35936|06/01/2024 05:39:39||64821|41206235016|41231840096
25782|0|97715|06/01/2024 12:56:27||38613|919489360|1040179720
27059|0|44196|06/01/2024 21:32:31||7649|1072870936|1104003816
25717|0|70909|06/01/2024 12:25:53||40447|3361327480|4500538536
25699|0|68685|06/01/2024 12:16:29||41011|1490781120|1682601776
25783|0|4905|06/01/2024 12:51:16||38924|29639248056|33453803432
26827|0|67195|06/01/2024 20:02:24||13056|790538480|818893784
25948|0|28826|06/01/2024 13:58:05||34915|55225011240|155425778328
26711|0|42284|06/01/2024 19:18:44||15676|889229760|909902248
26193|0|60607|06/01/2024 15:32:19||29261|13090639904|14268139696
27186|0|52151|06/01/2024 22:36:56||3784|338684480|507171312
27318|0|16794|06/01/2024 23:38:09||111|35838256|37823352
25573|0|23957|06/01/2024 11:26:11||44029|1553894832|1896680432
26377|0|8203|06/01/2024 16:47:05||24775|890305160|1138598224
25860|0|65834|06/01/2024 13:22:50||37030|11013192400|16199896696
27143|0|85647|06/01/2024 22:19:03||4857|11983515400|28205600256
25604|0|88203|06/01/2024 11:38:02||43318|23565446672|49850644360
26531|0|71492|06/01/2024 17:59:49||20411|4505634792|5264114048
26495|0|84637|06/01/2024 17:36:31||21809|472672664|686331472
27060|0|48086|06/01/2024 21:37:08||7372|21269982680|44499730128
25605|0|82147|06/01/2024 11:37:40||43340|5429547312|7793414808
27271|0|83760|06/01/2024 23:13:17||1603|2053949824|1387150952
26736|0|73157|06/01/2024 19:28:34||15086|510670344|615031144
26603|0|7807|06/01/2024 18:20:57||19143|9346894416|10376952296
25861|0|78408|06/01/2024 13:22:38||37042|9336803376|10142334400
26969|0|96138|06/01/2024 21:00:30||9570|937916504|1035725472
25893|0|38643|06/01/2024 13:34:34||36326|9323164376|11751088744
26000|0|16496|06/01/2024 14:13:05||34015|4636914560|5799120536
27013|0|37389|06/01/2024 21:19:49||8411|418464400|428459568
26378|0|61063|06/01/2024 16:46:58||24782|7256494496|9866777880
25414|0|96516|06/01/2024 10:18:03||48117|153700985800|366758800744
25975|0|93265|06/01/2024 14:00:41|06/01/2024 23:30:10|34169|63801877424|178995436568
26496|0|73511|06/01/2024 17:35:12||21888|4698794472|5104491088
26762|0|76492|06/01/2024 19:32:19||14861|56772424|79456384
25949|0|72068|06/01/2024 13:51:20||35320|5279233608|6368222000
26302|0|10088|06/01/2024 16:14:15||26745|24203385592|18998261264
27098|0|96799|06/01/2024 21:57:19||6161|934723184|1348351824
26828|0|43629|06/01/2024 20:00:23||13177|1464162152|2107657832
25188|0|53797|06/01/2024 08:30:24||54576|8192475480|9587191792
26901|0|15615|06/01/2024 20:30:15||11385|5410272152|7840549880
26169|0|51341|06/01/2024 15:21:08||29932|7266191552|8428344576
26801|0|48178|06/01/2024 19:55:33||13467|1571584792|1944102256
27037|0|47955|06/01/2024 21:25:30||8070|134187440|192544960
27272|0|48187|06/01/2024 23:10:43||1757|41260120|59417576
25606|0|97663|06/01/2024 11:38:57||43263|12797361016|16197624456
26586|0|96482|06/01/2024 18:19:17||19243|2635639776|3619914304
26947|0|97466|06/01/2024 20:54:26||9934|1032631096|1163356408
25816|0|78180|06/01/2024 13:02:56||38224|6525020808|8255292680
24945|0|48119|06/01/2024 06:56:57||60183|163210374864|456885015896
25575|0|59657|06/01/2024 11:21:49||44291|7903990424|9347594800
27319|0|29409|06/01/2024 23:30:45||555|407018128|444732520
26645|0|29872|06/01/2024 18:42:44||17836|15109957392|19497976680
