IdSession|IdPSX|IdSubscriber|StartSession|EndSession|Duartion|UpTx|DownTx
27589|0|5202|05/01/2024 05:14:24||9336|332727688|449852312
27611|0|89706|05/01/2024 05:21:10||8930|208282640|211377448
26829|0|14391|04/01/2024 23:49:36||28824|70581496240|152703009312
27280|0|78614|05/01/2024 02:54:31||17729|2379875192|3223850632
27736|0|36342|05/01/2024 06:11:57||5883|872304616|957773448
27307|0|19403|05/01/2024 03:03:18||17202|27446560|30682736
27126|0|88207|05/01/2024 01:54:56||21304|17537689168|20117224456
26392|0|21605|04/01/2024 20:49:19||39641|8551206312|9630241800
27361|0|58567|05/01/2024 03:25:50||15850|3872853352|3923421576
27854|0|96775|05/01/2024 07:05:36||2664|4890780824|13191227600
27281|0|82513|05/01/2024 02:58:23||17497|4092579552|5225729928
27693|0|26538|05/01/2024 05:55:16||6884|17619749880|44834763328
26954|0|93199|05/01/2024 00:32:42||26238|2278464960|3150791248
27694|0|26136|05/01/2024 05:52:17||7063|4691553256|5192661664
25747|0|68950|04/01/2024 16:14:43||56117|13812574184|16068634376
26502|0|17916|04/01/2024 21:23:33||37587|7707682768|10591079784
27457|0|85288|05/01/2024 04:03:58||13562|14255395232|15313268888
27534|0|94804|05/01/2024 04:43:13||11207|1568140384|2089683464
27590|0|44892|05/01/2024 05:11:42||9498|443898888|655961240
27633|0|31741|05/01/2024 05:35:13||8087|809797864|951829296
27433|0|67328|05/01/2024 03:55:14||14086|9930468776|12325057936
27946|0|45935|05/01/2024 07:42:19||461|28009760|36162632
27477|0|81205|05/01/2024 04:18:08||12712|2004706552|2781553384
25159|0|38865|04/01/2024 12:19:48||70212|29531068448|32117515384
27737|0|60259|05/01/2024 06:19:28||5432|78653416|80872240
27546|0|26108|05/01/2024 04:54:15||10545|583648136|590865136
27127|0|71287|05/01/2024 01:54:04||21356|10264918048|11937875704
27109|0|47680|05/01/2024 01:45:25||21875|11852033096|13113721280
27822|0|43470|05/01/2024 06:52:18||3462|7088879024|14874783816
26229|0|83103|04/01/2024 19:31:28||44312|4935910320|6829567624
27855|0|63503|05/01/2024 07:05:40||2660|682280408|775027128
27334|0|15054|05/01/2024 03:18:32||16288|5486799288|6627227696
27909|0|46936|05/01/2024 07:27:13||1367|5986648|6557272
27282|0|25776|05/01/2024 02:55:50||17650|2384733656|3037115072
27250|0|30644|05/01/2024 02:40:24||18576|3927633504|5229040448
26368|0|67346|04/01/2024 20:37:33||40347|4334399112|5406163328
26588|0|52916|04/01/2024 22:03:02||35218|83368417128|166498912064
27823|0|42572|05/01/2024 06:51:00||3540|657946256|859929664
26416|0|20049|04/01/2024 20:53:29||39391|4856993088|6038876168
27570|0|35838|05/01/2024 05:06:05||9835|686494352|901921040
27612|0|43730|05/01/2024 05:27:18||8562|16430688144|39948778512
27695|0|88811|05/01/2024 05:54:26||6934|376331664|534880056
26779|0|58604|04/01/2024 23:25:07||30293|5136248424|6307587056
26932|0|72193|05/01/2024 00:26:04||26636|306400232|328790624
25285|0|58443|04/01/2024 13:05:17||67483|776068552|1003977224
27308|0|56454|05/01/2024 03:00:06||17394|3609603080|4202387792
27362|0|24107|05/01/2024 03:25:03||15897|819711032|865490296
27775|0|24555|05/01/2024 06:30:48||4752|764904072|934878592
27390|0|34503|05/01/2024 03:31:29||15511|5210813024|7388922536
26904|0|38522|05/01/2024 00:12:23||27457|3819047808|5348484840
27719|0|30713|05/01/2024 06:07:21||6159|2711715376|3553038368
25980|0|70354|04/01/2024 17:55:18||50082|123035838552|308793713880
27391|0|61298|05/01/2024 03:32:59||15421|4257546584|5184491544
26523|0|73756|04/01/2024 21:33:56||36964|42175024768|103683054240
27251|0|90987|05/01/2024 02:41:10||18530|16302995320|35889602416
26563|0|91907|04/01/2024 21:56:56||35584|57700581440|126604776640
27363|0|84326|05/01/2024 03:21:55||16085|1384327920|1513461288
27058|0|25943|05/01/2024 01:25:54||23046|9773959536|11423117072
27170|0|47260|05/01/2024 02:14:08||20152|28704471728|54342381832
26053|0|45874|04/01/2024 18:26:45||48195|128007795504|368964720600
26174|0|54643|04/01/2024 19:14:07||45353|79781655672|229570544944
27512|0|98233|05/01/2024 04:36:28||11612|573880776|750923824
27824|0|93566|05/01/2024 06:58:51||3069|1824258664|2001155608
27417|0|95343|05/01/2024 03:43:14||14806|2436671000|3506993152
27252|0|54052|05/01/2024 02:43:52||18368|5374531336|7073840560
27171|0|56883|05/01/2024 02:11:46||20294|690001800|983904624
25862|0|54729|04/01/2024 17:06:29||53011|9250097872|13507869872
27434|0|93308|05/01/2024 03:57:14||13966|1681754240|1681777120
27696|0|93644|05/01/2024 05:54:47||6913|2639117648|2784539744
27947|0|92867|05/01/2024 07:49:28||32|78848832|209082720
26639|0|7678|04/01/2024 22:21:26||34114|688299760|836088936
26905|0|46098|05/01/2024 00:15:59||27241|1948253080|2418747312
27418|0|29316|05/01/2024 03:40:00||15000|35521463968|86185271440
26687|0|40281|04/01/2024 22:48:11||32509|16338491456|16949116792
27738|0|78566|05/01/2024 06:18:17||5503|633352256|902918272
27083|0|15938|05/01/2024 01:34:14||22546|1977922552|2530207456
27571|0|72024|05/01/2024 05:05:58||9842|208171816|264904432
25422|0|57451|04/01/2024 13:52:49||64631|1071044592|1106826024
27547|0|83136|05/01/2024 04:55:50||10450|765036800|800654168
26230|0|45426|04/01/2024 19:37:26||43954|4225797640|5552712272
25897|0|55584|04/01/2024 17:13:54||52566|15189709176|16342443512
27040|0|52066|05/01/2024 01:16:18||23622|2918899280|3852402120
27214|0|74181|05/01/2024 02:33:52||18968|2022976408|2275991072
26956|0|77035|05/01/2024 00:35:17||26083|3560613032|3890893584
27634|0|66329|05/01/2024 05:37:17||7963|913796920|1212543128
26055|0|23656|04/01/2024 18:29:16|05/01/2024 07:43:07|47631|17599807080|24017952944
27948|0|23656|05/01/2024 07:43:55||365|28573808|40693424
27825|0|6427|05/01/2024 06:57:58||3122|86721760|104288560
27365|0|95199|05/01/2024 03:28:35||15685|4936017232|5760694248
27148|0|46454|05/01/2024 02:07:37|05/01/2024 07:44:47|20230|8634741304|12947653464
27949|0|46454|05/01/2024 07:45:06||294|135616952|169109424
27826|0|43252|05/01/2024 06:52:56||3424|442952504|451287944
27739|0|38734|05/01/2024 06:10:09||5991|2043125688|2918473848
27128|0|44368|05/01/2024 01:54:17||21343|14929460568|20558017768
26231|0|77350|04/01/2024 19:36:45||43995|5939761936|7558685760
27149|0|96303|05/01/2024 02:07:55||20525|29710254656|74773083720
27740|0|41561|05/01/2024 06:19:23||5437|1607342016|1654458584
26084|0|18443|04/01/2024 18:31:51||47889|131472226736|331336149872
26369|0|4110|04/01/2024 20:39:52||40208|11752280184|13626537024
27173|0|36730|05/01/2024 02:10:29||20371|897167800|1290369784
25818|0|19300|04/01/2024 16:49:58||54002|165903799304|344302645104
27776|0|31663|05/01/2024 06:33:26||4594|2817829304|4089928856
27336|0|5705|05/01/2024 03:13:00||16620|10848195416|12128732480
27800|0|11226|05/01/2024 06:48:44||3676|8862987024|22869616968
26564|0|83610|04/01/2024 21:55:19||35681|5126602984|6133830272
27041|0|5904|05/01/2024 01:10:45||23955|7368735952|10912243088
26805|0|58954|04/01/2024 23:36:42||29598|4031827520|5555078632
25236|0|65668|04/01/2024 12:45:22||68678|6421396776|9106488928
27535|0|56875|05/01/2024 04:41:07||11333|27258052000|52983031144
26033|0|26509|04/01/2024 18:14:51||48909|3848985504|5763275176
27392|0|20713|05/01/2024 03:36:42||15198|12107159432|14958199544
26267|0|85910|04/01/2024 19:50:49||43151|2914617080|3143749328
27458|0|50824|05/01/2024 04:04:43||13517|4119491808|5635147224
27926|0|81078|05/01/2024 07:38:26||694|291224328|297269944
27366|0|57141|05/01/2024 03:20:39||16161|2177342960|2856243184
26831|0|78729|04/01/2024 23:40:15||29385|4453537472|5479079856
27215|0|35423|05/01/2024 02:31:48||19092|7035459480|7704813112
27777|0|70763|05/01/2024 06:37:30||4350|85158568|90712136
26393|0|75330|04/01/2024 20:45:00||39900|2748374944|4111319000
26718|0|35432|04/01/2024 22:54:46||32114|23193472440|24284240176
26719|0|22775|04/01/2024 22:56:32||32008|12558092000|18054248328
27882|0|93299|05/01/2024 07:18:13||1907|33996496|40426312
26767|0|39639|04/01/2024 23:11:18||31122|16888847800|17588465288
26132|0|40491|04/01/2024 18:58:36||46284|1911874160|2110390752
26864|0|34900|04/01/2024 23:55:58||28442|5128231376|5221493464
25624|0|11201|04/01/2024 15:13:42||59778|50120440488|65546324968
26565|0|8602|04/01/2024 21:50:41||35959|4155642656|5368599760
26370|0|80308|04/01/2024 20:38:51||40269|3115598840|3981520216
27436|0|53228|05/01/2024 03:51:01||14339|61627400|75219360
26641|0|88393|04/01/2024 22:20:34||34166|6702227600|9029133432
25981|0|60167|04/01/2024 17:53:05||50215|12534064400|14579576552
25819|0|79812|04/01/2024 16:40:17||54583|120509005104|246637208296
27666|0|41123|05/01/2024 05:41:49|05/01/2024 07:46:26|7477|629601856|784551928
27193|0|29885|05/01/2024 02:20:26||19774|813971392|1127107536
27367|0|92893|05/01/2024 03:28:29||15691|4388185104|5340614696
27150|0|79073|05/01/2024 02:07:32||20548|2826648672|3936281608
27084|0|82325|05/01/2024 01:38:10||22310|5553484688|7300214288
27495|0|79333|05/01/2024 04:26:32||12208|1122580776|1638115056
27910|0|99099|05/01/2024 07:22:45||1635|102028208|120409568
27697|0|41402|05/01/2024 05:57:38||6742|634430848|816241240
27085|0|28056|05/01/2024 01:39:46||22214|20774518552|26805872440
26614|0|70133|04/01/2024 22:11:38||34702|4494705568|6449223944
27613|0|25099|05/01/2024 05:28:01||8519|12510400|15459888
27591|0|56042|05/01/2024 05:16:59||9181|981146928|1463082656
27548|0|45806|05/01/2024 04:54:50||10510|11905101216|30030715080
27419|0|68094|05/01/2024 03:46:32||14608|3168663480|4375170864
26832|0|59626|04/01/2024 23:47:17||28963|4800084056|5631712784
25868|0|28791|04/01/2024 17:07:56||52924|10954187160|14204598672
26934|0|83720|05/01/2024 00:26:22||26618|4922075656|6069084640
26300|0|15246|04/01/2024 20:02:49||42431|7338771800|8122056904
27283|0|67076|05/01/2024 02:55:11||17689|4861138752|6677022440
27667|0|12018|05/01/2024 05:44:29||7531|1461802672|1505240496
26086|0|29483|04/01/2024 18:32:18||47862|26891967632|71421209384
27129|0|45833|05/01/2024 01:51:24||21516|43352211952|102787797640
27284|0|86608|05/01/2024 02:54:59||17701|5722584488|8000672456
26883|0|39152|05/01/2024 00:06:01||27839|67878049768|137016998816
26207|0|48912|04/01/2024 19:28:54|05/01/2024 07:43:31|44077|9832388704|12575493960
27721|0|95563|05/01/2024 06:01:49||6491|716420848|838376520
27253|0|48287|05/01/2024 02:42:21||18459|773666032|919904704
26157|0|77250|04/01/2024 19:01:09||46131|2645631328|3634990720
27778|0|97692|05/01/2024 06:31:24||4716|1088645568|1190166528
26806|0|57494|04/01/2024 23:30:39||29961|49836533136|122866496248
27059|0|43967|05/01/2024 01:28:45||22875|19450895944|19482940528
26252|0|80433|04/01/2024 19:47:35||43345|29332443520|42510065512
27337|0|27389|05/01/2024 03:13:06||16614|2966860584|3821418088
27549|0|28990|05/01/2024 04:59:09||10251|1967856112|2061718896
26566|0|29967|04/01/2024 21:58:41||35479|49090597056|95502918096
27755|0|92712|05/01/2024 06:29:47||4813|890268824|1127392344
27194|0|53667|05/01/2024 02:24:05||19555|971562000|1334275088
27420|0|69250|05/01/2024 03:42:25||14855|3042318248|4239604200
26616|0|32642|04/01/2024 22:12:10||34670|2836207520|3171797520
27756|0|88198|05/01/2024 06:26:32||5008|17682129488|43868428048
27175|0|72259|05/01/2024 02:13:53||20167|51217378376|105877893200
26208|0|80210|04/01/2024 19:26:32||44608|1124527952|1199035904
25869|0|69961|04/01/2024 17:02:50||53230|12681279496|13886197824
27636|0|79654|05/01/2024 05:38:02||7918|3841742672|3020836120
27131|0|40278|05/01/2024 01:53:40||21380|6268921472|7678477328
27950|0|37451|05/01/2024 07:47:27||153|7917784|11503944
26134|0|37966|04/01/2024 18:50:58||46742|114187552920|258234155368
27951|0|76297|05/01/2024 07:45:14||286|11955816|13051896
27338|0|18539|05/01/2024 03:10:07||16793|2394925048|3045813032
27086|0|55843|05/01/2024 01:32:12||22668|1971528256|2927742048
26420|0|45544|04/01/2024 20:55:01||39299|11498064552|11500964144
27911|0|98341|05/01/2024 07:27:01||1379|197839496|207778832
27912|0|44915|05/01/2024 07:20:07||1793|49210232|64395040
26744|0|6290|04/01/2024 23:01:23||31717|2259341728|2964430648
27393|0|20203|05/01/2024 03:31:11||15529|543412768|622924184
27668|0|24831|05/01/2024 05:48:18||7302|1451229568|1594014864
27478|0|63505|05/01/2024 04:12:24||13056|2110761200|2378185296
27151|0|22851|05/01/2024 02:07:48||20532|792585016|1093573208
25366|0|11546|04/01/2024 13:36:46||65594|11288770448|16039524424
27018|0|46661|05/01/2024 01:09:28||24032|3520445512|4689957776
26351|0|7472|04/01/2024 20:27:46||40934|21179738816|26013245520
26982|0|31481|05/01/2024 00:43:31||25589|7563947344|8696307128
27856|0|68217|05/01/2024 07:01:51||2889|377308840|539912288
27741|0|79002|05/01/2024 06:15:22||5678|1993503256|2193381680
27637|0|52753|05/01/2024 05:35:18||8082|4469990880|5951670176
27216|0|57917|05/01/2024 02:37:37||18743|2945483976|4167649656
27042|0|18446|05/01/2024 01:16:57||23583|1565814104|1910276672
26720|0|74290|04/01/2024 22:58:02||31918|2953742272|4043217272
27110|0|49022|05/01/2024 01:46:15||21825|7005341032|9247950376
26177|0|94063|04/01/2024 19:10:23||45577|113174700560|241602349968
27952|0|94914|05/01/2024 07:40:03||597|59704816|87551800
26269|0|40176|04/01/2024 19:54:58||42902|16088227040|17451300728
25965|0|36355|04/01/2024 17:45:30||50670|2733638168|3382537600
27061|0|36201|05/01/2024 01:26:08||23032|61606011760|156067758248
27437|0|96532|05/01/2024 03:53:30||14190|3051069080|3949038200
27438|0|6603|05/01/2024 03:55:40||14060|1136829528|1146752600
26721|0|86053|04/01/2024 22:54:22||32138|11372814280|12168235816
26503|0|85963|04/01/2024 21:29:14||37246|1255339992|1398991512
27927|0|41995|05/01/2024 07:33:21||999|59163448|62753768
27394|0|8129|05/01/2024 03:39:17||15043|6963462544|7254217000
27722|0|67015|05/01/2024 06:03:54||6366|1250504712|1456534912
27801|0|95660|05/01/2024 06:47:34||3746|5393768216|12121768416
27002|0|85484|05/01/2024 00:54:13||24947|3051204592|3368221816
26906|0|5362|05/01/2024 00:10:46||27554|3088966144|3696446624
27062|0|59464|05/01/2024 01:23:41||23179|8547460496|9116014760
26443|0|34226|04/01/2024 21:05:31||38669|2389788256|2520138344
26907|0|45892|05/01/2024 00:17:30||27150|6162435304|6991413816
26908|0|81795|05/01/2024 00:16:48||27192|1300901080|1353200056
25983|0|85722|04/01/2024 17:50:25||50375|3508395640|3601862848
26088|0|52886|04/01/2024 18:32:13||47867|99010640448|252370450680
26270|0|35309|04/01/2024 19:50:25||43175|1975755144|2936188880
27698|0|96745|05/01/2024 05:53:00||7020|2294602720|2342765312
26589|0|41118|04/01/2024 22:08:17||34903|7688606648|7803583848
26835|0|13087|04/01/2024 23:41:13||29327|10332148016|14290601824
27928|0|97042|05/01/2024 07:30:37||1163|22957760|24551816
26545|0|21853|04/01/2024 21:46:55||36185|2032273848|2248632976
26303|0|92942|04/01/2024 20:03:16||42404|6441881632|9378527160
26688|0|50432|04/01/2024 22:48:58||32462|12246284336|15359083024
26866|0|76954|04/01/2024 23:57:56||28324|3798905656|4658577200
27132|0|42971|05/01/2024 01:55:58||21242|33767304|48902688
27592|0|19469|05/01/2024 05:15:33||9267|956962560|1304836960
26445|0|25102|04/01/2024 21:07:48||38532|7751182848|11425066224
27111|0|90351|05/01/2024 01:45:08||21892|10342816704|11976492464
26568|0|26133|04/01/2024 21:58:56||35464|7975572856|8568615648
27176|0|74481|05/01/2024 02:17:06||19974|16707480024|12942620376
27339|0|81036|05/01/2024 03:13:45||16575|9949730536|10101394256
26722|0|67635|04/01/2024 22:59:04||31856|3833140464|5248249712
25751|0|18836|04/01/2024 16:10:13||56387|347553392|497242160
27217|0|40642|05/01/2024 02:31:47||19093|223187456|320394760
26836|0|20124|04/01/2024 23:47:04||28976|8092818352|10616538136
26005|0|15684|04/01/2024 18:04:33||49527|28478462520|28581110304
27421|0|74516|05/01/2024 03:46:05||14635|5120355712|5540147336
27513|0|61183|05/01/2024 04:32:03||11877|3240882440|4798993472
27340|0|25662|05/01/2024 03:10:37||16763|1499531120|1769494296
27757|0|41652|05/01/2024 06:23:12||5208|926209944|1313641800
27857|0|69062|05/01/2024 07:08:45||2475|2265345936|1702197608
27459|0|27146|05/01/2024 04:00:13||13787|2277524952|2865414312
27572|0|19023|05/01/2024 05:01:49||10091|3584614600|4433540000
26395|0|29867|04/01/2024 20:44:56||39904|1043485112|1362683840
27152|0|32399|05/01/2024 02:01:47||20893|27462439464|69868428264
27802|0|71070|05/01/2024 06:42:38||4042|2344489544|3327586552
26112|0|26430|04/01/2024 18:44:22||47138|1187758568|1769499440
27087|0|59913|05/01/2024 01:37:34||22346|20023709392|20678679096
26506|0|96471|04/01/2024 21:26:09||37431|17057346680|22466976848
26446|0|80898|04/01/2024 21:03:44||38776|2095035872|2317305968
26569|0|46857|04/01/2024 21:53:01||35819|5187735744|5674406600
26546|0|65086|04/01/2024 21:45:47||36253|12984163232|14744441704
25368|0|50342|04/01/2024 13:37:28||65552|15560912984|19247094792
27614|0|74678|05/01/2024 05:20:28||8972|506924376|657588904
26059|0|35649|04/01/2024 18:21:41||48499|18219906608|25291215216
26689|0|14341|04/01/2024 22:44:23||32737|9303285776|9997731856
26209|0|11533|04/01/2024 19:26:18||44622|128416364264|242246246184
27153|0|27027|05/01/2024 02:09:22||20438|301946248|376380704
26837|0|86498|04/01/2024 23:49:08||28852|2416278896|3113469584
27803|0|40566|05/01/2024 06:49:16||3644|7353297960|13834221640
27638|0|91723|05/01/2024 05:32:54||8226|303543304|313371240
27699|0|9625|05/01/2024 05:55:39||6861|4854603632|6890132856
27368|0|97664|05/01/2024 03:25:10||15890|3754209520|3796617592
27285|0|9179|05/01/2024 02:58:48||17472|503763520|632379000
27133|0|97448|05/01/2024 01:55:18||21282|9663798488|13870174112
27723|0|69718|05/01/2024 06:08:05||6115|1490372864|1767392552
27929|0|59915|05/01/2024 07:31:35||1105|1353903952|3124795760
27479|0|15258|05/01/2024 04:13:10||13010|27570709128|54404048792
26782|0|95361|04/01/2024 23:27:23||30157|10187214472|11511898040
26352|0|63391|04/01/2024 20:28:42||40878|14808843360|15478437864
25941|0|32028|04/01/2024 17:39:09||51051|17275116464|22983069024
26396|0|8061|04/01/2024 20:45:54||39846|8202350464|10066280448
26035|0|62947|04/01/2024 18:19:07||48653|3828840128|4015835232
27514|0|91512|05/01/2024 04:32:40||11840|1914245968|2229881504
26483|0|22591|04/01/2024 21:10:56||38344|21082433984|30308895272
26305|0|39702|04/01/2024 20:01:34||42506|7474644176|9471131872
27700|0|80733|05/01/2024 05:55:11||6889|252252768|257541016
27724|0|83622|05/01/2024 06:07:27||6153|1059106944|1067532664
26619|0|88927|04/01/2024 22:12:49||34631|4991731200|6969108368
27369|0|70616|05/01/2024 03:28:20||15700|9794926712|12493619456
25842|0|78093|04/01/2024 16:53:45||53775|6216301400|7175228784
26375|0|61311|04/01/2024 20:30:37||40763|13512578384|19208528408
27827|0|80612|05/01/2024 06:53:54||3366|160561872|193518328
26113|0|35034|04/01/2024 18:42:44||47236|5171264344|3317635832
26570|0|23699|04/01/2024 21:50:35||35965|623840288|881542656
26007|0|50961|04/01/2024 18:05:37||49463|12077456808|16017488328
26590|0|90750|04/01/2024 22:07:10||34970|6642462120|8630440296
27218|0|85681|05/01/2024 02:31:55||19085|1723606792|1775970808
27858|0|64729|05/01/2024 07:07:25||2555|898849928|909898400
25985|0|92358|04/01/2024 17:54:54||50106|12772976336|17198529184
26234|0|39032|04/01/2024 19:30:47||44353|12614925712|12946479280
27286|0|10176|05/01/2024 02:53:04||17816|1832896088|2500060720
27574|0|89291|05/01/2024 05:09:48||9612|211312992|233053520
26571|0|34665|04/01/2024 21:55:37||35663|10048160640|14763607880
26621|0|76797|04/01/2024 22:15:18||34482|5244876664|5937470840
27742|0|39540|05/01/2024 06:13:14||5806|1438610480|1553130424
26867|0|59720|04/01/2024 23:55:27||28473|1751241528|2524617480
25313|0|16779|04/01/2024 13:15:24||66876|5055397832|7151860232
27639|0|89263|05/01/2024 05:35:45||8055|323377048|370333240
26868|0|47038|04/01/2024 23:51:08||28732|4313982648|5572007064
27497|0|63156|05/01/2024 04:20:19||12581|356810248|374353792
27640|0|67016|05/01/2024 05:38:26||7894|2923066736|3930513840
26622|0|46036|04/01/2024 22:11:50||34690|9468835328|10947266368
27422|0|76866|05/01/2024 03:47:40||14540|2297397888|2989158840
27669|0|25964|05/01/2024 05:40:39||7761|2370723384|3206864064
27341|0|13220|05/01/2024 03:11:06||16734|3865857536|5705593008
26060|0|77911|04/01/2024 18:26:47||48193|15012277712|17761944120
26572|0|21923|04/01/2024 21:55:10||35690|2142659456|3145554264
26009|0|87856|04/01/2024 18:05:17||49483|146783241736|295707315176
27395|0|39952|05/01/2024 03:38:13||15107|4924199344|6044562168
27515|0|70645|05/01/2024 04:30:24||11976|366955488|442968344
27439|0|79203|05/01/2024 03:51:47||14293|333085048|342161304
26958|0|25884|05/01/2024 00:34:03||26157|6313339176|9438034768
27670|0|76091|05/01/2024 05:40:10||7790|427245888|485928640
27134|0|23271|05/01/2024 01:54:11||21349|1240795784|1609900856
26723|0|33250|04/01/2024 22:54:39||32121|6058204040|6211396904
26959|0|31550|05/01/2024 00:38:18||25902|4904708360|6185745704
27480|0|69121|05/01/2024 04:12:56||13024|4474351728|5229822984
27498|0|98518|05/01/2024 04:24:15||12345|2704681392|3151948848
26326|0|84912|04/01/2024 20:16:11|05/01/2024 07:48:39|41548|3929306272|4023476496
27828|0|18411|05/01/2024 06:50:44||3556|397558320|551763464
27913|0|93627|05/01/2024 07:22:47||1633|317169296|376232952
27859|0|48354|05/01/2024 07:01:17||2923|396125624|519998160
26745|0|77111|04/01/2024 23:02:13||31667|24561995720|27887044256
26253|0|51631|04/01/2024 19:41:26||43714|110852337424|306120194560
27310|0|94288|05/01/2024 03:09:08||16852|5801743808|6933377016
27499|0|59450|05/01/2024 04:24:37||12323|1583738608|1988094336
25289|0|28402|04/01/2024 13:04:26|05/01/2024 07:46:22|67316|4408060616|6599707952
27311|0|98958|05/01/2024 03:02:34||17246|2044315520|3015187696
25691|0|57061|04/01/2024 15:45:46||57854|7721467712|11363708744
27460|0|80025|05/01/2024 04:07:04||13376|6293540688|9236235504
25843|0|31700|04/01/2024 16:58:38||53482|3348110928|3443332096
27829|0|78379|05/01/2024 06:50:50||3550|390892384|427924184
27930|0|13583|05/01/2024 07:32:35||1045|400509280|561269264
26838|0|46671|04/01/2024 23:45:02||29098|5726357640|5934100848
27616|0|53820|05/01/2024 05:23:31||8789|1147764808|1618088376
25770|0|51519|04/01/2024 16:20:51||55749|17295833072|19396433392
25986|0|83210|04/01/2024 17:59:52||49808|9749766144|11183983216
26447|0|16818|04/01/2024 21:09:44||38416|96592603464|232822887000
27154|0|36006|05/01/2024 02:01:49||20891|23430713856|63346612960
27003|0|77204|05/01/2024 00:58:56||24664|30646411336|17092020536
25338|0|52439|04/01/2024 13:26:10||66230|169375037944|355592078056
26135|0|50187|04/01/2024 18:50:03||46797|2027663592|2615073864
27179|0|57468|05/01/2024 02:19:12||19848|5364347792|6627211104
27063|0|47314|05/01/2024 01:21:41||23299|2399153568|3512513800
26692|0|67955|04/01/2024 22:41:54||32886|24587145048|14220197688
26235|0|52594|04/01/2024 19:32:12||44268|3452929072|5046253592
27743|0|91262|05/01/2024 06:18:00||5520|930093048|950378464
27744|0|95953|05/01/2024 06:19:30||5430|3202204936|3343317936
27195|0|28423|05/01/2024 02:27:43||19337|6137399696|6287740360
26910|0|85316|05/01/2024 00:16:22||27218|54823750600|112220495120
26273|0|79312|04/01/2024 19:53:35||42985|5486823744|6352749200
27135|0|56946|05/01/2024 01:50:41||21559|4905142632|5588707728
26665|0|94591|04/01/2024 22:37:43||33137|10097039744|10172357496
27914|0|55328|05/01/2024 07:22:50||1630|13170856|14831152
25899|0|12418|04/01/2024 17:13:51||52569|17234169616|21660863736
26985|0|14203|05/01/2024 00:43:30||25590|68216896104|175257465800
25771|0|23810|04/01/2024 16:28:42||55278|7189963920|10335025144
26527|0|59395|04/01/2024 21:35:08||36892|816610656|939011256
27370|0|98440|05/01/2024 03:22:18||16062|7306641016|8415090592
27671|0|93541|05/01/2024 05:46:33||7407|1275946968|1599778584
26839|0|51535|04/01/2024 23:40:56||29344|71425306424|136134517680
27500|0|36659|05/01/2024 04:21:02||12538|946815728|1376588528
27701|0|99997|05/01/2024 05:52:48||7032|2124547296|2475363392
27672|0|93127|05/01/2024 05:46:32||7408|951876440|1400781720
27550|0|8451|05/01/2024 04:57:22||10358|287932304|411944128
27043|0|40614|05/01/2024 01:10:47||23953|7274376352|9939485840
26840|0|70372|04/01/2024 23:48:05||28915|59213520|61919320
25917|0|85672|04/01/2024 17:25:05||51895|19603040304|27629987696
26327|0|45387|04/01/2024 20:11:24||41916|2249176336|3274277600
26398|0|38376|04/01/2024 20:46:44||39796|16855749760|22776667816
27702|0|63153|05/01/2024 05:54:13||6947|3546578904|3569420168
27779|0|5094|05/01/2024 06:36:37||4403|844163312|948577392
27860|0|36200|05/01/2024 07:04:18||2742|9692936264|18986455632
27423|0|76281|05/01/2024 03:45:07||14693|9026408656|11957820424
27112|0|41346|05/01/2024 01:44:47|05/01/2024 07:46:16|21689|3157286744|4166020112
27953|0|41346|05/01/2024 07:46:47||193|7255832|7776440
26307|0|72646|04/01/2024 20:04:06||42354|8339396760|12503468848
25572|0|29605|04/01/2024 14:57:55||60725|126664121464|240479031408
26012|0|8775|04/01/2024 18:07:51||49329|31312964704|38904232520
27861|0|87836|05/01/2024 07:08:45||2475|2945175376|8667162400
26399|0|13499|04/01/2024 20:44:48||39912|2035638152|2271803168
27915|0|74614|05/01/2024 07:28:16||1304|336114056|444024496
26377|0|22665|04/01/2024 20:33:43||40577|8020874328|8512818400
26644|0|26675|04/01/2024 22:26:46||33794|802633984|925460384
26592|0|17670|04/01/2024 22:09:49||34811|246289904|298851376
27481|0|59984|05/01/2024 04:19:16||12644|8680048712|10657424976
27758|0|68883|05/01/2024 06:29:03||4857|172226072|212143664
26274|0|27276|04/01/2024 19:51:53||43087|19082048512|19459276632
26529|0|97540|04/01/2024 21:36:09||36831|2298751656|2389521032
26884|0|14496|05/01/2024 00:06:45||27795|2671215864|3660677040
27916|0|56731|05/01/2024 07:23:50||1570|56523488|66194176
27255|0|98869|05/01/2024 02:41:08||18532|2065756304|3051783080
26180|0|31958|04/01/2024 19:12:11||45469|509327952|680659096
26091|0|91336|04/01/2024 18:36:56||47584|7317146728|9584608136
27256|0|4883|05/01/2024 02:44:58||18302|136214832|149298440
26841|0|64359|04/01/2024 23:47:19||28961|11598759872|14206005392
27593|0|32570|05/01/2024 05:19:14||9046|893889816|899034112
26159|0|43849|04/01/2024 19:01:49||46091|1466757624|1484617856
26508|0|55154|04/01/2024 21:25:47||37453|33451595072|18115364568
27342|0|56440|05/01/2024 03:11:19||16721|9678270976|6522694224
26328|0|12576|04/01/2024 20:11:41||41899|26931162488|34566539304
26530|0|35261|04/01/2024 21:32:33||37047|1202009992|1448046848
26810|0|25037|04/01/2024 23:36:48||29592|1817473264|2072134568
26769|0|72890|04/01/2024 23:16:12||30828|5768470968|7025281704
27594|0|31105|05/01/2024 05:12:57||9423|402225448|421857672
27064|0|47464|05/01/2024 01:23:35||23185|47893929536|112666616616
27780|0|83901|05/01/2024 06:30:59||4741|2112757544|2210723016
27220|0|37879|05/01/2024 02:33:28||18992|15082115480|40079018744
25946|0|19801|04/01/2024 17:31:34||51506|18904943896|19405679672
27113|0|50847|05/01/2024 01:48:56||21664|6762204128|9344726464
27595|0|80460|05/01/2024 05:12:53||9427|893606720|999886040
27725|0|99904|05/01/2024 06:05:47||6253|4527951176|5279929664
27312|0|92409|05/01/2024 03:06:02||17038|2247405864|2610929680
26308|0|71541|04/01/2024 20:09:01||42059|12916405736|14134406992
26277|0|57307|04/01/2024 19:56:33||42807|25347148216|19797398824
26811|0|17717|04/01/2024 23:38:17||29503|33205735424|68718186216
26937|0|68878|05/01/2024 00:26:41||26599|9033552472|12517003440
27830|0|63585|05/01/2024 06:52:49||3431|3404392992|4559849088
27883|0|69340|05/01/2024 07:19:13||1847|407451896|596274720
27501|0|33064|05/01/2024 04:20:49||12551|7119567120|8486166872
25648|0|49279|04/01/2024 15:26:07||59033|48807130880|71394172488
27862|0|30280|05/01/2024 07:05:54||2646|784292176|1033976056
27257|0|68053|05/01/2024 02:45:58||18242|53862149848|125935708312
27884|0|77217|05/01/2024 07:17:29||1951|104722576|119259808
27885|0|58441|05/01/2024 07:10:54||2346|411955200|611378040
26160|0|58233|04/01/2024 19:03:49||45971|7098690440|10648034344
27931|0|3805|05/01/2024 07:30:14||1186|31501680|33703896
26211|0|89909|04/01/2024 19:21:46||44894|7808077200|9338543536
27954|0|24143|05/01/2024 07:49:50||10|2104376|2326600
27673|0|19688|05/01/2024 05:49:08||7252|916985064|1213883424
26138|0|52416|04/01/2024 18:57:03||46377|1032669048|1064961704
26749|0|64963|04/01/2024 23:04:13||31547|526992328|565203992
26750|0|25887|04/01/2024 23:06:26||31414|10737810712|12428314016
26547|0|47747|04/01/2024 21:44:33||36327|4431756008|5048524720
27020|0|23908|05/01/2024 01:02:17||24463|4406132448|5922862104
27004|0|83153|05/01/2024 00:58:51||24669|16254783952|16305687576
27703|0|32616|05/01/2024 05:53:38||6982|1749002200|1854490536
26645|0|98338|04/01/2024 22:26:49||33791|9832129616|5703037224
27180|0|44450|05/01/2024 02:13:55||20165|632937432|915853840
26785|0|64106|04/01/2024 23:29:41||30019|1497926824|2157494168
26139|0|72615|04/01/2024 18:53:20||46600|6680206728|9536125456
26724|0|42134|04/01/2024 22:50:05||32395|4247540928|4367118368
27221|0|82418|05/01/2024 02:30:35||19165|2482996824|3001277768
27932|0|80719|05/01/2024 07:32:09||1071|532139280|645816176
25314|0|67557|04/01/2024 13:14:26||66934|15263337464|20250909232
27917|0|96953|05/01/2024 07:27:13||1367|92595560|134875864
26770|0|76524|04/01/2024 23:12:04||31076|7333561944|10231945464
26093|0|41699|04/01/2024 18:36:26||47614|1542419528|2053667952
27641|0|82986|05/01/2024 05:30:32||8368|119222024|148695856
26960|0|98774|05/01/2024 00:39:37||25823|6255593880|9316944128
26509|0|17504|04/01/2024 21:29:28||37232|34744173568|102881013768
27065|0|98298|05/01/2024 01:22:45||23235|6599254216|7678008072
27759|0|69372|05/01/2024 06:21:25||5315|1700798320|2481111288
27287|0|70962|05/01/2024 02:51:04||17936|861216544|1157940536
25713|0|87153|04/01/2024 15:53:39||57381|12518032192|15062168088
27343|0|93664|05/01/2024 03:11:07||16733|1907783976|2826884424
27461|0|57813|05/01/2024 04:06:32||13408|3149018248|3164137944
27021|0|37360|05/01/2024 01:08:10||24110|5813762976|5912814512
26421|0|29682|04/01/2024 20:59:46||39014|1497604112|1623163584
27933|0|67152|05/01/2024 07:38:05||715|1878906960|3627002504
27258|0|28055|05/01/2024 02:44:22||18338|13096700024|10619186024
25540|0|53398|04/01/2024 14:48:16||61304|13306035136|14189387248
26885|0|70723|05/01/2024 00:04:06||27954|2210974296|1361997224
27726|0|98424|05/01/2024 06:04:27||6333|3023402896|3996562136
27502|0|63848|05/01/2024 04:21:35||12505|23073457784|49742296752
27045|0|16017|05/01/2024 01:17:12||23568|20347126592|30250771480
26279|0|30539|04/01/2024 19:50:19||43181|558104264|571805112
27344|0|48807|05/01/2024 03:18:45||16275|1961830128|2850012232
27886|0|54200|05/01/2024 07:13:42||2178|108965160|158539248
27536|0|10654|05/01/2024 04:47:38||10942|5648856368|6259755488
26726|0|86735|04/01/2024 22:58:00||31920|14946463208|20784505504
27397|0|49678|05/01/2024 03:39:46||15014|4230690496|5773535232
26842|0|23803|04/01/2024 23:46:14||29026|339538920|505740512
26869|0|50238|04/01/2024 23:56:26||28414|9076337176|12846908072
26400|0|74145|04/01/2024 20:40:26||40174|13011807168|13729057584
27371|0|17156|05/01/2024 03:28:32||15688|1237196712|1687354144
27537|0|35594|05/01/2024 04:46:12||11028|965216176|1214639328
27597|0|22317|05/01/2024 05:11:38||9502|406450608|418856944
25773|0|91511|04/01/2024 16:25:15||55485|25776385704|34945536024
27372|0|80236|05/01/2024 03:23:45||15975|5243319888|6846998392
26013|0|12536|04/01/2024 18:02:31||49649|11225980576|11670759848
27598|0|24132|05/01/2024 05:18:16||9104|307824800|449797816
27399|0|66310|05/01/2024 03:39:40||15020|4168705208|5105097584
27400|0|53714|05/01/2024 03:37:25||15155|33949590616|82366771936
26577|0|30667|04/01/2024 21:58:45||35475|860225480|1146067136
26886|0|77148|05/01/2024 00:06:22||27818|10993003040|11029142160
27090|0|91598|05/01/2024 01:32:42||22638|9759474816|10249495848
26280|0|59145|04/01/2024 19:51:19||43121|20010288792|24903423064
25754|0|8839|04/01/2024 16:15:38||56062|3385323376|3407790288
26727|0|93041|04/01/2024 22:56:58||31982|8869867296|11423380576
27518|0|80096|05/01/2024 04:39:50||11410|16251186256|10749029160
27599|0|34312|05/01/2024 05:15:24||9276|323260664|342622712
27804|0|83129|05/01/2024 06:43:18||4002|2617373680|2661363512
25219|0|70629|04/01/2024 12:37:47|05/01/2024 07:46:27|68920|13094732792|14323949664
27181|0|14433|05/01/2024 02:11:37||20303|1589275456|1774758080
25846|0|53883|04/01/2024 16:56:08||53632|2432584280|3358821000
27462|0|74601|05/01/2024 04:09:44||13216|21717135568|42884276272
27519|0|64781|05/01/2024 04:35:07||11693|1392657056|1772486784
27259|0|31527|05/01/2024 02:49:22||18038|1431613200|1449227592
25542|0|90512|04/01/2024 14:49:29||61231|27877413008|28097260824
27674|0|26199|05/01/2024 05:45:47||7453|1092526344|1217751200
27222|0|99476|05/01/2024 02:36:07||18833|19725017904|16061171208
26181|0|56252|04/01/2024 19:16:48||45192|9726972296|12148131304
26237|0|34411|04/01/2024 19:31:07||44333|522152584|626018256
26578|0|53064|04/01/2024 21:57:30||35550|10722370632|13101582688
25847|0|29306|04/01/2024 16:54:06||53754|5855436064|8764114104
25220|0|59433|04/01/2024 12:37:31||69149|28067460032|37524004608
27314|0|27416|05/01/2024 03:09:07||16853|5181152480|6437730360
27934|0|19123|05/01/2024 07:34:10||950|25073840|31639472
27520|0|47902|05/01/2024 04:33:01||11819|3892545928|4188225224
25402|0|38060|04/01/2024 13:49:12||64848|6674222456|8933388728
26813|0|96896|04/01/2024 23:34:40||29720|56301873536|132323637512
27223|0|17009|05/01/2024 02:33:29||18991|1273572536|1452184304
27155|0|96272|05/01/2024 02:00:55||20945|5723421456|8090868608
27887|0|24903|05/01/2024 07:14:24||2136|681469800|848001816
27345|0|75957|05/01/2024 03:15:54||16446|1206628376|1481981456
27521|0|19759|05/01/2024 04:36:00||11640|2340097392|2678685456
27600|0|34442|05/01/2024 05:18:10||9110|346278032|372890024
27182|0|97470|05/01/2024 02:16:50||19990|2389745328|2515544744
27005|0|24906|05/01/2024 00:58:53||24667|15676835688|12366298304
27260|0|73084|05/01/2024 02:47:40||18140|1672608208|1738654488
27745|0|74503|05/01/2024 06:16:13||5627|1512498472|1758742224
26485|0|25982|04/01/2024 21:10:43||38357|80968484488|155914412992
27440|0|27001|05/01/2024 03:51:29||14311|10967884760|12918096472
27006|0|83551|05/01/2024 00:57:53||24727|38557866736|82000833560
27551|0|14122|05/01/2024 04:50:40||10760|473484256|687603904
25732|0|23151|04/01/2024 16:07:18||56562|163670085776|331694462672
27197|0|95610|05/01/2024 02:29:11||19249|1483657272|1534594024
27482|0|64459|05/01/2024 04:17:39||12741|247461560|253868552
27831|0|68700|05/01/2024 06:52:53||3427|170483736|229625840
26694|0|34668|04/01/2024 22:43:58||32762|8277493848|12253067184
27137|0|54183|05/01/2024 01:56:09||21231|11329691824|12028611976
27156|0|73781|05/01/2024 02:00:35||20965|779624616|945485416
26911|0|98196|05/01/2024 00:18:30||27090|10117963272|11486078072
27138|0|24392|05/01/2024 01:50:51||21549|12813719056|14419178200
25733|0|54698|04/01/2024 16:07:09||56571|83183238776|216330365776
27805|0|84711|05/01/2024 06:40:59||4141|1857615696|2023188360
26888|0|83416|05/01/2024 00:08:58||27662|6866292520|7398285784
27918|0|81876|05/01/2024 07:27:10||1370|3775598664|7087388824
26594|0|78611|04/01/2024 22:09:27||34833|4778396488|6963323056
27424|0|53977|05/01/2024 03:49:50||14410|8561244656|9200246912
27198|0|47511|05/01/2024 02:20:39||19761|6170293328|6362272832
27727|0|58449|05/01/2024 06:01:11||6529|2164867456|2953904280
25949|0|64525|04/01/2024 17:35:22||51278|10569231376|13772412032
27066|0|49037|05/01/2024 01:20:09||23391|1421852216|1577776736
26626|0|5329|04/01/2024 22:16:56||34384|15883482432|19623211856
27832|0|16277|05/01/2024 06:53:55||3365|57899032|74831704
26889|0|96423|05/01/2024 00:06:39||27801|6647182016|7277922520
25667|0|46329|04/01/2024 15:34:21||58539|17294439648|25817510208
26939|0|17550|05/01/2024 00:28:45||26475|13055201744|13496651904
26063|0|86855|04/01/2024 18:21:32||48508|25812699080|29323740344
26452|0|54532|04/01/2024 21:05:27||38673|5007652272|6980971400
26870|0|40004|04/01/2024 23:50:56||28744|11394942632|14454521920
25848|0|31810|04/01/2024 16:53:31||53789|15117608584|15532243696
26940|0|70058|05/01/2024 00:26:39||26601|2378325608|3064983032
26281|0|24571|04/01/2024 19:58:48||42672|3108705936|4051330824
26668|0|35516|04/01/2024 22:30:11||33589|4565818216|4740951072
26941|0|82321|05/01/2024 00:20:44||26956|7033251216|7609143448
25374|0|54433|04/01/2024 13:32:25||65855|9353540744|10513876520
27401|0|34330|05/01/2024 03:37:33||15147|2834184232|3767107664
26752|0|70169|04/01/2024 23:07:37||31343|15777184056|22372271560
25877|0|46986|04/01/2024 17:08:11||52909|5204829920|7236032760
26423|0|23505|04/01/2024 20:59:20||39040|16080393696|19103383864
27157|0|42726|05/01/2024 02:07:12||20568|7537476824|8681984944
27067|0|7332|05/01/2024 01:23:05||23215|6980567336|7035905904
27007|0|43504|05/01/2024 00:58:53||24667|7276449440|9973751944
27601|0|44745|05/01/2024 05:11:06||9534|957988096|1261000104
27676|0|30577|05/01/2024 05:42:11||7669|7303954408|19210318880
26987|0|88803|05/01/2024 00:47:38||25342|510494648|601011272
27617|0|12863|05/01/2024 05:22:55||8825|2426616840|2862825264
26424|0|85856|04/01/2024 20:59:55||39005|12596547680|14519753320
27833|0|74749|05/01/2024 06:53:12||3408|382092616|528203752
27225|0|41001|05/01/2024 02:39:22||18638|183426680|226075960
26988|0|5866|05/01/2024 00:45:48||25452|4158307456|4178526664
26453|0|59369|04/01/2024 21:04:14||38746|7154704304|9106299048
27935|0|44381|05/01/2024 07:32:30||1050|58010392|61202328
25240|0|5616|04/01/2024 12:47:31||68549|98116527656|188455223920
26425|0|80746|04/01/2024 20:59:14||39046|3916632504|5514840528
26753|0|99799|04/01/2024 23:09:44||31216|11625964096|11660340336
25734|0|5989|04/01/2024 16:02:31||56849|1333514784|1771585432
27782|0|96379|05/01/2024 06:37:08||4372|346940904|437152392
27091|0|18724|05/01/2024 01:31:36||22704|8668244256|11404818936
27618|0|20125|05/01/2024 05:28:55|05/01/2024 07:47:13|8298|960561848|1073040064
27955|0|30922|05/01/2024 07:43:31||389|4405192|6038768
26845|0|90014|04/01/2024 23:48:17||28903|13290576944|17189853896
27483|0|90493|05/01/2024 04:18:02||12718|3954755648|5899866960
27289|0|75854|05/01/2024 02:56:30||17610|66518199616|142438209360
27484|0|88091|05/01/2024 04:16:08||12832|454329552|546539344
26814|0|91923|04/01/2024 23:39:31||29429|920268952|1299794256
27704|0|49376|05/01/2024 05:57:36||6744|3495851432|3729032472
27746|0|7743|05/01/2024 06:13:13||5807|1954360880|2712203968
26215|0|58177|04/01/2024 19:20:43||44957|106348694208|251932225512
27936|0|81346|05/01/2024 07:37:42||738|11226168|14403560
27199|0|31214|05/01/2024 02:28:09||19311|6613099296|8708533408
25573|0|63011|04/01/2024 14:55:51||60849|1107875520|1593599408
27919|0|98475|05/01/2024 07:22:04||1676|11055768|13964984
26216|0|69759|04/01/2024 19:25:58||44642|4424626720|4502132048
26183|0|26780|04/01/2024 19:15:59||45241|4623561928|6489348368
26354|0|65810|04/01/2024 20:29:11||40849|5140646584|6491218544
26161|0|4539|04/01/2024 19:05:11|05/01/2024 07:40:19|45308|508058096|617444840
26695|0|73491|04/01/2024 22:41:26||32914|1714024600|2072202080
27920|0|38718|05/01/2024 07:25:27||1473|2795272024|7057975216
27263|0|62800|05/01/2024 02:43:28||18392|4168534296|5565482992
27956|0|15351|05/01/2024 07:40:27||573|18300344|21343424
27290|0|86640|05/01/2024 02:57:08||17572|3504051528|3937507784
27068|0|45522|05/01/2024 01:23:55||23165|77031586280|164481467840
26330|0|78867|04/01/2024 20:14:51||41709|299996239680|191323715504
27442|0|31189|05/01/2024 03:51:27||14313|2051574144|2535489264
26846|0|66722|04/01/2024 23:44:30||29130|2797936336|2804184432
27760|0|47552|05/01/2024 06:21:36||5304|14202431160|34455626936
27834|0|5200|05/01/2024 06:52:48||3432|1495314072|1496374792
26489|0|78319|04/01/2024 21:15:21||38079|15862095104|23507674480
27047|0|37770|05/01/2024 01:19:45||23415|10827440984|12017534824
27443|0|38222|05/01/2024 03:51:08||14332|3682112928|4909130512
27575|0|51359|05/01/2024 05:00:52||10148|5018776072|3697266136
27863|0|28387|05/01/2024 07:09:53||2407|6994739712|17178555808
27864|0|52962|05/01/2024 07:03:37||2783|39112440|57593928
27183|0|64081|05/01/2024 02:16:24||20016|518329528|709214384
26239|0|66619|04/01/2024 19:38:21||43899|50975768072|98336084016
26401|0|90297|04/01/2024 20:42:04||40076|198197523920|381563575480
27865|0|60248|05/01/2024 07:01:23||2917|4388906816|12596034128
27425|0|78104|05/01/2024 03:45:14||14686|4511645520|6387126824
26696|0|8607|04/01/2024 22:42:34||32846|55240234176|138972562648
26456|0|18066|04/01/2024 21:06:59||38581|59570499984|135905233520
27316|0|66307|05/01/2024 03:07:58||16922|637552256|871883952
27264|0|64119|05/01/2024 02:46:42||18198|1097613320|1456853744
26096|0|97111|04/01/2024 18:39:12||47448|12691080896|14478241344
27048|0|38141|05/01/2024 01:18:03||23517|2592287768|3145388400
27888|0|16344|05/01/2024 07:17:18||1962|4003550352|11398434672
26117|0|67666|04/01/2024 18:40:07||47393|2693314856|2845491608
27552|0|54407|05/01/2024 04:51:19||10721|3338747680|4516248944
25921|0|42829|04/01/2024 17:26:44||51796|6509146360|9469648712
27889|0|38580|05/01/2024 07:16:06||2034|334969880|367950664
27806|0|57517|05/01/2024 06:41:07||4133|1889329752|2124917904
26847|0|88059|04/01/2024 23:40:54||29346|26535662720|14958333592
26402|0|20046|04/01/2024 20:49:58||39602|19921014368|20708394456
27602|0|54993|05/01/2024 05:18:41||9079|1124334712|1178951904
26282|0|85732|04/01/2024 19:53:07||43013|18167932712|23246586456
25716|0|37858|04/01/2024 15:56:07||57233|4388573560|5244230376
25696|0|11077|04/01/2024 15:48:03||57717|12791126264|17696180104
26728|0|55593|04/01/2024 22:50:20|05/01/2024 07:42:20|31920|21086550240|24358946592
27957|0|55593|05/01/2024 07:43:35||385|14084944|17647344
27008|0|73499|05/01/2024 00:59:06||24654|707822304|810763448
27346|0|66256|05/01/2024 03:14:06||16554|6512266176|7957491952
26015|0|48135|04/01/2024 18:09:31||49229|28304120992|37906329144
27807|0|88454|05/01/2024 06:42:27||4053|289208616|327169368
27783|0|76363|05/01/2024 06:35:29||4471|195328056|286352736
25698|0|61149|04/01/2024 15:45:54||57846|9527558680|12293596120
27503|0|27733|05/01/2024 04:22:39||12441|33756299928|87057652128
26989|0|18927|05/01/2024 00:41:17||25723|6589187384|7209076840
27226|0|44714|05/01/2024 02:35:23|05/01/2024 07:46:19|18656|1076529776|1286157888
27958|0|44714|05/01/2024 07:47:33||147|5238936|7406488
26162|0|71703|04/01/2024 19:09:44||45616|13428146496|14912444136
27463|0|34760|05/01/2024 04:01:31||13709|4521638456|6281163072
27835|0|43410|05/01/2024 06:56:02||3238|761246400|829423320
27265|0|26002|05/01/2024 02:44:11||18349|1834146264|2142702216
27619|0|5312|05/01/2024 05:29:41||8419|1473591024|1758562496
25574|0|91964|04/01/2024 14:59:48||60612|16068370448|23721274480
26990|0|95066|05/01/2024 00:48:14||25306|808059208|1210250976
26283|0|47241|04/01/2024 19:52:56||43024|11536588024|6971759336
26991|0|4606|05/01/2024 00:47:52||25328|3781240472|3897836648
26041|0|12608|04/01/2024 18:18:17||48703|27066815976|33890872568
27808|0|11713|05/01/2024 06:44:56||3904|1714507144|1807869960
27642|0|38214|05/01/2024 05:32:21||8259|786139680|936804392
27761|0|58246|05/01/2024 06:26:27||5013|90292424|105364256
27620|0|49105|05/01/2024 05:20:51||8949|1358848712|1933138064
27227|0|15073|05/01/2024 02:32:09||19071|547194576|765021960
27538|0|99768|05/01/2024 04:45:42||11058|1671094328|1883099848
27200|0|89014|05/01/2024 02:23:45||19575|14760361280|10369465792
27504|0|22301|05/01/2024 04:26:03||12237|1005238896|1275891288
26848|0|80524|04/01/2024 23:47:25||28955|1658420560|2147648408
27009|0|65611|05/01/2024 00:55:36||24864|2271146976|3282712160
26163|0|65637|04/01/2024 19:08:28||45692|3046572952|4017848112
26403|0|59817|04/01/2024 20:40:47||40153|30592489768|36385793824
26164|0|5708|04/01/2024 19:05:28||45872|15975771256|18348682488
26426|0|21901|04/01/2024 20:53:14||39406|6053477464|8648014088
26669|0|87742|04/01/2024 22:36:09||33231|9725380816|9758162920
27266|0|19943|05/01/2024 02:41:15||18525|1077765680|1462996776
27747|0|56598|05/01/2024 06:12:27||5853|816976920|1166793920
27505|0|90141|05/01/2024 04:23:38||12382|652303632|787208480
27373|0|21232|05/01/2024 03:27:35||15745|6043660200|6109339104
27539|0|57679|05/01/2024 04:47:57||10923|6138716552|6557468656
26849|0|36128|04/01/2024 23:43:31||29189|6663654552|7964647848
26627|0|35038|04/01/2024 22:14:11||34549|96908533032|275027187712
25825|0|42069|04/01/2024 16:42:53||54427|3301989392|4332304152
27158|0|15177|05/01/2024 02:02:18||20862|27689176632|65206957120
26145|0|75731|04/01/2024 18:53:08||46612|3107196776|3766227432
26890|0|13160|05/01/2024 00:03:39||27981|5154631256|5798430592
27553|0|86394|05/01/2024 04:53:15||10605|1665110840|2042415976
27728|0|51005|05/01/2024 06:00:39||6561|1381078720|1602311064
27643|0|10794|05/01/2024 05:33:05||8215|780598144|1038939464
27554|0|21691|05/01/2024 04:51:33||10707|86109128|121533288
27228|0|61887|05/01/2024 02:34:10||18950|4158677504|4266635168
27890|0|59271|05/01/2024 07:11:44||2296|738561928|918750248
27677|0|65046|05/01/2024 05:46:56||7384|19965644928|45365583504
27114|0|40852|05/01/2024 01:40:49||22151|4375048672|5774703720
27705|0|81367|05/01/2024 05:56:42||6798|1288459984|1478846000
27729|0|7986|05/01/2024 06:08:08||6112|1057375608|1304883840
26628|0|72262|04/01/2024 22:10:52||34748|69748221000|143570742456
25972|0|44898|04/01/2024 17:40:32||50968|100991892296|287569331744
26534|0|70352|04/01/2024 21:34:53||36907|6083256728|6598155688
27959|0|64617|05/01/2024 07:48:12||108|167703592|463034624
27464|0|91924|05/01/2024 04:02:38||13642|3251551168|4717888960
26240|0|58272|04/01/2024 19:39:20||43840|15826858080|19348274376
27678|0|65442|05/01/2024 05:43:40||7580|23047760312|60135671720
27921|0|89998|05/01/2024 07:28:09||1311|568000272|773118424
27555|0|16128|05/01/2024 04:55:32||10468|377888288|466776264
26912|0|44391|05/01/2024 00:19:57||27003|722394904|891800552
27556|0|20346|05/01/2024 04:57:27||10353|344447704|383008208
26786|0|33387|04/01/2024 23:27:11||30169|5779920872|7723720464
25803|0|72497|04/01/2024 16:38:27||54693|22988104048|27953715112
27784|0|78811|05/01/2024 06:30:23||4777|136575080|144475848
27093|0|15233|05/01/2024 01:36:20||22420|6188081392|7213607400
26964|0|53550|05/01/2024 00:33:17||26203|3232017552|4518992608
25650|0|75256|04/01/2024 15:26:54||58986|27179062456|35641099096
26146|0|82975|04/01/2024 18:52:11||46669|8421508728|10846104696
26428|0|66003|04/01/2024 20:56:20||39220|3285967408|3603215368
26241|0|61892|04/01/2024 19:35:20||44080|9575840024|10785349576
27070|0|48755|05/01/2024 01:28:32||22888|1360231944|1881583024
26942|0|88718|05/01/2024 00:22:55||26825|9795765224|9833634480
27229|0|18024|05/01/2024 02:39:19|05/01/2024 07:40:53|18094|689945752|906949392
27115|0|47033|05/01/2024 01:43:46||21974|7333881248|9024769552
27644|0|20897|05/01/2024 05:33:37||8183|3494891576|4101190440
27071|0|68717|05/01/2024 01:29:37||22823|1047655520|1458206904
27010|0|69727|05/01/2024 00:54:11||24949|5342456824|5966156008
26405|0|93897|04/01/2024 20:47:52||39728|14976242208|19340172160
27891|0|57014|05/01/2024 07:16:55||1985|4946438120|12110878096
27374|0|94806|05/01/2024 03:20:25||16175|2550007176|3254110928
26551|0|91548|04/01/2024 21:40:23||36577|10573135688|12360543472
27347|0|47290|05/01/2024 03:13:47||16573|4152178872|4793148944
26672|0|53526|04/01/2024 22:38:39||33081|5186783624|6290835392
27485|0|91231|05/01/2024 04:19:00||12660|3226089144|3340786536
26698|0|54759|04/01/2024 22:40:32||32968|15314091312|19133676632
25923|0|91721|04/01/2024 17:21:27||52113|32061567112|37363203920
27557|0|58622|05/01/2024 04:51:20||10720|5298079496|5942148256
25952|0|30399|04/01/2024 17:39:16||51044|46994173488|137126088240
27318|0|50807|05/01/2024 03:04:37||17123|42103618408|86629352712
27621|0|40205|05/01/2024 05:23:19||8801|147357888|178387936
27023|0|55387|05/01/2024 01:07:38||24142|57457880|79536216
26852|0|89836|04/01/2024 23:47:40||28940|8342233000|9653840920
27523|0|28713|05/01/2024 04:35:45||11655|604751696|900557384
27540|0|73562|05/01/2024 04:41:36||11304|1135655104|1587219680
27922|0|66198|05/01/2024 07:21:25||1715|985233576|1106506248
27679|0|33865|05/01/2024 05:49:14||7246|2858044200|3712294824
26458|0|80397|04/01/2024 21:03:55||38765|1795537296|2273142152
27159|0|39030|05/01/2024 02:04:42||20718|58340829768|130715801264
26459|0|31381|04/01/2024 21:00:13||38987|9224674912|9265754072
27603|0|43205|05/01/2024 05:16:41||9199|731765544|932126792
26854|0|38286|04/01/2024 23:46:12||29028|8192550528|9259270280
26913|0|35949|05/01/2024 00:14:54||27306|8174023208|9243245088
27024|0|20487|05/01/2024 01:09:47||24013|556822296|817955384
27558|0|51103|05/01/2024 04:51:55||10685|6223723008|6787085928
25345|0|61582|04/01/2024 13:28:29||66091|73769574896|45610571760
26788|0|4266|04/01/2024 23:23:17||30403|3041073584|4076333072
26596|0|53935|04/01/2024 22:05:16||35084|4382220688|4735649072
27486|0|30505|05/01/2024 04:11:06||13134|7886047600|9494926840
26730|0|82821|04/01/2024 22:57:26||31954|5098022504|5789884976
27202|0|61975|05/01/2024 02:27:09||19371|3562592520|4271906184
27140|0|38745|05/01/2024 01:50:04||21596|9333528264|11531127944
25631|0|20811|04/01/2024 15:18:17||59503|6202847088|8467507840
26313|0|90370|04/01/2024 20:08:34||42086|11179870072|16421913104
26993|0|66645|05/01/2024 00:46:47||25393|3867574360|4661231536
26772|0|39927|04/01/2024 23:14:27||30933|63720925648|133218204688
26491|0|20016|04/01/2024 21:13:04||38216|558139000|647888648
27011|0|32294|05/01/2024 00:53:17||25003|2854882520|3320848824
27809|0|90910|05/01/2024 06:48:51||3669|1649663208|2219590552
27465|0|22859|05/01/2024 04:09:50||13210|1325674312|1658705712
26789|0|97830|04/01/2024 23:21:24||30516|4927336144|5766331448
27160|0|44115|05/01/2024 02:03:05||20815|2295966312|3194682040
27706|0|79123|05/01/2024 05:52:48||7032|8127088928|4565543760
27426|0|53116|05/01/2024 03:43:38||14782|4034603256|4465807184
26756|0|81151|04/01/2024 23:08:31||31289|12483892224|14478889296
27487|0|66185|05/01/2024 04:16:12||12828|6431619640|8969327040
25347|0|90018|04/01/2024 13:22:07||66473|3784042896|4657732592
26255|0|22957|04/01/2024 19:46:19||43421|2040569432|2574085760
27291|0|70222|05/01/2024 02:56:50||17590|4360841472|4489206520
26914|0|45845|05/01/2024 00:15:50||27250|1262894848|1766428344
25269|0|4087|04/01/2024 12:58:48|05/01/2024 07:43:19|67471|33339835392|40752774656
25377|0|36934|04/01/2024 13:37:36||65544|30448551992|34073112080
25548|0|53663|04/01/2024 14:41:27||61713|3410379272|4848558912
26915|0|29777|05/01/2024 00:15:33|05/01/2024 07:49:49|27256|500685280|541906768
27141|0|84210|05/01/2024 01:50:45||21555|47420113672|116941251728
27203|0|41862|05/01/2024 02:26:45||19395|6302742056|6833446160
27403|0|4405|05/01/2024 03:38:32||15088|3587567520|4725861472
26790|0|60671|04/01/2024 23:21:16||30524|82538939504|239332506096
27319|0|33311|05/01/2024 03:08:17||16903|33714805976|71918532520
27267|0|21417|05/01/2024 02:40:15||18585|2844603296|3781728024
26286|0|88205|04/01/2024 19:55:10||42890|10010496720|13077543792
26119|0|67368|04/01/2024 18:44:12||47148|10161334024|11120626760
27622|0|59469|05/01/2024 05:26:21||8619|1279238696|1461069272
27960|0|26137|05/01/2024 07:43:58||362|29632080|38246704
27444|0|36658|05/01/2024 03:51:06||14334|3642115368|4754055752
27680|0|76870|05/01/2024 05:41:19||7721|863516056|903101728
26699|0|96661|04/01/2024 22:40:57||32943|5788439728|8391545304
26855|0|86178|04/01/2024 23:45:45||29055|2249077168|2675733072
25901|0|89519|04/01/2024 17:19:19||52241|176127646720|358957028672
27748|0|11325|05/01/2024 06:10:27||5973|2981069520|8864681840
27072|0|28538|05/01/2024 01:23:50||23170|3658272000|4067244296
27623|0|38624|05/01/2024 05:25:57||8643|14192452048|41341680896
26552|0|5653|04/01/2024 21:44:03||36357|1894488576|2719452344
27707|0|9731|05/01/2024 05:56:28||6812|15576830848|33022744328
27541|0|40982|05/01/2024 04:47:47||10933|2749164968|4002185568
27559|0|40702|05/01/2024 04:51:58||10682|1243408296|1739206752
27749|0|86096|05/01/2024 06:12:53||5827|22592893560|66806602512
25902|0|10021|04/01/2024 17:16:25||52415|1539962504|2058589568
25404|0|15671|04/01/2024 13:46:15||65025|25514902176|37526796632
26650|0|13744|04/01/2024 22:20:40||34160|9789155728|11450003256
27645|0|68860|05/01/2024 05:35:50||8050|947919424|1043930000
27762|0|24594|05/01/2024 06:25:23||5077|1073672752|1398094984
27445|0|86952|05/01/2024 03:57:50||13930|14948618688|10362693736
27230|0|80900|05/01/2024 02:39:17||18643|1462315944|1965108912
26043|0|48095|04/01/2024 18:18:06||48714|23191725944|30828282824
26553|0|56743|04/01/2024 21:48:48||36072|4978772080|5893826936
27268|0|60247|05/01/2024 02:45:39||18261|1610983040|1990900592
27624|0|79106|05/01/2024 05:23:57||8763|420715736|483297088
27763|0|25586|05/01/2024 06:28:28||4892|670393744|955052400
27892|0|45528|05/01/2024 07:19:11||1849|3906779248|8529412992
27785|0|78121|05/01/2024 06:31:33||4707|4582024512|5560056200
26256|0|41018|04/01/2024 19:44:11||43549|2494609048|3220986648
27292|0|93099|05/01/2024 02:58:26||17494|38597232|49104008
26535|0|88853|04/01/2024 21:30:56||37144|1752664160|2348464720
27320|0|11561|05/01/2024 03:07:07||16973|4168202800|5816024128
27893|0|55731|05/01/2024 07:18:42||1878|104604912|120630912
26817|0|96983|04/01/2024 23:31:50||29890|19879312064|27698297920
27231|0|23100|05/01/2024 02:36:38||18802|722920280|826606552
27708|0|22149|05/01/2024 05:50:43||7157|1959470160|2246938592
26891|0|76584|05/01/2024 00:00:16||28184|3032812888|4423994864
26944|0|9498|05/01/2024 00:23:45||26775|2284072056|2773610696
26774|0|93398|04/01/2024 23:15:50||30850|14975585120|16757959944
25806|0|55126|04/01/2024 16:33:27||54993|126698495856|289878802720
27348|0|6953|05/01/2024 03:18:53||16267|3281722384|4660601472
27786|0|18374|05/01/2024 06:37:22||4358|10427713464|24910468720
27836|0|18673|05/01/2024 06:51:43||3497|1050862176|1374693984
27730|0|21544|05/01/2024 06:08:01||6119|2420407192|2956278240
25778|0|18513|04/01/2024 16:25:50||55450|8745553272|12490517280
25526|0|15458|04/01/2024 14:32:09||62271|4091402152|6136884920
27837|0|79371|05/01/2024 06:54:08||3352|4214048904|9199309880
27810|0|70264|05/01/2024 06:40:08||4192|2744492168|3411111600
26872|0|37232|04/01/2024 23:58:47||28273|2129273136|2818493952
27811|0|81534|05/01/2024 06:42:53||4027|2788305920|3442211064
27894|0|19347|05/01/2024 07:15:39||2061|16093904|20353912
26758|0|33434|04/01/2024 23:02:15||31665|3541353616|4213080440
26893|0|84737|05/01/2024 00:04:47||27913|760962184|772550176
25578|0|83852|04/01/2024 14:58:33||60687|9060555976|13529395736
26068|0|71826|04/01/2024 18:27:49||48131|3356955152|4656710416
27404|0|95715|05/01/2024 03:36:46||15194|261428224|268643328
27204|0|96073|05/01/2024 02:25:11||19489|467859512|519598936
26554|0|86957|04/01/2024 21:45:04||36296|779009120|950185200
26894|0|56779|05/01/2024 00:06:40||27800|1261208768|1495404136
27293|0|84557|05/01/2024 02:50:06||17994|41141321520|102491721768
26555|0|16025|04/01/2024 21:48:53||36067|2030587360|2064641728
27681|0|66334|05/01/2024 05:46:10||7430|28428588896|57188155272
27448|0|38351|05/01/2024 03:58:51||13869|6155956080|7173757328
26257|0|6918|04/01/2024 19:45:04||43496|10966748544|13234708264
27731|0|60391|05/01/2024 06:05:22||6278|1388703800|1739597088
27866|0|87312|05/01/2024 07:02:03||2877|762617672|971502992
26700|0|76396|04/01/2024 22:45:19||32681|9075768928|13161865392
27375|0|78294|05/01/2024 03:22:55||16025|6048565040|7529265448
27682|0|87788|05/01/2024 05:40:14||7786|562299896|843178880
27646|0|30325|05/01/2024 05:30:47||8353|730284656|1038151176
27787|0|70362|05/01/2024 06:30:30||4770|143684832|186723968
26759|0|97683|04/01/2024 23:08:07||31313|2025806712|2124446816
27788|0|26004|05/01/2024 06:38:23||4297|1759963008|1994348080
27269|0|9484|05/01/2024 02:40:14||18586|3952479176|4099602584
25324|0|8691|04/01/2024 13:19:03||66657|2802783184|3290144560
27683|0|99765|05/01/2024 05:47:00||7380|1230076096|1385563120
27233|0|41487|05/01/2024 02:34:54||18906|4462283448|5124543304
26461|0|45641|04/01/2024 21:05:07||38693|7491640520|9680050464
25702|0|31714|04/01/2024 15:41:56||58084|175581144|237503512
26673|0|81865|04/01/2024 22:32:17||33463|28079903840|30889571808
27026|0|87989|05/01/2024 01:01:06||24534|7001390224|7453162104
27524|0|9699|05/01/2024 04:31:22||11918|789764464|802009032
27576|0|32356|05/01/2024 05:03:18||10002|2176387008|3240351152
27684|0|10022|05/01/2024 05:49:11||7249|482350120|693903760
26259|0|33659|04/01/2024 19:41:00||43740|5698442216|6974076120
26965|0|67811|05/01/2024 00:37:57||25923|623207360|719011592
26463|0|23997|04/01/2024 21:03:01||38819|3207712960|4661606672
27867|0|65242|05/01/2024 07:08:25||2495|386847512|475739680
26464|0|40452|04/01/2024 21:03:14||38806|49727111560|108366779888
27577|0|68529|05/01/2024 05:04:59||9901|1014966760|1089311592
25925|0|22626|04/01/2024 17:27:00||51780|6566466960|7145231872
27234|0|7018|05/01/2024 02:30:40||19160|652185808|665644184
26651|0|35844|04/01/2024 22:22:18||34062|9752379000|12235238528
25880|0|36211|04/01/2024 17:03:15||53205|4614867568|6389039464
27270|0|72885|05/01/2024 02:44:10||18350|1778050144|2136739312
27321|0|96899|05/01/2024 03:00:54||17346|491785064|595028224
27488|0|44332|05/01/2024 04:18:47||12673|3003672992|3544199856
27937|0|71110|05/01/2024 07:38:49||671|179846344|259188872
25508|0|55562|04/01/2024 14:27:32||62548|2501579120|3412309616
26287|0|97929|04/01/2024 19:57:42||42738|17704864544|21466955768
27750|0|52552|05/01/2024 06:17:52||5528|1144862048|1670857128
27789|0|9390|05/01/2024 06:34:21||4539|1545210120|2017525768
26556|0|36373|04/01/2024 21:42:21||36459|3327071808|4794773920
27812|0|76698|05/01/2024 06:44:53||3907|225778240|240259464
26408|0|40634|04/01/2024 20:44:33||39927|305576072|355729400
27895|0|75357|05/01/2024 07:18:09||1911|353826928|395943608
27838|0|51641|05/01/2024 06:53:54||3366|6742863464|18215635736
27467|0|81674|05/01/2024 04:03:25||13595|1539137584|2065789688
26336|0|36538|04/01/2024 20:15:58||41642|1781872200|2206885568
26793|0|85726|04/01/2024 23:29:16||30044|71288262328|157744525352
27790|0|35063|05/01/2024 06:39:27||4233|8515500344|21553797080
25781|0|14250|04/01/2024 16:27:08||55372|7460521264|9886824704
27294|0|7189|05/01/2024 02:50:37|05/01/2024 07:46:01|17724|453040952|531100520
25808|0|42042|04/01/2024 16:33:27||54993|4561683920|6770348800
26873|0|80111|04/01/2024 23:53:43||28577|5206677768|6544657776
27506|0|75915|05/01/2024 04:27:19||12161|169252504|209441560
27813|0|45148|05/01/2024 06:49:53||3607|949790416|1072547296
27050|0|91442|05/01/2024 01:17:31||23549|2986317120|3993618904
26895|0|20792|05/01/2024 00:00:11||28189|4707259648|9933538264
27839|0|26500|05/01/2024 06:59:37||3023|689476992|829926688
27142|0|77834|05/01/2024 01:51:37||21503|811236736|1057468400
26995|0|60826|05/01/2024 00:40:29||25771|2010244112|2134906016
26967|0|89206|05/01/2024 00:36:14||26026|5781299848|8651744496
27116|0|35946|05/01/2024 01:48:54||21666|2939111760|3637161912
26946|0|92253|05/01/2024 00:24:29||26731|3068525248|4593508880
26917|0|66793|05/01/2024 00:18:21||27099|6358899536|7705041264
26652|0|58035|04/01/2024 22:20:15||34185|1493687416|1798846040
26288|0|61600|04/01/2024 19:58:28||42692|21834932144|30977970736
26701|0|99822|04/01/2024 22:48:14||32506|12220604656|14708776920
27560|0|91531|05/01/2024 04:56:48||10392|456814272|484712088
27896|0|94951|05/01/2024 07:15:51||2049|1861431936|2100232600
27205|0|24196|05/01/2024 02:29:31||19229|29920444672|65667664840
26775|0|95722|04/01/2024 23:14:39||30921|3626820216|4434311104
27235|0|60968|05/01/2024 02:37:02||18778|395880912|566013232
27685|0|10152|05/01/2024 05:42:28||7652|2297929312|2927919560
27840|0|12037|05/01/2024 06:53:00||3420|70911648|91800376
27791|0|68416|05/01/2024 06:33:34|05/01/2024 07:46:40|4386|2667228096|2945678072
27406|0|47261|05/01/2024 03:38:11||15109|2017520880|2306359704
27709|0|19747|05/01/2024 05:53:03|05/01/2024 07:41:36|6513|364341144|403518448
27961|0|19747|05/01/2024 07:43:24||396|6820208|7988000
27938|0|14486|05/01/2024 07:33:49||971|214717736|311249648
27751|0|89349|05/01/2024 06:12:41||5839|2093362544|2307448304
27542|0|49346|05/01/2024 04:42:44||11236|724822488|1016463816
26558|0|21026|04/01/2024 21:49:36||36024|5929792168|7379411824
27323|0|54254|05/01/2024 03:06:01||17039|2101815840|2122049224
27096|0|68378|05/01/2024 01:31:09||22731|3948959376|5348437592
27236|0|33554|05/01/2024 02:30:18||19182|25056480680|68538167568
27814|0|15632|05/01/2024 06:45:03||3897|3371180512|4996009872
27097|0|86647|05/01/2024 01:30:32||22768|10738155248|11456771184
27027|0|41871|05/01/2024 01:05:57||24243|10061155656|11114492512
26702|0|50596|04/01/2024 22:47:33||32547|43513993224|82472659688
26466|0|89993|04/01/2024 21:06:07||38633|6471637752|8232759416
26918|0|9643|05/01/2024 00:18:09||27111|19590224|20338776
27377|0|7207|05/01/2024 03:21:51||16089|4081406384|5252788576
26316|0|60474|04/01/2024 20:03:00||42420|10317165664|14885031216
27647|0|31771|05/01/2024 05:34:01||8159|78784632|80233744
26703|0|34171|04/01/2024 22:46:19||32621|1977055648|2301626408
27923|0|53609|05/01/2024 07:22:09||1671|34874184|45468712
26581|0|79133|04/01/2024 21:51:16||35924|1283228096|1877792016
26431|0|7346|04/01/2024 20:57:50||39130|2827804560|2901797960
27117|0|97195|05/01/2024 01:46:21||21819|1355830912|1772970352
27868|0|10159|05/01/2024 07:06:27||2613|530544016|673755080
26896|0|84629|05/01/2024 00:03:11||28009|2160501536|3191997712
27271|0|69104|05/01/2024 02:43:10||18410|1920772264|2808151704
27237|0|31637|05/01/2024 02:33:44||18976|722115336|763238544
27815|0|36534|05/01/2024 06:47:26||3754|1867093344|1928168240
27764|0|45869|05/01/2024 06:22:15||5265|887026328|910475128
27184|0|85054|05/01/2024 02:19:54||19806|6573636608|8746459688
27295|0|17819|05/01/2024 02:51:17||17923|1246144184|1844548384
27816|0|15781|05/01/2024 06:46:28||3812|781685424|986802104
27841|0|35300|05/01/2024 06:50:54||3546|139292176|189893008
27350|0|80543|05/01/2024 03:17:58||16322|5789199432|6090070376
27924|0|46049|05/01/2024 07:25:44||1456|71407768|72314928
26674|0|99338|04/01/2024 22:38:36||33084|8664117184|10499337120
26516|0|43357|04/01/2024 21:20:13||37787|2221380128|3084508544
27710|0|64565|05/01/2024 05:57:38||6742|7794524504|5839104632
25953|0|13359|04/01/2024 17:34:42||51318|11911666784|14851856768
26101|0|34436|04/01/2024 18:35:07||47693|13065340880|15425811808
27869|0|50421|05/01/2024 07:07:35||2545|1036684888|1445314504
26582|0|8845|04/01/2024 21:54:22||35738|1649701048|2182924552
27507|0|81330|05/01/2024 04:28:20||12100|419006336|514467872
27578|0|51793|05/01/2024 05:01:09||10131|919564072|1227588320
26996|0|44668|05/01/2024 00:49:53||25207|11070067784|13804195112
26794|0|71414|04/01/2024 23:20:50||30550|10327444928|10743567400
25634|0|32627|04/01/2024 15:15:09||59691|164306699128|350846424064
27604|0|32519|05/01/2024 05:15:42||9258|270775504|402745824
27378|0|47605|05/01/2024 03:22:10||16070|4250570016|4336083320
25673|0|84174|04/01/2024 15:30:11||58789|19646054640|25367869328
25435|0|80878|04/01/2024 13:55:49||64451|10689649632|13436351376
26433|0|64809|04/01/2024 20:51:17||39523|16611852160|18470201576
26045|0|16287|04/01/2024 18:15:04||48896|15000596192|20689349696
27897|0|74461|05/01/2024 07:11:23||2317|261053232|284197432
27351|0|82164|05/01/2024 03:10:25||16775|7620044456|10613472488
27792|0|99443|05/01/2024 06:37:01||4379|503164408|607931472
27206|0|47292|05/01/2024 02:28:53||19267|3093829560|4439041760
27579|0|56682|05/01/2024 05:06:15||9825|463300344|575767808
27765|0|94231|05/01/2024 06:20:19||5381|1209765936|1770282432
26820|0|30128|04/01/2024 23:37:28||29552|3784775936|4996499944
27162|0|97245|05/01/2024 02:08:47||20473|1335939600|1837062720
27870|0|38245|05/01/2024 07:08:59||2461|434891720|441402568
26653|0|92522|04/01/2024 22:26:12||33828|45062628224|129224287392
27648|0|82714|05/01/2024 05:37:42||7938|1071721800|1586685472
27238|0|25214|05/01/2024 02:33:04||19016|6087577464|8059594424
27732|0|60261|05/01/2024 06:05:52||6248|2603042904|2661944496
27325|0|67205|05/01/2024 03:05:55||17045|2182038008|2679287056
26102|0|32313|04/01/2024 18:31:36||47904|14587913008|15821601272
27185|0|51683|05/01/2024 02:12:59||20221|811432616|1027663608
27939|0|75998|05/01/2024 07:37:24||756|93073704|129208560
26760|0|35019|04/01/2024 23:01:49||31691|771185960|801715816
26290|0|76706|04/01/2024 19:57:52||42728|3989141896|5977186384
27379|0|34656|05/01/2024 03:22:32||16048|5375505168|5719915008
27352|0|7769|05/01/2024 03:11:14||16726|10748550360|14217875520
27605|0|93183|05/01/2024 05:10:23||9577|194577376|215849832
27842|0|5135|05/01/2024 06:59:33||3027|1588196464|2192900896
26559|0|22415|04/01/2024 21:41:00||36540|14279983376|15616953096
27508|0|79232|05/01/2024 04:27:27||12153|5016282312|6771629456
27766|0|80160|05/01/2024 06:21:37|05/01/2024 07:49:02|5245|699816368|1026218824
27898|0|12734|05/01/2024 07:16:29||2011|313454848|315798744
27240|0|25961|05/01/2024 02:31:10||19130|399871016|559353928
27489|0|4679|05/01/2024 04:10:43||13157|10263141848|11454034656
27143|0|37455|05/01/2024 01:58:27||21093|3253308088|3306915808
27711|0|78649|05/01/2024 05:59:03||6657|3330126808|3862895096
26103|0|13777|04/01/2024 18:34:42||47718|12918751688|15647513320
26517|0|96328|04/01/2024 21:22:08||37672|2957916056|3892055440
27843|0|34410|05/01/2024 06:52:06||3474|230672624|325866840
27686|0|69883|05/01/2024 05:41:55||7685|683656088|688706200
27793|0|90329|05/01/2024 06:30:21||4779|9637595256|21452919864
25674|0|33283|04/01/2024 15:36:33||58407|4284808096|4877878640
27241|0|26103|05/01/2024 02:33:23||18997|2057732328|2288295744
27013|0|65965|05/01/2024 00:56:48||24792|3328066360|4121711112
25975|0|61971|04/01/2024 17:45:50|05/01/2024 07:40:50|50100|4198781632|5413741488
27962|0|61971|05/01/2024 07:41:15||525|8175112|10355288
27899|0|27111|05/01/2024 07:15:16||2084|433560608|459936144
27427|0|71547|05/01/2024 03:44:36||14724|843433792|1122119384
27871|0|32944|05/01/2024 07:09:54||2406|223339680|314466776
27844|0|12623|05/01/2024 06:57:57||3123|1093324984|1105384856
26898|0|70023|05/01/2024 00:07:54||27726|6117240360|8458162480
25882|0|8192|04/01/2024 17:02:12||53268|17905260376|20268532080
27449|0|8672|05/01/2024 03:51:49||14291|3286120136|3850022504
26600|0|17757|04/01/2024 22:01:03||35337|8779532248|9070702008
26151|0|92830|04/01/2024 18:53:25||46595|15576812456|19340731936
26518|0|32980|04/01/2024 21:25:23||37477|31517876088|71743450864
26761|0|41921|04/01/2024 23:09:41||31219|24757832928|31857609288
26795|0|75783|04/01/2024 23:22:35||30445|17609084840|19587119872
27650|0|48473|05/01/2024 05:32:57||8223|2034801272|2176256352
27098|0|92657|05/01/2024 01:34:39||22521|19976646976|22047674656
27651|0|50353|05/01/2024 05:32:38|05/01/2024 07:44:54|7936|2423430992|2472938312
26705|0|80768|04/01/2024 22:41:57||32883|20134477272|24346881632
25786|0|14576|04/01/2024 16:23:17|05/01/2024 07:41:33|55096|15829477032|23318911048
27963|0|14576|05/01/2024 07:42:51||429|12423584|13919600
26874|0|94454|04/01/2024 23:55:52||28448|3192302232|4533618952
26152|0|60954|04/01/2024 18:57:38||46342|8132562784|9404676504
27580|0|96606|05/01/2024 05:02:08||10072|19254577888|51256398384
27817|0|95545|05/01/2024 06:45:18||3882|3596637288|4463599272
26048|0|8196|04/01/2024 18:16:38||48802|7891531112|9098079600
27272|0|17773|05/01/2024 02:41:11||18529|22945928488|58253748504
26796|0|68801|04/01/2024 23:26:08||30232|2285082880|3076211640
27208|0|7806|05/01/2024 02:25:26||19474|6220633992|6756923592
27872|0|52231|05/01/2024 07:02:59||2821|1128558904|1158119736
26072|0|33277|04/01/2024 18:24:55||48305|6441791192|7694016688
25327|0|4374|04/01/2024 13:13:13||67007|17501231328|25357564288
27327|0|85181|05/01/2024 03:00:27||17373|1748744112|2070127576
27469|0|35718|05/01/2024 04:09:22||13238|1286301600|1553077936
27900|0|20749|05/01/2024 07:18:44||1876|2102974880|1289125152
25554|0|37826|04/01/2024 14:47:18||61362|6032552544|7705724744
27752|0|45693|05/01/2024 06:15:52||5648|2878772552|2999292824
26434|0|13493|04/01/2024 20:54:10||39350|10807022872|14306875992
25976|0|88931|04/01/2024 17:43:48||50772|1360283512|1757713384
27014|0|35317|05/01/2024 00:58:07||24713|2280186336|2874791856
27380|0|24262|05/01/2024 03:26:20||15820|2323899400|2715357000
27470|0|25907|05/01/2024 04:05:38||13462|470606800|570219024
27687|0|9189|05/01/2024 05:43:42||7578|1002350752|1479431784
27381|0|83499|05/01/2024 03:27:04||15776|588905880|745084960
26968|0|41122|05/01/2024 00:30:13||26387|3359164864|3708588472
26858|0|49018|04/01/2024 23:45:25||29075|2331206976|2950167288
25720|0|56861|04/01/2024 15:52:43||57437|5863022144|7122438672
26762|0|33950|04/01/2024 23:04:45||31515|9238985960|11499520840
26821|0|15108|04/01/2024 23:35:35||29665|4200541136|5162757280
25585|0|58268|04/01/2024 14:51:43||61097|6011016968|6105813616
27964|0|27338|05/01/2024 07:40:14||586|45224376|48315712
27525|0|40573|05/01/2024 04:36:20||11620|512384032|618132184
27186|0|73459|05/01/2024 02:19:12||19848|877458168|1002891304
27845|0|59942|05/01/2024 06:59:59||3001|1294311160|1550039504
26192|0|31921|04/01/2024 19:13:36||45384|5436270216|5815683368
26153|0|23060|04/01/2024 18:53:02||46618|13079104104|13276629504
26122|0|38179|04/01/2024 18:41:19||47321|66059723456|167121724224
26360|0|64648|04/01/2024 20:24:46||41114|25084004656|33220502976
26291|0|91369|04/01/2024 19:55:21||42879|31218920664|42909098344
27353|0|78438|05/01/2024 03:18:46||16274|2649601176|2926093616
27846|0|49770|05/01/2024 06:57:37||3143|448580536|604157936
26493|0|84206|04/01/2024 21:11:24||38316|19249783704|23697424632
27543|0|60833|05/01/2024 04:43:31||11189|2373142456|2489077768
27712|0|7960|05/01/2024 05:52:47||7033|2420949816|2496373056
26602|0|22823|04/01/2024 22:08:36||34884|5027426392|5608675424
27652|0|99107|05/01/2024 05:37:38||7942|1584427288|2355668928
26073|0|37004|04/01/2024 18:20:46||48554|11057583376|11800549104
27526|0|77062|05/01/2024 04:39:50||11410|4949289728|5204753616
27354|0|97059|05/01/2024 03:15:47||16453|1298697464|1658225568
26260|0|56301|04/01/2024 19:48:24||43296|1550885192|2145688928
25787|0|45176|04/01/2024 16:23:03||55617|25632602896|28698504216
27901|0|33922|05/01/2024 07:16:59||1981|148322320|182284768
27581|0|27341|05/01/2024 05:05:45||9855|776196312|828358464
27471|0|41315|05/01/2024 04:06:43||13397|261178576|313525448
25463|0|22367|04/01/2024 14:06:32||63808|15384152744|22663440880
25556|0|37027|04/01/2024 14:44:17||61543|6716588712|6747826352
27627|0|13573|05/01/2024 05:26:25||8615|270922504|359856208
26876|0|78282|04/01/2024 23:50:50||28750|3174973424|3553175104
27902|0|50750|05/01/2024 07:15:56||2044|649964040|796754272
26193|0|15513|04/01/2024 19:18:35||45085|15682981880|17187541440
27118|0|16280|05/01/2024 01:49:30||21630|15204398472|18969216744
27051|0|18658|05/01/2024 01:15:26||23674|3079083640|4191234784
25994|0|40171|04/01/2024 17:50:09||50391|24621737008|19187484104
26435|0|59724|04/01/2024 20:50:12||39588|11895952352|14484817824
27450|0|97249|05/01/2024 03:53:08||14212|5326730656|6116484048
25831|0|81508|04/01/2024 16:45:02||54298|270770595584|527921762072
26603|0|4995|04/01/2024 22:01:58||35282|699553824|777963440
25510|0|49181|04/01/2024 14:22:48||62832|1677766768|1767423832
27527|0|16510|05/01/2024 04:30:20||11980|576814960|854867920
27242|0|35214|05/01/2024 02:37:49||18731|44922548784|96364891400
26243|0|41861|04/01/2024 19:35:09||44091|112727227480|246097779584
27451|0|66957|05/01/2024 03:59:46||13814|1572365840|2286037936
27561|0|10330|05/01/2024 04:58:33||10287|444218336|486235368
27273|0|42719|05/01/2024 02:40:31||18569|2214173176|2283396320
26169|0|7790|04/01/2024 19:01:25||46115|96997646200|246100412376
27606|0|73530|05/01/2024 05:15:40||9260|1903257280|2517913224
27298|0|11323|05/01/2024 02:58:00||17520|1282465784|1719182752
27562|0|92645|05/01/2024 04:58:25||10295|21162393872|40790032112
27299|0|52719|05/01/2024 02:50:41||17959|1163551736|1464139576
25613|0|38527|04/01/2024 15:04:15||60345|110755715112|287043847192
27653|0|72510|05/01/2024 05:33:26||8194|1602768512|2170666352
25995|0|61372|04/01/2024 17:59:11||49849|5886984408|6759117384
25707|0|77953|04/01/2024 15:48:50||57670|168810335312|330289570856
27472|0|46653|05/01/2024 04:08:38||13282|2789225328|4044452384
26707|0|24748|04/01/2024 22:47:12||32568|79111546920|193292060840
27144|0|74191|05/01/2024 01:57:14||21166|13682659904|18592350152
25884|0|86727|04/01/2024 17:08:05||52915|10870544040|14659631696
26387|0|96200|04/01/2024 20:37:46||40334|2050229584|3023343760
27873|0|70666|05/01/2024 07:05:09||2691|3358320976|9660259152
27243|0|33515|05/01/2024 02:32:42||19038|295201632|364518904
26970|0|54905|05/01/2024 00:36:05||26035|18476540752|18721596048
25411|0|92449|04/01/2024 13:43:17||65203|16590274432|18885032800
26736|0|67715|04/01/2024 22:56:46||31994|2176937432|2626980480
27965|0|74606|05/01/2024 07:44:36||324|13611760|15496768
27052|0|57472|05/01/2024 01:19:01||23459|5188385856|6589340656
27410|0|6993|05/01/2024 03:34:28||15332|5044840160|5479800992
27847|0|10919|05/01/2024 06:52:32||3448|592835880|747871032
26410|0|30566|04/01/2024 20:49:55||39605|11683809800|12463338528
26920|0|83555|05/01/2024 00:12:40||27440|1931966352|2148402232
27794|0|31003|05/01/2024 06:31:17||4723|215830024|312024968
27074|0|16612|05/01/2024 01:27:16||22964|6765846112|8015775048
26797|0|74187|04/01/2024 23:24:21||30339|290996728|420493768
27428|0|66099|05/01/2024 03:49:25||14435|1196119616|1220874560
27355|0|88991|05/01/2024 03:15:20||16480|2445874312|3123692552
26921|0|78514|05/01/2024 00:15:09||27291|2090169744|2766745960
27030|0|45128|05/01/2024 01:07:45||24135|9531080688|13299989696
26224|0|32470|04/01/2024 19:23:32||44788|15488813136|19000075968
27607|0|18073|05/01/2024 05:19:46||9014|11220611056|30224026416
26437|0|36837|04/01/2024 20:55:56||39244|1667373960|2320419448
26949|0|8887|05/01/2024 00:20:02||26998|1863391056|2584397240
26263|0|9592|04/01/2024 19:46:41||43399|12585719144|16177746936
26877|0|13874|04/01/2024 23:56:37||28403|891257736|917788336
27187|0|66917|05/01/2024 02:15:31||20069|2441696392|3105711872
27654|0|16348|05/01/2024 05:32:30||8250|1160680688|1349635752
27275|0|38202|05/01/2024 02:42:06||18474|893584064|1251561304
27563|0|36263|05/01/2024 04:52:05||10675|28269644760|54410413016
27100|0|34464|05/01/2024 01:38:58||22262|39590877368|103105439136
27411|0|13532|05/01/2024 03:34:32||15328|1389325024|1578397480
27490|0|7887|05/01/2024 04:13:02||13018|12647099360|18074995832
26676|0|50814|04/01/2024 22:31:54||33486|8828814248|9132770416
27688|0|5765|05/01/2024 05:44:12||7548|2814930920|3523390024
25853|0|19910|04/01/2024 16:51:59||53881|21500209296|21778202536
27528|0|31368|05/01/2024 04:33:08||11812|6457031920|6813444144
27382|0|51345|05/01/2024 03:27:46||15734|42524131728|88959988352
27564|0|42103|05/01/2024 04:52:36||10644|8291673024|12322840992
26971|0|79354|05/01/2024 00:37:14||25966|3846252424|4779976768
27119|0|78694|05/01/2024 01:49:38||21622|10059520024|10635515776
26604|0|58580|04/01/2024 22:09:56||34804|10216347464|10697275272
27966|0|43064|05/01/2024 07:47:20||160|11021744|13091560
26709|0|29115|04/01/2024 22:49:20||32440|1163116832|1374264640
27903|0|47451|05/01/2024 07:11:56||2284|9382472|11707296
26075|0|78814|04/01/2024 18:21:02||48538|7280406848|7675980608
27733|0|90250|05/01/2024 06:02:39||6441|2059883440|2563867032
26495|0|84677|04/01/2024 21:13:01||38219|1208768552|1759878216
27101|0|20316|05/01/2024 01:37:54||22326|6408962632|7809788512
27075|0|89149|05/01/2024 01:20:53||23347|4838659768|5786089624
27713|0|43871|05/01/2024 05:52:39||7041|1551322664|2100395096
26496|0|73860|04/01/2024 21:14:15||38145|8197405560|10519656480
26539|0|40447|04/01/2024 21:31:41||37099|6291068936|8737074912
26105|0|65245|04/01/2024 18:38:54||47466|5815371488|6979867928
27163|0|20961|05/01/2024 02:06:14||20626|5459089848|5519854616
26677|0|87297|04/01/2024 22:30:57||33543|28653647048|34226906144
27655|0|75227|05/01/2024 05:33:19||8201|11776408|11951544
26225|0|91648|04/01/2024 19:27:35||44545|6665757752|7943813888
26471|0|9020|04/01/2024 21:04:02||38758|3182255176|3701705312
26226|0|45954|04/01/2024 19:25:16||44684|5401589584|7672839680
27904|0|70904|05/01/2024 07:14:15||2145|76544264|96833864
27529|0|42629|05/01/2024 04:36:22||11618|900287632|1348136440
27582|0|70346|05/01/2024 05:07:15||9765|365668336|386840416
27015|0|74426|05/01/2024 00:59:04||24656|3600056048|5095653696
27053|0|70569|05/01/2024 01:18:27||23493|4394388800|4513457024
27848|0|9648|05/01/2024 06:50:38||3562|2754039968|2946770248
27940|0|43395|05/01/2024 07:30:21||1179|43249456|56358192
26822|0|56614|04/01/2024 23:30:24||29976|10809634656|14454474168
25833|0|17698|04/01/2024 16:43:08||54412|8050417944|8659806704
25380|0|74809|04/01/2024 13:31:24||65916|11717117024|12652647288
27849|0|5677|05/01/2024 06:59:14||3046|54398400|57349800
27565|0|87745|05/01/2024 04:58:55||10265|31497197824|63641258064
27795|0|24638|05/01/2024 06:36:24||4416|2387940184|3112347080
25330|0|56312|04/01/2024 13:17:43||66737|9216349400|11026062552
27941|0|41285|05/01/2024 07:35:02||898|19231424|25971856
26245|0|82691|04/01/2024 19:32:47||44233|3807219992|4405535440
27942|0|15873|05/01/2024 07:36:14||826|28545544|41217720
25906|0|77390|04/01/2024 17:12:38||52642|52698928744|39039963752
26585|0|20444|04/01/2024 21:52:01||35879|10718428512|11114131568
27031|0|98692|05/01/2024 01:06:49||24191|3003340616|3824051528
27328|0|70496|05/01/2024 03:00:21||17379|3957398832|5304336208
26924|0|17617|05/01/2024 00:12:21||27459|3101082296|3680052360
26878|0|30036|04/01/2024 23:58:06||28314|9083656544|9877464328
27452|0|15599|05/01/2024 03:59:17||13843|2977333240|3585343488
27656|0|64766|05/01/2024 05:32:12||8268|1026149960|1534873088
26196|0|96433|04/01/2024 19:12:59||45421|7731316880|10026246776
27032|0|78865|05/01/2024 01:03:43||24377|18048091696|26307347360
27076|0|53041|05/01/2024 01:27:48||22932|23354478832|65050024032
25617|0|53850|04/01/2024 15:00:37||60563|6611818120|6811358968
27850|0|88578|05/01/2024 06:54:08||3352|108837736|115421224
25228|0|39563|04/01/2024 12:38:53||69067|6024457376|8874324296
26900|0|7740|05/01/2024 00:01:27|05/01/2024 07:45:00|27813|9822202648|10056780000
26197|0|9538|04/01/2024 19:18:47||45073|4279617416|5781275008
27277|0|32447|05/01/2024 02:41:01||18539|34817538632|101668687216
27628|0|68258|05/01/2024 05:20:17||8983|457669984|590729304
27714|0|36306|05/01/2024 05:53:57||6963|1577426984|1757976376
26823|0|80154|04/01/2024 23:39:16||29444|169026008|211439504
27796|0|54959|05/01/2024 06:33:26||4594|2316809056|3067525544
27874|0|25510|05/01/2024 07:02:05||2875|1397638016|1808664392
26125|0|82096|04/01/2024 18:49:07||46853|13313595592|16749847160
27077|0|55135|05/01/2024 01:27:49||22931|9716442000|13651620032
26246|0|28192|04/01/2024 19:31:27||44313|16202439616|23240758928
26607|0|81191|04/01/2024 22:08:43||34877|5557152168|8286669336
26972|0|32888|05/01/2024 00:38:29||25891|3200074312|3318563776
27033|0|6889|05/01/2024 01:04:22||24338|14116669368|16283839744
26901|0|15723|05/01/2024 00:02:51||28029|642093920|659994088
25531|0|99991|04/01/2024 14:31:16||62324|16406305264|19938629016
26293|0|5554|04/01/2024 19:55:49||42851|8060043480|8863842920
25438|0|12514|04/01/2024 13:51:16||64724|8004310272|8752592008
27629|0|92554|05/01/2024 05:29:00||8460|784873616|957243680
27630|0|26980|05/01/2024 05:22:00||8880|1363415432|1490239232
27164|0|67040|05/01/2024 02:00:54||20946|5033695544|6742912504
26710|0|63399|04/01/2024 22:49:56||32404|12700278120|17604145904
26126|0|16246|04/01/2024 18:47:22||46958|4218930928|6128083344
27165|0|75162|05/01/2024 02:04:10||20750|2774418112|3857636608
27875|0|78184|05/01/2024 07:03:51||2769|1581829160|1582783936
27509|0|7739|05/01/2024 04:26:16||12224|916648928|1046669544
27120|0|95455|05/01/2024 01:48:32||21688|10712233944|15978569784
27329|0|29468|05/01/2024 03:00:59||17341|2769713464|3474258664
26951|0|14679|05/01/2024 00:20:08||26992|1725418504|1976235984
26633|0|60664|04/01/2024 22:19:14||34246|12309679656|16352184952
26343|0|36699|04/01/2024 20:10:25||41975|7284896440|7797166712
27715|0|33840|05/01/2024 05:59:41||6619|869546800|1083463720
27753|0|19323|05/01/2024 06:10:10||5990|184467064|192550720
26778|0|8753|04/01/2024 23:17:25||30755|12752644856|17881751864
27716|0|28078|05/01/2024 05:58:18||6702|905149296|1313599344
25763|0|53716|04/01/2024 16:16:18||56022|18069666648|20816635680
27530|0|15403|05/01/2024 04:37:31||11549|161431776|185288752
27657|0|9025|05/01/2024 05:33:26||8194|6862465912|16366836456
26879|0|95882|04/01/2024 23:53:37||28583|610947064|906804112
27658|0|73566|05/01/2024 05:35:38||8062|1781264200|2455376432
27943|0|84376|05/01/2024 07:32:41||1039|30489640|31824632
26344|0|80480|04/01/2024 20:13:20||41800|102535992416|301195960920
27245|0|68489|05/01/2024 02:35:15||18885|633034808|699962960
27583|0|52658|05/01/2024 05:08:01||9719|342064480|361779280
26561|0|73643|04/01/2024 21:48:52||36068|153492328|207955472
26859|0|34494|04/01/2024 23:44:49||29111|10964356320|14041284552
27944|0|89454|05/01/2024 07:39:31||629|195314504|231724688
27384|0|79522|05/01/2024 03:20:54||16146|3018535232|3027252904
26825|0|61365|04/01/2024 23:31:15||29925|2393214832|2919896872
27734|0|47755|05/01/2024 06:05:52||6248|197380520|226577232
27945|0|18924|05/01/2024 07:34:41||919|291089072|415195944
27429|0|99751|05/01/2024 03:48:33||14487|5526943640|6785233792
26608|0|93865|04/01/2024 22:06:25||35015|13861945120|18868004520
27608|0|27167|05/01/2024 05:18:12||9108|1516869680|2091627544
27659|0|69030|05/01/2024 05:39:00||7860|771391544|1067824800
27212|0|29761|05/01/2024 02:21:25||19715|1377979280|2063129328
27876|0|93486|05/01/2024 07:02:19||2861|1193032440|1437567704
26540|0|66034|04/01/2024 21:32:18||37062|1526030504|2010181832
27103|0|51313|05/01/2024 01:34:56||22504|12312345168|13832291304
27905|0|6017|05/01/2024 07:10:18||2382|262668424|334682856
27631|0|79586|05/01/2024 05:23:11||8809|1129118336|1225871520
27386|0|32116|05/01/2024 03:25:59||15841|43076661008|86555175648
27818|0|14807|05/01/2024 06:40:43||4157|1529311872|1795740784
26799|0|38696|04/01/2024 23:21:34||30506|11677597520|13806371416
26155|0|37461|04/01/2024 18:53:04||46616|2771811200|4041214488
27189|0|16512|05/01/2024 02:10:06||20394|4955570520|5467068296
26170|0|88311|04/01/2024 19:00:40||46160|1691039024|2138977000
26826|0|62211|04/01/2024 23:34:20||29740|416366600|622537496
25888|0|15250|04/01/2024 17:06:50||52990|8038759296|8517052376
25741|0|78878|04/01/2024 16:06:10||56630|14529724560|16798822840
27473|0|22049|05/01/2024 04:00:33||13767|5954331536|8037038520
27034|0|78058|05/01/2024 01:03:34||24386|4920669704|6531893848
26998|0|82518|05/01/2024 00:45:50||25450|570650928|853654352
27566|0|97600|05/01/2024 04:55:04||10496|162211656|204908608
26522|0|64944|04/01/2024 21:29:11||37249|5352492936|6837030144
26973|0|80812|05/01/2024 00:39:27||25833|27174615920|22103774456
27430|0|56599|05/01/2024 03:46:23||14617|33213341616|66911266120
27387|0|97429|05/01/2024 03:23:55||15965|290811376|373044352
27054|0|8653|05/01/2024 01:13:59||23761|3141796384|4131547672
26764|0|67781|04/01/2024 23:06:30||31410|9427081344|10837855504
27301|0|54164|05/01/2024 02:54:14||17746|4540463224|5119525440
26247|0|52200|04/01/2024 19:39:44||43816|18203371288|25330959816
26679|0|41071|04/01/2024 22:35:32||33268|75054050760|169048843048
25908|0|75579|04/01/2024 17:15:07||52493|91930858992|236382698632
26171|0|40650|04/01/2024 19:02:52||46028|8958931904|11191700040
27531|0|67649|05/01/2024 04:31:48||11892|4146630176|4419485984
27453|0|75387|05/01/2024 03:59:10||13850|54605640|55784656
26077|0|24707|04/01/2024 18:28:49||48071|1520299392|1635020440
27145|0|25888|05/01/2024 01:56:04||21236|6874755120|8497328440
27689|0|66263|05/01/2024 05:42:37||7643|866592864|1028419648
26472|0|32552|04/01/2024 21:06:03||38637|11391005928|15330000360
27078|0|26328|05/01/2024 01:27:06||22974|18837071304|19494383720
27967|0|42520|05/01/2024 07:41:54||486|3348128|3356640
25932|0|84441|04/01/2024 17:26:23||51817|12037239104|14905196416
27767|0|56819|05/01/2024 06:21:55||5285|631317376|686403528
27413|0|29642|05/01/2024 03:30:53||15547|5145579960|6537157760
27121|0|42894|05/01/2024 01:49:22||21638|9137505968|11394864256
27877|0|84893|05/01/2024 07:07:42||2538|499083552|520543664
27246|0|94526|05/01/2024 02:35:41||18859|57930493856|123684580176
26711|0|45550|04/01/2024 22:49:29||32431|95268781184|227871655168
26473|0|44974|04/01/2024 21:05:12||38688|57098620848|147630325816
26999|0|14688|05/01/2024 00:43:13||25607|11669319280|12131487040
25956|0|47779|04/01/2024 17:30:35||51565|117237773728|260786353192
27146|0|11468|05/01/2024 01:50:37||21563|1986318560|2931533656
26474|0|61384|04/01/2024 21:06:09||38631|6824998080|7579791400
27122|0|48995|05/01/2024 01:48:42||21678|410948880|502388704
27431|0|52530|05/01/2024 03:40:18||14982|2961178984|3565342864
27491|0|95438|05/01/2024 04:19:01||12659|7650006536|8741980328
27968|0|17526|05/01/2024 07:40:05||595|739775064|447679936
27584|0|91126|05/01/2024 05:02:00||10080|2858294840|3699576088
25889|0|90576|04/01/2024 17:01:17||53323|18480450512|20445365416
27105|0|78367|05/01/2024 01:37:49||22331|11306513368|12297238464
27797|0|40836|05/01/2024 06:34:48||4512|1357352664|1530153224
26475|0|72360|04/01/2024 21:04:11||38749|11597435176|15928883184
26541|0|46288|04/01/2024 21:32:20||37060|5224537032|7675526440
27454|0|54152|05/01/2024 03:58:26||13894|12682669560|13820592096
27878|0|67240|05/01/2024 07:09:28||2432|353584312|481819568
26742|0|77531|04/01/2024 22:52:00||32280|2880276304|3891647112
25958|0|10430|04/01/2024 17:32:21||51459|12474581632|18364520320
26127|0|15270|04/01/2024 18:42:55||47225|21445233552|24714339104
27544|0|22390|05/01/2024 04:46:06||11034|25774191040|71812567128
27609|0|51690|05/01/2024 05:11:01||9539|1442763440|1634279736
27000|0|21950|05/01/2024 00:41:55||25685|951529640|1016847536
27432|0|44640|05/01/2024 03:48:12||14508|2055481656|2541302496
27190|0|87710|05/01/2024 02:14:32||20128|7959822024|8186629488
27414|0|37084|05/01/2024 03:37:08||15172|3491971600|4701502512
26658|0|75203|04/01/2024 22:28:59||33661|1618776024|2091248896
27035|0|13008|05/01/2024 01:04:58||24302|4456348152|4644763736
27278|0|40008|05/01/2024 02:48:24||18096|5145737976|6340400576
26128|0|24588|04/01/2024 18:41:11||47329|15385714872|20649940040
27661|0|86888|05/01/2024 05:31:39||8301|2616779448|3179968432
27510|0|7952|05/01/2024 04:25:06||12294|10870317744|20605415568
27302|0|51101|05/01/2024 02:59:26||17434|2046002776|2914515640
27357|0|67642|05/01/2024 03:16:47||16393|3145794240|4361631968
27474|0|75426|05/01/2024 04:06:03||13437|2035470272|2621603144
27851|0|27868|05/01/2024 06:51:07||3533|4146598688|2643786632
27079|0|40947|05/01/2024 01:21:02||23338|2515246200|2931413792
26681|0|13644|04/01/2024 22:35:00||33300|393713352|476794920
26364|0|24758|04/01/2024 20:28:41||40879|2974799568|4307203368
27492|0|24472|05/01/2024 04:17:04||12776|4202462424|6035297672
27106|0|46327|05/01/2024 01:37:32||22348|14459018096|17511013456
26974|0|50225|05/01/2024 00:32:25||26255|10836677360|15941407504
25743|0|72535|04/01/2024 16:02:41||56839|17416031424|18204507320
27493|0|27502|05/01/2024 04:17:54||12726|5899330480|6324420008
26902|0|46046|05/01/2024 00:04:16||27944|1753613616|2617653224
27768|0|96155|05/01/2024 06:24:28||5132|222434376|224779392
27359|0|45196|05/01/2024 03:10:32||16768|1498532696|1872954952
26248|0|12661|04/01/2024 19:38:41||43879|7176363832|9894645320
26266|0|52880|04/01/2024 19:43:52||43568|12095078488|13726231680
27415|0|28727|05/01/2024 03:36:54||15186|5323098816|6534187056
26610|0|49082|04/01/2024 22:06:24||35016|14408264440|11467839752
27036|0|35371|05/01/2024 01:09:54||24006|814885752|995266104
26903|0|75092|05/01/2024 00:03:46||27974|2921594288|3616960864
26346|0|27428|04/01/2024 20:14:45||41715|3086361208|4298009984
27586|0|29505|05/01/2024 05:08:56||9664|25665093512|51293301272
25417|0|10415|04/01/2024 13:44:41||65119|28105732200|30112564152
27798|0|73449|05/01/2024 06:30:24||4776|2211077840|2713449968
27769|0|23614|05/01/2024 06:29:29||4831|319882640|396384640
27969|0|46741|05/01/2024 07:48:19||101|12984176|18171248
27123|0|90888|05/01/2024 01:49:24||21636|6235794912|9075675368
26586|0|26946|04/01/2024 21:52:59||35821|2596444464|3169428928
26365|0|25756|04/01/2024 20:23:28||41192|10484003320|14480877768
26199|0|56313|04/01/2024 19:15:31||45269|109663320960|268673970000
27852|0|74999|05/01/2024 06:58:51||3069|1679936016|2190913864
27770|0|18035|05/01/2024 06:21:40||5300|369898760|481974840
27055|0|85010|05/01/2024 01:15:02||23698|4741658944|5459802608
26682|0|52925|04/01/2024 22:33:48||33372|12367931336|12984272296
26200|0|60476|04/01/2024 19:18:47||45073|9529189952|13221713864
26683|0|78586|04/01/2024 22:33:38||33382|2957507736|3414042848
26107|0|98481|04/01/2024 18:38:59||47461|47612965992|133637730824
25890|0|9229|04/01/2024 17:08:33||52887|3987209968|4894209648
26926|0|10342|05/01/2024 00:19:17||27043|2339747120|3391164664
26802|0|59506|04/01/2024 23:27:51||30129|6436515912|6490035752
27662|0|4388|05/01/2024 05:34:25||8135|1380483352|1552319664
25891|0|49399|04/01/2024 17:06:20||53020|7686059928|8171397944
27124|0|4039|05/01/2024 01:44:41||21919|27985182568|82029907904
27191|0|75143|05/01/2024 02:15:31||20069|48152883792|101501541352
27771|0|33082|05/01/2024 06:25:05||5095|10048402904|19347893648
27717|0|98324|05/01/2024 05:53:48||6972|2486873480|2705540352
27879|0|58708|05/01/2024 07:01:24||2916|497589616|523849696
27819|0|93764|05/01/2024 06:45:34||3866|1063581848|1423829528
27360|0|90072|05/01/2024 03:17:27||16353|2516146808|2995545104
26542|0|32503|04/01/2024 21:37:26||36754|8178761776|9472569680
26296|0|71584|04/01/2024 19:52:30||43050|15106773040|20800533336
27037|0|27218|05/01/2024 01:07:20||24160|4735547504|5532490200
27167|0|18146|05/01/2024 02:06:27||20613|911633112|1096426928
27754|0|69677|05/01/2024 06:13:55||5765|1125718312|1677424496
27925|0|43566|05/01/2024 07:20:50||1750|600710456|791378680
27906|0|58021|05/01/2024 07:16:57||1983|76491968|98539024
27880|0|97500|05/01/2024 07:07:14||2566|342166080|375221160
27125|0|18094|05/01/2024 01:40:55||22145|79745409120|148293846736
26414|0|57039|04/01/2024 20:42:24||40056|29473551888|34604956584
26713|0|35850|04/01/2024 22:48:10||32510|67609453360|192832810872
27532|0|31309|05/01/2024 04:38:28||11492|314224840|335588368
27691|0|26493|05/01/2024 05:49:40||7220|888907256|1072663600
26477|0|42113|04/01/2024 21:02:21||38859|7992107744|11628213528
27663|0|55178|05/01/2024 05:37:03||7977|2480152936|2834377872
27304|0|51907|05/01/2024 02:59:49||17411|1027078664|1360428600
27147|0|8108|05/01/2024 01:51:58||21482|4463008120|4901766584
26927|0|15694|05/01/2024 00:17:39||27141|13283058304|7863287776
27416|0|22722|05/01/2024 03:38:00||15120|2885378368|2929277552
27455|0|24600|05/01/2024 03:51:56||14284|4102104792|5143149968
27853|0|8950|05/01/2024 06:50:55||3545|7474426032|22185236088
26977|0|5407|05/01/2024 00:35:00||26100|12462646984|8244838896
27248|0|93380|05/01/2024 02:37:50||18730|2924970168|3942040808
27107|0|35530|05/01/2024 01:39:57||22203|2744977296|3514258616
27772|0|24608|05/01/2024 06:28:43||4877|15744955800|30792745896
27610|0|56295|05/01/2024 05:12:26||9454|304752216|404947640
27799|0|68641|05/01/2024 06:36:24||4416|8541677776|20947218360
27533|0|29541|05/01/2024 04:34:39||11721|1705441208|2357639456
27820|0|71810|05/01/2024 06:49:29||3631|432236648|479533560
27056|0|74646|05/01/2024 01:10:23||23977|8667712024|10305667112
26928|0|54245|05/01/2024 00:18:05||27115|3241390904|4400932616
26478|0|7109|04/01/2024 21:07:33||38547|4890918712|5974580464
27773|0|38071|05/01/2024 06:20:17||5383|17099317336|42694402928
27108|0|30310|05/01/2024 01:32:42||22638|10864051080|11346840040
27774|0|86370|05/01/2024 06:22:49||5231|799784784|994651296
26827|0|98665|04/01/2024 23:37:34||29546|4569344440|5207864600
27001|0|79054|05/01/2024 00:42:57||25623|55967001648|104188556064
27545|0|25230|05/01/2024 04:42:05||11275|21948685336|54164533720
26030|0|70980|04/01/2024 18:04:45||49515|6650085224|7499488024
27881|0|24630|05/01/2024 07:03:51||2769|649566160|727033664
26298|0|23549|04/01/2024 19:56:24||42816|4293011368|4806193024
26978|0|97941|05/01/2024 00:35:39||26061|5037282552|6286501848
27494|0|87727|05/01/2024 04:12:36||13044|2173323880|2961547848
26320|0|52424|04/01/2024 20:04:15||42345|20928006016|22715173048
27821|0|57912|05/01/2024 06:43:25||3995|2809407432|3089504632
27475|0|10055|05/01/2024 04:04:23||13537|4474600904|5258431680
26828|0|33173|04/01/2024 23:38:20||29500|7492222760|8671530392
26743|0|7558|04/01/2024 22:57:07||31973|19042197400|20766951128
27664|0|5686|05/01/2024 05:33:48||8172|2770720944|2855618280
26347|0|78157|04/01/2024 20:13:29||41791|13268526624|16978536472
26766|0|24424|04/01/2024 23:02:16||31664|4187965928|6262833144
27588|0|30678|05/01/2024 05:01:14||10126|4065734112|4695191256
27476|0|50486|05/01/2024 04:00:05||13795|667304368|830306688
27718|0|69086|05/01/2024 05:58:33||6687|1071854472|1333470560
25935|0|60740|04/01/2024 17:20:15||52185|19049110448|20382195792
26684|0|24679|04/01/2024 22:35:14||33286|9734213056|11864884264
25936|0|85942|04/01/2024 17:22:59||52021|12739006304|18716710312
26612|0|82233|04/01/2024 22:01:14||35326|1844025944|2069118864
26714|0|56808|04/01/2024 22:43:53||32767|53791917456|115511857872
27017|0|62577|05/01/2024 00:59:38||24622|12452779592|13794204568
26202|0|28052|04/01/2024 19:17:31||45149|7931550488|11212414496
27057|0|82548|05/01/2024 01:15:27||23673|6896900760|8486864920
26348|0|45996|04/01/2024 20:16:09||41631|153313849616|358023090016
26929|0|74383|05/01/2024 00:12:37||27443|3171357960|3849668416
27568|0|91758|05/01/2024 04:58:14||10306|3941971952|4630835944
27389|0|4164|05/01/2024 03:25:23||15877|5294968072|6542658696
26415|0|75847|04/01/2024 20:48:11||39709|9447453536|9976750712
27632|0|5932|05/01/2024 05:20:06||8994|2400180248|2568921768
26979|0|41951|05/01/2024 00:39:35||25825|23943470120|14829420984
27039|0|93926|05/01/2024 01:08:50||24070|10627848816|11356888816
26440|0|13135|04/01/2024 20:59:35||39025|23486374088|29547311200
26930|0|16435|05/01/2024 00:13:53||27367|2147159760|2416404960
26685|0|60913|04/01/2024 22:39:23||33037|42480984320|42861758200
25622|0|88827|04/01/2024 15:06:26||60214|241416244032|491025202656
26980|0|54902|05/01/2024 00:31:42|05/01/2024 07:46:23|26081|4109430280|4504956264
27970|0|54902|05/01/2024 07:48:05||115|31105192|36069624
27692|0|54435|05/01/2024 05:49:20||7240|479864912|484015816
27665|0|58953|05/01/2024 05:30:51||8349|1848857120|1876205728
27569|0|73521|05/01/2024 04:52:51||10629|607306920|629709280
27907|0|84404|05/01/2024 07:15:58||2042|220732032|299743400
27511|0|70015|05/01/2024 04:29:14||12046|6072472616|9098630768
27306|0|41962|05/01/2024 02:58:02||17518|1570772816|1675356952
26953|0|52399|05/01/2024 00:20:49||26951|3986467872|5229442376
26109|0|70478|04/01/2024 18:34:00||47760|18812633152|23871358432
26881|0|99158|04/01/2024 23:51:14||28726|2847706496|3337286784
26080|0|8079|04/01/2024 18:20:03||48597|18539822240|25198218720
27192|0|10292|05/01/2024 02:11:10||20330|1092313856|1580999384
26501|0|98864|04/01/2024 21:12:06||38274|48811552120|142868486568
27908|0|79316|05/01/2024 07:17:08||1972|329498144|387927088
26715|0|96555|04/01/2024 22:47:33||32547|791104440|806638784
26931|0|54757|05/01/2024 00:16:02||27238|3205454416|4545309992
27735|0|93620|05/01/2024 06:01:21||6519|2054935248|2936805272
