IdSession|IdPSX|IdSubscriber|StartSession|EndSession|Duartion|UpTx|DownTx
12363|0|37974|02/01/2024 15:10:17||25183|13658407464|16860149456
13229|0|33927|02/01/2024 21:04:29||3931|2231065048|3145728912
13230|0|80035|02/01/2024 21:01:10||4130|226072992|240309936
11049|0|6516|02/01/2024 06:00:46|02/01/2024 22:09:38|58132|7642805256|8069009640
12667|0|87799|02/01/2024 17:19:55||17405|781506504|867052192
13207|0|19040|02/01/2024 20:58:20||4300|1978279816|2889204344
11632|0|68512|02/01/2024 10:19:08||42652|4187328480|4982553824
11542|0|77688|02/01/2024 09:39:43||45017|5555238768|6469018432
13326|0|62355|02/01/2024 21:46:54||1386|1682890160|3280453760
11356|0|49346|02/01/2024 08:17:28||49952|6696693992|9896695552
11194|0|74669|02/01/2024 07:05:02||54298|1556091432|1888687864
13138|0|24528|02/01/2024 20:29:20||6040|3995644336|4177949992
12585|0|82652|02/01/2024 16:40:16||19784|3757194096|5373620024
12260|0|55450|02/01/2024 14:38:05||27115|1192161008|1449450384
12937|0|59125|02/01/2024 19:01:34||11306|49413616|57365000
11120|0|87007|02/01/2024 06:38:20||55900|99708810304|233234642088
11428|0|18826|02/01/2024 08:49:31||48029|67242995488|144306522920
12234|0|96559|02/01/2024 14:26:41||27799|4868230664|5506952136
12963|0|77661|02/01/2024 19:16:59||10381|687225392|765049272
12416|0|43777|02/01/2024 15:39:28||23432|57124108632|120455378808
11165|0|41083|02/01/2024 06:52:11||55069|65820853120|139180362552
11738|0|21645|02/01/2024 10:59:22||40238|9316889720|9372572312
12000|0|53028|02/01/2024 12:41:36||34104|18027958008|19192976048
12824|0|38260|02/01/2024 18:18:21||13899|2933365480|3167579968
13160|0|54570|02/01/2024 20:31:04||5936|11958102240|33878931584
11867|0|87485|02/01/2024 11:42:00||37680|138622910856|266076384592
12546|0|36265|02/01/2024 16:23:08||20812|1659663768|2194777512
12990|0|59205|02/01/2024 19:24:29||9931|34283737416|68546027416
12062|0|83585|02/01/2024 13:18:53||31867|19892756312|27653345464
13161|0|4732|02/01/2024 20:38:45||5475|1078841464|1354837704
12499|0|59414|02/01/2024 16:00:38||22162|6393560040|9439104888
12281|0|9634|02/01/2024 14:49:05||26455|1443119720|1452361736
12777|0|13652|02/01/2024 17:57:35||15145|6411337600|9204620152
13067|0|47789|02/01/2024 19:52:20||8260|907934832|1061618544
12696|0|17166|02/01/2024 17:28:05||16915|27240329792|77876894336
12310|0|18892|02/01/2024 14:56:31||26009|7619668840|8543961752
12668|0|27076|02/01/2024 17:15:53||17647|1099661984|1556240928
12964|0|63329|02/01/2024 19:16:32||10408|714901088|789098472
13276|0|77886|02/01/2024 21:22:22||2858|993434848|1036146112
12547|0|88167|02/01/2024 16:21:36||20904|10271373704|10752703336
11613|0|88791|02/01/2024 10:04:58||43502|5719034664|7379281512
12644|0|33912|02/01/2024 17:07:35||18145|2041799712|2692027480
11843|0|86402|02/01/2024 11:32:50||38230|73987280344|162674923528
12914|0|59587|02/01/2024 18:59:57||11403|247791968|311876744
11313|0|70465|02/01/2024 07:56:06||51234|42984077944|45053082816
12387|0|75263|02/01/2024 15:22:54||24426|2466891712|3443220096
13231|0|57595|02/01/2024 21:09:06||3654|190833680|273754120
12001|0|30336|02/01/2024 12:46:05||33835|6570473560|7902167352
12871|0|54404|02/01/2024 18:35:54||12846|1052294688|1319587120
11633|0|85646|02/01/2024 10:18:51||42669|7513742592|10297153008
12586|0|37317|02/01/2024 16:40:28||19772|3022611600|4321885264
12282|0|83176|02/01/2024 14:44:05||26755|1915689856|2558998976
11615|0|68624|02/01/2024 10:03:53||43567|16668737608|16894554144
12849|0|57230|02/01/2024 18:26:15||13425|7821642792|9929667240
11588|0|66423|02/01/2024 09:53:35||44185|7083132920|7352527104
12587|0|42806|02/01/2024 16:40:56||19744|3070988152|4432790352
11944|0|5419|02/01/2024 12:21:07||35333|1911554880|2071143416
12035|0|49253|02/01/2024 13:08:47||32473|4829262600|6052851088
12472|0|73710|02/01/2024 15:50:56||22744|4059707528|5108068280
12805|0|35546|02/01/2024 18:04:19||14741|440444152|641169232
13342|0|65812|02/01/2024 21:54:23||937|277939456|335255776
12991|0|30847|02/01/2024 19:20:26||10174|5662102856|5914457320
11472|0|21813|02/01/2024 09:08:05||46915|104663443048|194780394520
12063|0|44839|02/01/2024 13:12:22||32258|14131181008|15553419800
12645|0|96132|02/01/2024 17:01:06||18534|1933942480|2069355360
11715|0|43101|02/01/2024 10:41:46||41294|11311104216|14294360088
13068|0|5259|02/01/2024 19:53:09||8211|673640664|799865208
12182|0|26698|02/01/2024 14:05:22||29078|73387955200|183928691328
12283|0|42098|02/01/2024 14:41:43||26897|1318283328|1788079816
11916|0|16048|02/01/2024 12:17:22||35558|6151839336|8788029304
12002|0|44400|02/01/2024 12:42:17||34063|11971192248|12143040232
11868|0|37480|02/01/2024 11:48:46|02/01/2024 22:08:38|37192|3703866160|3737129624
12093|0|20682|02/01/2024 13:20:08||31792|4344617832|5471793080
10812|0|74466|02/01/2024 04:21:44||64096|3604824088|4520910808
10707|0|5731|02/01/2024 03:42:22||66458|144351703024|305715020360
12588|0|99136|02/01/2024 16:47:20||19360|2110706384|2760732704
12261|0|76792|02/01/2024 14:36:44||27196|1103240144|2337473504
12473|0|99739|02/01/2024 15:52:38||22642|47002685536|98924311816
11452|0|22791|02/01/2024 08:50:18||47982|10394040144|14539128040
13298|0|89313|02/01/2024 21:31:31||2309|-29019664|-41560128
12826|0|14175|02/01/2024 18:14:42||14118|1777535024|2481476576
12965|0|64480|02/01/2024 19:19:41||10219|115762272|153826920
12183|0|60137|02/01/2024 14:07:13||28967|31488282992|80668062520
12337|0|8920|02/01/2024 15:02:04||25676|13318478744|17945754248
13090|0|89902|02/01/2024 20:02:58||7622|316243968|332960232
12589|0|35390|02/01/2024 16:45:47||19453|3237956296|4634942512
13043|0|40685|02/01/2024 19:40:22||8978|14627344|21316792
13123|0|20349|02/01/2024 20:18:43||6677|544730064|747097952
11123|0|17160|02/01/2024 06:37:45||55935|8076679544|9010940152
11716|0|59576|02/01/2024 10:48:46||40874|27720559080|34411460744
12389|0|51885|02/01/2024 15:20:36||24564|3272379424|4081000920
11846|0|5792|02/01/2024 11:39:18||37842|8631393920|10095959512
11526|0|28628|02/01/2024 09:24:26||45934|9636324216|10552479288
13017|0|38258|02/01/2024 19:35:28||9272|16379424872|37564465192
13044|0|64295|02/01/2024 19:43:53||8767|1092944360|1310126848
12036|0|84546|02/01/2024 13:05:12||32688|2762223864|4102326552
12500|0|11287|02/01/2024 16:06:52||21788|11119751496|14128322656
12212|0|87203|02/01/2024 14:17:14||28366|1733604984|2266140240
13091|0|60049|02/01/2024 20:04:41||7519|5454011376|7159879944
12992|0|61103|02/01/2024 19:29:58||9602|1653225248|1712242888
11946|0|13992|02/01/2024 12:29:20||34840|7327542592|8799772112
13277|0|51438|02/01/2024 21:20:15||2985|1552468048|2308254936
11947|0|68009|02/01/2024 12:22:31||35249|4443308616|4820912520
12993|0|73246|02/01/2024 19:22:36||10044|4670075544|4897145520
11431|0|80435|02/01/2024 08:42:12||48468|1006339448|1058597912
11527|0|27374|02/01/2024 09:29:29||45631|16559230512|20733819848
12528|0|68039|02/01/2024 16:17:18||21162|16498109176|17215398168
12851|0|59795|02/01/2024 18:21:06||13734|1399840520|1628879648
12501|0|61684|02/01/2024 16:05:05||21895|3802710672|3916933192
13092|0|47486|02/01/2024 20:02:13||7667|496959936|740706976
13255|0|26986|02/01/2024 21:15:04||3296|84605112|110505056
12118|0|62190|02/01/2024 13:35:16|02/01/2024 22:03:16|30480|6643213680|9064022384
13327|0|23998|02/01/2024 21:43:27||1593|369957360|452512816
12161|0|83091|02/01/2024 13:52:42||29838|2136906568|3107414080
12744|0|87798|02/01/2024 17:42:51||16029|2945635632|4417213184
12213|0|64361|02/01/2024 14:13:00||28620|104217933768|217215928344
12162|0|57697|02/01/2024 13:53:02||29818|2228084456|2704605328
12669|0|98717|02/01/2024 17:13:26||17794|637805536|726264744
11432|0|26831|02/01/2024 08:40:08||48592|83282626584|157346460816
13185|0|94078|02/01/2024 20:43:49||5171|1584107224|2331851264
12364|0|5281|02/01/2024 15:17:46||24734|11042538800|11539483272
11238|0|89833|02/01/2024 07:22:29||53251|21765261784|23603600888
11659|0|91314|02/01/2024 10:24:47||42313|6206366800|9258457376
11433|0|96669|02/01/2024 08:46:23||48217|5037608760|6348945784
13278|0|33410|02/01/2024 21:25:14||2686|9256660704|25102752800
12722|0|6383|02/01/2024 17:35:55||16445|2544676208|3553661496
13343|0|31706|02/01/2024 21:59:00||660|21424576|30071336
12338|0|83578|02/01/2024 15:01:16||25724|3779255200|3974379104
12852|0|23331|02/01/2024 18:27:29||13351|110996392|145275024
11359|0|36494|02/01/2024 08:16:21||50019|10578296208|11737637968
12004|0|29747|02/01/2024 12:40:46||34154|4034012160|4396161832
13232|0|27550|02/01/2024 21:02:05|02/01/2024 22:08:08|3963|1652918032|1671200536
13361|0|27550|02/01/2024 22:09:04||56|16416936|17228192
11434|0|25520|02/01/2024 08:49:30||48030|110550338168|246334689632
11264|0|32410|02/01/2024 07:39:22||52238|3293326088|4675052064
13233|0|58718|02/01/2024 21:05:02||3898|1293278072|1368904512
12214|0|60709|02/01/2024 14:17:51||28329|2849582760|4009974648
12899|0|84110|02/01/2024 18:43:02||12418|2046425968|2908042144
13362|0|90469|02/01/2024 22:02:53||427|6587304|9296976
12670|0|85151|02/01/2024 17:11:47||17893|2280733008|3294007088
12827|0|69167|02/01/2024 18:16:31||14009|4443463528|5280238080
11948|0|33870|02/01/2024 12:20:18||35382|3814814328|4219006504
13069|0|93506|02/01/2024 19:54:39||8121|559931128|798557744
12938|0|35012|02/01/2024 19:02:14||11266|739740072|1034337568
10575|0|7040|02/01/2024 02:59:42||69018|31417504224|40535724608
12590|0|75383|02/01/2024 16:42:13||19667|8748347656|11649243392
12618|0|78522|02/01/2024 16:52:47||19033|858575768|1094133592
12365|0|41384|02/01/2024 15:18:29||24691|8539039040|10930161320
11360|0|31782|02/01/2024 08:19:20||49840|204440685880|395158416352
12038|0|36231|02/01/2024 13:08:27||32493|67547289984|128485910272
12262|0|30969|02/01/2024 14:34:47||27313|711593944|934942408
13139|0|31020|02/01/2024 20:24:14||6346|2937860096|3259163104
12853|0|40573|02/01/2024 18:20:40||13760|2871162744|3076096624
13234|0|93818|02/01/2024 21:06:56||3784|758153464|815661112
13162|0|33467|02/01/2024 20:35:02||5698|39408688|56977848
12367|0|33231|02/01/2024 15:19:21||24639|4894922832|5755020816
12915|0|14516|02/01/2024 18:53:26||11794|1305196096|1673533408
12900|0|27764|02/01/2024 18:49:52||12008|654854608|888459760
13344|0|77364|02/01/2024 21:50:02||1198|479134328|539255320
12094|0|5370|02/01/2024 13:24:00||31560|113634240976|233076993616
12186|0|71970|02/01/2024 14:09:59||28801|4513841576|6056629624
12529|0|29220|02/01/2024 16:17:24||21156|42546397536|112514179008
13140|0|68885|02/01/2024 20:23:11||6409|845293992|897460584
12901|0|77556|02/01/2024 18:46:40||12200|1087613952|1334891016
12312|0|49723|02/01/2024 14:51:41||26299|99884450656|195936786512
12646|0|76675|02/01/2024 17:08:51||18069|923367344|1065298992
12723|0|59764|02/01/2024 17:36:33||16407|45637441528|99088685648
13093|0|88428|02/01/2024 20:04:12||7548|1878275776|2331314720
12647|0|31271|02/01/2024 17:09:40||18020|30377535448|20638555584
12188|0|27336|02/01/2024 14:01:39||29301|2972239112|2985447464
13141|0|60295|02/01/2024 20:26:56||6184|1860029264|2120301056
12779|0|19713|02/01/2024 17:55:46||15254|6423220944|7411126176
11528|0|88707|02/01/2024 09:29:37||45623|88162517312|196008248480
11812|0|90836|02/01/2024 11:27:04||38576|8376924168|11247004656
12872|0|92971|02/01/2024 18:32:13||13067|726377200|904237120
12215|0|18359|02/01/2024 14:12:14||28666|54873930376|102930114016
11663|0|16548|02/01/2024 10:23:53||42367|11616813784|12608891592
12039|0|25121|02/01/2024 13:08:05||32515|3697247016|4869543736
11317|0|28599|02/01/2024 07:59:16||51044|841169000|1036684336
12806|0|92612|02/01/2024 18:08:13||14507|5312719056|5835935400
12724|0|34312|02/01/2024 17:34:40||16520|5461397936|6171687784
12828|0|37157|02/01/2024 18:15:26||14074|7294552328|10148430424
12446|0|43712|02/01/2024 15:44:22|02/01/2024 22:05:22|22860|28533080920|70982855664
12447|0|52439|02/01/2024 15:41:53||23287|69409750032|152883680760
13070|0|17145|02/01/2024 19:51:58||8282|1236280912|1464652432
13279|0|67795|02/01/2024 21:25:40||2660|78549112|95036696
10740|0|99295|02/01/2024 03:50:15||65985|11798530752|16674673512
11813|0|77356|02/01/2024 11:24:52||38708|6787245792|7661361592
11381|0|33320|02/01/2024 08:21:28||49712|10267426376|13787266088
12314|0|63099|02/01/2024 14:50:23||26377|926479056|1285214192
10763|0|67316|02/01/2024 04:00:35||65365|9527160120|12107725152
11870|0|27619|02/01/2024 11:47:04|02/01/2024 22:07:40|37236|2313886408|2853369408
13363|0|27619|02/01/2024 22:08:05||115|5140680|6261120
12502|0|24242|02/01/2024 16:08:13||21707|4046274088|4204345904
13094|0|59111|02/01/2024 20:06:16||7424|755976704|1017978008
12697|0|85531|02/01/2024 17:24:11||17149|1317773904|1397625208
12698|0|91247|02/01/2024 17:28:04||16916|4174998424|4533633528
12005|0|24715|02/01/2024 12:47:28||33752|935758288|1111676432
11886|0|34605|02/01/2024 11:59:53||36607|74997240600|156807065600
12041|0|89665|02/01/2024 13:06:59||32581|13940044968|15430144048
12565|0|83901|02/01/2024 16:31:45||20295|3509271864|4017128024
11073|0|38820|02/01/2024 06:15:47||57253|15010185744|19460066032
12745|0|59195|02/01/2024 17:42:17||16063|372074312|444814928
12592|0|57855|02/01/2024 16:40:49||19751|11688477080|11723958472
12550|0|6957|02/01/2024 16:21:27||20913|64110876056|134047762312
12419|0|59348|02/01/2024 15:36:08||23632|3113554384|3160205584
13095|0|4122|02/01/2024 20:07:35||7345|26730082728|71941448232
12217|0|50055|02/01/2024 14:11:50||28690|11753316504|15626963072
11361|0|55411|02/01/2024 08:19:51||49809|2361714416|2412337712
13280|0|93165|02/01/2024 21:25:21||2679|42876576|55326496
12873|0|87720|02/01/2024 18:30:18||13182|4612865856|6897595192
13142|0|70699|02/01/2024 20:23:43||6377|218980728|220803616
13143|0|15426|02/01/2024 20:25:09||6291|764798368|799163120
12916|0|64821|02/01/2024 18:55:09||11691|2761324000|3449172296
12503|0|29923|02/01/2024 16:07:18||21762|1171687272|1309588088
12874|0|41962|02/01/2024 18:34:29||12931|2610063424|3371131864
12854|0|84833|02/01/2024 18:23:43||13577|6251098192|8216157920
11568|0|40282|02/01/2024 09:48:33||44487|71630433016|203801219256
11919|0|9422|02/01/2024 12:13:52||35768|10487192536|14859764872
13186|0|10634|02/01/2024 20:43:38||5182|745030512|911429640
12995|0|8712|02/01/2024 19:26:17||9823|239677384|347410184
11742|0|10027|02/01/2024 10:52:21||40659|2327618912|2487955352
12165|0|68721|02/01/2024 13:54:29||29731|13397722784|14944662680
12189|0|37519|02/01/2024 14:05:28||29072|16601535184|17650780080
12095|0|96649|02/01/2024 13:25:04||31496|13720458952|18311737952
11097|0|39463|02/01/2024 06:27:43|02/01/2024 22:09:19|56496|33579444248|43286265312
11717|0|73573|02/01/2024 10:42:28||41252|6058845544|7833743944
10814|0|56813|02/01/2024 04:27:52||63728|4971062504|5859115944
11665|0|38356|02/01/2024 10:26:29||42211|8725706000|10838225544
13328|0|63746|02/01/2024 21:43:37||1583|58357768|72446120
12552|0|38131|02/01/2024 16:20:06||20994|1637048592|2008925840
12190|0|88021|02/01/2024 14:08:53||28867|780509800|955059400
13281|0|91375|02/01/2024 21:20:17||2983|743742832|1000828136
10954|0|66665|02/01/2024 05:18:08||60712|31764493736|31824511208
12939|0|82493|02/01/2024 19:08:54||10866|542676728|716924424
11435|0|88763|02/01/2024 08:45:21||48279|5484261680|6426640712
12285|0|67468|02/01/2024 14:41:09||26931|4036581480|5886736592
13018|0|97929|02/01/2024 19:30:00||9600|53991832|71446544
10651|0|70112|02/01/2024 03:20:08||67792|128058651480|290675851360
13299|0|55223|02/01/2024 21:34:54||2106|968239216|1278974640
13364|0|86419|02/01/2024 22:00:31||569|2393880|2774448
11979|0|79886|02/01/2024 12:36:25||34415|10784000112|13444952144
11265|0|86414|02/01/2024 07:33:15||52605|9206067584|9972957472
12829|0|69115|02/01/2024 18:12:59||14221|79266976|103215560
12530|0|41752|02/01/2024 16:16:37||21203|6434131592|8759830720
12996|0|85231|02/01/2024 19:29:07||9653|1801626904|2077323376
11407|0|6280|02/01/2024 08:31:23||49117|11790128624|14745030960
10652|0|6125|02/01/2024 03:29:50||67210|9351691416|11672969432
12474|0|46819|02/01/2024 15:58:55||22265|681000552|692745728
12746|0|17534|02/01/2024 17:48:40||15680|3377901376|4699074472
13256|0|63283|02/01/2024 21:16:36||3204|3853034736|2802703184
13124|0|83443|02/01/2024 20:18:42||6678|294399512|375093592
11592|0|49349|02/01/2024 09:55:22||44078|6069648616|6849609128
13235|0|89997|02/01/2024 21:04:09||3951|8981004024|21817252848
13096|0|32170|02/01/2024 20:08:47||7273|32155549624|91965139816
13236|0|39735|02/01/2024 21:03:19||4001|1422181232|1584729752
13163|0|92953|02/01/2024 20:39:46||5414|3553778200|5246711824
13144|0|53819|02/01/2024 20:27:09||6171|11027308256|27953087976
13329|0|43289|02/01/2024 21:41:00||1740|85423536|106618832
11569|0|69672|02/01/2024 09:45:58||44642|14142868640|20387445408
12420|0|66998|02/01/2024 15:34:29||23731|4692952320|6429080992
12747|0|66862|02/01/2024 17:46:31||15809|81045114792|155037300168
12286|0|13812|02/01/2024 14:42:58||26822|5395820888|5825877224
11408|0|47180|02/01/2024 08:34:09||48951|14433499688|17292742576
12855|0|33806|02/01/2024 18:27:24||13356|4373141488|4965879000
13019|0|9727|02/01/2024 19:31:20||9520|14072852464|28875964096
11902|0|70576|02/01/2024 12:05:08||36292|19837056288|11922718384
12096|0|18259|02/01/2024 13:24:44||31516|97295793112|213453586808
12475|0|84995|02/01/2024 15:52:22||22658|245028560|246603728
12065|0|75822|02/01/2024 13:19:36||31824|15697133392|20696959872
13282|0|61774|02/01/2024 21:26:08||2632|1344013704|1944472048
12368|0|97429|02/01/2024 15:11:16||25124|3786481792|5170406808
11295|0|64769|02/01/2024 07:48:13||51707|474362024|503298456
12391|0|60623|02/01/2024 15:23:31||24389|6370060528|6521532064
12238|0|84902|02/01/2024 14:23:26||27994|13049355656|13541721840
11636|0|98665|02/01/2024 10:17:17||42763|15783012664|20678820456
11816|0|73673|02/01/2024 11:28:20||38500|52039003880|115746360200
13345|0|7301|02/01/2024 21:57:42||738|72577632|102778576
12315|0|35841|02/01/2024 14:52:25||26255|8159701504|10099134136
12166|0|98838|02/01/2024 13:51:43||29897|16272710032|16550538824
12699|0|55477|02/01/2024 17:21:09||17331|3174595384|4499769912
11788|0|85876|02/01/2024 11:13:26||39394|5762021760|6670486056
12042|0|39458|02/01/2024 13:05:47|02/01/2024 22:03:28|32261|10077649728|11834205016
13365|0|39458|02/01/2024 22:04:04||356|12775120|14869216
13300|0|51731|02/01/2024 21:38:34||1886|42907664|53417800
11545|0|44132|02/01/2024 09:35:47||45253|8339763560|10740004512
12725|0|81151|02/01/2024 17:33:12||16608|47605921632|90524151944
12875|0|91653|02/01/2024 18:36:45||12795|6079973608|7828433592
11197|0|77862|02/01/2024 07:06:14||54226|19840607552|23352719576
12671|0|68473|02/01/2024 17:19:21||17439|2318243760|3061617984
12748|0|42655|02/01/2024 17:42:41||16039|2758133256|3858612816
13283|0|32908|02/01/2024 21:23:01||2819|790226536|817143976
12968|0|97187|02/01/2024 19:15:54||10446|37868192|38205752
12969|0|40880|02/01/2024 19:12:41||10639|1814569440|2495598256
12476|0|54327|02/01/2024 15:54:13|02/01/2024 22:06:54|22361|9829412856|11025928552
13020|0|49992|02/01/2024 19:39:05||9055|15757380800|31254058128
12504|0|96618|02/01/2024 16:00:20||22180|4050583352|5992942552
11506|0|26594|02/01/2024 09:19:05|02/01/2024 22:01:21|45736|3900564776|4324931728
11319|0|65392|02/01/2024 07:59:52||51008|19697709392|20845358880
13187|0|71810|02/01/2024 20:42:43||5237|1036151384|1496133024
13071|0|25089|02/01/2024 19:58:01||7919|4471834208|5331778768
10816|0|41825|02/01/2024 04:29:55||63605|18128635760|21113900888
13208|0|69431|02/01/2024 20:58:40||4280|10020138824|21928274168
11171|0|49138|02/01/2024 06:50:14||55186|2612312072|3813550968
13209|0|3894|02/01/2024 20:51:55||4685|1642221728|2107713200
13346|0|97358|02/01/2024 21:57:55||725|147636872|198800576
13021|0|44704|02/01/2024 19:38:44||9076|479321688|484866408
11921|0|13628|02/01/2024 12:19:09||35451|8818507288|10059959760
12648|0|42803|02/01/2024 17:06:18||18222|2607633872|2947355832
12998|0|18352|02/01/2024 19:29:52||9608|12411960584|23980473600
12620|0|40130|02/01/2024 16:55:06||18894|120701336|152694936
12144|0|34741|02/01/2024 13:46:45||30195|3812678376|5514892648
12421|0|87973|02/01/2024 15:35:02||23698|3885337376|4470346840
11240|0|88441|02/01/2024 07:29:20||52840|37351083064|39632651488
12749|0|79796|02/01/2024 17:46:17||15823|4033161656|4292652968
12672|0|51155|02/01/2024 17:14:54||17706|2117063800|2398258232
13164|0|55010|02/01/2024 20:35:05||5695|18158878264|54460788400
12022|0|89695|02/01/2024 12:56:14||33226|7887338872|9022037056
12750|0|12313|02/01/2024 17:42:32||16048|14882779984|16213062504
12970|0|30099|02/01/2024 19:11:50||10690|121340808|160805560
11382|0|19792|02/01/2024 08:27:01||49379|25918879656|36750417624
12477|0|93774|02/01/2024 15:58:29||22291|5443813184|7290344384
11241|0|48678|02/01/2024 07:28:51||52869|14261844536|16914257104
12288|0|40487|02/01/2024 14:48:34||26486|2103775184|2822755840
12751|0|40270|02/01/2024 17:47:52||15728|1479139264|1707666960
12553|0|37491|02/01/2024 16:23:53||20767|1230475960|1688985592
13022|0|21264|02/01/2024 19:31:41||9499|83398896|95650712
12940|0|12808|02/01/2024 19:04:31||11129|1294798040|1507222016
12340|0|42522|02/01/2024 15:00:45||25755|3226666600|3730048824
12478|0|56994|02/01/2024 15:53:11||22609|3232811120|3404881744
11637|0|62169|02/01/2024 10:11:47||43093|25333264352|25778572104
12971|0|56903|02/01/2024 19:16:38||10402|2991120848|4470380016
11362|0|98192|02/01/2024 08:16:06||50034|128938991672|305026305648
12621|0|68857|02/01/2024 16:58:52||18668|54258639592|126332832080
12700|0|52376|02/01/2024 17:26:11||17029|3500088224|5007619392
12999|0|34817|02/01/2024 19:20:16||10184|238817168|328012720
12972|0|26763|02/01/2024 19:15:35||10465|293353568|360124320
12121|0|95397|02/01/2024 13:34:53||30907|10360527608|11624764184
12752|0|50925|02/01/2024 17:43:47||15973|17390734536|51387961336
11320|0|55135|02/01/2024 07:56:35||51205|12710706800|14319215352
12876|0|74214|02/01/2024 18:36:26||12814|3368444984|4852827616
12098|0|69971|02/01/2024 13:21:39||31701|1576792032|2305958816
12917|0|91337|02/01/2024 18:56:11||11629|2439687664|3026747088
11718|0|42738|02/01/2024 10:48:46||40874|8949995904|9107846656
12168|0|57316|02/01/2024 13:58:57||29463|6653323584|8304363648
12856|0|21299|02/01/2024 18:25:57||13443|1016733328|1102466840
12169|0|99802|02/01/2024 13:57:12||29568|2367437864|2729857096
12066|0|13130|02/01/2024 13:11:32||32308|8439912832|10696481520
12422|0|35952|02/01/2024 15:37:16||23564|3649406288|4614544512
12479|0|11537|02/01/2024 15:59:37||22223|17512792704|24370932704
11638|0|10821|02/01/2024 10:15:05||42895|13833197560|17118140424
12480|0|56399|02/01/2024 15:58:08||22312|24237956088|31415140440
13257|0|81524|02/01/2024 21:14:33||3327|9803738728|27741531000
13165|0|79735|02/01/2024 20:38:39||5481|11623856|12979896
12394|0|71230|02/01/2024 15:21:44||24496|1197052224|1385390672
12593|0|79049|02/01/2024 16:40:55||19745|314849000|439264336
12395|0|20804|02/01/2024 15:27:06||24174|6269808288|9025405400
11593|0|98032|02/01/2024 09:51:47|02/01/2024 22:05:29|44022|13934767272|14492031264
12973|0|8331|02/01/2024 19:12:06||10674|359015760|501076944
12289|0|59898|02/01/2024 14:48:54||26466|93429865080|187759215616
11819|0|65105|02/01/2024 11:21:21||38919|4670044312|6479812480
11690|0|88869|02/01/2024 10:38:16||41504|6959157096|9773789040
10972|0|11544|02/01/2024 05:27:10||60170|36733993872|37171272768
12505|0|31822|02/01/2024 16:00:56||22144|6885932712|8300959064
13072|0|14425|02/01/2024 19:53:07||8213|1163038984|1174324384
11691|0|40483|02/01/2024 10:39:00||41460|57567805224|38608802192
12622|0|92390|02/01/2024 16:50:35||19165|650371592|708212392
13023|0|32234|02/01/2024 19:31:23||9517|32180970088|72723493160
13045|0|48010|02/01/2024 19:46:36||8604|22278095216|55584365696
13125|0|61739|02/01/2024 20:16:59||6781|160297368|236927248
12830|0|57917|02/01/2024 18:10:38||14362|3109706288|4648994768
12067|0|84539|02/01/2024 13:18:17||31903|729128608|906058912
13301|0|35194|02/01/2024 21:36:02||2038|127760400|159813712
12857|0|6013|02/01/2024 18:25:05||13495|2232363968|2556249072
13366|0|13940|02/01/2024 22:02:40||440|36274056|49048144
12481|0|91452|02/01/2024 15:50:57||22743|3146100400|3398946056
11146|0|51410|02/01/2024 06:43:47||55573|3868710864|3915448928
11128|0|72819|02/01/2024 06:33:05||56215|1619574168|2120628368
12877|0|85419|02/01/2024 18:35:26||12874|693253640|820231664
11770|0|86061|02/01/2024 11:02:19||40061|5452794400|6724402208
12831|0|54749|02/01/2024 18:15:19||14081|2540880712|3530539072
12594|0|20365|02/01/2024 16:44:29||19531|1899205112|2028912320
12122|0|65216|02/01/2024 13:32:11||31069|14417158984|16007838496
11923|0|51469|02/01/2024 12:12:22||35858|4987869608|6493684536
12974|0|4076|02/01/2024 19:18:24||10296|19704685008|48806058648
12123|0|86912|02/01/2024 13:39:48||30612|7309008840|8498805080
13024|0|59193|02/01/2024 19:31:01||9539|709196528|925093832
13097|0|14216|02/01/2024 20:09:17||7243|3869452752|5636622576
13237|0|94244|02/01/2024 21:04:35|02/01/2024 22:09:13|3878|682579872|688164432
11822|0|50648|02/01/2024 11:29:33||38427|88200849688|206585878880
13098|0|14086|02/01/2024 20:09:40||7220|944916976|1297312056
13046|0|59647|02/01/2024 19:47:27||8553|813746976|1164699360
11129|0|69690|02/01/2024 06:30:14||56386|5325223072|5918021256
12450|0|58138|02/01/2024 15:42:04||23276|3520587640|4035303888
12673|0|44230|02/01/2024 17:17:24||17556|1988386352|2098846712
13188|0|68548|02/01/2024 20:40:56||5344|1863678136|1938021296
12191|0|35479|02/01/2024 14:00:27||29373|15536263944|21933076312
13210|0|75757|02/01/2024 20:51:56||4684|1018323752|1219520472
13073|0|59525|02/01/2024 19:54:42||8118|1393949128|1442706848
11455|0|46140|02/01/2024 08:53:08||47812|9726860312|13438273288
12832|0|63740|02/01/2024 18:16:50||13990|5892547928|6188840208
12753|0|68233|02/01/2024 17:47:39||15741|5437223832|7875719560
12902|0|67432|02/01/2024 18:44:00||12360|6071461360|8842060824
13367|0|78976|02/01/2024 22:06:53||187|14443432|19968000
11692|0|34893|02/01/2024 10:35:06||41694|10343121320|12410977672
12754|0|53029|02/01/2024 17:45:49||15851|2178164040|3240444376
11148|0|55305|02/01/2024 06:44:40|02/01/2024 22:01:49|55029|13313891208|14220473296
13368|0|55305|02/01/2024 22:02:12||468|32069216|42019584
11666|0|65020|02/01/2024 10:23:49||42371|11139574840|13542481680
12755|0|90478|02/01/2024 17:46:31||15809|2601658536|3451772440
11594|0|13346|02/01/2024 09:55:18||44082|4611525032|5576055680
11951|0|45456|02/01/2024 12:25:14||35086|8619484408|12641517344
12341|0|62835|02/01/2024 15:05:24||25476|1722817408|1762861088
12702|0|9069|02/01/2024 17:20:09||17391|4023397664|4339137720
13166|0|80460|02/01/2024 20:39:10||5450|1367011776|1948919064
13347|0|60476|02/01/2024 21:54:12||948|216504312|269109600
13026|0|63560|02/01/2024 19:37:16||9164|1710806808|2247021608
12903|0|25048|02/01/2024 18:46:24||12216|4649562592|5747142976
11887|0|27227|02/01/2024 11:53:31||36989|4532679632|4805666912
12342|0|70487|02/01/2024 15:06:26||25414|4378317560|5623661448
13074|0|80258|02/01/2024 19:56:10||8030|1066038912|1077118832
13047|0|70323|02/01/2024 19:40:58||8942|393470632|513754168
11410|0|72588|02/01/2024 08:37:15||48765|95037622440|194726843352
12567|0|72139|02/01/2024 16:39:09||19851|608285072|903555992
11953|0|47934|02/01/2024 12:24:53||35107|7301290760|9370489728
13284|0|57723|02/01/2024 21:21:50||2890|88167752|101196176
13075|0|18001|02/01/2024 19:54:52||8108|10083487832|24170346320
12623|0|57621|02/01/2024 16:56:15||18825|233607040|234945448
12531|0|21811|02/01/2024 16:11:04||21536|2287901000|2806956320
12451|0|45514|02/01/2024 15:44:12||23148|2219922104|3088774824
12756|0|73388|02/01/2024 17:41:44||16096|18579994680|45955651648
12554|0|6427|02/01/2024 16:21:44||20896|249195064|293954032
10630|0|97624|02/01/2024 03:18:07||67913|8087398096|10982880800
11507|0|73867|02/01/2024 09:13:09||46611|1635926680|2143102088
12858|0|89298|02/01/2024 18:23:24||13596|1058618336|1258573384
11102|0|14240|02/01/2024 06:20:06||56994|25086313880|25184057360
11888|0|5332|02/01/2024 11:54:54||36906|6112526936|7484333616
12043|0|53873|02/01/2024 13:04:47||32713|21006789288|22976951176
11321|0|37448|02/01/2024 07:57:11||51169|2139230184|3105770592
10933|0|47809|02/01/2024 05:06:27||61413|6640294264|8351519752
13048|0|62011|02/01/2024 19:41:39||8901|20397027672|42444746184
12506|0|11854|02/01/2024 16:08:15||21705|6869956056|10100781480
12145|0|75798|02/01/2024 13:47:28||30152|12958205224|14439732408
13330|0|56440|02/01/2024 21:41:02||1738|154276080|171451984
13076|0|87270|02/01/2024 19:50:22||8378|94549192|111891744
13302|0|53853|02/01/2024 21:32:11||2269|595324816|621199872
13238|0|45445|02/01/2024 21:01:56||4084|11066321656|21245079288
12728|0|19406|02/01/2024 17:35:03||16497|1265178568|1538679224
11639|0|82423|02/01/2024 10:19:31||42629|8383639208|10920576504
11479|0|70417|02/01/2024 09:01:14||47326|96789787744|228899305064
12127|0|57089|02/01/2024 13:31:33||31107|11072389992|14943576688
12833|0|36401|02/01/2024 18:11:44||14296|8018148688|9224959496
13189|0|13835|02/01/2024 20:43:39||5181|200449952|249266056
13285|0|86833|02/01/2024 21:26:24||2616|710463376|1051006976
13239|0|13972|02/01/2024 21:04:11||3949|18435528|25672128
12044|0|73294|02/01/2024 13:02:40||32840|6656350952|7087975576
10976|0|54615|02/01/2024 05:29:40||60020|16183720568|18815424992
12807|0|45025|02/01/2024 18:08:19||14501|8112245400|8834975152
13190|0|57900|02/01/2024 20:48:52||4868|9828638208|23669602840
12343|0|73120|02/01/2024 15:08:04||25316|5376397184|7680831000
10871|0|5401|02/01/2024 04:49:35||62425|74628700328|220630441592
11925|0|6561|02/01/2024 12:13:15||35805|11602416496|14741639312
12568|0|97025|02/01/2024 16:33:29||20191|1563573168|1915025168
13167|0|57478|02/01/2024 20:33:56||5764|2472262560|3328181728
12941|0|78717|02/01/2024 19:02:46||11234|622527176|805809472
12291|0|41512|02/01/2024 14:45:38||26662|5562487144|7193083104
13099|0|83204|02/01/2024 20:08:50||7270|1528435880|2112361808
11744|0|82698|02/01/2024 10:59:51||40209|3720841800|3916135248
11338|0|26199|02/01/2024 08:02:42||50838|104193948008|291447627056
11530|0|36075|02/01/2024 09:27:37||45743|3888478384|4497941576
12423|0|35393|02/01/2024 15:38:14||23506|20372180000|20400643112
12316|0|92233|02/01/2024 14:59:25||25835|4706549360|6247487056
12482|0|84162|02/01/2024 15:58:01||22319|467512576|602451848
12729|0|94644|02/01/2024 17:35:31||16469|4263663376|5267669568
12317|0|98465|02/01/2024 14:57:47||25933|16019733224|18382187048
11791|0|82855|02/01/2024 11:17:48||39132|28349037576|36637510568
11340|0|5372|02/01/2024 08:03:24||50796|16334575888|19285579448
12099|0|25393|02/01/2024 13:26:44||31396|21531858824|22503424064
12292|0|32548|02/01/2024 14:40:56||26944|5678729224|7950497136
13126|0|95133|02/01/2024 20:19:45||6615|217376048|325877496
12649|0|39092|02/01/2024 17:05:43||18257|1679481712|2032731184
13049|0|54646|02/01/2024 19:43:01||8819|1992704232|2201566520
12146|0|46481|02/01/2024 13:47:39||30141|11495687696|16822031112
12703|0|18337|02/01/2024 17:20:42||17358|4346123032|6489957984
12006|0|39283|02/01/2024 12:44:35||33925|828845952|843689256
13027|0|86587|02/01/2024 19:33:58||9362|256784512|294106656
13100|0|49972|02/01/2024 20:01:10||7730|1662459608|2463302488
12424|0|13402|02/01/2024 15:32:07||23873|3439688144|4130680080
13303|0|92526|02/01/2024 21:38:54||1866|4230809736|8231874224
11926|0|14885|02/01/2024 12:14:10||35750|8017387600|10483031560
12780|0|98102|02/01/2024 17:51:37||15503|2133483232|2192490944
12596|0|64851|02/01/2024 16:41:14||19726|907429016|1352732584
11889|0|79969|02/01/2024 11:58:02||36718|6412341872|6819496128
12293|0|38044|02/01/2024 14:41:33||26907|74814627304|191680881264
11245|0|9408|02/01/2024 07:25:30||53070|9200088744|9526085648
11596|0|98219|02/01/2024 09:50:18||44382|2597467936|2803990120
12147|0|38520|02/01/2024 13:44:00||30360|27830270088|28534380632
12483|0|82683|02/01/2024 15:54:26||22534|3058463664|3792091688
12859|0|80405|02/01/2024 18:20:34||13766|3241412928|3670903880
12808|0|8409|02/01/2024 18:00:28||14972|3330895424|3716560992
12942|0|20031|02/01/2024 19:09:27||10833|2796282232|3036974768
13000|0|95178|02/01/2024 19:27:44||9736|1821352184|2039769432
11104|0|75554|02/01/2024 06:25:43||56657|2853107192|4152762968
12904|0|16393|02/01/2024 18:49:18||12042|1255949160|1757011096
12704|0|14136|02/01/2024 17:23:05||17215|4460013016|4844165688
13001|0|50551|02/01/2024 19:23:34||9986|4892936704|4926453760
13028|0|73988|02/01/2024 19:35:34||9266|20569835456|52176946656
12266|0|82514|02/01/2024 14:38:25||27095|1300138136|1539959000
11176|0|82779|02/01/2024 06:58:42||54678|2200762672|2490656840
12943|0|65673|02/01/2024 19:00:30||11370|2364514104|2369939512
11271|0|98097|02/01/2024 07:30:39||52761|20578677912|21976620736
13145|0|53397|02/01/2024 20:28:34||6086|1223572480|1428215864
12069|0|24060|02/01/2024 13:14:08||32152|875454176|1095830360
11001|0|53244|02/01/2024 05:33:34||59786|22871808600|25831390224
12397|0|9030|02/01/2024 15:25:03||24297|4694389600|5074211856
13077|0|20167|02/01/2024 19:51:19||8321|624870576|732081352
10657|0|87489|02/01/2024 03:28:26||67294|39331866264|48876418568
12920|0|74631|02/01/2024 18:53:46||11774|34951080656|78743224040
12879|0|82321|02/01/2024 18:33:55||12965|7085153848|9399146872
13211|0|25951|02/01/2024 20:51:51||4689|18326126168|39884371928
11723|0|52819|02/01/2024 10:47:15||40965|2883712248|3396421272
13304|0|7726|02/01/2024 21:35:02||2098|212445352|269151032
12555|0|77479|02/01/2024 16:22:21||20859|10417357336|13343244888
13212|0|94328|02/01/2024 20:50:50||4750|3097077368|4304164752
12370|0|33890|02/01/2024 15:15:01||24899|5194602392|6729309192
13078|0|76372|02/01/2024 19:58:18||7902|1640192400|1839485400
12318|0|77334|02/01/2024 14:51:23||26317|5985626840|7390405960
13369|0|20221|02/01/2024 22:06:39||201|2629640|3003344
12344|0|24050|02/01/2024 15:03:35||25585|70187880000|189377337648
11927|0|41079|02/01/2024 12:10:56||35944|6884332104|7428546736
12241|0|52091|02/01/2024 14:29:14||27646|402101048|454806368
11364|0|88082|02/01/2024 08:11:25||50315|9792040920|11073744496
13348|0|53942|02/01/2024 21:56:41||799|268668832|385464704
12320|0|38360|02/01/2024 14:51:25||26315|111833624624|229303252304
11178|0|32448|02/01/2024 06:51:49||55091|22494772512|25064321200
13258|0|60799|02/01/2024 21:15:45||3255|7199947912|15678337408
11458|0|62677|02/01/2024 08:57:03||47577|2639350456|3744914176
13168|0|93299|02/01/2024 20:33:03||5817|169318280|190255624
12371|0|58879|02/01/2024 15:10:21||25179|5044680704|5864347752
13101|0|40896|02/01/2024 20:01:46||7694|3087135224|3319546216
12880|0|26214|02/01/2024 18:38:01||12719|21246070208|52918413160
12676|0|63108|02/01/2024 17:12:50||17830|2510502360|3594384080
13169|0|77305|02/01/2024 20:31:03||5937|2867037352|3972159912
12007|0|15805|02/01/2024 12:42:48||34032|10733579528|10939135384
12221|0|78214|02/01/2024 14:14:33||28527|24691364944|54539656944
11640|0|41832|02/01/2024 10:16:13||42827|6272167232|8432996464
13349|0|37693|02/01/2024 21:54:15||945|16424024|23114344
11571|0|39291|02/01/2024 09:49:06||44454|3307542776|4040628400
12100|0|34384|02/01/2024 13:21:46||31694|1675674968|1701027568
12425|0|6143|02/01/2024 15:35:50||23650|4556088384|4852878584
11725|0|43267|02/01/2024 10:45:43||41057|51427576168|40011442536
11412|0|57108|02/01/2024 08:37:25||48755|16365091560|19396707480
12944|0|32846|02/01/2024 19:09:31||10829|4088567240|5352076704
13170|0|26294|02/01/2024 20:30:59||5941|1845534992|2501073160
13286|0|91423|02/01/2024 21:20:13||2987|1273768304|1304878848
12921|0|77493|02/01/2024 18:53:54||11766|1417616392|1693375680
13240|0|15261|02/01/2024 21:01:14||4126|1490000960|1609866176
12705|0|5298|02/01/2024 17:20:29||17371|2333343664|3183237104
13241|0|58102|02/01/2024 21:02:20||4060|156857624|185175744
12556|0|36627|02/01/2024 16:24:33||20727|16230437376|44976804280
11793|0|45750|02/01/2024 11:17:10||39170|20722604632|26395220664
12148|0|19829|02/01/2024 13:40:47||30553|2494192848|2701214296
12730|0|81041|02/01/2024 17:31:16||16724|4655625024|5102191104
12624|0|77343|02/01/2024 16:53:29||18991|3706572376|5501953376
12557|0|93848|02/01/2024 16:24:31||20729|536079464|746349944
11746|0|35482|02/01/2024 10:51:53||40687|2868436208|2961472568
12834|0|15106|02/01/2024 18:15:55||14045|1961455432|2841427792
11641|0|4879|02/01/2024 10:13:53||42967|7572511360|9362911520
12922|0|98240|02/01/2024 18:50:19||11981|15898260296|34459018752
12923|0|38598|02/01/2024 18:52:09||11871|1980382488|2925360680
12881|0|91669|02/01/2024 18:30:44||13156|4508423496|4577308112
12267|0|99020|02/01/2024 14:39:14||27046|89747705184|180154853896
13102|0|29100|02/01/2024 20:00:09||7791|2190996088|2651539040
12924|0|47709|02/01/2024 18:50:50||11950|3107792|3110088
11459|0|91634|02/01/2024 08:57:43||47537|1735151648|2154531136
13213|0|93907|02/01/2024 20:51:25||4715|53691280|58588296
11794|0|67384|02/01/2024 11:12:55||39425|10992416664|14067119840
11597|0|15742|02/01/2024 09:57:07||43973|6256214032|6927685928
12569|0|89377|02/01/2024 16:39:03||19857|813145536|991307200
12071|0|25899|02/01/2024 13:17:20||31960|638445008|822914576
12757|0|92029|02/01/2024 17:41:38||16102|3027131472|4353837384
13259|0|71455|02/01/2024 21:14:12||3348|2467313712|3462357056
12128|0|16196|02/01/2024 13:33:48||30972|6604404576|8025405776
13002|0|80306|02/01/2024 19:27:27||9753|457131776|674864520
12625|0|48112|02/01/2024 16:59:06||18654|880247200|1138956672
12398|0|69493|02/01/2024 15:21:08||24532|2777655536|3233180456
11247|0|58968|02/01/2024 07:28:12||52908|20791509824|27999991904
12532|0|66943|02/01/2024 16:19:51||21009|19650482112|22342854960
12321|0|90729|02/01/2024 14:56:36||26004|5417453328|6806856368
12507|0|49985|02/01/2024 16:05:01||21899|23094213672|56912220992
12975|0|29163|02/01/2024 19:18:14||10306|125700392|136962176
13050|0|87943|02/01/2024 19:48:48||8472|18586195760|38353464304
12347|0|80365|02/01/2024 15:00:41||25759|7409272008|8336917488
12782|0|91413|02/01/2024 17:56:15||15225|1769182880|2093351192
12026|0|97711|02/01/2024 12:58:22||33098|17513373880|17853824864
11890|0|48037|02/01/2024 11:57:57||36723|2523023560|3039196040
12294|0|82979|02/01/2024 14:47:41||26539|1518952856|1702866656
11225|0|16310|02/01/2024 07:11:53||53887|11945059312|16790109720
11598|0|27134|02/01/2024 09:53:05||44215|13838795008|20140007856
11078|0|57000|02/01/2024 06:12:44||57436|55208139536|36394328968
13260|0|8779|02/01/2024 21:12:20||3460|652499000|971637296
13261|0|61636|02/01/2024 21:12:21||3459|976339392|1058770960
11274|0|7096|02/01/2024 07:34:29||52531|13429659552|16990195808
12452|0|3879|02/01/2024 15:43:20||23200|9237285560|9984129704
11956|0|91320|02/01/2024 12:24:05||35155|7906453560|9752317832
12945|0|86364|02/01/2024 19:02:38||11242|3517747400|3673195736
10851|0|63244|02/01/2024 04:34:25||63335|13474566552|16837267984
10714|0|84700|02/01/2024 03:43:24|02/01/2024 22:09:30|66366|12616208880|16390886920
13214|0|62485|02/01/2024 20:54:29||4531|1438970608|1454576360
13079|0|64240|02/01/2024 19:52:05||8275|1612998632|2365818080
11726|0|16258|02/01/2024 10:40:12||41388|7987068424|8492378424
12598|0|51283|02/01/2024 16:40:32||19768|2420430848|3032712128
13029|0|48358|02/01/2024 19:35:13||9287|1515342288|1760008576
12372|0|95628|02/01/2024 15:11:02||25138|7451670312|8945340872
12348|0|25496|02/01/2024 15:00:34||25766|11281906112|12833426544
12244|0|25364|02/01/2024 14:23:17||28003|40837955808|78199032344
12484|0|93417|02/01/2024 15:59:05||22255|7378860168|9481284072
11853|0|34693|02/01/2024 11:33:41||38179|3092050496|3959363120
12599|0|99055|02/01/2024 16:44:07||19553|6620892752|8715806056
10604|0|15530|02/01/2024 03:00:57||68943|3404742216|4935443056
10958|0|56085|02/01/2024 05:13:32||60988|10884399944|15184082152
12946|0|58821|02/01/2024 19:01:47||11293|945148912|1131354472
13103|0|8062|02/01/2024 20:00:57||7743|530691560|639129456
12101|0|51998|02/01/2024 13:20:48||31752|8186660384|12191463288
12758|0|93545|02/01/2024 17:49:12||15648|8650240088|11561405528
12194|0|84155|02/01/2024 14:04:48||29112|239815296|272878816
12706|0|55761|02/01/2024 17:29:15||16845|40419975920|91147658736
13030|0|84826|02/01/2024 19:33:43||9377|547346448|677490512
12626|0|77115|02/01/2024 16:59:45||18615|1332343960|1574694528
13104|0|60730|02/01/2024 20:05:00||7500|972479840|1430740464
12045|0|94648|02/01/2024 13:03:59||32761|12998062216|15935940016
12508|0|7824|02/01/2024 16:08:40||21680|15352334792|21957795240
13287|0|85659|02/01/2024 21:22:19||2861|37077112|45486760
11855|0|37427|02/01/2024 11:35:40||38060|774890064|872408888
12925|0|9300|02/01/2024 18:54:45||11715|1826696288|2589782632
13242|0|36103|02/01/2024 21:05:34||3866|2469381272|3678668536
12810|0|41850|02/01/2024 18:06:25||14615|2450644440|2547933432
13051|0|59285|02/01/2024 19:45:27||8673|194773600|210324464
12453|0|10372|02/01/2024 15:43:12||23208|5210202632|5464380720
11727|0|8097|02/01/2024 10:41:57||41283|22495055200|31225491184
12373|0|38989|02/01/2024 15:12:45||25035|4379047640|5884436792
11984|0|86023|02/01/2024 12:30:19||34781|2672471168|3971243008
11904|0|85185|02/01/2024 12:03:12||36408|4876724376|5089492392
11696|0|57109|02/01/2024 10:33:44||41776|12791749608|13610006048
11510|0|61807|02/01/2024 09:17:50||46330|1343693288|1627440704
12677|0|73648|02/01/2024 17:19:42||17418|2632549816|2793614568
13031|0|95204|02/01/2024 19:30:29||9571|16879888|23896760
11671|0|73504|02/01/2024 10:26:16||42224|147851293496|368009941400
12509|0|81219|02/01/2024 16:04:46||21914|2090744216|2408728128
11772|0|75736|02/01/2024 11:08:27||39693|13693017456|17211315112
11873|0|8075|02/01/2024 11:49:07||37253|1530054152|2146229456
11874|0|30647|02/01/2024 11:49:42||37218|13239383848|15113650432
12170|0|26361|02/01/2024 13:58:55||29465|4548992064|6375722152
12835|0|74728|02/01/2024 18:13:00||14220|5993701008|7468637448
12322|0|77675|02/01/2024 14:56:25||26015|4754244552|5966557616
12947|0|9006|02/01/2024 19:00:47||11353|1894346896|2301487888
12349|0|16532|02/01/2024 15:03:14||25606|9620661952|11485934832
13305|0|67503|02/01/2024 21:35:08||2092|662925864|908620160
11275|0|90068|02/01/2024 07:35:55||52445|23273216832|23398290240
12171|0|41286|02/01/2024 13:58:06||29514|10694810064|14872977984
11572|0|31054|02/01/2024 09:49:26|02/01/2024 22:08:26|44340|5803770936|6406124336
12678|0|6635|02/01/2024 17:19:59||17401|884851624|1282474624
12400|0|46783|02/01/2024 15:29:40||24020|7610150200|10157724128
11930|0|73320|02/01/2024 12:16:25||35615|3467412304|4255643352
13052|0|81360|02/01/2024 19:45:47||8653|15327430584|31105229392
11341|0|28987|02/01/2024 08:08:45||50475|62382395976|137295564376
12151|0|96249|02/01/2024 13:45:17||30283|48818671392|134848531088
13215|0|89679|02/01/2024 20:59:15||4245|1572302800|2061611328
11109|0|72403|02/01/2024 06:26:20||56620|4589219216|4683111616
11957|0|61819|02/01/2024 12:23:51||35169|3743670200|4337630240
12948|0|10537|02/01/2024 19:02:35||11245|122955464|129927768
12860|0|86607|02/01/2024 18:27:13||13367|37204962464|69665465968
11985|0|38040|02/01/2024 12:34:36||34524|15573840664|20689071072
13306|0|61221|02/01/2024 21:32:02||2278|904643312|1180433816
11575|0|89958|02/01/2024 09:41:44||44896|2292970936|2906505344
11905|0|39802|02/01/2024 12:00:20||36580|2206229528|2363175032
13171|0|63578|02/01/2024 20:38:06||5514|9539610104|22115927544
12323|0|87588|02/01/2024 14:54:17||26143|15259356776|11636642432
12486|0|40368|02/01/2024 15:53:57||22563|6427631936|8093947928
11891|0|96027|02/01/2024 11:58:23||36697|4946102648|5499471824
12401|0|4867|02/01/2024 15:23:24||24396|2225093848|2578581584
12882|0|86994|02/01/2024 18:38:19||12701|4530535656|4779903040
11366|0|44184|02/01/2024 08:11:41||50299|4785550032|6840384208
11621|0|99342|02/01/2024 10:09:10|02/01/2024 22:02:55|42825|14673065040|16291756512
12172|0|13398|02/01/2024 13:50:43||29957|16287461768|16495684008
12861|0|49933|02/01/2024 18:24:08||13552|2436391176|3175396120
11986|0|83628|02/01/2024 12:37:25||34355|12472199224|16218094976
12268|0|51188|02/01/2024 14:36:15||27225|2260388240|2506450496
11481|0|50343|02/01/2024 09:08:55||46865|28376939496|34853542336
11987|0|70282|02/01/2024 12:32:25||34655|10332968808|11194057072
12533|0|40723|02/01/2024 16:17:40||21140|2784117576|3034864240
13350|0|72619|02/01/2024 21:59:32||628|994537824|1955781528
11644|0|33480|02/01/2024 10:13:25||42995|17578693208|25121055824
13081|0|93704|02/01/2024 19:56:48||7992|761886776|939834544
12600|0|62081|02/01/2024 16:40:16||19784|23217426376|13518901696
12571|0|8183|02/01/2024 16:33:19||20201|12130933456|14182122656
12103|0|43443|02/01/2024 13:23:13||31607|1419616720|1597971280
11749|0|21420|02/01/2024 10:58:51||40269|8624488816|11672897968
10798|0|14586|02/01/2024 04:13:01||64619|3282321800|3640374840
11415|0|64866|02/01/2024 08:38:38||48682|4587978200|5646616128
12324|0|98312|02/01/2024 14:53:32||26188|1957705784|2866269840
12732|0|95348|02/01/2024 17:35:42||16458|7963605000|9623374304
11325|0|54205|02/01/2024 07:58:31||51089|8448914064|10974401936
11576|0|38338|02/01/2024 09:49:00|02/01/2024 22:09:51|44451|7703951168|7797173408
10911|0|55855|02/01/2024 04:56:01||62039|25733651400|30513407080
12196|0|96692|02/01/2024 14:03:20||29200|7960234288|8491587784
13105|0|34760|02/01/2024 20:07:04||7376|1452874256|2024704040
13172|0|54849|02/01/2024 20:34:09||5751|3823510872|4098318200
12679|0|39264|02/01/2024 17:18:33||17487|66186880056|127941558824
12759|0|50798|02/01/2024 17:41:08||16132|3359019656|3875431008
11227|0|93332|02/01/2024 07:16:32||53608|9136645472|13623830752
13106|0|92786|02/01/2024 20:03:04||7616|2431116976|2644099032
12402|0|70256|02/01/2024 15:23:17||24403|3507406096|4064131416
11367|0|7858|02/01/2024 08:17:16||49964|173173355240|328132175456
13307|0|58204|02/01/2024 21:30:48||2352|231613096|277949680
11622|0|74424|02/01/2024 10:03:52||43568|16530546352|18001510688
13173|0|66956|02/01/2024 20:32:24||5856|1680329664|1981821920
11550|0|42596|02/01/2024 09:32:54||45426|4825278312|6315919440
12454|0|30506|02/01/2024 15:46:29||23011|7169850584|8908039600
12374|0|17919|02/01/2024 15:13:53||24967|6728545664|9961043080
11602|0|55039|02/01/2024 09:57:18||43962|10934616168|12191358160
11932|0|80757|02/01/2024 12:10:33||35967|89418434008|247241085400
11672|0|5980|02/01/2024 10:23:37||42383|10719308312|15747344592
11673|0|59622|02/01/2024 10:26:30||42210|15658370000|16589971688
11300|0|27487|02/01/2024 07:46:09||51831|17397680176|25112395928
11797|0|20751|02/01/2024 11:14:21||39339|16531399488|23917864480
13243|0|36976|02/01/2024 21:02:25||4055|2406557128|3478079552
10542|0|64889|02/01/2024 02:31:51||70689|23702978280|23837633064
12455|0|58689|02/01/2024 15:47:29||22951|10938364704|11942096704
12375|0|25313|02/01/2024 15:14:17||24943|26545973936|29083056832
12628|0|13437|02/01/2024 16:51:25||19115|42540692048|86373022552
11228|0|7520|02/01/2024 07:10:36||53964|1088032640|1380039088
12837|0|63619|02/01/2024 18:13:20||14200|709957656|893637752
11059|0|71628|02/01/2024 06:05:07||57893|21685642496|27049074744
12376|0|80530|02/01/2024 15:12:02||25078|3058162552|3237521672
13308|0|55803|02/01/2024 21:33:27||2193|206969368|216870448
13370|0|41749|02/01/2024 22:09:32||28|576808|860112
12325|0|47638|02/01/2024 14:52:58||26222|6417298200|9108942168
12296|0|39615|02/01/2024 14:44:19||26741|3700186840|3800306304
12629|0|71600|02/01/2024 16:50:29||19171|2447663688|3453896160
12197|0|72960|02/01/2024 14:07:06||28974|1561809944|1639048744
11390|0|47991|02/01/2024 08:20:54||49746|172598496336|351396512232
13082|0|41275|02/01/2024 19:55:23||8077|580064312|680454296
11368|0|74125|02/01/2024 08:19:51||49809|6671513768|8593008856
11645|0|42647|02/01/2024 10:16:06||42834|4357198440|6442327720
11959|0|63519|02/01/2024 12:27:23||34957|4319594944|5903929592
12811|0|27053|02/01/2024 18:03:28||14792|3961931944|4676218512
13128|0|55461|02/01/2024 20:17:54||6726|1397871696|2071304704
12601|0|9829|02/01/2024 16:48:39||19281|212941872|245692272
11483|0|82153|02/01/2024 09:07:14||46966|9074413760|9876128040
11484|0|56154|02/01/2024 09:03:41||47179|5794350456|7032889480
12222|0|18965|02/01/2024 14:17:28||28352|2217864792|2258142120
12707|0|56152|02/01/2024 17:25:48||17052|5594322192|6468990504
12046|0|81904|02/01/2024 13:00:25||32975|5617950608|6976733712
11007|0|10813|02/01/2024 05:37:54||59526|8225057568|9795666472
12862|0|55547|02/01/2024 18:28:14||13306|1561993216|1798184496
13191|0|8416|02/01/2024 20:41:26||5314|1331230720|1718574592
12680|0|55290|02/01/2024 17:13:04||17816|1444665880|1453215624
12223|0|66591|02/01/2024 14:10:30||28770|7548174360|11013505760
13262|0|82244|02/01/2024 21:18:48||3072|580944448|856891160
11774|0|59169|02/01/2024 11:01:35||40105|15248173440|18931046288
11603|0|18551|02/01/2024 09:57:19||43961|9641317592|11050209320
13129|0|72603|02/01/2024 20:17:47||6733|222939416|327781416
12760|0|62443|02/01/2024 17:43:21||15999|1370207256|1955706128
12783|0|16914|02/01/2024 17:53:37||15383|2988110216|4338676168
12733|0|14344|02/01/2024 17:30:15||16785|7375571512|7698756120
11391|0|95843|02/01/2024 08:28:29||49291|2452815680|2627804016
12246|0|47930|02/01/2024 14:23:27||27993|450864928|658039392
12247|0|47501|02/01/2024 14:24:25||27935|2955986920|3844818288
12838|0|98824|02/01/2024 18:12:09||14271|3167687464|3909938160
13003|0|83793|02/01/2024 19:23:01||10019|175700712|233915000
12602|0|78069|02/01/2024 16:46:47||19393|1409307688|1493161488
11876|0|54515|02/01/2024 11:42:02||37678|2519471336|3140495656
11962|0|59608|02/01/2024 12:26:26|02/01/2024 22:03:52|34646|2497861240|3364104240
12427|0|54413|02/01/2024 15:39:24||23436|5123417640|7466080184
11697|0|68537|02/01/2024 10:34:45||41715|35749421032|41173174992
10607|0|10110|02/01/2024 03:02:10||68870|18891229672|22785848632
12839|0|52004|02/01/2024 18:13:59||14161|12952614712|29596200264
11039|0|25915|02/01/2024 05:54:36||58524|1994896440|2321670064
12428|0|74641|02/01/2024 15:30:57||23943|11242922256|15091613256
12977|0|13046|02/01/2024 19:19:05||10255|3938697072|4808209936
12047|0|73835|02/01/2024 13:05:32||32668|1350627008|1448114824
13263|0|74651|02/01/2024 21:19:53||3007|196340480|246265088
11892|0|78433|02/01/2024 11:53:59||36961|2710911072|3303999120
12350|0|72204|02/01/2024 15:01:14||25726|11824314488|13566137160
13351|0|18618|02/01/2024 21:59:24||636|45911272|63393368
12270|0|95706|02/01/2024 14:31:44||27496|229686088|230903744
12076|0|87945|02/01/2024 13:13:10||32210|8617003616|8634772096
11605|0|48746|02/01/2024 09:54:47||44113|12998892360|13208957216
12299|0|80337|02/01/2024 14:46:24||26616|8218385920|8288554344
12905|0|48767|02/01/2024 18:48:08||12112|1343601672|1752401920
11698|0|38388|02/01/2024 10:33:19||41801|12296845872|13319573056
12603|0|25702|02/01/2024 16:41:56||19684|7739724192|8293538400
11462|0|73922|02/01/2024 08:57:17||47563|3625644440|3721727632
12377|0|30767|02/01/2024 15:11:32||25108|723649984|877480008
11750|0|26390|02/01/2024 10:56:41||40399|7621278640|8568767232
12488|0|13025|02/01/2024 15:59:09||22251|12016662904|15315555352
12534|0|22544|02/01/2024 16:14:49||21311|1922564208|2857105464
12131|0|20312|02/01/2024 13:30:49||31151|9820336608|12550715832
12008|0|65677|02/01/2024 12:43:47||33973|2737612320|3805639864
12404|0|35713|02/01/2024 15:22:10||24470|15939092504|21513969392
11699|0|90732|02/01/2024 10:39:59||41401|3777855816|4239281736
11485|0|81038|02/01/2024 09:09:46||46814|23832990360|31843740464
13175|0|15557|02/01/2024 20:35:12||5688|756752272|879053936
11512|0|77156|02/01/2024 09:10:50|02/01/2024 22:09:32|46722|15367083928|16449642544
13309|0|90301|02/01/2024 21:34:27||2133|200665296|214701952
12883|0|59134|02/01/2024 18:33:00||13020|63455217152|122113061880
12906|0|93680|02/01/2024 18:43:29||12391|6801712120|8794383400
12429|0|86192|02/01/2024 15:34:52||23708|8589071464|8990047648
12250|0|34412|02/01/2024 14:24:53||27907|1394233520|1818052848
11440|0|78500|02/01/2024 08:42:43||48437|12128606168|13806497936
12198|0|23436|02/01/2024 14:01:54||29286|4429885864|6380215048
11751|0|48911|02/01/2024 10:57:25||40355|10205494336|10563806128
12300|0|79407|02/01/2024 14:40:23||26977|7053830064|7564859224
12949|0|73069|02/01/2024 19:00:29||11371|428512640|615470912
12572|0|65491|02/01/2024 16:34:24||20136|35687398336|81392628440
12651|0|78709|02/01/2024 17:03:14||18406|787509712|879939832
11798|0|98489|02/01/2024 11:17:56||39124|12464939992|14131207048
12558|0|56997|02/01/2024 16:29:47||20413|38076337480|90658322072
13192|0|48741|02/01/2024 20:40:22||5378|1361973104|1401774088
11084|0|64434|02/01/2024 06:15:36||57264|11841651784|13123481176
12978|0|6662|02/01/2024 19:15:08||10492|6086535368|7061327496
10827|0|16812|02/01/2024 04:27:32||63748|6264255336|7928954680
12301|0|19079|02/01/2024 14:48:34||26486|44224010384|31252432040
10774|0|71562|02/01/2024 04:04:47||65113|153441046472|358430648072
12761|0|12088|02/01/2024 17:47:51||15729|3622456608|4286322400
13352|0|17294|02/01/2024 21:52:35||1045|207679272|264642800
11251|0|40681|02/01/2024 07:24:12||53148|43517762168|25139389032
11008|0|78684|02/01/2024 05:37:16||59564|8378798464|11042385368
11252|0|69485|02/01/2024 07:27:33|02/01/2024 22:08:36|52863|9969614920|13881724240
12327|0|32459|02/01/2024 14:50:00||26400|2129727320|3059120496
12631|0|41706|02/01/2024 16:55:37||18863|360157544|492935416
11606|0|55644|02/01/2024 09:54:18||44142|5885333408|8810307872
12682|0|56746|02/01/2024 17:11:46||17894|2277743744|2657475352
13216|0|75667|02/01/2024 20:57:20||4360|4959998840|13754941600
13264|0|88332|02/01/2024 21:15:35||3265|230724336|307415440
12884|0|41227|02/01/2024 18:31:23||13117|449199232|583768216
10586|0|96286|02/01/2024 02:51:27||69513|20740322448|26484656856
12200|0|97865|02/01/2024 14:09:12||28848|27564253880|73382293288
12252|0|81789|02/01/2024 14:26:10||27830|1048895728|1248066344
13004|0|96892|02/01/2024 19:23:34||9986|2658072600|2753406224
12652|0|9945|02/01/2024 17:04:37||18323|2045414456|2676933632
13005|0|42912|02/01/2024 19:23:48||9972|129524024|131386672
12784|0|87026|02/01/2024 17:57:23||15157|50170972928|139536484040
13107|0|84569|02/01/2024 20:08:04||7316|2859401032|4140133280
12132|0|46995|02/01/2024 13:36:27||30813|4631008712|4890383472
13244|0|90959|02/01/2024 21:03:31||3989|3509913176|4512310352
13108|0|38982|02/01/2024 20:05:33||7467|20793823872|48660246176
11371|0|31000|02/01/2024 08:11:30||50310|100587496944|188232993384
12604|0|71511|02/01/2024 16:48:41||19279|5434124856|8028096504
12683|0|26346|02/01/2024 17:13:35||17785|555371528|771641104
12785|0|75914|02/01/2024 17:50:35|02/01/2024 22:03:29|15174|981605688|1382779208
13109|0|26218|02/01/2024 20:00:40||7760|2121942824|2489622648
12812|0|86009|02/01/2024 18:02:01||14879|11368939160|14789258528
12559|0|4972|02/01/2024 16:26:36||20604|5442417272|7390459864
13245|0|92212|02/01/2024 21:08:06||3714|531291384|781457072
12684|0|38393|02/01/2024 17:18:56||17464|2455126080|2866244888
11513|0|85291|02/01/2024 09:16:10||46430|4604916200|4739114664
12104|0|70084|02/01/2024 13:27:09||31371|9562317728|12738087504
11752|0|17728|02/01/2024 10:56:02||40438|4743214304|5162184360
11184|0|87954|02/01/2024 06:54:40||54920|4988103544|6053115112
12105|0|65088|02/01/2024 13:26:35||31405|23151038872|30198552256
13006|0|89551|02/01/2024 19:23:36||9984|3773134464|3867224256
10962|0|13907|02/01/2024 05:16:24||60816|839253904|1196558144
10986|0|73483|02/01/2024 05:24:32|02/01/2024 22:03:36|59944|49198419976|27167566416
13371|0|73483|02/01/2024 22:05:22||278|211014464|134519888
13265|0|46218|02/01/2024 21:16:30||3210|107395024|117321248
11674|0|65987|02/01/2024 10:20:56||42544|43852540792|92410581224
12201|0|25789|02/01/2024 14:02:53||29227|3532827992|4253379736
12926|0|99134|02/01/2024 18:54:39||11721|2168756776|3159704704
12202|0|65370|02/01/2024 14:09:26||28834|5401640904|5538546544
11935|0|98009|02/01/2024 12:14:16|02/01/2024 22:02:53|35317|8848290424|10212463968
13146|0|19738|02/01/2024 20:20:51||6549|892507096|1273008080
12840|0|46086|02/01/2024 18:11:56||14284|655843456|787885456
12908|0|27932|02/01/2024 18:48:17||12103|1356313016|1584728312
13110|0|64610|02/01/2024 20:00:15||7785|1252153216|1751393264
12351|0|48483|02/01/2024 15:04:41||25519|1695649008|1861996264
12225|0|69341|02/01/2024 14:10:28||28772|1125286264|1378281504
12272|0|53107|02/01/2024 14:34:11||27349|60147158616|180283423448
11775|0|53092|02/01/2024 11:00:19||40181|4316004472|4748827560
13217|0|42383|02/01/2024 20:53:01||4619|2667144136|3270827704
12735|0|38932|02/01/2024 17:36:20||16420|36608859160|78699786528
13032|0|17172|02/01/2024 19:39:20||9040|2237549992|2384858368
12051|0|47698|02/01/2024 13:01:42||32898|4537489488|5898392424
12133|0|42168|02/01/2024 13:34:10||30950|13488328432|14083920936
13111|0|27211|02/01/2024 20:05:20||7480|243318320|307617984
12560|0|61132|02/01/2024 16:29:10||20450|2876420176|3486790480
12512|0|99120|02/01/2024 16:00:18||22182|20342689272|27932007736
12863|0|76660|02/01/2024 18:23:46||13574|794041200|1139867328
12813|0|23892|02/01/2024 18:00:46||14954|3683279808|5433435704
11753|0|35867|02/01/2024 10:58:49||40271|2845155840|3075522896
12927|0|21722|02/01/2024 18:58:02||11518|676780400|771329544
12814|0|14009|02/01/2024 18:08:30||14490|2690494168|3652967408
13310|0|87581|02/01/2024 21:34:11||2149|129938872|192803064
13130|0|70352|02/01/2024 20:14:58||6902|3368558824|4091840712
12273|0|21028|02/01/2024 14:32:43||27437|3288757400|4613094200
11648|0|12956|02/01/2024 10:11:22||43118|16841453248|18286959456
13288|0|43609|02/01/2024 21:26:26||2614|518678272|744673960
11880|0|81020|02/01/2024 11:47:11||37369|9153057392|10613772136
13266|0|32270|02/01/2024 21:14:35||3325|1174674504|1197594368
13311|0|75069|02/01/2024 21:37:16||1964|49055176|71245088
11700|0|35495|02/01/2024 10:39:57||41403|4662959080|4847103872
12979|0|13901|02/01/2024 19:12:12||10668|685678680|765710176
12708|0|39893|02/01/2024 17:27:48||16932|7844815200|18332879120
12950|0|60185|02/01/2024 19:08:36||10884|613869680|660834544
11728|0|32354|02/01/2024 10:44:25||41135|9520925976|11504409752
11301|0|97433|02/01/2024 07:43:32||51988|33391566240|35342414496
13147|0|98573|02/01/2024 20:29:08||6052|796279096|1000665240
12885|0|64894|02/01/2024 18:36:18||12822|6891052240|8418487056
13148|0|45060|02/01/2024 20:29:19||6041|1816906880|2314352408
12951|0|39654|02/01/2024 19:09:19||10841|3545270240|5104591952
11441|0|79668|02/01/2024 08:41:19||48521|8249512784|8482060808
12952|0|25331|02/01/2024 19:00:40||11360|1425107776|1727438544
12632|0|38417|02/01/2024 16:51:52||19088|10466649832|6199169408
12561|0|50341|02/01/2024 16:26:30||20610|3632426336|4229149528
10914|0|53738|02/01/2024 04:56:05||62035|13863658176|15450923528
12406|0|5442|02/01/2024 15:21:16||24524|56520624512|111911190496
12709|0|56024|02/01/2024 17:20:38||17362|2753091480|2951284072
12633|0|11860|02/01/2024 16:57:01||18779|4058806224|4130977080
12380|0|96844|02/01/2024 15:15:14||24886|2002667872|2650751080
11730|0|80150|02/01/2024 10:44:29||41131|45170769056|93075287504
12786|0|35826|02/01/2024 17:57:53||15127|2459227728|3091660504
12634|0|10803|02/01/2024 16:54:15||18945|705003728|804729104
12106|0|19015|02/01/2024 13:29:44||31216|19383482560|20328495800
11464|0|27679|02/01/2024 08:52:04||47876|20436847792|22853370728
12710|0|27556|02/01/2024 17:26:49||16991|4541243944|6809678152
12980|0|22375|02/01/2024 19:12:07||10673|8518555656|11794100528
12909|0|98794|02/01/2024 18:46:39||12201|797565384|1192973336
13007|0|78679|02/01/2024 19:20:11|02/01/2024 22:00:11|9600|6244668808|6886725912
12762|0|57945|02/01/2024 17:40:02||16198|10797164608|13359910744
12864|0|27810|02/01/2024 18:24:31||13529|2682194424|3664162896
12513|0|95103|02/01/2024 16:09:34||21626|36165989736|88927769920
12711|0|78096|02/01/2024 17:21:03||17337|3691480784|3959946632
11989|0|98179|02/01/2024 12:39:26||34234|1612523400|2311396136
11894|0|74441|02/01/2024 11:59:25||36635|5182547800|6423429240
12815|0|68984|02/01/2024 18:01:37||14903|60981946120|114463758824
13131|0|44360|02/01/2024 20:13:00||7020|9534011544|7617472968
13331|0|4470|02/01/2024 21:44:07||1553|591786496|656376536
12816|0|10085|02/01/2024 18:09:15||14445|2191657232|2626066888
12010|0|6154|02/01/2024 12:41:10||34130|5073007568|6832454608
12352|0|57795|02/01/2024 15:05:51||25449|480897936|705720216
13332|0|34596|02/01/2024 21:47:09||1371|306184808|432110200
12653|0|74448|02/01/2024 17:01:02||18538|1431206872|1653760328
13083|0|7412|02/01/2024 19:50:10||8390|861544328|1236368944
11731|0|57150|02/01/2024 10:43:25||41195|7896360400|9546440176
12817|0|22156|02/01/2024 18:04:00||14760|35399237008|76850147936
12490|0|36682|02/01/2024 15:51:34||22706|5256935896|5642608064
11701|0|4803|02/01/2024 10:31:48||41892|91405281768|239215795752
13289|0|61552|02/01/2024 21:27:12||2568|513587416|639053736
11372|0|98608|02/01/2024 08:14:59||50101|5177937376|6485461016
12514|0|89172|02/01/2024 16:01:04||22136|676080672|956825696
12515|0|57716|02/01/2024 16:01:56||22084|45507952400|125393210000
11776|0|37978|02/01/2024 11:02:36||40044|2599745480|3471058544
13333|0|56631|02/01/2024 21:47:36||1344|495484400|680655600
12302|0|36839|02/01/2024 14:43:59||26761|4097855728|5886221184
12686|0|33855|02/01/2024 17:19:10||17450|1719110864|2188334328
12654|0|4484|02/01/2024 17:03:58||18362|1324641680|1872903768
13193|0|36204|02/01/2024 20:45:03||5097|1340139176|1380908496
12712|0|62816|02/01/2024 17:24:06||17154|5655169280|6542737128
11135|0|55005|02/01/2024 06:39:43||55817|5186090024|6227900512
13008|0|50675|02/01/2024 19:23:06||10014|253358680|261532736
13133|0|14219|02/01/2024 20:11:49||7091|945260288|1227779408
13149|0|24602|02/01/2024 20:22:55||6425|312865192|431614816
12886|0|95116|02/01/2024 18:31:48||13092|2738565792|4045545640
12256|0|28490|02/01/2024 14:24:25||27935|2340958920|2826159288
13312|0|28587|02/01/2024 21:39:55||1805|30602688|39695960
13267|0|61191|02/01/2024 21:19:04||3056|1840091808|1884671640
12736|0|53326|02/01/2024 17:31:07||16733|1146914152|1465282376
13218|0|5803|02/01/2024 20:57:09||4371|552773048|585259752
13176|0|45059|02/01/2024 20:31:18||5922|145070496|199366136
13268|0|33592|02/01/2024 21:10:31||3569|2492324720|3326934216
13084|0|7998|02/01/2024 19:57:29||7951|1287748088|1514458904
11326|0|54119|02/01/2024 07:52:19||51461|8914231984|9359620360
12787|0|36012|02/01/2024 17:58:59||15061|3855401440|4815847496
12574|0|30404|02/01/2024 16:35:13||20087|1787661288|1822905992
12304|0|85692|02/01/2024 14:46:48||26592|9395793872|12722731328
11967|0|83186|02/01/2024 12:23:17||35203|2508760672|2696290376
11349|0|50917|02/01/2024 08:03:24||50796|8994117352|10424578584
12841|0|96647|02/01/2024 18:19:43||13817|4514881344|5683987616
12737|0|60581|02/01/2024 17:34:24||16536|4765975864|5734762184
12575|0|94050|02/01/2024 16:32:47||20233|1686530856|1690786584
13112|0|21356|02/01/2024 20:06:53||7387|434580480|469563848
12203|0|71749|02/01/2024 14:05:00||29100|1336300848|1832691296
11649|0|78279|02/01/2024 10:19:19||42641|5058330688|6263199512
10547|0|72481|02/01/2024 02:36:39||70401|11175205280|13266364304
11063|0|44585|02/01/2024 06:03:49||57971|28610741248|39026975472
11392|0|17619|02/01/2024 08:23:19||49601|5892516112|7791671632
13033|0|84564|02/01/2024 19:32:05||9475|1049428920|1421291728
11908|0|67169|02/01/2024 12:01:36||36504|6031297624|7710201136
11936|0|91279|02/01/2024 12:11:09||35931|6887053360|8089066016
11895|0|39360|02/01/2024 11:59:06||36654|2025094288|2616193448
12516|0|15334|02/01/2024 16:05:32||21868|4795474120|6334461472
12052|0|41267|02/01/2024 13:02:46||32834|2131051392|2262593944
10990|0|62537|02/01/2024 05:23:46||60374|24915197560|28189130864
12576|0|21667|02/01/2024 16:33:44||20176|5944904816|6912260776
11350|0|27595|02/01/2024 08:03:46||50774|5725431352|6357822408
12204|0|12379|02/01/2024 14:01:33||29307|1464774664|1580401056
13134|0|53468|02/01/2024 20:11:09||7131|20729391856|53029928728
11467|0|43993|02/01/2024 08:58:10||47510|12207199024|17536064920
11256|0|97311|02/01/2024 07:24:06||53154|75201310776|196909832120
12788|0|49271|02/01/2024 17:58:44||15076|4165810000|6203025376
12173|0|42553|02/01/2024 13:59:27||29433|6614268816|8937795000
12981|0|85267|02/01/2024 19:18:44||10276|250459552|371048048
12491|0|61182|02/01/2024 15:51:32||22708|4767439280|5613853552
13055|0|18158|02/01/2024 19:42:49||8831|3464780240|4866577728
13009|0|32978|02/01/2024 19:27:42||9738|451980096|537267336
11881|0|23425|02/01/2024 11:48:08||37312|63145000952|173634217016
13269|0|60085|02/01/2024 21:16:07||3233|304390408|332054024
12328|0|74286|02/01/2024 14:52:54||26226|6800016776|6800785640
13313|0|33275|02/01/2024 21:34:32||2128|267279352|393584672
13177|0|99107|02/01/2024 20:39:41||5419|451214312|514056808
12578|0|75722|02/01/2024 16:32:27||20253|991368864|1291409016
13372|0|77345|02/01/2024 22:06:29||211|15592848|17882984
13150|0|44099|02/01/2024 20:27:34||6146|456914016|471252344
11755|0|52141|02/01/2024 10:56:02||40438|4790878848|5827370208
12305|0|63807|02/01/2024 14:46:30||26610|5664089624|5791666120
11154|0|78667|02/01/2024 06:49:21||55239|2005233984|2479428904
11756|0|53471|02/01/2024 10:53:35||40585|88443936184|241428762248
12083|0|55148|02/01/2024 13:16:40||32000|7739980256|8307302176
13151|0|89917|02/01/2024 20:27:44||6136|714414144|777997744
13290|0|9765|02/01/2024 21:21:03||2937|75155936|104526336
12054|0|24517|02/01/2024 13:02:13||32867|6521703888|6852790824
13246|0|74504|02/01/2024 21:01:29||4111|1852468736|2361428192
12887|0|36448|02/01/2024 18:37:48||12732|12102810632|14563492016
13113|0|60097|02/01/2024 20:09:50||7210|2621174776|3713108880
12353|0|5416|02/01/2024 15:03:05||25615|8318092920|10882833728
11230|0|84585|02/01/2024 07:12:12||53868|147483810576|319698982728
12953|0|76496|02/01/2024 19:03:20||11200|2067615320|2594945168
11896|0|86562|02/01/2024 11:52:59||37021|1616183664|1656757432
10721|0|89489|02/01/2024 03:42:13||66467|20233952136|29998710488
12789|0|37264|02/01/2024 17:50:21||15579|3523828344|5111668776
12174|0|49081|02/01/2024 13:52:40||29840|8061699368|8952010712
12175|0|48108|02/01/2024 13:58:36||29484|12612516360|15107436976
12606|0|70009|02/01/2024 16:47:47||19333|3494724152|4404189496
12910|0|82073|02/01/2024 18:43:20||12400|5887929072|6001490880
12790|0|86389|02/01/2024 17:52:33||15447|3104084664|4314861504
12738|0|55177|02/01/2024 17:34:14||16546|2622543056|3851696672
11733|0|72601|02/01/2024 10:43:05||41215|5657581056|8015654920
11702|0|13824|02/01/2024 10:32:13||41867|18017426360|19445351096
11487|0|95675|02/01/2024 09:02:37||47243|4679042992|6254551824
12382|0|43954|02/01/2024 15:13:30||24990|7852389768|9544420352
12108|0|72466|02/01/2024 13:27:27||31353|3821130008|5371237840
12954|0|67407|02/01/2024 19:04:11||11149|2112887280|2140872280
12655|0|39327|02/01/2024 17:03:23||18397|22659193440|54539559808
13194|0|90954|02/01/2024 20:43:03||5217|1106557456|1110037392
12354|0|41578|02/01/2024 15:09:16||25244|2091354536|2518712760
13314|0|35705|02/01/2024 21:38:17||1903|214532240|249361240
12012|0|35695|02/01/2024 12:40:49||34151|5331153536|5978031104
13178|0|30346|02/01/2024 20:34:35||5725|23660101160|69435947488
12765|0|35567|02/01/2024 17:48:45||15675|7027157032|8413615296
11488|0|38967|02/01/2024 09:02:56||47224|27932816872|39758393728
11284|0|93069|02/01/2024 07:35:47||52453|2713841600|4050131384
13315|0|79767|02/01/2024 21:35:35||2065|792808264|828292872
12355|0|57132|02/01/2024 15:03:51||25569|88148876736|235619100712
13152|0|70292|02/01/2024 20:28:33||6087|2371409416|2489170656
12408|0|50446|02/01/2024 15:29:52||24008|4499962480|5289970000
11419|0|25604|02/01/2024 08:38:38||48682|96363388016|217473699848
12518|0|26325|02/01/2024 16:08:23||21697|3433736480|3565460952
12153|0|95355|02/01/2024 13:40:59||30541|909917056|1321153760
11677|0|64575|02/01/2024 10:21:54||42486|19802991352|23290477808
11258|0|18394|02/01/2024 07:26:12||53028|3357704632|4740868552
12607|0|89808|02/01/2024 16:43:23||19597|798694152|982980872
11087|0|35329|02/01/2024 06:18:23||57097|24874259928|30805922048
11778|0|17356|02/01/2024 11:01:07||40133|3143946944|3836254720
12608|0|59834|02/01/2024 16:43:01||19619|2382439744|3336061032
12888|0|48439|02/01/2024 18:30:10||13190|14315100616|16031059648
12135|0|39373|02/01/2024 13:37:06||30774|5155961536|5994832376
12791|0|68306|02/01/2024 17:56:41||15199|2865367856|4176549224
12792|0|84545|02/01/2024 17:53:19||15401|8067913664|9034717352
13056|0|48001|02/01/2024 19:40:25||8975|5868583192|16246057256
12656|0|76017|02/01/2024 17:05:36||18264|1150019616|1231265864
12793|0|35862|02/01/2024 17:52:17||15463|3369676624|4685253208
12982|0|71648|02/01/2024 19:12:15|02/01/2024 22:05:01|10366|132278600|180830416
13373|0|71648|02/01/2024 22:06:50||190|12127464|14190632
11757|0|90382|02/01/2024 10:54:23||40537|19293139816|22362702704
11608|0|63445|02/01/2024 09:50:56||44344|7738562432|10113549600
12579|0|94709|02/01/2024 16:39:57||19803|266960240|284910504
12635|0|49028|02/01/2024 16:58:11||18709|2310457000|2589037664
13247|0|85434|02/01/2024 21:08:24||3696|351982664|478965352
11609|0|45886|02/01/2024 09:57:51||43929|5076952808|6104149472
13353|0|64101|02/01/2024 21:55:25||875|28432256|31526360
13034|0|44964|02/01/2024 19:35:43||9257|2866577272|3067913448
11991|0|28349|02/01/2024 12:35:00||34500|8885101128|8980727608
11025|0|79861|02/01/2024 05:47:30||58950|10096853192|10529152248
12889|0|84886|02/01/2024 18:30:44||13156|2243591608|2851259184
12636|0|41207|02/01/2024 16:56:07||18833|2332415720|2891903368
12818|0|62620|02/01/2024 18:02:06||14874|4497101576|4882924640
12519|0|78994|02/01/2024 16:09:34||21626|35596652416|77135560664
13153|0|44755|02/01/2024 20:22:00||6480|14180080|17379536
12637|0|28498|02/01/2024 16:52:32||19048|35108518744|65579551000
11651|0|62055|02/01/2024 10:17:01||42779|10936958424|15496772464
13057|0|88450|02/01/2024 19:41:29||8911|595764272|629291800
11830|0|92170|02/01/2024 11:27:14||38566|1801851072|2028928640
12609|0|22823|02/01/2024 16:49:00||19260|5930868400|7119637696
12154|0|28176|02/01/2024 13:48:10||30110|202952380664|149471788848
12459|0|58982|02/01/2024 15:44:04||23156|15598160696|17038453496
12492|0|37567|02/01/2024 15:51:44||22696|16342297344|18342634280
10941|0|92546|02/01/2024 05:03:37||61583|14639359408|19465694056
12983|0|95237|02/01/2024 19:13:10||10610|919033984|1306973200
10919|0|13757|02/01/2024 04:50:22||62378|9601427792|13599724080
13316|0|93993|02/01/2024 21:34:00||2160|272123312|296891736
11779|0|62720|02/01/2024 11:09:12||39648|11449134648|14937483392
12356|0|61686|02/01/2024 15:02:11||25669|5951704640|6170281584
12409|0|78972|02/01/2024 15:25:46||24254|6350856904|7585516320
13248|0|67859|02/01/2024 21:05:48||3852|297732840|333068488
12890|0|34041|02/01/2024 18:38:50||12670|6874646296|9306075192
12713|0|57247|02/01/2024 17:20:51||17349|38828905320|111589406704
12055|0|13774|02/01/2024 13:03:21||32799|8696748992|11085689488
12109|0|85410|02/01/2024 13:23:02||31618|1960325184|2823493912
13179|0|80363|02/01/2024 20:32:26||5854|575080416|621862920
13195|0|82385|02/01/2024 20:45:01||5099|2196484088|2384992888
12433|0|83497|02/01/2024 15:37:01||23579|12476113928|15929385936
13334|0|9107|02/01/2024 21:49:34||1226|99715232|117827600
12084|0|4054|02/01/2024 13:19:06||31854|15306214648|17895528776
12766|0|68377|02/01/2024 17:40:57|02/01/2024 22:03:17|15740|7052179144|7569261000
13374|0|68377|02/01/2024 22:03:51||369|36633352|40624560
11652|0|12065|02/01/2024 10:18:35||42685|27245530616|28637789696
11704|0|98856|02/01/2024 10:31:12||41928|20199202776|28651579136
11421|0|7143|02/01/2024 08:36:33||48807|20121715080|29999505760
11287|0|80476|02/01/2024 07:33:40||52580|132778638240|386518448928
12274|0|26828|02/01/2024 14:31:26||27514|7052911368|7963676896
13219|0|89721|02/01/2024 20:51:11||4729|398450616|540637424
11047|0|37861|02/01/2024 05:59:46||58214|7752527216|10887694672
11209|0|90163|02/01/2024 07:09:40||54020|4627881552|5268375448
13291|0|4256|02/01/2024 21:29:03||2457|835944736|845474296
13292|0|11231|02/01/2024 21:26:31||2609|1387684328|1791989544
10942|0|56604|02/01/2024 05:04:38||61522|11827980128|15024733032
10943|0|41364|02/01/2024 05:02:13||61667|16198426568|21812421312
12658|0|95872|02/01/2024 17:08:00||18120|2441328072|2795389216
12536|0|13764|02/01/2024 16:18:24||21096|5666352112|7192829336
12955|0|74166|02/01/2024 19:07:20||10960|3642151432|3726488576
13058|0|27027|02/01/2024 19:40:26||8974|225664928|288558080
13114|0|81072|02/01/2024 20:08:07||7313|832679480|990784848
13335|0|64456|02/01/2024 21:49:38||1222|30918584|37834264
12358|0|67867|02/01/2024 15:08:49||25271|322711832|375113160
11557|0|19087|02/01/2024 09:39:02||45058|79820311496|152880338776
13375|0|26277|02/01/2024 22:05:23||277|7867408|8529952
11422|0|9872|02/01/2024 08:32:12||49068|24798925832|26119576264
11582|0|98621|02/01/2024 09:41:53||44887|8393750384|10112703712
12984|0|89278|02/01/2024 19:14:49||10511|7139774536|9307923304
13376|0|61032|02/01/2024 22:01:01||539|17189344|21262048
13196|0|8632|02/01/2024 20:48:07||4913|1597498232|2085935144
13197|0|22188|02/01/2024 20:48:41||4879|658071728|707723064
12155|0|93666|02/01/2024 13:43:16||30404|1363913728|1968856816
12819|0|27279|02/01/2024 18:05:48||14652|2940484520|3731869392
10780|0|28277|02/01/2024 04:05:27|02/01/2024 22:08:38|64991|106395178904|217372235296
13377|0|28277|02/01/2024 22:09:23||37|43648296|81786000
13059|0|90653|02/01/2024 19:48:59||8461|864845752|924231400
12638|0|30292|02/01/2024 16:59:07||18653|27968032856|82550938448
12866|0|80603|02/01/2024 18:20:37||13763|1009744840|1139448192
12985|0|5655|02/01/2024 19:14:04||10556|7705803088|7898381152
13010|0|73668|02/01/2024 19:23:28||9992|1615454456|2111103104
12329|0|17943|02/01/2024 14:57:00||25980|1325985160|1498413960
12227|0|85081|02/01/2024 14:13:45||28575|3402637200|4483499784
12580|0|5529|02/01/2024 16:31:00||20340|5401622888|5445190376
12537|0|92618|02/01/2024 16:15:43||21257|2262838664|2994731104
12085|0|65210|02/01/2024 13:10:37||32363|7335650000|9172764600
11858|0|21964|02/01/2024 11:39:52||37808|42612108576|109868836680
13198|0|66317|02/01/2024 20:48:19||4901|1315620992|1417024528
12842|0|90190|02/01/2024 18:14:48||14112|5390414288|7276584448
11800|0|69929|02/01/2024 11:17:46||39134|11606014624|14158900688
13336|0|39905|02/01/2024 21:47:30||1350|51624264|69920984
13249|0|97039|02/01/2024 21:09:59||3601|337262624|457580104
11559|0|76693|02/01/2024 09:38:10||45110|13351868016|18816804256
12330|0|88489|02/01/2024 14:56:40||26000|11165441144|11661443592
11210|0|56025|02/01/2024 07:03:07||54413|12233628600|13879298536
12110|0|21100|02/01/2024 13:23:24||31596|582782712|657977664
12493|0|77284|02/01/2024 15:59:41||22219|7630476552|9938325104
13154|0|53030|02/01/2024 20:28:58||6062|1226652912|1536770552
12891|0|38170|02/01/2024 18:34:08||12952|2483272832|2855964600
12383|0|22671|02/01/2024 15:16:22||24818|65884092424|196514620664
12410|0|27940|02/01/2024 15:22:43||24437|76595766736|188846823264
12660|0|20383|02/01/2024 17:06:01||18239|2240202016|3166115696
12843|0|58552|02/01/2024 18:14:00||14160|317578368|415216648
12581|0|90642|02/01/2024 16:37:56||19924|827135056|944503872
11304|0|9532|02/01/2024 07:46:35||51805|16449587352|23081797272
12460|0|83741|02/01/2024 15:41:53||23287|4103854224|4734257440
13060|0|83215|02/01/2024 19:49:51||8409|1064195792|1397441160
12582|0|43461|02/01/2024 16:30:35||20365|703819088|998881288
12562|0|10527|02/01/2024 16:20:59||20941|13962002192|14393498552
12795|0|63625|02/01/2024 17:59:09||15051|9055296432|24654081304
13155|0|11226|02/01/2024 20:26:35||6205|1218254920|1243101112
11781|0|33681|02/01/2024 11:00:20||40180|23690742624|24978979488
12986|0|32541|02/01/2024 19:11:21||10719|754775128|759849688
13085|0|64323|02/01/2024 19:57:14||7966|407054912|443800448
13156|0|90727|02/01/2024 20:25:47||6253|1567431240|1975481664
11735|0|53508|02/01/2024 10:47:11||40969|15456302664|22859048776
13199|0|10990|02/01/2024 20:43:21||5199|724958280|768954448
13011|0|69192|02/01/2024 19:20:01||10199|516952736|687790120
11831|0|87992|02/01/2024 11:25:50||38650|945357288|1129364592
12987|0|88561|02/01/2024 19:10:30||10770|24356576|25303104
12495|0|85454|02/01/2024 15:53:29||22591|9520376936|12444057432
12538|0|40656|02/01/2024 16:17:05||21175|15946515824|16464375744
12056|0|67809|02/01/2024 13:02:43||32837|23280523912|27172150688
13354|0|30443|02/01/2024 21:51:49||1091|182156584|267361376
11736|0|8061|02/01/2024 10:44:33||41127|14405535912|15222250696
13180|0|93309|02/01/2024 20:37:13||5567|781980320|1103878544
10753|0|71910|02/01/2024 03:59:23||65437|25165792920|27600849368
13135|0|54343|02/01/2024 20:19:15||6645|2523724768|2708331384
10667|0|11785|02/01/2024 03:22:21|02/01/2024 22:08:26|67565|31692709056|31919633736
11782|0|72808|02/01/2024 11:04:22||39938|6460059976|9342773432
13270|0|57856|02/01/2024 21:16:35||3205|1598514648|2041067848
12820|0|87025|02/01/2024 18:08:29||14491|4341299168|4816543184
13012|0|31643|02/01/2024 19:28:19||9701|368376264|460383912
12796|0|91568|02/01/2024 17:59:29||15031|2825702760|3023532496
12463|0|67632|02/01/2024 15:44:44||23116|5312396528|6155688192
13115|0|23103|02/01/2024 20:02:21||7659|21474713608|45455280688
12767|0|98783|02/01/2024 17:49:11||15649|2248676272|2361187896
11859|0|87315|02/01/2024 11:30:50||38350|2535307320|2571239392
13061|0|37926|02/01/2024 19:40:39||8961|3103301784|3335893920
12612|0|69206|02/01/2024 16:47:39||19341|65164120|74446280
12956|0|64822|02/01/2024 19:01:32||11308|8687732008|10209067664
12714|0|86732|02/01/2024 17:27:50||16930|3256108184|4707816824
12715|0|35686|02/01/2024 17:28:02||16918|5207781312|6997424944
13035|0|9849|02/01/2024 19:35:48||9252|543565064|713105696
13062|0|35235|02/01/2024 19:49:57||8403|289555008|373452576
11213|0|43698|02/01/2024 07:09:32||54028|7556911176|11157402864
11214|0|51334|02/01/2024 07:00:13||54587|19628679440|25643569304
12563|0|23676|02/01/2024 16:27:41||20539|3515986336|4031864544
11468|0|22801|02/01/2024 08:57:51||47529|12584141960|16321955992
11492|0|43917|02/01/2024 09:04:21|02/01/2024 22:05:19|46858|2631148208|3589332520
13378|0|43917|02/01/2024 22:05:36||264|28944304|29583472
12844|0|19157|02/01/2024 18:14:23||14137|169345400|196251224
11561|0|29916|02/01/2024 09:32:49||45431|269327536|352325168
13220|0|10401|02/01/2024 20:56:49||4391|2757495488|3130688928
12087|0|47842|02/01/2024 13:11:21||32319|5946705808|5998342320
12798|0|35937|02/01/2024 17:57:33||15147|11992066328|12636178536
13013|0|54314|02/01/2024 19:20:43||10157|603164432|697667648
12539|0|89835|02/01/2024 16:18:31||21089|36069714264|81776544448
12867|0|86941|02/01/2024 18:20:21||13779|5502935000|6771102144
13200|0|65423|02/01/2024 20:48:22||4898|1672376072|1955180088
12716|0|84882|02/01/2024 17:27:52||16928|587947312|881173560
13379|0|83641|02/01/2024 22:00:26||574|2741792216|5999027184
12465|0|91060|02/01/2024 15:41:33||23307|8003774120|8426482104
12540|0|25240|02/01/2024 16:15:47||21253|641498240|956604896
13317|0|49763|02/01/2024 21:33:01||2219|-265062320|-145713432
12331|0|98437|02/01/2024 14:57:23||25957|28323364944|58939890760
11562|0|25341|02/01/2024 09:38:37||45083|6670086512|6727951088
11088|0|58849|02/01/2024 06:19:08||57052|6529497792|6557168808
13014|0|66006|02/01/2024 19:26:48||9792|5687698608|3494625104
13293|0|61584|02/01/2024 21:23:00||2820|3357217368|8115996280
12893|0|91706|02/01/2024 18:37:28||12752|2921072824|2936702936
13318|0|13713|02/01/2024 21:36:01||2039|136011328|167027656
13157|0|21276|02/01/2024 20:24:27||6333|1993277736|2496324448
13319|0|45990|02/01/2024 21:33:17||2203|875579672|1027488544
12911|0|51323|02/01/2024 18:48:26||12094|619929512|759883552
11160|0|90969|02/01/2024 06:46:06||55434|18603657680|20523834784
11520|0|79396|02/01/2024 09:19:32||46228|8982377392|11959204960
13320|0|6089|02/01/2024 21:35:32||2068|97090416|139243960
11493|0|81479|02/01/2024 09:03:11||47209|22556691848|32267786520
12014|0|53027|02/01/2024 12:46:27||33813|3320837600|3362967224
12435|0|6761|02/01/2024 15:33:21||23799|17885673008|23434801952
11882|0|73872|02/01/2024 11:40:12||37788|3798332280|5349775760
12613|0|9222|02/01/2024 16:40:21||19779|8280404960|12004903400
11993|0|98043|02/01/2024 12:30:04||34796|2647141376|3232933832
12541|0|13423|02/01/2024 16:18:44||21076|15624976376|22495237280
12640|0|12811|02/01/2024 16:59:36||18624|38894695208|98998723584
11494|0|94733|02/01/2024 09:06:35||47005|8764699528|9641807744
13116|0|43877|02/01/2024 20:02:57||7623|702707384|862388552
13250|0|78144|02/01/2024 21:05:59||3841|1765773472|2585677328
11835|0|91772|02/01/2024 11:22:42||38838|3531282368|3882318312
13201|0|19018|02/01/2024 20:46:02||5038|524090640|578838712
13086|0|15878|02/01/2024 19:55:54||8046|1812751848|1970019040
11445|0|18106|02/01/2024 08:47:43||48137|88779647376|239028833192
12845|0|85709|02/01/2024 18:12:04||14276|3930259496|4011794544
12057|0|42604|02/01/2024 13:01:11||32929|6145457248|7551125744
12466|0|55090|02/01/2024 15:45:37||23063|4149544960|5212981184
13321|0|13857|02/01/2024 21:31:44||2296|15525104|16495776
12929|0|12302|02/01/2024 18:51:45||11895|2767293368|3187358936
10620|0|84612|02/01/2024 03:04:52||68708|357987048|412967472
12206|0|64643|02/01/2024 14:03:07||29213|1723259552|1960506352
13036|0|47108|02/01/2024 19:31:27||9513|3525411376|4566866464
12739|0|30142|02/01/2024 17:39:16||16244|1399006608|1734376928
11628|0|30812|02/01/2024 10:02:24||43656|15048406256|20948946976
12661|0|43549|02/01/2024 17:02:46||18434|611124168|635548040
11375|0|97623|02/01/2024 08:17:08||49972|20950173096|24910372144
12207|0|60631|02/01/2024 14:08:38||28882|17430972328|18663157792
13337|0|11020|02/01/2024 21:42:17||1663|1473934368|4276950784
13087|0|24844|02/01/2024 19:50:52||8348|1819050000|1953432984
12868|0|35573|02/01/2024 18:22:05||13675|4281979096|5581156384
13063|0|73063|02/01/2024 19:43:51||8769|823324744|864901280
13355|0|46420|02/01/2024 21:56:33||807|149453272|177051504
12912|0|87365|02/01/2024 18:46:57||12183|1265446864|1822527144
12799|0|29115|02/01/2024 17:58:12||15108|1578138232|1991801744
12230|0|51817|02/01/2024 14:15:53||28447|1303530144|1659744200
12957|0|93688|02/01/2024 19:01:27|02/01/2024 22:04:29|10982|2131856496|3128618056
13251|0|79245|02/01/2024 21:05:34||3866|1523290536|1617354864
11496|0|53564|02/01/2024 09:06:54||46986|8480998336|8531112880
12800|0|62224|02/01/2024 17:56:47||15193|2315696760|2761411288
11654|0|98714|02/01/2024 10:15:41||42859|7324748520|10436407432
13037|0|5505|02/01/2024 19:30:07||9593|686559984|860937384
13380|0|28457|02/01/2024 22:09:03||57|2125168|2199120
13158|0|33559|02/01/2024 20:25:46||6254|1992720368|2470799352
11939|0|23518|02/01/2024 12:13:55||35765|8444587360|10678752464
11707|0|54186|02/01/2024 10:34:04||41756|6062733128|7665655568
11307|0|82203|02/01/2024 07:43:42||51978|2457837872|2780345176
12801|0|50590|02/01/2024 17:55:23||15277|3960506424|5889729448
13338|0|16359|02/01/2024 21:46:37||1403|700263760|1018398824
12208|0|36252|02/01/2024 14:07:30||28950|39093985448|92726628456
11860|0|83596|02/01/2024 11:35:55||38045|6531234192|7188053856
13221|0|5254|02/01/2024 20:55:57||4443|1989472008|2146392960
11470|0|99227|02/01/2024 08:51:49||47891|3636051512|3738013024
12332|0|72614|02/01/2024 14:55:16||26084|8383672936|10566072184
11970|0|16285|02/01/2024 12:26:04||35036|7215709288|8261887488
12436|0|80536|02/01/2024 15:38:09||23511|5022411256|6921948568
12275|0|26226|02/01/2024 14:37:17||27163|29639663896|18997024760
12930|0|33752|02/01/2024 18:59:09||11451|2075609672|2969217128
13356|0|31820|02/01/2024 21:50:58||1142|264251048|391703168
12931|0|59358|02/01/2024 18:53:20||11800|7537051872|15125071296
13117|0|45743|02/01/2024 20:03:57||7563|754750384|908632616
13339|0|47619|02/01/2024 21:42:38||1642|55673048|69340856
13118|0|63548|02/01/2024 20:02:33||7647|2123484312|2789409808
11838|0|84582|02/01/2024 11:24:31||38729|15458445376|17546661504
11446|0|69219|02/01/2024 08:40:48||48552|1427874768|2042537464
12869|0|30617|02/01/2024 18:28:39||13281|5381738752|7985380328
12542|0|5490|02/01/2024 16:11:09||21531|3712386784|3963620904
12113|0|57378|02/01/2024 13:28:28||31292|4878213304|5776352992
10732|0|43844|02/01/2024 03:40:59||66541|20310040480|23408248056
11971|0|71057|02/01/2024 12:20:30||35370|8852320032|13272013328
13039|0|97160|02/01/2024 19:34:44||9316|12418712|17102576
13271|0|10481|02/01/2024 21:15:27||3273|1112103776|1181757808
13088|0|60703|02/01/2024 19:51:36||8304|19585452768|46243994752
12543|0|81412|02/01/2024 16:13:29||21391|2833341176|3224061792
12662|0|21007|02/01/2024 17:08:35||18085|786416280|897013176
10923|0|83505|02/01/2024 04:53:27||62193|19338498672|19874814184
12306|0|17485|02/01/2024 14:44:56||26704|87945075664|202003754112
12958|0|30309|02/01/2024 19:05:03||11097|342535736|444297792
12437|0|15877|02/01/2024 15:30:50||23950|4615386600|6314862672
11803|0|21702|02/01/2024 11:17:02||39178|7550087824|8810450144
13340|0|55026|02/01/2024 21:40:43||1757|246278816|266413064
13089|0|54956|02/01/2024 19:53:05||8215|17367629048|37824305616
12467|0|27843|02/01/2024 15:43:51||23169|40193989000|78834861504
11972|0|5186|02/01/2024 12:22:24||35256|3671553632|5196729872
12894|0|46905|02/01/2024 18:35:46||12854|2689609896|3381031072
12717|0|10940|02/01/2024 17:20:14||17386|2694426296|3890924304
11497|0|96978|02/01/2024 09:00:49||47351|109829804304|239114323920
12114|0|87104|02/01/2024 13:28:43||31277|9302065568|11037620352
12691|0|11827|02/01/2024 17:17:36||17544|42221631120|83761497696
11401|0|72686|02/01/2024 08:28:28||49292|53596462728|136716267384
13064|0|95338|02/01/2024 19:47:36||8544|377235368|501950816
11161|0|40253|02/01/2024 06:44:08||55552|187589590112|458578432216
12583|0|89016|02/01/2024 16:35:45||20055|5393062896|6055797752
12846|0|87441|02/01/2024 18:12:50||14230|13624354000|16186050120
11498|0|49136|02/01/2024 09:04:18||47142|2218350496|2947083136
11563|0|7660|02/01/2024 09:39:26||45034|3830286840|5213711848
10669|0|74773|02/01/2024 03:22:30||67650|111212644408|328936756408
13222|0|43894|02/01/2024 20:56:35||4405|842604848|878421272
11974|0|95778|02/01/2024 12:23:08||35212|3641827472|4619653152
12468|0|26577|02/01/2024 15:46:59||22981|12428820352|15295894736
12959|0|9151|02/01/2024 19:04:20||11140|2079713272|2392067888
12276|0|54623|02/01/2024 14:32:50||27430|5044505056|5738835312
12523|0|8801|02/01/2024 16:05:52||21848|13820434184|17520969584
12232|0|48966|02/01/2024 14:11:31||28709|7388519680|10376495320
13223|0|69320|02/01/2024 20:55:08||4492|2249042472|3220454616
12136|0|72432|02/01/2024 13:33:37||30983|8267522816|10462266512
11805|0|4227|02/01/2024 11:18:53||39067|3097803272|3872087424
12821|0|92518|02/01/2024 18:00:58||14942|1896530424|2316564968
13252|0|33952|02/01/2024 21:04:01||3959|1946851856|2150133872
10809|0|34767|02/01/2024 04:16:44||64396|15435251104|16112236928
13136|0|43304|02/01/2024 20:12:50||7030|1099180664|1551516928
12692|0|87183|02/01/2024 17:18:35||17485|3009761616|3170432200
12741|0|33272|02/01/2024 17:35:30||16470|5003152768|5045455936
12524|0|81523|02/01/2024 16:05:25||21875|383618312|496004520
10948|0|17620|02/01/2024 05:05:16||61484|5122194472|6515635568
13181|0|9817|02/01/2024 20:36:50||5590|6227500680|17750960616
10810|0|18959|02/01/2024 04:12:47||64633|24200266616|30306078224
11883|0|57128|02/01/2024 11:43:20||37600|2004180744|2188710760
12718|0|80746|02/01/2024 17:24:46||17114|36832041128|84492911864
13357|0|20625|02/01/2024 21:50:53||1147|210866592|215566600
12277|0|11739|02/01/2024 14:36:16||27224|530376592|766459768
12413|0|41299|02/01/2024 15:28:13||24107|3503463800|3724485544
13381|0|28246|02/01/2024 22:02:51||429|94858240|107116352
10863|0|38175|02/01/2024 04:30:03||63597|15430587632|19277403584
12333|0|23739|02/01/2024 14:52:59||26221|3648525448|4560143720
12359|0|72638|02/01/2024 15:03:44||25576|9618262480|11004958176
12496|0|62436|02/01/2024 15:57:01||22379|3823519304|5563830560
11783|0|10095|02/01/2024 11:02:44||40036|24148404400|29260606728
12614|0|79532|02/01/2024 16:48:45||19275|5995550392|6202919656
12870|0|27160|02/01/2024 18:25:46||13454|9457842808|10793281608
13272|0|35031|02/01/2024 21:12:13||3467|4453127152|12314136248
11759|0|91904|02/01/2024 10:52:56||40624|35992301856|20035043464
12663|0|98086|02/01/2024 17:01:47||18493|9315007488|13789049552
12278|0|96673|02/01/2024 14:36:08||27232|568981856|680094712
12058|0|96165|02/01/2024 13:08:45||32475|6764977488|8985313912
11655|0|52975|02/01/2024 10:12:08||43072|3652246184|3870009448
13202|0|16867|02/01/2024 20:48:37||4883|371279720|545872000
12770|0|42561|02/01/2024 17:40:49||16151|12291671752|12741188392
11784|0|47772|02/01/2024 11:02:06||40074|9124958488|9390352112
13040|0|58910|02/01/2024 19:38:23||9097|5963655128|6197905472
13159|0|33808|02/01/2024 20:29:09||6051|1764264536|1828031936
11913|0|35837|02/01/2024 12:05:38||36262|2023814608|2578949232
12615|0|28152|02/01/2024 16:42:42||19638|3407326280|3723902800
13294|0|17103|02/01/2024 21:25:38||2662|888541496|1117394536
13253|0|7336|02/01/2024 21:09:30||3630|2069910536|3075989144
12771|0|92649|02/01/2024 17:47:50||15730|8803335200|9647665344
11656|0|28877|02/01/2024 10:17:21||42759|46349421304|28491966168
12157|0|68618|02/01/2024 13:40:26||30574|3455866472|5182648376
12438|0|66656|02/01/2024 15:30:03||23997|4072403424|4658149328
12895|0|88155|02/01/2024 18:34:36||12924|920283968|1091952112
11760|0|53321|02/01/2024 10:50:55||40745|6462794328|6711996616
12742|0|36521|02/01/2024 17:35:48||16452|2779537800|4031042192
12584|0|48809|02/01/2024 16:32:23||20257|1372046440|1435754160
11354|0|11424|02/01/2024 08:07:35||50545|15613641168|16310982960
13382|0|66456|02/01/2024 22:02:43||437|19233104|21233408
12932|0|4621|02/01/2024 18:51:36||11904|956924232|1339328592
12616|0|48062|02/01/2024 16:43:59||19561|8524428824|9038617512
12385|0|81606|02/01/2024 15:17:10||24770|2850115976|4239029848
11031|0|64251|02/01/2024 05:40:15||59385|5470536824|6619789656
11163|0|57226|02/01/2024 06:43:53||55567|4388015720|6197315928
11862|0|94384|02/01/2024 11:31:32||38308|9625495816|13048683256
12088|0|89980|02/01/2024 13:10:52||32348|21406176|30838624
12896|0|45665|02/01/2024 18:34:17||12943|2276691856|3091695536
11737|0|68055|02/01/2024 10:44:05||41155|44914894680|105250211456
13273|0|35685|02/01/2024 21:15:34||3266|139085304|172285216
12772|0|35354|02/01/2024 17:48:57||15663|1289813224|1873898584
12525|0|45031|02/01/2024 16:08:49||21671|4221081200|4970698672
12137|0|45437|02/01/2024 13:32:05||31075|195363888|210280160
11940|0|40021|02/01/2024 12:18:26||35494|3545452752|4050766832
12822|0|19237|02/01/2024 18:07:07||14573|2510710696|3437448888
10700|0|93513|02/01/2024 03:32:31||67049|224566533224|603227260680
12773|0|76056|02/01/2024 17:42:41||16039|5942450200|8534645328
12897|0|92486|02/01/2024 18:34:26||12934|3981029168|4703002176
13203|0|25749|02/01/2024 20:40:46||5354|1389541896|1538958616
12719|0|30427|02/01/2024 17:28:21||16899|657632032|733165016
11863|0|85539|02/01/2024 11:33:42||38178|70606356888|152116325792
13182|0|13461|02/01/2024 20:39:07||5453|293515896|397013840
12933|0|63148|02/01/2024 18:53:48||11772|3272608144|4785685224
13254|0|89454|02/01/2024 21:08:04||3716|1346289288|1473528880
12414|0|95129|02/01/2024 15:22:01||24479|16549177368|23945198752
13183|0|46473|02/01/2024 20:39:49||5411|2620061984|3253164096
12279|0|78203|02/01/2024 14:30:25||27575|1387264120|1592951176
12803|0|77620|02/01/2024 17:54:03||15357|5801150576|6189302856
11447|0|60771|02/01/2024 08:46:58||48182|3482172984|4732254288
11471|0|62234|02/01/2024 08:57:40||47540|2349666840|3005826872
11068|0|44465|02/01/2024 06:08:00||57720|22680554048|25432594944
11864|0|27032|02/01/2024 11:37:13||37967|6345793720|9449122120
11500|0|94286|02/01/2024 09:05:55||47045|24455622824|26840333256
12090|0|68117|02/01/2024 13:18:56||31864|10491992560|12144595312
11586|0|34328|02/01/2024 09:46:27||44613|82559148136|243846524512
11975|0|10616|02/01/2024 12:20:10||35390|12701062072|12837742384
11355|0|84226|02/01/2024 08:04:00||50760|3006638224|4078417832
12526|0|52206|02/01/2024 16:06:35||21805|9301995552|10251651080
13204|0|35035|02/01/2024 20:44:20||5140|951800824|988930000
12308|0|26607|02/01/2024 14:40:40||26960|1616382312|2262068856
11976|0|27215|02/01/2024 12:24:38||35122|659443608|882408232
10788|0|7793|02/01/2024 04:01:50||65290|18674288584|20878256840
12823|0|55356|02/01/2024 18:07:51||14529|2950770432|3586727688
13383|0|29905|02/01/2024 22:05:38||262|15229696|21542632
13065|0|26270|02/01/2024 19:42:18||8862|1988070248|2577716464
13205|0|55392|02/01/2024 20:40:15||5385|139188688|165487344
11426|0|4084|02/01/2024 08:34:26||48934|15118500424|17777449248
11190|0|82966|02/01/2024 06:58:05||54715|18095618976|24845796504
11898|0|6555|02/01/2024 11:55:19||36881|915449856|1249999720
11865|0|80674|02/01/2024 11:39:40||37820|6177758240|8256044600
12913|0|50742|02/01/2024 18:41:41||12499|6938275992|9293300120
12617|0|91705|02/01/2024 16:44:16||19544|475629272|580928816
13322|0|60001|02/01/2024 21:39:05||1855|95375648|131480736
12641|0|34397|02/01/2024 16:51:14||19126|1212575200|1460810184
11070|0|19793|02/01/2024 06:00:16||58184|1042541616|1373928416
12116|0|22311|02/01/2024 13:23:04||31616|18062334376|19319854920
13323|0|77909|02/01/2024 21:35:39||2061|8257180520|20109941768
12415|0|86036|02/01/2024 15:24:05||24355|6787314208|7841160784
11941|0|16239|02/01/2024 12:13:26||35794|5256485888|6020808144
12469|0|16033|02/01/2024 15:42:34||23246|15963911064|19270863720
12693|0|27011|02/01/2024 17:19:17||17443|853845888|1255356880
11996|0|44287|02/01/2024 12:34:35||34525|49679008952|122617839448
12694|0|31981|02/01/2024 17:15:27||17673|247470008|276980352
13224|0|69970|02/01/2024 20:56:36||4404|1121085776|1662945776
12934|0|69532|02/01/2024 18:54:18||11742|785543840|1048827344
12016|0|33279|02/01/2024 12:42:31||34049|13012492616|17056520208
12335|0|35120|02/01/2024 14:50:35||26365|219201141800|122007698080
12309|0|92044|02/01/2024 14:46:55||26585|9244972832|10945525368
13120|0|33190|02/01/2024 20:03:39||7581|275354016|295496080
13358|0|17848|02/01/2024 21:53:31||989|43417336|45889216
12336|0|23029|02/01/2024 14:59:24||25836|2129743768|2248383808
13121|0|77746|02/01/2024 20:09:13||7247|1160911952|1359697992
13122|0|15440|02/01/2024 20:00:53||7747|4333016656|4409035032
12642|0|18712|02/01/2024 16:55:52||18848|2009757152|2743803736
13226|0|5591|02/01/2024 20:51:56||4684|345879760|408567608
10789|0|89490|02/01/2024 04:08:31||64889|6452910384|7113031496
12721|0|69344|02/01/2024 17:21:41||17299|2701332136|3194870344
11762|0|59260|02/01/2024 10:54:06||40554|4057520400|4487583144
13015|0|67654|02/01/2024 19:21:07||10133|4609838632|5116220288
10670|0|71403|02/01/2024 03:20:05||67795|4021467768|5108449464
12032|0|29417|02/01/2024 12:55:17||33283|23597453592|26946502200
12961|0|89959|02/01/2024 19:02:28||11252|27413824336|55122520056
12804|0|91802|02/01/2024 17:52:58||15422|2293605248|2516656088
12470|0|31249|02/01/2024 15:49:57||22803|10615413120|15739773472
11998|0|39703|02/01/2024 12:34:42||34518|2385119608|2855407320
12439|0|62223|02/01/2024 15:30:28||23972|10148753584|11121836864
13324|0|3869|02/01/2024 21:32:23||2257|891923464|1298695680
11012|0|65092|02/01/2024 05:38:42||59478|93858304976|262428952720
13359|0|81178|02/01/2024 21:51:33||1107|30848536|32247056
11942|0|64229|02/01/2024 12:12:51||35829|13037216|18482664
12033|0|46922|02/01/2024 12:54:25||33335|11205696840|12011511008
11033|0|41602|02/01/2024 05:41:13|02/01/2024 22:01:18|58805|128620687096|346328222208
11448|0|77991|02/01/2024 08:42:35||48445|29867757088|34029257936
12643|0|94623|02/01/2024 16:58:02||18718|6096142352|8273444584
12743|0|66892|02/01/2024 17:34:26||16534|23242024168|55324954280
12441|0|25959|02/01/2024 15:39:42||23418|2268221248|2914995216
13206|0|82808|02/01/2024 20:40:33||5367|1223040760|1458236408
13184|0|17928|02/01/2024 20:31:35||5905|3288855840|4231210056
12091|0|44196|02/01/2024 13:17:27||31953|5951516256|8672124920
13274|0|30827|02/01/2024 21:14:20||3340|264423776|303733544
12935|0|70909|02/01/2024 18:54:15||11745|528819592|784391984
12936|0|56616|02/01/2024 18:53:54||11766|39046065584|108623865448
11565|0|28826|02/01/2024 09:35:25||45275|89562806928|177747554632
11841|0|16794|02/01/2024 11:25:30||38670|6331497120|6622463136
13042|0|37816|02/01/2024 19:36:38||9202|102248472|122104288
12847|0|8203|02/01/2024 18:14:53||14107|1095144448|1265159848
11378|0|85647|02/01/2024 08:15:03||50097|154908905264|287906181808
13066|0|9616|02/01/2024 19:48:20||8500|332676048|365917872
12775|0|71492|02/01/2024 17:41:03||16137|2923562000|3784921328
12138|0|8083|02/01/2024 13:34:07||30953|2065870120|2466976040
12092|0|38309|02/01/2024 13:17:05||31975|565480344|830590920
12360|0|93182|02/01/2024 15:08:52||25268|2853601200|3086244328
12280|0|37345|02/01/2024 14:31:12||27528|1854220128|1945116944
13360|0|82147|02/01/2024 21:59:18||642|35558352|37037824
12471|0|13529|02/01/2024 15:44:16||23144|8438492312|12484743632
11404|0|24702|02/01/2024 08:25:49||49451|20615405096|26574963472
13227|0|73157|02/01/2024 20:53:29||4591|1009074128|1325715136
12061|0|54527|02/01/2024 13:04:17||32743|21110947016|21852809560
12695|0|7807|02/01/2024 17:16:11||17629|656037712|806260192
12017|0|78408|02/01/2024 12:40:04||34196|5529354720|6293089712
13384|0|26967|02/01/2024 22:00:10||590|1260152|1587232
11450|0|16496|02/01/2024 08:46:38||48202|12571622584|16794901432
13295|0|51131|02/01/2024 21:27:30||2550|24754688|28891960
12665|0|24671|02/01/2024 17:01:49||18491|1752182328|2140821048
11142|0|40629|02/01/2024 06:33:23||56197|12290282408|17704298080
12989|0|93265|02/01/2024 19:10:13||10787|19189443232|48566282056
12776|0|93360|02/01/2024 17:49:52||15608|4828629352|5317699264
13137|0|19374|02/01/2024 20:11:00||7140|26151948240|77540032008
10759|0|76492|02/01/2024 03:55:31||65669|334193656|375164152
11764|0|49479|02/01/2024 10:51:16||40724|11025227896|11287180280
12962|0|10088|02/01/2024 19:06:31||11009|11458668384|6949551296
12442|0|86300|02/01/2024 15:32:10||23870|5095487424|6791221640
12180|0|73227|02/01/2024 13:54:12||29748|3183369792|4163078424
11811|0|51341|02/01/2024 11:12:34||39446|5734455976|8035785056
11866|0|74521|02/01/2024 11:35:14||38086|2003761784|2560844040
11712|0|48187|02/01/2024 10:38:07||41513|1042990000|1209187728
11999|0|24789|02/01/2024 12:31:22||34718|781639288|1075327096
13296|0|62736|02/01/2024 21:26:47||2593|6677363368|16454921560
13275|0|13561|02/01/2024 21:12:17||3463|440218360|644034096
13341|0|97663|02/01/2024 21:41:50||1690|1025705896|1324182952
12443|0|85389|02/01/2024 15:32:24||23856|5356421120|5504812416
12666|0|96482|02/01/2024 17:07:45||18135|1599449744|1879202888
13325|0|97466|02/01/2024 21:31:21||2319|232629416|344382512
13297|0|78180|02/01/2024 21:22:41||2839|352048496|369246456
11631|0|48119|02/01/2024 10:08:27||43293|157264220840|359046053736
12362|0|59435|02/01/2024 15:02:39||25641|1139325112|1214427920
13228|0|23350|02/01/2024 20:50:00||4800|497020672|618922112
11193|0|28409|02/01/2024 06:55:04||54896|5914461008|7121754336
12211|0|29872|02/01/2024 14:08:46||28874|7986219424|11278863424
