IdSession|IdPSX|IdSubscriber|StartSession|EndSession|Duartion|UpTx|DownTx
12363|0|37974|02/01/2024 15:10:17||53383|27838815280|28756454760
13229|0|33927|02/01/2024 21:04:29||32131|19424672048|21534665768
13230|0|80035|02/01/2024 21:01:10||32330|1790370448|2223507816
13385|0|6516|02/01/2024 22:10:54||28146|3722817072|5182353744
12667|0|87799|02/01/2024 17:19:55|03/01/2024 05:53:18|45203|5074618608|5116221448
13207|0|19040|02/01/2024 20:58:20||32500|11385768360|16370354528
14401|0|68512|03/01/2024 05:34:00||1560|157449416|191462088
13500|0|85070|02/01/2024 23:02:07||25073|3350403184|3388476800
13769|0|77688|03/01/2024 01:01:47||17893|3622690016|4879505928
13326|0|62355|02/01/2024 21:46:54||29586|46080995168|108920815552
14125|0|82652|03/01/2024 03:45:39||8061|2081799840|2322974248
13682|0|55450|03/01/2024 00:25:04||20096|1963413944|2222566664
12937|0|59125|02/01/2024 19:01:34||39506|127569824|153712008
13480|0|86264|02/01/2024 22:59:05||25255|3170499544|4633681696
14080|0|96559|03/01/2024 03:26:41||9199|2008552056|2192029616
14170|0|77661|03/01/2024 04:03:41||6979|1009311464|1330328056
14269|0|77027|03/01/2024 04:42:21||4659|118897008|130382392
14244|0|43777|03/01/2024 04:35:09||5091|17804459008|36595382592
14296|0|25839|03/01/2024 04:51:34||4106|2574733840|3732517472
14107|0|21998|03/01/2024 03:31:28||8912|1856027472|1939014104
13481|0|38260|02/01/2024 22:57:20||25360|5159846776|6281510288
14029|0|54570|03/01/2024 03:03:43||10577|18335196312|45495066896
12546|0|36265|02/01/2024 16:23:08||49012|3496659888|3819674472
13721|0|35261|03/01/2024 00:49:35||18625|3101975008|3545492360
14297|0|8960|03/01/2024 04:53:11||4009|17768840|22856768
12990|0|59205|02/01/2024 19:24:29||38131|97951762856|289104315128
13770|0|75051|03/01/2024 01:04:21||17739|2179857976|2252375560
14323|0|35204|03/01/2024 05:00:35||3565|313541360|435410232
13722|0|89716|03/01/2024 00:45:53||18847|6682891312|7032945480
14270|0|13652|03/01/2024 04:41:32||4708|1286160480|1660108664
13960|0|65857|03/01/2024 02:35:15||12285|1060780736|1158543520
13552|0|60741|02/01/2024 23:20:14||23986|3260652176|4647924232
13859|0|45696|03/01/2024 01:46:10||15230|2055385920|2092685144
12310|0|18892|02/01/2024 14:56:31||54209|14159515304|18375295536
12668|0|27076|02/01/2024 17:15:53||45847|3732828656|5299528968
12964|0|63329|02/01/2024 19:16:32||38608|4725806728|6608482560
13276|0|77886|02/01/2024 21:22:22||31058|12331475360|12538353976
13941|0|33912|03/01/2024 02:21:34||13106|1243368648|1285310120
12914|0|59587|02/01/2024 18:59:57||39603|799674496|1163789696
14201|0|11924|03/01/2024 04:12:30||6450|813047944|1152220336
13231|0|57595|02/01/2024 21:09:06||31854|1398436256|2060356848
14271|0|71399|03/01/2024 04:44:11||4549|1022205512|1129959832
13683|0|54404|03/01/2024 00:29:34||19826|1819341160|2299172256
12586|0|37317|02/01/2024 16:40:28||47972|9773114368|12480374000
14373|0|60848|03/01/2024 05:25:06||2094|318429824|381593104
14272|0|83176|03/01/2024 04:46:21||4419|93419896|124827320
14420|0|48701|03/01/2024 05:40:50||1150|96560344|100897240
14030|0|68624|03/01/2024 03:06:21||10419|3355753504|3820042168
13738|0|71658|03/01/2024 00:52:24||18456|4281390104|4284505296
13785|0|66423|03/01/2024 01:16:01||17039|4350479904|6199804432
12587|0|42806|02/01/2024 16:40:56||47944|7957046648|10521864688
13429|0|25093|02/01/2024 22:35:03||26697|4972674016|7020419616
13961|0|11120|03/01/2024 02:35:42||12258|914283928|1130994592
12472|0|73710|02/01/2024 15:50:56||50944|8861623584|11986954400
14060|0|23638|03/01/2024 03:16:51||9789|713816216|722471360
13656|0|21813|03/01/2024 00:11:38||20902|37025207176|80492170176
12063|0|44839|02/01/2024 13:12:22||60458|26944197024|28572049608
13739|0|43101|03/01/2024 00:55:52||18248|4348293224|4981143000
14245|0|26698|03/01/2024 04:31:02||5338|13924022728|30159821408
14171|0|42098|03/01/2024 04:06:32||6808|1170983248|1354941328
13962|0|44400|03/01/2024 02:30:15||12585|268552816|351392312
13886|0|37480|03/01/2024 01:58:16||14504|6169589744|7953039472
14081|0|5357|03/01/2024 03:29:18||9042|997494440|1066141928
14273|0|85076|03/01/2024 04:44:35||4525|1258146248|1454840968
14374|0|58783|03/01/2024 05:22:05||2275|54418072|78819960
13447|0|5731|02/01/2024 22:40:58||26342|43425149624|127588421528
12588|0|99136|02/01/2024 16:47:20||47560|9630764080|9726003688
13448|0|87164|02/01/2024 22:49:43||25817|9156632216|9389238520
12261|0|76792|02/01/2024 14:36:44||55396|2942632320|5633233832
13554|0|81147|02/01/2024 23:27:57||23523|747177504|799991984
13573|0|89313|02/01/2024 23:30:59||23341|2900603672|3257864904
14246|0|89902|03/01/2024 04:36:59||4981|1043124488|1405572288
12589|0|35390|02/01/2024 16:45:47||47653|8799632208|9421918032
14006|0|4719|03/01/2024 02:54:18||11142|22656016|29080288
13043|0|40685|02/01/2024 19:40:22||37178|150181416|194380056
13123|0|20349|02/01/2024 20:18:43||34877|6510938592|7168936296
14007|0|89500|03/01/2024 02:52:02||11278|2025190712|2055254072
14298|0|53073|03/01/2024 04:50:05||4195|555302184|617556992
11846|0|5792|02/01/2024 11:39:18||66042|15970785680|20328137936
13017|0|38258|02/01/2024 19:35:28||37472|87830936800|204276171496
14082|0|81488|03/01/2024 03:27:06||9174|26747356320|67173595152
13044|0|64295|02/01/2024 19:43:53||36967|7122691464|9054820384
14109|0|70042|03/01/2024 03:31:12||8928|975455696|1415809648
14402|0|11287|03/01/2024 05:36:55||1385|81395256|93709632
14324|0|46044|03/01/2024 05:04:32||3328|207989352|212892480
13860|0|18447|03/01/2024 01:45:37||15263|30211549304|78822886496
12212|0|87203|02/01/2024 14:17:14|03/01/2024 05:50:19|55985|4408141512|4718038240
13091|0|60049|02/01/2024 20:04:41||35719|25111414928|35854032872
14375|0|51438|03/01/2024 05:21:51||2289|1592508544|1829129440
12993|0|73246|02/01/2024 19:22:36||38244|12117043400|16560831640
13831|0|80435|03/01/2024 01:36:55||15785|798652456|1197212552
13927|0|14428|03/01/2024 02:10:29||13771|1298875288|1796690336
12528|0|68039|02/01/2024 16:17:18||49362|33702120512|37680856496
13092|0|47486|02/01/2024 20:02:13||35867|3851603400|5401611224
13255|0|26986|02/01/2024 21:15:04||31496|2179472664|2216123952
13327|0|23998|02/01/2024 21:43:27||29793|5249300088|7271491944
12744|0|87798|02/01/2024 17:42:51||44229|15980173448|18510089448
13887|0|64361|03/01/2024 01:53:24||14796|43684610528|116072245608
13449|0|6758|02/01/2024 22:48:35||25885|11625608968|16313895280
13185|0|94078|02/01/2024 20:43:49||33371|16078786888|19858521648
14148|0|5281|03/01/2024 03:55:21||7479|2964854072|4232067488
13963|0|89833|03/01/2024 02:36:26||12214|314509632|439766160
13407|0|10721|02/01/2024 22:24:34||27326|17203134776|20140683976
13723|0|85834|03/01/2024 00:48:37||18683|1811029728|2549853096
13928|0|79031|03/01/2024 02:17:51||13329|2081752216|2708367680
14083|0|42005|03/01/2024 03:27:27||9153|1754874680|1968056560
13987|0|62240|03/01/2024 02:47:52||11528|21786469528|53164470072
13942|0|24662|03/01/2024 02:25:29||12871|9073158656|9448912760
13343|0|31706|02/01/2024 21:59:00||28860|2509201680|2634119008
14126|0|29747|03/01/2024 03:47:55||7925|838500600|1166450704
13361|0|27550|02/01/2024 22:09:04||28256|5566225656|5690139064
14274|0|31462|03/01/2024 04:40:54||4746|1838458264|2279962088
13657|0|60709|03/01/2024 00:17:31||20549|406798952|492475864
13911|0|29371|03/01/2024 02:04:52||14108|1578377880|1887715544
12899|0|84110|02/01/2024 18:43:02||40618|7931685520|8857470264
13362|0|90469|02/01/2024 22:02:53||28627|3480394376|4650403792
12827|0|69167|02/01/2024 18:16:31||42209|16659807640|18411355712
13988|0|57785|03/01/2024 02:45:27||11673|296333912|443956928
13069|0|93506|02/01/2024 19:54:39||36321|12960556040|16099721496
14172|0|35012|03/01/2024 04:09:26||6634|469864320|643375192
13451|0|7040|02/01/2024 22:45:04||26096|11567591360|16337987896
13555|0|75383|02/01/2024 23:22:23||23857|13432946136|14556646760
12618|0|78522|02/01/2024 16:52:47||47233|2215338736|2535273536
12365|0|41384|02/01/2024 15:18:29||52891|24064586584|27632057328
13943|0|47184|03/01/2024 02:25:03||12897|413975416|449183008
13740|0|31782|03/01/2024 00:54:45||18315|64449610608|171323703128
12038|0|36231|02/01/2024 13:08:27||60693|80766113304|230626917136
13658|0|70263|03/01/2024 00:11:34||20906|2761586120|3884406680
12262|0|30969|02/01/2024 14:34:47||55513|5439656864|6357164712
13139|0|31020|02/01/2024 20:24:14||34546|15349484288|18622652376
14008|0|26935|03/01/2024 02:54:30||11130|478649992|542027048
12853|0|40573|02/01/2024 18:20:40||41960|5669523528|7112003864
13162|0|33467|02/01/2024 20:35:02||33898|692397256|852584768
14441|0|79751|03/01/2024 05:59:58||2|0|0
14202|0|44729|03/01/2024 04:13:54||6366|3890809472|4960215392
13724|0|46454|03/01/2024 00:48:01||18719|1479515360|1508028768
12900|0|27764|02/01/2024 18:49:52||40208|2637256944|3507421976
13344|0|77364|02/01/2024 21:50:02|03/01/2024 05:58:52|29330|7367491184|8316874128
14275|0|29220|03/01/2024 04:40:30||4770|7843516504|22948107264
14084|0|77556|03/01/2024 03:28:48||9072|1273608800|1858691728
12646|0|76675|02/01/2024 17:08:51||46269|1761283480|1826443008
14325|0|5586|03/01/2024 05:08:26||3094|4384259792|8952078176
13528|0|17658|02/01/2024 23:14:11||24349|2896641144|3337035192
12647|0|31271|02/01/2024 17:09:40||46220|78082611712|52317527536
14403|0|27336|03/01/2024 05:33:45||1575|165224000|177966880
13141|0|60295|02/01/2024 20:26:56||34384|20026910016|22801753680
12779|0|19713|02/01/2024 17:55:46||43454|12912439520|17929051656
13912|0|88989|03/01/2024 02:07:23||13957|2894364696|4205697440
14228|0|88728|03/01/2024 04:21:09||5931|4134918496|5643722048
14376|0|57284|03/01/2024 05:28:45||1875|314627664|430184016
14085|0|90836|03/01/2024 03:27:46||9134|3818547192|4270358904
13989|0|75625|03/01/2024 02:41:11||11929|320028008|358078336
14377|0|18359|03/01/2024 05:24:58||2102|4106362824|9395254976
13964|0|16548|03/01/2024 02:32:51||12429|2350279912|3301268408
12039|0|25121|02/01/2024 13:08:05||60715|5459549528|5937413736
13861|0|28599|03/01/2024 01:46:20||15220|425253440|512105568
13929|0|63085|03/01/2024 02:17:55||13325|34786550424|81409207112
13502|0|60360|02/01/2024 23:03:28||24992|13859054816|15512142856
14127|0|34312|03/01/2024 03:48:05||7915|3559278000|3976146672
13772|0|30933|03/01/2024 01:02:46||17834|3542243456|3969458264
14086|0|83343|03/01/2024 03:24:56||9304|1385643168|2050631864
14031|0|16816|03/01/2024 03:07:29||10351|1569593728|1955261416
12828|0|37157|02/01/2024 18:15:26||42274|15856450400|22215852800
13388|0|52439|02/01/2024 22:11:32||28108|75928656288|191155214856
13529|0|3991|02/01/2024 23:13:41||24379|11157205032|14259778592
13863|0|67795|03/01/2024 01:43:25||15395|2183766432|2219169744
13590|0|99295|02/01/2024 23:44:52||22508|5419833792|7342357352
14087|0|77356|03/01/2024 03:27:28||9152|2697624968|3372828992
13944|0|92343|03/01/2024 02:28:08||12712|1915606320|2547893232
14276|0|36815|03/01/2024 04:40:33||4767|578607976|727876536
12314|0|63099|02/01/2024 14:50:23||54577|3460391976|5189827296
14203|0|70269|03/01/2024 04:10:01||6599|10141137272|25606685976
12502|0|24242|02/01/2024 16:08:13||49907|3538896784|4680433784
14442|0|44150|03/01/2024 05:52:29||451|107239072|124547896
13094|0|59111|02/01/2024 20:06:16||35624|12902891752|17857235624
13913|0|85531|03/01/2024 02:05:22||14078|1331548784|1339325040
12698|0|91247|02/01/2024 17:28:04||45116|14298727696|18940054096
13453|0|92469|02/01/2024 22:49:37||25823|5809212280|7630657616
12005|0|24715|02/01/2024 12:47:28||61952|2319757848|2662194800
13614|0|26148|02/01/2024 23:52:31||22049|1792591880|2494202056
13408|0|77033|02/01/2024 22:27:28||27152|6509703856|8344773744
12041|0|89665|02/01/2024 13:06:59|03/01/2024 05:56:48|60589|17616721056|22874446640
12565|0|83901|02/01/2024 16:31:45||48495|2334418152|2983106576
13787|0|38820|03/01/2024 01:12:31||17249|8908344720|9630148584
12745|0|59195|02/01/2024 17:42:17||44263|2710972440|3341508696
14173|0|57855|03/01/2024 04:08:55||6665|4307548712|6315729928
14111|0|13791|03/01/2024 03:35:39||8661|29760968000|68127343152
13095|0|4122|02/01/2024 20:07:35||35545|152521087512|326091134848
13530|0|99654|02/01/2024 23:13:53||24367|7423491416|8887739888
13280|0|93165|02/01/2024 21:25:21||30879|1042601352|1324877824
14421|0|70699|03/01/2024 05:47:04||776|18671888|24228928
13143|0|15426|02/01/2024 20:25:09||34491|5539588512|7583672552
14351|0|91683|03/01/2024 05:13:34||2786|27803680|36567376
14032|0|64821|03/01/2024 03:04:09||10551|1400561816|1761162000
14422|0|29923|03/01/2024 05:45:29||871|37999192|45942720
14423|0|77054|03/01/2024 05:40:26||1174|1683923832|941117064
14149|0|41962|03/01/2024 03:52:33||7647|3187428000|4178001320
14128|0|84833|03/01/2024 03:45:31||8069|4554527040|5031614496
11919|0|9422|02/01/2024 12:13:52||63968|16914658712|22900150984
13832|0|44361|03/01/2024 01:30:42||16158|6448830312|8035729080
13930|0|18094|03/01/2024 02:17:21||13359|6869559272|7624564000
14277|0|23222|03/01/2024 04:43:04||4616|1296031120|1857157512
12995|0|8712|02/01/2024 19:26:17||38023|3113419368|3629019080
13990|0|59979|03/01/2024 02:45:01||11699|311500624|455036552
14352|0|10027|03/01/2024 05:14:39||2721|51125880|51428384
12165|0|68721|02/01/2024 13:54:29||57931|18844826672|28218916696
14247|0|29280|03/01/2024 04:34:28||5132|2679543256|3621108776
12189|0|37519|02/01/2024 14:05:28||57272|17919429768|21028866208
14353|0|94737|03/01/2024 05:10:11||2989|116378384|171550592
14150|0|73573|03/01/2024 03:55:15||7485|1015311976|1270818856
13328|0|63746|02/01/2024 21:43:37||29783|2433590528|2865667544
12552|0|38131|02/01/2024 16:20:06||49194|920407968|1104079800
14129|0|7959|03/01/2024 03:40:51||8349|19456097856|45512710576
14404|0|70850|03/01/2024 05:31:32||1708|137581080|162621040
13991|0|48207|03/01/2024 02:41:14||11926|1655952544|1845749368
13281|0|91375|02/01/2024 21:20:17||31183|5043811096|5906721720
13504|0|60347|02/01/2024 23:06:52||24788|1389328384|1562733232
14204|0|50840|03/01/2024 04:14:42||6318|2970339560|3061868080
13684|0|66665|03/01/2024 00:28:48||19872|3884681056|4569928232
12939|0|82493|02/01/2024 19:08:54||39066|3007761104|3044966528
13018|0|97929|02/01/2024 19:30:00||37800|2364393632|2434408456
13299|0|55223|02/01/2024 21:34:54||30306|10395842624|13754978136
13725|0|98062|03/01/2024 00:41:00||19140|4024118920|5939531840
14278|0|86419|03/01/2024 04:41:15||4725|48308512|50910616
13788|0|79886|03/01/2024 01:18:41||16879|7537574312|7886369520
13812|0|86414|03/01/2024 01:27:41||16339|2543065424|3358526800
12829|0|69115|02/01/2024 18:12:59||42421|683071264|736717800
13789|0|41752|03/01/2024 01:18:30||16890|4819058728|5361874792
14174|0|85231|03/01/2024 04:04:57||6903|3294931328|4927511648
14088|0|11838|03/01/2024 03:25:23||9277|1441275816|1823511200
13790|0|46819|03/01/2024 01:12:16||17264|195307040|292656784
13389|0|17534|02/01/2024 22:12:41||28039|7093278520|7211146296
14229|0|86974|03/01/2024 04:28:49||5471|2451203016|2495800000
13256|0|63283|02/01/2024 21:16:36||31404|30346355976|19881771456
13124|0|83443|02/01/2024 20:18:42||34878|1955473568|2868128056
13235|0|89997|02/01/2024 21:04:09||32151|82979113088|218839855368
14009|0|29503|03/01/2024 02:50:39||11361|21797421912|56943942512
13096|0|32170|02/01/2024 20:08:47||35473|162037299336|432793496952
13236|0|39735|02/01/2024 21:03:19||32201|9258305296|9417667912
14230|0|73047|03/01/2024 04:27:59||5521|403132064|549696136
13144|0|53819|02/01/2024 20:27:09||34371|186955475176|143462727704
14130|0|67772|03/01/2024 03:48:19||7901|2147481032|2374182824
13329|0|43289|02/01/2024 21:41:00||29940|2095593528|2188456328
14033|0|69672|03/01/2024 03:04:14||10546|3735156504|4591319568
12420|0|66998|02/01/2024 15:34:29||51931|9426452480|12549090024
14299|0|66862|03/01/2024 04:50:42||4158|14118181136|37728107096
12286|0|13812|02/01/2024 14:42:58||55022|7773355376|10197253656
12855|0|33806|02/01/2024 18:27:24||41556|12266883688|15628480664
13019|0|9727|02/01/2024 19:31:20||37720|82349913160|180593068936
14231|0|21573|03/01/2024 04:24:02||5758|882393056|1308741864
13410|0|42861|02/01/2024 22:24:24||27336|2054096728|2467468552
14378|0|67613|03/01/2024 05:27:28||1952|299207176|351336768
14443|0|93139|03/01/2024 05:53:57||363|1474368|1696192
13454|0|76826|02/01/2024 22:44:43||26117|1945990304|2648353448
13282|0|61774|02/01/2024 21:26:08||30832|15459937160|22511980008
13482|0|64769|02/01/2024 22:53:41||25579|238508216|298229296
14175|0|84827|03/01/2024 04:05:19||6881|61866370560|35722338416
13965|0|60623|03/01/2024 02:34:07||12353|3368464800|4268192536
13791|0|84902|03/01/2024 01:16:55||16985|5744305048|6298463008
11636|0|98665|02/01/2024 10:17:17||70963|21657883864|30423576840
13966|0|73673|03/01/2024 02:30:13||12587|18187629304|42558629648
13864|0|64277|03/01/2024 01:49:28||15032|2455133184|3601932240
13345|0|7301|02/01/2024 21:57:42||28938|2783540624|3011800520
12315|0|35841|02/01/2024 14:52:25||54455|23545588128|35284980488
14034|0|73608|03/01/2024 03:03:00||10620|2991759008|4145666440
12166|0|98838|02/01/2024 13:51:43||58097|22670436920|25543268496
14354|0|53581|03/01/2024 05:10:53||2947|262521368|288177792
12699|0|55477|02/01/2024 17:21:09||45531|9480678088|13639424000
13833|0|81050|03/01/2024 01:36:34||15806|1396120488|1456445968
13432|0|44132|02/01/2024 22:38:59||26461|7666736032|9655190112
14379|0|42655|03/01/2024 05:28:52||1868|164660288|176324920
14112|0|42845|03/01/2024 03:33:45||8775|2534338512|2627632864
13283|0|32908|02/01/2024 21:23:01||31019|6106542072|6658446560
12968|0|97187|02/01/2024 19:15:54||38646|74832344|101299176
14326|0|40880|03/01/2024 05:04:26||3334|377158248|512111024
14279|0|63427|03/01/2024 04:40:01||4799|42178448|48247416
13020|0|49992|02/01/2024 19:39:05||37255|57585150696|171115317024
14176|0|96618|03/01/2024 04:09:49||6611|1621942272|1703162976
14177|0|26594|03/01/2024 04:00:09||7191|2488662560|2499300016
14205|0|41313|03/01/2024 04:11:49||6491|3973457824|5250642152
14355|0|49965|03/01/2024 05:11:47||2893|194221952|205358528
13187|0|71810|02/01/2024 20:42:43||33437|3737791264|4714836952
13071|0|25089|02/01/2024 19:58:01||36119|27462128256|28378173240
14089|0|73296|03/01/2024 03:24:38||9322|24791857856|50939254392
13208|0|69431|02/01/2024 20:58:40||32480|70543057640|144287970944
14178|0|61911|03/01/2024 04:03:19||7001|1567890432|2057456272
13574|0|57084|02/01/2024 23:37:35||22945|5284919336|5877566328
13209|0|3894|02/01/2024 20:51:55||32885|11788297416|13335286456
13346|0|97358|02/01/2024 21:57:55||28925|6643561320|7530305280
13021|0|44704|02/01/2024 19:38:44||37276|6602392824|8060551144
13741|0|13628|03/01/2024 00:57:00||18180|5966550848|6271872480
14405|0|42803|03/01/2024 05:32:27||1653|57559072|61612208
14327|0|57579|03/01/2024 05:07:41||3139|3644021336|7975391376
12998|0|18352|02/01/2024 19:29:52||37808|58153402896|140351384200
12620|0|40130|02/01/2024 16:55:06||47094|1320560656|1960020696
13914|0|83617|03/01/2024 02:02:43||14237|2379672040|2853409920
14206|0|31738|03/01/2024 04:16:43||6197|491613176|512123512
14090|0|88441|03/01/2024 03:29:25||9035|9172452120|9906406488
12749|0|79796|02/01/2024 17:46:17||44023|7362446424|9703087184
14356|0|28470|03/01/2024 05:15:47||2653|339346144|486159744
13792|0|16084|03/01/2024 01:16:41||16999|3064719800|3473139192
14091|0|55010|03/01/2024 03:28:42||9078|37615836080|86042446152
14328|0|17382|03/01/2024 05:00:49||3551|1823535816|2094952032
13575|0|12313|02/01/2024 23:36:47||22993|7764410752|9556227712
13865|0|64019|03/01/2024 01:45:44||15256|602267720|661075680
13660|0|30099|03/01/2024 00:18:51||20469|1931520552|2082046960
14444|0|87230|03/01/2024 05:55:22||278|147464544|202115792
14357|0|40487|03/01/2024 05:14:15||2745|346968496|414922608
14035|0|90006|03/01/2024 03:02:52||10628|1517384456|2171951952
14061|0|9790|03/01/2024 03:19:36||9624|2299579584|2401807080
13967|0|40270|03/01/2024 02:31:06||12534|2024087360|2092885200
12553|0|37491|02/01/2024 16:23:53||48967|1299210352|1785429064
13505|0|21264|02/01/2024 23:03:43||24977|3978752736|4737153496
12940|0|12808|02/01/2024 19:04:31||39329|3164784384|3365344136
12340|0|42522|02/01/2024 15:00:45||53955|9171818168|10030130776
14424|0|62169|03/01/2024 05:43:13||1007|656570096|747656888
12971|0|56903|02/01/2024 19:16:38||38602|6718884368|6737068056
13931|0|34817|03/01/2024 02:14:06||13554|1187767728|1268614688
14113|0|26763|03/01/2024 03:35:34||8666|569172112|830850920
12098|0|69971|02/01/2024 13:21:39||59901|4247577792|4688096976
14425|0|76903|03/01/2024 05:48:03||717|108850568|140134504
14179|0|57927|03/01/2024 04:08:25||6695|1972825520|2083432048
11718|0|42738|02/01/2024 10:48:46||69074|11537296808|14539942832
14380|0|83656|03/01/2024 05:25:31||2069|193420584|252807168
13685|0|57316|03/01/2024 00:25:11||20089|3808482800|4657186864
14406|0|99802|03/01/2024 05:35:26||1474|155110152|188115672
12422|0|35952|02/01/2024 15:37:16||51764|7461410888|8152231400
12479|0|11537|02/01/2024 15:59:37||50423|29230208624|30219842680
13632|0|90151|03/01/2024 00:03:15||21405|7148194584|10455519792
13591|0|10821|02/01/2024 23:49:09||22251|2671258200|3275799496
13968|0|56399|03/01/2024 02:39:18||12042|4687511984|6679247992
13616|0|48388|02/01/2024 23:52:31||22049|4534300040|4665337072
12394|0|71230|02/01/2024 15:21:44||52696|4280022800|4302696088
13889|0|79678|03/01/2024 01:56:50||14590|244254472|359713368
12593|0|79049|02/01/2024 16:40:55||47945|5321845408|5399891712
12395|0|20804|02/01/2024 15:27:06||52374|15623870936|16256438512
13915|0|71963|03/01/2024 02:09:02||13858|147893640|150702704
12973|0|8331|02/01/2024 19:12:06||38874|1201077384|1539341768
13633|0|65972|03/01/2024 00:00:32||21568|3865539184|4709599576
12289|0|59898|02/01/2024 14:48:54||54666|222941970880|456752913360
14114|0|65105|03/01/2024 03:37:54||8526|2441292240|3256653608
14426|0|88869|03/01/2024 05:47:27||753|200889984|227884040
12505|0|31822|02/01/2024 16:00:56||50344|15770973296|19507171536
13072|0|14425|02/01/2024 19:53:07||36413|16965062232|17180882728
13866|0|77299|03/01/2024 01:47:28||15152|530417808|607862240
14036|0|84094|03/01/2024 03:07:02||10378|4354112496|6024501320
13661|0|31414|03/01/2024 00:13:31||20789|7706723512|8734863592
13023|0|32234|02/01/2024 19:31:23||37717|131273007264|292746257352
13045|0|48010|02/01/2024 19:46:36||36804|126435838312|247974448392
12830|0|57917|02/01/2024 18:10:38||42562|14963440424|15441637808
13301|0|35194|02/01/2024 21:36:02||30238|1153736336|1477219968
12857|0|6013|02/01/2024 18:25:05||41695|3309061304|3430536552
13366|0|13940|02/01/2024 22:02:40||28640|3783251816|5450034976
13483|0|91452|02/01/2024 22:55:10||25490|4183488072|4406622056
14358|0|72819|03/01/2024 05:19:04||2456|80472456|81613840
14207|0|69724|03/01/2024 04:15:06||6294|758892888|835709640
13634|0|54749|03/01/2024 00:04:12||21348|1831930024|2170737144
12594|0|20365|02/01/2024 16:44:29||47731|11827381808|12021753560
11923|0|51469|02/01/2024 12:12:22||64058|12304350496|18385882264
12974|0|4076|02/01/2024 19:18:24||38496|112899756568|230484545712
14010|0|61002|03/01/2024 02:57:18||10962|22851677288|53569953344
13097|0|14216|02/01/2024 20:09:17||35443|34383038152|38611238040
11822|0|50648|02/01/2024 11:29:33||66627|143932637280|421492991480
14445|0|65854|03/01/2024 05:58:26||94|22978000|25298808
13098|0|14086|02/01/2024 20:09:40||35420|9451892200|11248671744
13046|0|59647|02/01/2024 19:47:27||36753|5496082472|6996695328
13686|0|69690|03/01/2024 00:26:19||20021|1111821680|1141497584
12450|0|58138|02/01/2024 15:42:04||51476|3164915040|3223802320
14151|0|90465|03/01/2024 03:53:55||7565|6315869896|16324871520
14300|0|44230|03/01/2024 04:58:56||3664|535665416|605248704
13532|0|59761|02/01/2024 23:18:48||24072|11241509992|15531591488
13726|0|68548|03/01/2024 00:42:25||19055|6318922984|7596853584
13742|0|75757|03/01/2024 00:50:32||18568|2948215288|3026035256
14092|0|46140|03/01/2024 03:23:54||9366|2685104032|3383532200
12832|0|63740|02/01/2024 18:16:50||42190|11286706192|14950500088
13867|0|68233|03/01/2024 01:47:14||15166|4736104712|6914871064
13457|0|67432|02/01/2024 22:41:09||26331|7068293392|9484772720
13367|0|78976|02/01/2024 22:06:53||28387|9120833528|9524771680
13556|0|34893|02/01/2024 23:28:26||23494|2597085208|2637339920
12755|0|90478|02/01/2024 17:46:31||44009|14403881840|15788953552
13687|0|45456|03/01/2024 00:22:43||20237|2915203480|3410348528
13458|0|62835|02/01/2024 22:40:29||26371|2867998472|2868446792
13166|0|80460|02/01/2024 20:39:10||33650|9738980320|14474314416
13347|0|60476|02/01/2024 21:54:12||29148|6597859176|9801005832
14208|0|63560|03/01/2024 04:13:10||6410|5154285760|7481109600
12903|0|25048|02/01/2024 18:46:24||40416|5564714096|6609621312
13506|0|27227|02/01/2024 23:05:24||24876|4113370920|4502581368
12342|0|70487|02/01/2024 15:06:26||53614|17319497176|20174530720
13744|0|80258|03/01/2024 00:58:31||18089|2569606528|3156181600
13970|0|72588|03/01/2024 02:32:53||12427|14474650680|33284547664
13635|0|72139|03/01/2024 00:04:49||21311|2433098936|3326808696
13992|0|64222|03/01/2024 02:48:20||11500|1285598648|1510856432
14209|0|47934|03/01/2024 04:12:44||6436|1917602600|2016186112
13284|0|57723|02/01/2024 21:21:50||31090|830014096|1094396704
14037|0|18001|03/01/2024 03:09:50||10210|12734763264|34409105384
12623|0|57621|02/01/2024 16:56:15||47025|822936272|1096479360
12531|0|21811|02/01/2024 16:11:04||49736|4465429600|4618774336
13945|0|34470|03/01/2024 02:26:51||12789|3861830136|4626463904
13993|0|6911|03/01/2024 02:41:33||11907|6757017432|5467969552
14427|0|45514|03/01/2024 05:44:56||904|91051888|130263512
12756|0|73388|02/01/2024 17:41:44||44296|65160329408|130116009304
12858|0|89298|02/01/2024 18:23:24||41796|2691810792|3882025144
13636|0|14240|03/01/2024 00:06:36||21204|650115992|762399472
13745|0|5332|03/01/2024 00:54:11||18349|6191979376|6561403032
14131|0|53873|03/01/2024 03:46:35||8005|4373219328|4737664672
14301|0|87556|03/01/2024 04:56:56||3784|441853712|621921512
13592|0|47809|02/01/2024 23:44:20||22540|797452184|932098736
13048|0|62011|02/01/2024 19:41:39||37101|77577177400|167148269032
14152|0|28891|03/01/2024 03:52:01||7679|1044050640|1317547432
14132|0|64286|03/01/2024 03:48:24||7896|2192327696|2984421696
14153|0|75798|03/01/2024 03:58:31||7289|1672888640|1995185832
14232|0|46043|03/01/2024 04:27:17||5563|149776760|156967488
13330|0|56440|02/01/2024 21:41:02||29938|6102645016|7070469072
14329|0|87270|03/01/2024 05:01:09||3531|30426928|39377280
13302|0|53853|02/01/2024 21:32:11||30469|3046514720|3170832120
14154|0|89783|03/01/2024 03:53:06||7614|540050200|546891584
13534|0|45445|02/01/2024 23:14:08||24352|56198269280|150788150024
13793|0|10739|03/01/2024 01:18:23||16897|1062042216|1253063992
12728|0|19406|02/01/2024 17:35:03||44697|4405234680|6136716440
14133|0|39139|03/01/2024 03:45:10||8090|960921248|1211331288
14381|0|72308|03/01/2024 05:25:24||2076|3704952064|10929451496
14330|0|57089|03/01/2024 05:06:05||3235|43188080|54000136
12833|0|36401|02/01/2024 18:11:44||42496|18359000032|19655994456
13637|0|27504|03/01/2024 00:02:03||21477|1434487864|2017024288
14155|0|41731|03/01/2024 03:53:00||7620|404897616|605422864
13535|0|57612|02/01/2024 23:15:21|03/01/2024 05:50:49|23728|4308368712|4824237104
14446|0|57612|03/01/2024 05:51:57||483|172384144|196046040
13576|0|70544|02/01/2024 23:31:40||23300|6721680672|6978242312
12807|0|45025|02/01/2024 18:08:19||42701|17720682360|18777917008
13190|0|57900|02/01/2024 20:48:52||33068|54095641360|117713818512
13946|0|74976|03/01/2024 02:26:11||12829|437210784|508685912
13890|0|73120|03/01/2024 01:51:09||14931|6761625896|8999063424
11925|0|6561|02/01/2024 12:13:15||64005|37977202592|47012122344
14062|0|56185|03/01/2024 03:18:44||9676|34680171368|66436708728
13813|0|54872|03/01/2024 01:20:10||16790|65043662808|140587354376
14180|0|84742|03/01/2024 04:08:13||6707|3205521256|3376827368
14248|0|28135|03/01/2024 04:37:42||4938|3303251664|4618466712
13507|0|85209|02/01/2024 23:07:25||24755|8699658040|10680955368
12568|0|97025|02/01/2024 16:33:29||48391|4049266128|5610754128
13459|0|57478|02/01/2024 22:42:59||26221|7420750248|9760481920
12291|0|41512|02/01/2024 14:45:38||54862|15799364416|22512667256
13099|0|83204|02/01/2024 20:08:50||35470|7691575408|8182947240
14302|0|82698|03/01/2024 04:50:42||4158|28891696|30400864
14011|0|26199|03/01/2024 02:53:24||11196|23280238112|47300799776
13688|0|36075|03/01/2024 00:24:42||20118|1057863840|1321445072
13638|0|99286|03/01/2024 00:07:39||21141|8446052856|11484545632
14134|0|22708|03/01/2024 03:40:35||8365|3046343680|3112815920
12317|0|98465|02/01/2024 14:57:47||54133|46322812072|48821264272
14156|0|37387|03/01/2024 03:55:05||7495|477803912|530467624
12099|0|25393|02/01/2024 13:26:44||59596|19226126288|22301832400
14210|0|32548|03/01/2024 04:16:33||6207|1400884512|1548411016
13126|0|95133|02/01/2024 20:19:45||34815|2124130192|2995642888
14359|0|46481|03/01/2024 05:19:04||2456|210662360|239359744
13663|0|80114|03/01/2024 00:14:51||20709|495267256|707266576
12006|0|39283|02/01/2024 12:44:35||62125|966400056|1249856160
13100|0|49972|02/01/2024 20:01:10||35930|7964819472|11642926264
14428|0|13402|03/01/2024 05:49:11||649|156887984|187962568
13947|0|38043|03/01/2024 02:29:42||12618|487551544|524313040
13303|0|92526|02/01/2024 21:38:54||30066|54479662224|145437915944
12780|0|98102|02/01/2024 17:51:37||43703|9159210328|9704135256
14280|0|64851|03/01/2024 04:44:48||4512|143904216|168617376
13932|0|79969|03/01/2024 02:17:04||13376|1845773520|2389265008
14181|0|38044|03/01/2024 04:00:39||7161|22285959016|58594836440
13794|0|82683|03/01/2024 01:18:00||16920|662140272|803495408
12859|0|80405|02/01/2024 18:20:34||41966|8809956728|9734414728
13834|0|23312|03/01/2024 01:37:14||15766|22381282808|57003739696
13639|0|28738|03/01/2024 00:06:38||21202|1493683752|1656550232
13994|0|12906|03/01/2024 02:49:53||11407|1412345808|1877295680
14249|0|16883|03/01/2024 04:36:11||5029|114607944|165183936
13460|0|99463|02/01/2024 22:46:07||26033|9750990232|12998657240
13536|0|8409|02/01/2024 23:11:23||24517|5057296376|5179097120
12942|0|20031|02/01/2024 19:09:27||39033|4476602008|5444730064
13391|0|84421|02/01/2024 22:17:17||27763|2528689080|3245001096
14211|0|18018|03/01/2024 04:15:50||6250|9625467952|21307828344
12904|0|16393|02/01/2024 18:49:18||40242|1741698264|1755830608
14331|0|54462|03/01/2024 05:08:02||3118|262761440|310130656
13411|0|90193|02/01/2024 22:21:58||27482|8381550072|10165641144
13001|0|50551|02/01/2024 19:23:34||38186|8141003856|8605924120
13028|0|73988|02/01/2024 19:35:34||37466|101809904008|259714115168
13795|0|75523|03/01/2024 01:17:21||16959|163981904|195798112
13796|0|82514|03/01/2024 01:11:20||17320|1982725120|2760614648
13797|0|82779|03/01/2024 01:15:14||17086|588392888|807003832
13702|0|61768|03/01/2024 00:32:01||19679|3583676152|5062845088
12943|0|65673|02/01/2024 19:00:30||39570|7479524392|8103998056
13145|0|53397|02/01/2024 20:28:34||34286|8815361800|12556816856
13537|0|24060|02/01/2024 23:15:59||24241|592024840|631377744
13664|0|93252|03/01/2024 00:10:45||20955|6243834264|9110813008
13433|0|87489|02/01/2024 22:30:57||26943|22682114264|24615113168
12920|0|74631|02/01/2024 18:53:46||39974|104428836280|268298182736
14182|0|90503|03/01/2024 04:06:34||6806|3056669672|3874100840
13211|0|25951|02/01/2024 20:51:51||32889|114361470064|274266315344
13577|0|23062|02/01/2024 23:34:05||23155|5116562256|7245244296
13971|0|52819|03/01/2024 02:33:55||12365|1345431160|1917559784
14429|0|98547|03/01/2024 05:47:36||744|64198032|89530352
13304|0|7726|02/01/2024 21:35:02||30298|2953927320|3668292184
14303|0|33890|03/01/2024 04:57:54||3726|457383704|535028184
14407|0|93283|03/01/2024 05:38:38||1282|22632216|22658464
14281|0|83858|03/01/2024 04:45:19||4481|440465704|572269584
13727|0|76372|03/01/2024 00:43:16||19004|3047163280|3945868376
13916|0|20221|03/01/2024 02:00:09||14391|1071508808|1532220040
14447|0|24050|03/01/2024 05:55:54||246|729881648|1867270704
13484|0|52234|02/01/2024 22:57:27||25353|2170885808|2322044080
14212|0|41079|03/01/2024 04:11:10||6530|3677710616|4107663064
13461|0|54758|02/01/2024 22:48:25||25895|5420809736|6193854288
14135|0|88082|03/01/2024 03:49:56||7804|1291129808|1392256928
13728|0|95089|03/01/2024 00:49:10|03/01/2024 05:56:24|18434|11360771584|14785774288
14448|0|95089|03/01/2024 05:57:15||165|125867632|139404360
13835|0|15843|03/01/2024 01:38:25||15695|1309470792|1390907160
13348|0|53942|02/01/2024 21:56:41||28999|9650403632|14135280272
12320|0|38360|02/01/2024 14:51:25||54515|217029312136|546063259752
13412|0|23710|02/01/2024 22:25:55||27245|6944820424|7023124264
13393|0|32448|02/01/2024 22:16:21||27819|16341913136|16967328240
13413|0|40142|02/01/2024 22:25:48||27252|67508685112|131813145000
13168|0|93299|02/01/2024 20:33:03||34017|549217088|812161736
12371|0|58879|02/01/2024 15:10:21||53379|20656240632|21016289048
14449|0|58524|03/01/2024 05:50:38||562|45087504|53107552
13101|0|40896|02/01/2024 20:01:46||35894|17981173696|20466840104
14116|0|58730|03/01/2024 03:34:22||8738|911976824|947657320
12676|0|63108|02/01/2024 17:12:50||46030|8632389440|12288617360
13169|0|77305|02/01/2024 20:31:03||34137|15825713904|15989141992
14250|0|57589|03/01/2024 04:32:57||5223|58285432|62967816
13972|0|29962|03/01/2024 02:39:52||12008|13469274592|8683908944
13933|0|25861|03/01/2024 02:11:16||13724|3279784080|4254211584
14039|0|15805|03/01/2024 03:06:20||10420|1519173456|1718054328
14040|0|24091|03/01/2024 03:02:46||10634|1133883392|1639010600
14251|0|97040|03/01/2024 04:30:43||5357|1053757464|1103092768
13729|0|37693|03/01/2024 00:42:39||19041|4533736096|6547840688
13891|0|34384|03/01/2024 01:56:36||14604|910126376|1018322720
12425|0|6143|02/01/2024 15:35:50||51850|12415466904|16098351160
13462|0|57108|02/01/2024 22:43:35||26185|14070053608|19610941536
12944|0|32846|02/01/2024 19:09:31||39029|11680609680|16135196528
13170|0|26294|02/01/2024 20:30:59||34141|9255861480|11671102184
13286|0|91423|02/01/2024 21:20:13||31187|6722840104|9499590424
14430|0|50286|03/01/2024 05:47:44||736|175736424|253883776
13240|0|15261|02/01/2024 21:01:14||32326|3529014792|3573469560
13948|0|89698|03/01/2024 02:23:58||12962|781217736|1105277616
14408|0|5298|03/01/2024 05:31:05||1735|128433288|157508704
13241|0|58102|02/01/2024 21:02:20||32260|935348368|1364688792
13703|0|99181|03/01/2024 00:30:40||19760|1679014272|1967258480
14213|0|19829|03/01/2024 04:13:52||6368|753546496|952641744
13704|0|33153|03/01/2024 00:37:17||19363|8219271744|9843844560
13594|0|81041|02/01/2024 23:40:45||22755|2070466544|2573991144
14409|0|77343|03/01/2024 05:33:36||1584|121789016|152144520
14252|0|51755|03/01/2024 04:30:56||5344|16446466552|41787175328
13414|0|93848|02/01/2024 22:26:28||27212|562380216|821657296
13918|0|15106|03/01/2024 02:02:54||14226|1230008944|1775819968
13640|0|98240|03/01/2024 00:00:30||21570|17019186880|47494421952
12923|0|38598|02/01/2024 18:52:09||40071|5318288608|7775979376
14093|0|72617|03/01/2024 03:22:39||9441|9730657056|10803037744
14332|0|91669|03/01/2024 05:05:27||3273|114158888|159799720
13690|0|29100|03/01/2024 00:24:57||20103|4027509272|5524110928
12924|0|47709|02/01/2024 18:50:50||40150|13077512|17012944
13836|0|23636|03/01/2024 01:30:10||16190|1061194920|1304274408
14041|0|91634|03/01/2024 03:06:22||10418|1077690592|1293161280
13578|0|12052|02/01/2024 23:34:56||23104|2827709768|3023119096
14094|0|39240|03/01/2024 03:24:07||9353|1109833576|1483237128
13213|0|93907|02/01/2024 20:51:25||32915|295490792|396381512
13995|0|72075|03/01/2024 02:47:47||11533|1192348048|1464748592
13869|0|78045|03/01/2024 01:45:54||15246|743323472|959972792
14253|0|28624|03/01/2024 04:37:48||4932|1559045112|2204811168
13837|0|89377|03/01/2024 01:30:59||16141|5243797048|7373952800
13463|0|25899|02/01/2024 22:48:03||25917|719996520|813949640
14233|0|77649|03/01/2024 04:26:40||5600|2874018112|4022355744
12128|0|16196|02/01/2024 13:33:48||59172|17332271072|17528293944
14095|0|80306|03/01/2024 03:29:42||9018|1270324976|1330989032
12398|0|69493|02/01/2024 15:21:08||52732|4564277208|6476574128
14184|0|13627|03/01/2024 04:09:19||6641|1564727264|1588477520
14234|0|66943|03/01/2024 04:27:07||5573|5581042536|6070423240
14382|0|90729|03/01/2024 05:20:41||2359|154049000|224328280
14360|0|55543|03/01/2024 05:18:17||2503|116107408|118411376
12507|0|49985|02/01/2024 16:05:01||50099|60033396320|118168456608
13050|0|87943|02/01/2024 19:48:48||36672|71990287440|192497360448
13746|0|10817|03/01/2024 00:57:46||18134|13192109712|15622839344
13747|0|91413|03/01/2024 00:55:07||18293|1830393208|2273054784
13871|0|51087|03/01/2024 01:46:50||15190|7568205968|7786360832
13641|0|36071|03/01/2024 00:09:56||21004|6726676120|7283203400
14157|0|82979|03/01/2024 03:55:54||7446|697672560|911408248
14410|0|64117|03/01/2024 05:30:43||1757|20533696|28782232
13260|0|8779|02/01/2024 21:12:20||31660|1606838976|2297134280
13261|0|61636|02/01/2024 21:12:21||31659|6726786952|8132376384
13508|0|7096|02/01/2024 23:04:30||24930|14406013328|15263993152
12452|0|3879|02/01/2024 15:43:20||51400|25709615720|28910488128
12945|0|86364|02/01/2024 19:02:38||39442|9019971200|12376318504
14042|0|63244|03/01/2024 03:04:01||10559|1509708696|1851797952
13214|0|62485|02/01/2024 20:54:29||32731|5553085208|6848505840
14431|0|64240|03/01/2024 05:40:22||1178|342855896|346272712
12598|0|51283|02/01/2024 16:40:32||47968|3301779360|4073080072
13029|0|48358|02/01/2024 19:35:13||37487|4370142624|6430422136
12372|0|95628|02/01/2024 15:11:02||53338|15319069800|19032604832
14158|0|41827|03/01/2024 03:56:52||7388|374518120|551389560
12244|0|25364|02/01/2024 14:23:17||56203|101009840264|199015727816
12484|0|93417|02/01/2024 15:59:05||50455|11867346448|11906925088
12599|0|99055|02/01/2024 16:44:07||47753|9012888224|11785526640
14096|0|52740|03/01/2024 03:21:24||9516|1530331184|1779392624
12946|0|58821|02/01/2024 19:01:47||39493|6338061952|8918696792
14282|0|8062|03/01/2024 04:42:54||4626|748320856|951489592
13464|0|84155|02/01/2024 22:43:03||26217|392638000|438506496
13595|0|84826|02/01/2024 23:43:55|03/01/2024 05:53:10|22155|2664379368|2684852912
12626|0|77115|02/01/2024 16:59:45||46815|4136358384|4755583432
13486|0|30851|02/01/2024 22:56:14||25426|1146821984|1421353144
13104|0|60730|02/01/2024 20:05:00||35700|3950377648|5639558016
13287|0|85659|02/01/2024 21:22:19||31061|272164400|337295152
13487|0|60821|02/01/2024 22:55:28||25472|3196648256|4012650856
14235|0|7655|03/01/2024 04:28:32||5488|7166509608|9740192112
11855|0|37427|02/01/2024 11:35:40||66260|3896760872|4950723144
13691|0|71821|03/01/2024 00:29:12||19848|1903774912|2169120832
13242|0|36103|02/01/2024 21:05:34||32066|17814900752|21570375960
12810|0|41850|02/01/2024 18:06:25||42815|4332700976|6252090368
14063|0|40103|03/01/2024 03:19:03||9657|1885008120|2408158712
13692|0|74918|03/01/2024 00:23:02||20218|9727040352|14268869496
14450|0|59285|03/01/2024 05:56:47||193|6078000|8131816
14064|0|49389|03/01/2024 03:11:40||10100|845603704|976887896
13434|0|97603|02/01/2024 22:31:08||26932|2221764544|2743538384
13872|0|38989|03/01/2024 01:43:31||15389|4101907648|4327309048
13538|0|86023|02/01/2024 23:19:02||24058|7172440160|10273176736
14283|0|85185|03/01/2024 04:45:50||4450|122895064|129860232
13799|0|57109|03/01/2024 01:18:11||16909|4399935344|5404397776
13466|0|61807|02/01/2024 22:40:07||26393|485659360|707547792
13031|0|95204|02/01/2024 19:30:29||37771|144667984|177994840
14065|0|40578|03/01/2024 03:10:25||10175|1823301576|2394965784
14284|0|33020|03/01/2024 04:46:42||4398|708177448|796824072
11874|0|30647|02/01/2024 11:49:42||65418|28716506352|31864909048
14097|0|62151|03/01/2024 03:21:43||9497|1283945984|1897897008
12170|0|26361|02/01/2024 13:58:55||57665|11990052600|16879489680
12835|0|74728|02/01/2024 18:13:00||42420|21118302560|31368627016
12322|0|77675|02/01/2024 14:56:25||54215|9273564120|11432413936
13467|0|14526|02/01/2024 22:42:08||26272|8131798816|9359760232
12349|0|16532|02/01/2024 15:03:14||53806|26545195440|30420792904
13305|0|67503|02/01/2024 21:35:08||30292|4724428224|6273137848
13468|0|90068|02/01/2024 22:42:53||26227|8780796632|12657703344
13395|0|31054|02/01/2024 22:10:04||28196|4050281272|4271308416
13800|0|37021|03/01/2024 01:12:35||17245|2177033872|2752777160
14254|0|74143|03/01/2024 04:35:34||5066|1501302776|1684121152
11930|0|73320|02/01/2024 12:16:25||63815|10260329504|12265569768
14012|0|81360|03/01/2024 02:51:29||11311|22099291880|43838558416
14333|0|28987|03/01/2024 05:00:00||3600|3824636968|7344864976
14361|0|64326|03/01/2024 05:19:47||2413|481892152|654745384
13707|0|52587|03/01/2024 00:38:47||19273|15604343352|31290344112
13934|0|47997|03/01/2024 02:12:27||13653|1087404512|1493549936
13839|0|50867|03/01/2024 01:34:33||15927|1134589128|1424885760
13215|0|89679|02/01/2024 20:59:15||32445|12343234344|13153349568
13417|0|60110|02/01/2024 22:29:51||27009|4111164392|4723310408
11957|0|61819|02/01/2024 12:23:51||63369|7915775320|10345506080
14185|0|19178|03/01/2024 04:06:51||6789|137661832|151963616
12948|0|10537|02/01/2024 19:02:35||39445|412752000|566858960
14411|0|40603|03/01/2024 05:31:18||1722|198202288|201737056
12860|0|86607|02/01/2024 18:27:13||41567|96635065392|192681170480
14186|0|26748|03/01/2024 04:00:21||7179|1872428768|2584116200
13306|0|61221|02/01/2024 21:32:02||30478|3372303400|3797331624
13488|0|39802|02/01/2024 22:58:04||25316|5255893064|6329647304
13171|0|63578|02/01/2024 20:38:06||33714|50591502376|101669374096
14187|0|53347|03/01/2024 04:07:07||6773|179829120|208840248
13693|0|4106|03/01/2024 00:26:35||20005|51838528368|96888985880
11891|0|96027|02/01/2024 11:58:23||64897|1943545200|2028172640
12882|0|86994|02/01/2024 18:38:19||40901|6618351608|7641061192
14383|0|38660|03/01/2024 05:28:38||1882|6582528632|17383184912
13469|0|14558|02/01/2024 22:47:36||25944|7446515112|8359790640
14043|0|33874|03/01/2024 03:03:58||10562|1335151632|1364194384
14334|0|51188|03/01/2024 05:05:21||3279|190029016|205352624
14066|0|93708|03/01/2024 03:16:55||9785|2521597096|3583429976
11987|0|70282|02/01/2024 12:32:25||62855|19376590048|26459626752
12533|0|40723|02/01/2024 16:17:40||49340|5149118872|5954815848
13350|0|72619|02/01/2024 21:59:32||28828|66217998064|159849589784
13558|0|45898|02/01/2024 23:26:57||23583|2982336720|3107407592
13579|0|82756|02/01/2024 23:30:02||23398|2068916600|2260409536
13892|0|37349|03/01/2024 01:50:02||14998|53923725064|144673172680
12600|0|62081|02/01/2024 16:40:16||47984|62497644424|44148529184
12571|0|8183|02/01/2024 16:33:19||48401|13148413328|17645621528
13873|0|98961|03/01/2024 01:48:14||15106|7103220416|10405463256
14451|0|12671|03/01/2024 05:53:14||406|132561032|137079224
13935|0|21420|03/01/2024 02:15:17||13483|2401914360|2961357440
14013|0|14586|03/01/2024 02:58:28||10892|313163848|382431072
12324|0|98312|02/01/2024 14:53:32||54388|8460384584|8754665752
14384|0|95348|03/01/2024 05:28:14||1906|580903408|699445624
13840|0|54205|03/01/2024 01:36:10||15830|3690369872|4885644064
13396|0|38338|02/01/2024 22:11:27||28113|6137055400|7412971576
13642|0|73062|03/01/2024 00:03:52||21368|9970029632|10109986624
13435|0|4636|02/01/2024 22:39:21||26439|11835003216|14332420728
13559|0|26752|02/01/2024 23:25:01||23699|13287729856|18744442928
14098|0|49374|03/01/2024 03:28:34||9086|2305278168|3271116696
13105|0|34760|02/01/2024 20:07:04||35576|10138053920|13415203856
13172|0|54849|02/01/2024 20:34:09||33951|23897598888|27402765312
13106|0|92786|02/01/2024 20:03:04||35816|8630277672|12104978720
14099|0|7858|03/01/2024 03:22:43||9437|35250315344|75541800160
14304|0|58204|03/01/2024 04:54:15||3945|628298752|823410984
14452|0|74424|03/01/2024 05:50:55||545|165644184|205534712
13173|0|66956|02/01/2024 20:32:24||34056|8835526768|9845236776
14305|0|80078|03/01/2024 04:54:44||3916|891436384|897092856
13581|0|17919|02/01/2024 23:31:50||23290|14516572808|16314298336
13539|0|56250|02/01/2024 23:11:34||24506|1526659792|1658050392
14432|0|55039|03/01/2024 05:42:55||1025|55039712|75024392
14335|0|46180|03/01/2024 05:00:25||3575|754495040|881269768
14188|0|80757|03/01/2024 04:01:18||7122|16811179848|43796423064
14136|0|17110|03/01/2024 03:45:55||8045|2260979064|2424137920
13730|0|5980|03/01/2024 00:44:50||18910|5169116152|7057199336
14412|0|64906|03/01/2024 05:34:33||1527|3746081080|8792773064
13893|0|27487|03/01/2024 01:52:31||14849|12364084368|17803301808
12455|0|58689|02/01/2024 15:47:29||51151|14154848264|19337356440
13470|0|39989|02/01/2024 22:49:54||25806|5057730488|6716028952
14255|0|13437|03/01/2024 04:35:16||5084|11208208952|29124508648
12837|0|63619|02/01/2024 18:13:20||42400|2181648960|2927055144
14160|0|85187|03/01/2024 03:50:06||7794|575915016|1618245624
13596|0|80530|02/01/2024 23:41:53||22687|1051022176|1311912112
14189|0|41749|03/01/2024 04:04:25||6935|2346398912|3071531984
14413|0|92076|03/01/2024 05:35:04||1496|1069162904|1556377768
12197|0|72960|02/01/2024 14:07:06||57174|3007419104|3142361888
13082|0|41275|02/01/2024 19:55:23||36277|2028492912|2526230072
14161|0|12077|03/01/2024 03:56:50||7390|417574520|509010096
13842|0|58345|03/01/2024 01:39:32||15628|7686920176|11246855112
13708|0|42647|03/01/2024 00:33:04||19616|886813904|918615312
11959|0|63519|02/01/2024 12:27:23||63157|15603489344|17114452280
13560|0|39760|02/01/2024 23:24:47||23713|2923318792|4324423984
14362|0|27053|03/01/2024 05:12:23||2857|223720544|269397808
12601|0|9829|02/01/2024 16:48:39||47481|3707742792|4507048368
14044|0|82153|03/01/2024 03:01:46||10694|1523419504|1973289592
13936|0|56154|03/01/2024 02:12:10||13670|1173912352|1485396256
12222|0|18965|02/01/2024 14:17:28||56552|8957966952|12781085472
12707|0|56152|02/01/2024 17:25:48||45252|17417990648|23417719136
14118|0|10813|03/01/2024 03:37:39||8541|1057605032|1220276024
14306|0|25365|03/01/2024 04:54:22||3938|875657080|985577224
13191|0|8416|02/01/2024 20:41:26||33514|15493829056|20717912992
13814|0|93018|03/01/2024 01:20:39||16761|3597781936|3991448200
12680|0|55290|02/01/2024 17:13:04||46016|6160672392|9125357496
12223|0|66591|02/01/2024 14:10:30||56970|9295759064|12624941928
13561|0|77560|02/01/2024 23:24:49||23711|14106901072|17834513016
13262|0|82244|02/01/2024 21:18:48||31272|5193786744|7541978120
13512|0|33949|02/01/2024 23:00:01||25199|5944591032|7562219592
13996|0|59169|03/01/2024 02:40:54||11946|1067416048|1414278496
14014|0|18551|03/01/2024 02:56:37||11003|805372808|868981864
14385|0|62443|03/01/2024 05:22:26||2254|579123912|627152824
13666|0|74222|03/01/2024 00:15:03||20697|44263699032|103237709832
14285|0|74794|03/01/2024 04:49:16||4244|7214857824|20683285376
12733|0|14344|02/01/2024 17:30:15||44985|20698182736|21795955080
12246|0|47930|02/01/2024 14:23:27||56193|6136939936|6751976304
12247|0|47501|02/01/2024 14:24:25||56135|13918882592|14925638176
12838|0|98824|02/01/2024 18:12:09||42471|13619398992|14793811184
14214|0|90629|03/01/2024 04:17:25||6155|3193879376|3642372088
13436|0|34787|02/01/2024 22:31:19||26921|3714525736|4550571496
13513|0|97886|02/01/2024 23:03:26||24994|10965433984|15186437072
12602|0|78069|02/01/2024 16:46:47||47593|3681693840|3932960528
12427|0|54413|02/01/2024 15:39:24||51636|13907130880|19478478064
14286|0|10110|03/01/2024 04:42:27||4653|1414078992|1665129840
13540|0|74641|02/01/2024 23:18:16||24104|10141569080|10347326176
13263|0|74651|02/01/2024 21:19:53||31207|1787184152|2626338048
13894|0|75025|03/01/2024 01:54:10||14750|4535509712|5310213816
13748|0|72204|03/01/2024 00:57:04||18176|8297395160|9698949512
14119|0|39364|03/01/2024 03:31:35||8905|2936709016|3359798264
13617|0|87945|02/01/2024 23:52:40||22040|892119032|1038121760
13895|0|12922|03/01/2024 01:58:50||14470|575069576|748609032
14190|0|32244|03/01/2024 04:02:52||7028|1519686536|2161313464
14363|0|12082|03/01/2024 05:11:08||2932|20934272|28782464
13997|0|6171|03/01/2024 02:43:47||11773|651318320|793475016
12299|0|80337|02/01/2024 14:46:24||54816|24631374808|34169733144
13597|0|48767|02/01/2024 23:40:24||22776|2465957128|2723394464
13749|0|38388|03/01/2024 00:50:19||18581|4583910200|6315350104
14100|0|25702|03/01/2024 03:24:32||9328|2493466776|3170542960
14015|0|30767|03/01/2024 02:54:39||11121|136788296|145235824
14307|0|43626|03/01/2024 04:57:45||3735|95661376|99941696
14162|0|37801|03/01/2024 03:51:31||7709|9840195928|24177725928
12488|0|13025|02/01/2024 15:59:09||50451|14246428744|20189438824
12534|0|22544|02/01/2024 16:14:49||49511|2610374488|2930348928
12131|0|20312|02/01/2024 13:30:49||59351|9801068184|10257015192
13563|0|69848|02/01/2024 23:22:14||23866|17527599256|18776656888
14236|0|39740|03/01/2024 04:21:48||5892|1179266704|1220587400
13950|0|35713|03/01/2024 02:21:38||13102|971676096|1335469640
14256|0|30624|03/01/2024 04:39:58||4802|388603328|529520984
13774|0|31251|03/01/2024 01:02:05||17875|477481560|574517712
13175|0|15557|02/01/2024 20:35:12||33888|5145190968|7254547952
14067|0|90301|03/01/2024 03:18:57||9663|2161476664|2831358768
14215|0|59134|03/01/2024 04:16:03||6237|26473665768|59647318144
12429|0|86192|02/01/2024 15:34:52||51908|18666753240|25237109920
13709|0|78500|03/01/2024 00:31:14||19726|4430329464|5066904824
13776|0|79407|03/01/2024 01:03:44||17776|6464871192|8418549488
12949|0|73069|02/01/2024 19:00:29||39571|2490508256|3582537232
13951|0|50002|03/01/2024 02:28:18||12702|1513881560|1543606512
13937|0|15102|03/01/2024 02:19:56||13204|29105946824|71491284464
14386|0|60433|03/01/2024 05:21:00||2340|97254328|133459576
12651|0|78709|02/01/2024 17:03:14||46606|4667448744|4775891704
13750|0|98489|03/01/2024 00:59:52||18008|10644305184|13563256840
13192|0|48741|02/01/2024 20:40:22||33578|7441333456|11089781904
14216|0|64434|03/01/2024 04:19:27||6033|871489920|877076048
13920|0|3892|03/01/2024 02:08:15||13905|8804554744|23997481816
14308|0|6662|03/01/2024 04:54:38||3922|2386653376|3263072984
14068|0|35461|03/01/2024 03:19:15||9645|1221518384|1388769096
12761|0|12088|02/01/2024 17:47:51||43929|12897706192|15006958328
13352|0|17294|02/01/2024 21:52:35||29245|5325036208|6131798080
12327|0|32459|02/01/2024 14:50:00||54600|6790295920|8244378536
13398|0|82127|02/01/2024 22:18:09||27711|7072572904|7143224112
14414|0|56746|03/01/2024 05:32:10||1670|105772848|133156808
13644|0|75667|03/01/2024 00:02:00||21480|29134814432|60281371800
13973|0|88332|03/01/2024 02:34:12||12348|1073427240|1194047488
12884|0|41227|02/01/2024 18:31:23||41317|4157128864|4757999576
14257|0|73136|03/01/2024 04:35:21||5079|178398344|192170040
13542|0|95901|02/01/2024 23:17:27||24153|887136832|1218101064
12200|0|97865|02/01/2024 14:09:12||57048|65811176168|122511544112
14237|0|60882|03/01/2024 04:23:49||5771|5720591896|16837487136
13004|0|96892|02/01/2024 19:23:34||38186|11783608488|15770685592
13667|0|67461|03/01/2024 00:17:55||20525|93653592|95363872
12652|0|9945|02/01/2024 17:04:37||46523|23652272584|27572072384
13005|0|42912|02/01/2024 19:23:48||38172|3394083064|3693090496
12784|0|87026|02/01/2024 17:57:23||43357|176507317184|340745368544
13108|0|38982|02/01/2024 20:05:33||35667|89522459576|197139380712
13564|0|31000|02/01/2024 23:25:57||23643|28302293184|76750178240
12604|0|71511|02/01/2024 16:48:41||47479|8837514840|12211232216
14336|0|26346|03/01/2024 05:05:09||3291|111774976|158181560
13109|0|26218|02/01/2024 20:00:40||35960|9920606592|10435504784
14309|0|39011|03/01/2024 04:51:53||4087|62895752|81178872
12559|0|4972|02/01/2024 16:26:36||48804|14364292152|17463521928
13245|0|92212|02/01/2024 21:08:06||31914|4061603736|4147487736
12684|0|38393|02/01/2024 17:18:56||45664|13482691704|15400723688
13874|0|79268|03/01/2024 01:45:36||15264|4610289656|5830298344
13896|0|85291|03/01/2024 01:57:47||14533|643481880|684717408
14310|0|65088|03/01/2024 04:57:20||3760|124525936|152617904
13006|0|89551|02/01/2024 19:23:36||38184|8639781376|9941732560
13371|0|73483|02/01/2024 22:05:22||28478|20747527832|13601656216
13598|0|88712|02/01/2024 23:48:15||22305|1375091088|1486541456
13265|0|46218|02/01/2024 21:16:30||31410|970559136|1300858024
14137|0|76428|03/01/2024 03:42:44||8236|3793875728|4335779744
14287|0|25789|03/01/2024 04:48:09||4311|913238864|1199309824
12202|0|65370|02/01/2024 14:09:26||57034|14460734312|20400364216
13645|0|92320|03/01/2024 00:06:02||21238|195610160|216949680
13974|0|67216|03/01/2024 02:39:32||12028|330689144|490125160
13146|0|19738|02/01/2024 20:20:51||34749|7110066512|9736909560
14045|0|13917|03/01/2024 03:07:45||10335|1015372488|1390903248
12908|0|27932|02/01/2024 18:48:17||40303|5426003072|7644211656
13110|0|64610|02/01/2024 20:00:15||35985|5060384352|6454679280
12225|0|69341|02/01/2024 14:10:28||56972|5478340856|7335393400
14069|0|43934|03/01/2024 03:13:35||9985|2175975136|2383883848
12272|0|53107|02/01/2024 14:34:11||55549|159491743936|395511648776
11775|0|53092|02/01/2024 11:00:19||68381|5243870088|5605733008
13217|0|42383|02/01/2024 20:53:01||32819|22908143320|24174228728
12735|0|38932|02/01/2024 17:36:20||44620|82966538368|209706791816
13897|0|70346|03/01/2024 01:53:24||14796|4007334200|4761605304
13032|0|17172|02/01/2024 19:39:20||37240|8595593032|11397378360
12051|0|47698|02/01/2024 13:01:42||61098|5988602264|6440780976
13898|0|42168|03/01/2024 01:56:45||14595|7137245432|8394770168
13694|0|27211|03/01/2024 00:20:12||20388|1817439392|2420645904
12560|0|61132|02/01/2024 16:29:10||48650|5900073432|7867618688
14191|0|99120|03/01/2024 04:09:20||6640|6751297872|8362783232
12863|0|76660|02/01/2024 18:23:46||41774|3034645528|4139731496
12813|0|23892|02/01/2024 18:00:46||43154|8301218144|12249763144
14016|0|35867|03/01/2024 02:55:48||11052|253455656|369757216
13599|0|29580|02/01/2024 23:42:44||22636|2411477480|2863904632
13310|0|87581|02/01/2024 21:34:11||30349|1637451288|2281866232
13130|0|70352|02/01/2024 20:14:58||35102|19816471944|22678063288
14311|0|12956|03/01/2024 04:59:35||3625|766671840|883768464
13288|0|43609|02/01/2024 21:26:26||30814|2078388144|2382167944
11880|0|81020|02/01/2024 11:47:11||65569|16765294552|20893056456
14138|0|23048|03/01/2024 03:41:07||8333|1744737120|2614827376
13875|0|30280|03/01/2024 01:41:40||15500|6354382912|6977453464
13266|0|32270|02/01/2024 21:14:35||31525|10900704192|13124650680
14387|0|21853|03/01/2024 05:27:43||1937|163039736|215134944
14258|0|54461|03/01/2024 04:36:27||5013|429777816|544318288
14071|0|75069|03/01/2024 03:15:37||9863|923345008|1188096944
13601|0|31852|02/01/2024 23:43:27||22593|3788639384|3906768304
12708|0|39893|02/01/2024 17:27:48||45132|24302447688|51419922664
12950|0|60185|02/01/2024 19:08:36||39084|9993841400|10170030672
13147|0|98573|02/01/2024 20:29:08||34252|8237318000|8385343512
12885|0|64894|02/01/2024 18:36:18||41022|18988712968|23352193912
13148|0|45060|02/01/2024 20:29:19||34241|8074930624|11473992504
12951|0|39654|02/01/2024 19:09:19||39041|11672188704|13006660576
14259|0|79668|03/01/2024 04:37:42||4938|389270256|455277744
12632|0|38417|02/01/2024 16:51:52||47288|24831144392|15398565984
12561|0|50341|02/01/2024 16:26:30||48810|5418639176|5436535568
14288|0|53738|03/01/2024 04:45:46||4454|722427432|1082015376
14433|0|11302|03/01/2024 05:46:31||809|76019520|102655048
13543|0|5708|02/01/2024 23:12:18||24462|4142917064|5057507736
12633|0|11860|02/01/2024 16:57:01||46979|8150208200|10485558088
13618|0|96844|02/01/2024 23:54:57||21903|1387994904|1697530192
11730|0|80150|02/01/2024 10:44:29||69331|83396590112|168222652752
12786|0|35826|02/01/2024 17:57:53||43327|5773278056|6376230984
12634|0|10803|02/01/2024 16:54:15||47145|2978935080|3134147280
14072|0|45386|03/01/2024 03:15:34||9866|1735953152|2416488408
14217|0|19015|03/01/2024 04:10:09||6591|5027861496|5800675872
12980|0|22375|02/01/2024 19:12:07||38873|12001353528|16554762024
13711|0|62869|03/01/2024 00:38:31||19289|1679142976|1832326480
14073|0|80466|03/01/2024 03:14:31||9929|1521001608|1865379240
12909|0|98794|02/01/2024 18:46:39||40401|3011646808|4299826648
12762|0|57945|02/01/2024 17:40:02||44398|30919394304|34086500248
14017|0|27810|03/01/2024 02:57:35||10945|1035996888|1069912632
14238|0|52043|03/01/2024 04:24:55||5705|863908072|1048027712
14046|0|95103|03/01/2024 03:00:04||10796|22423393368|46249440152
14388|0|78096|03/01/2024 05:27:14||1966|536416040|551253488
14453|0|98179|03/01/2024 05:58:34||86|6402408|7901024
12815|0|68984|02/01/2024 18:01:37||43103|125807376016|335709339336
12010|0|6154|02/01/2024 12:41:10||62330|12389934160|12853598496
14260|0|57795|03/01/2024 04:33:56||5164|52426216|63976784
13332|0|34596|02/01/2024 21:47:09||29571|6088045344|7577745920
12653|0|74448|02/01/2024 17:01:02||46738|9914606064|10041346640
13083|0|7412|02/01/2024 19:50:10||36590|3950374176|4696165632
13952|0|82841|03/01/2024 02:21:45||13095|1457437504|1459693376
12817|0|22156|02/01/2024 18:04:00||42960|106468934240|232375440504
12490|0|36682|02/01/2024 15:51:34||50906|8248087616|11591759752
14101|0|4803|03/01/2024 03:22:51||9429|20340038712|43892964384
13999|0|98113|03/01/2024 02:44:18||11742|380565856|466060464
13289|0|61552|02/01/2024 21:27:12||30768|3005587232|3213411456
13437|0|85239|02/01/2024 22:35:10||26690|339112200|421621072
13802|0|87579|03/01/2024 01:18:36||16884|323368976|403970520
14047|0|93213|03/01/2024 03:06:16||10424|1657268552|2172104944
13976|0|37978|03/01/2024 02:36:53||12187|92828104|119046712
14192|0|56631|03/01/2024 04:08:22||6698|2762307352|3538861264
12686|0|33855|02/01/2024 17:19:10||45650|11250260464|15524938312
14337|0|86335|03/01/2024 05:09:16||3044|167844672|242419192
12654|0|4484|02/01/2024 17:03:58||46562|5953669440|7881873128
13977|0|3904|03/01/2024 02:34:31||12329|301906456|314720288
13008|0|50675|02/01/2024 19:23:06||38214|3604941536|4582375808
14389|0|16540|03/01/2024 05:29:05||1855|488917640|503817496
13133|0|14219|02/01/2024 20:11:49||35291|2958473768|3595630600
13149|0|24602|02/01/2024 20:22:55||34625|3248237608|3758689072
13876|0|34214|03/01/2024 01:42:50||15430|3614457728|5319974024
12886|0|95116|02/01/2024 18:31:48||41292|10125190344|11046437520
13731|0|91127|03/01/2024 00:44:54||18906|2823613448|3527989152
13267|0|61191|02/01/2024 21:19:04||31256|11748700800|11802485144
13218|0|5803|02/01/2024 20:57:09||32571|3760754152|4825611160
13176|0|45059|02/01/2024 20:31:18||34122|2506843584|3444998688
13978|0|33592|03/01/2024 02:32:02||12478|379210432|428350640
14261|0|90057|03/01/2024 04:36:21||5019|1029700928|1071473552
13514|0|36012|02/01/2024 23:01:47||25093|4796354048|6569948616
14139|0|8810|03/01/2024 03:40:23||8377|862079944|1112273616
14364|0|27698|03/01/2024 05:10:35||2965|207217584|256917680
13953|0|70213|03/01/2024 02:28:20||12700|1126113808|1513991120
12304|0|85692|02/01/2024 14:46:48||54792|25133753576|27270901184
13803|0|14517|03/01/2024 01:15:48||17052|3074807672|3636079696
12841|0|96647|02/01/2024 18:19:43||42017|17248725680|20071526544
14193|0|30781|03/01/2024 04:06:15||6825|505122248|736471112
14454|0|36760|03/01/2024 05:59:57||3|0|0
14194|0|41406|03/01/2024 04:04:48||6912|3708376592|5278586048
13732|0|84541|03/01/2024 00:45:39||18861|5451717312|5709546736
12737|0|60581|02/01/2024 17:34:24||44736|10033227664|10898494496
13492|0|94050|02/01/2024 22:58:10||25310|3168631720|3586350064
14218|0|21356|03/01/2024 04:17:33||6147|230454792|261168256
12203|0|71749|02/01/2024 14:05:00||57300|1950460240|2208703304
14338|0|78279|03/01/2024 05:02:59||3421|741776840|960182576
13646|0|44585|03/01/2024 00:07:26||21154|1410301504|2009343408
13668|0|91279|03/01/2024 00:11:17||20923|4995303296|5546655384
13816|0|39360|03/01/2024 01:28:01||16319|3605205288|3683668848
13471|0|11766|02/01/2024 22:42:33||26247|3471293520|4947437344
13134|0|53468|02/01/2024 20:11:09||35331|118178423896|244517952072
13647|0|79809|03/01/2024 00:09:54|03/01/2024 05:53:43|20629|825766848|1142622912
14455|0|79809|03/01/2024 05:54:07||353|330896928|375757504
13733|0|27748|03/01/2024 00:47:50||18730|10355449952|10446217312
13472|0|97311|02/01/2024 22:44:08||26152|44671885248|91426979568
12788|0|49271|02/01/2024 17:58:44||43276|24922264568|28838386064
12173|0|42553|02/01/2024 13:59:27||57633|25343196712|27176007576
12981|0|85267|02/01/2024 19:18:44||38476|6178352144|9233618376
14339|0|61182|03/01/2024 05:03:56||3364|937765424|1114777832
13009|0|32978|02/01/2024 19:27:42||37938|4545317904|6655306760
13620|0|52807|02/01/2024 23:52:46||22034|4847712920|6251094984
14018|0|24156|03/01/2024 02:54:16||11144|2060217400|2426114600
14074|0|23425|03/01/2024 03:15:27||9873|15083368768|34565868920
12328|0|74286|02/01/2024 14:52:54||54426|17585364960|20958315320
13313|0|33275|02/01/2024 21:34:32||30328|845500432|905671216
13177|0|99107|02/01/2024 20:39:41||33619|2294876248|3041344712
13751|0|34884|03/01/2024 00:59:03||18057|4181008904|5520311264
13843|0|43115|03/01/2024 01:38:04||15716|1171720952|1263536256
14312|0|77345|03/01/2024 04:51:30||4110|135521552|145891416
14340|0|52141|03/01/2024 05:04:11||3349|158617352|209844960
14262|0|63807|03/01/2024 04:33:31||5189|4073686544|5271660520
13899|0|78667|03/01/2024 01:57:27||14553|446526576|469685176
13845|0|75547|03/01/2024 01:30:46||16154|2094994688|2345697824
14019|0|53471|03/01/2024 02:55:45||11055|33379101984|69206024544
14048|0|13654|03/01/2024 03:04:50||10510|1211365624|1560889224
12083|0|55148|02/01/2024 13:16:40||60200|12181275960|12234773160
13734|0|89917|03/01/2024 00:49:40||18620|2543601760|3274738592
13290|0|9765|02/01/2024 21:21:03||31137|1056390680|1172009992
12054|0|24517|02/01/2024 13:02:13||61067|6616351672|8365955056
13938|0|53434|03/01/2024 02:17:36||13344|1168174432|1742023456
13493|0|87567|02/01/2024 22:53:52||25568|7147539096|10627279480
13246|0|74504|02/01/2024 21:01:29||32311|10335005296|11199165320
14456|0|96236|03/01/2024 05:58:34||86|38068552|40456144
12887|0|36448|02/01/2024 18:37:48||40932|20559185248|23120793480
13113|0|60097|02/01/2024 20:09:50||35410|13768854344|16898111608
12353|0|5416|02/01/2024 15:03:05||53815|20176386072|26694227032
13877|0|75895|03/01/2024 01:40:02||15598|25367819976|72594046520
13752|0|84585|03/01/2024 00:50:42||18558|38389374400|88206998392
13583|0|42954|02/01/2024 23:31:36||23304|2379644888|3284742992
12953|0|76496|02/01/2024 19:03:20||39400|4907055168|6256653880
14049|0|8613|03/01/2024 03:07:52||10328|1312401328|1333984552
13584|0|43500|02/01/2024 23:30:08||23392|4896163208|7004788216
13418|0|89489|02/01/2024 22:28:13||27107|19581284040|25603395520
14050|0|37264|03/01/2024 03:05:04||10496|2475574296|2536163528
14219|0|49081|03/01/2024 04:19:01||6059|3128668056|4447117608
14434|0|62527|03/01/2024 05:47:37||743|1407943664|2892716448
12910|0|82073|02/01/2024 18:43:20||40600|24309848832|17022815608
12790|0|86389|02/01/2024 17:52:33||43647|11334618216|14341825840
13878|0|68183|03/01/2024 01:45:01||15299|6552133576|8062392704
13474|0|55177|02/01/2024 22:44:38||26122|6237124320|8056597824
14341|0|95675|03/01/2024 05:01:52||3488|195121640|243363888
12108|0|72466|02/01/2024 13:27:27||59553|2621750120|3868627808
13712|0|67407|03/01/2024 00:35:04||19496|438820656|621677792
12655|0|39327|02/01/2024 17:03:23||46597|63424292912|138306273704
13194|0|90954|02/01/2024 20:43:03||33417|3720768280|5235032896
14051|0|61005|03/01/2024 03:03:52||10568|673459488|677540208
12354|0|41578|02/01/2024 15:09:16||53444|3892488264|4890884088
14313|0|39181|03/01/2024 04:57:53||3727|123790560|157185920
13817|0|16468|03/01/2024 01:25:08||16492|1563611880|1664414400
13777|0|35705|03/01/2024 01:07:10||17570|7518771288|10917670520
13900|0|42723|03/01/2024 01:52:57||14823|3333494640|3942772664
14195|0|21906|03/01/2024 04:04:10||6950|1035715712|1522385400
14020|0|21282|03/01/2024 02:55:30||11070|896349392|1224954456
12012|0|35695|02/01/2024 12:40:49||62351|22249428096|28784731512
13921|0|28380|03/01/2024 02:08:32||13888|2743242216|2883954096
13879|0|93069|03/01/2024 01:46:29||15211|1667597704|1983288960
12355|0|57132|02/01/2024 15:03:51||53769|233079353248|441382255672
14365|0|70292|03/01/2024 05:18:26||2494|531714808|786854096
14263|0|26325|03/01/2024 04:30:34||5366|34113096|47784960
12153|0|95355|02/01/2024 13:40:59||58741|6534377128|7406174864
14415|0|64575|03/01/2024 05:37:49||1331|138522736|148999656
13672|0|96247|03/01/2024 00:11:55||20885|1942132912|2349341712
14314|0|62292|03/01/2024 04:59:53||3607|17971328|21849440
13515|0|35329|02/01/2024 23:01:38||25102|16683021304|20718478352
12608|0|59834|02/01/2024 16:43:01||47819|6119034224|8289990432
13545|0|39373|02/01/2024 23:11:06||24534|4994774752|5226372800
14315|0|32108|03/01/2024 04:56:13||3827|448729192|555843304
12792|0|84545|02/01/2024 17:53:19||43601|22728768232|27249248616
12793|0|35862|02/01/2024 17:52:17||43663|18300947736|19131507520
14140|0|52327|03/01/2024 03:40:48||8352|1664122584|1840817536
13939|0|71648|03/01/2024 02:18:18||13302|945944120|1083682488
13419|0|90382|02/01/2024 22:21:04||27536|7250740136|7761314248
14239|0|63445|03/01/2024 04:22:53||5827|1333653016|1383104200
13566|0|94709|02/01/2024 23:27:54||23526|466131528|643943672
14000|0|16348|03/01/2024 02:48:06||11514|3137474768|3199750936
14075|0|57503|03/01/2024 03:11:28||10112|923313776|1108571064
13922|0|49028|03/01/2024 02:01:37||14303|1907721248|2169575256
13247|0|85434|02/01/2024 21:08:24||31896|2877788104|3852016168
14220|0|45237|03/01/2024 04:15:09||6291|1087916912|1161828160
13846|0|45886|03/01/2024 01:32:05||16075|3177040720|3451343208
13353|0|64101|02/01/2024 21:55:25||29075|1267877944|1275434408
13034|0|44964|02/01/2024 19:35:43||37457|14291842976|18051702744
14435|0|34682|03/01/2024 05:48:21||699|103660056|150884864
13714|0|28349|03/01/2024 00:30:46||19754|2542614328|3307530456
14342|0|82940|03/01/2024 05:01:35||3505|407385880|548304264
13847|0|79861|03/01/2024 01:37:11||15769|2795627824|4190166408
14366|0|84886|03/01/2024 05:14:45||2715|291545552|391670584
12636|0|41207|02/01/2024 16:56:07||47033|5578849720|7012450536
12818|0|62620|02/01/2024 18:02:06||43074|11865777056|12027084808
13648|0|17947|03/01/2024 00:05:14||21286|1275948352|1519573272
13153|0|44755|02/01/2024 20:22:00||34680|100040648|104596224
13602|0|43370|02/01/2024 23:41:38||22702|712305840|919208984
12637|0|28498|02/01/2024 16:52:32||47248|90534136232|219740576320
13057|0|88450|02/01/2024 19:41:29||37111|3702451568|4735375736
13420|0|11534|02/01/2024 22:27:23||27157|6128026736|8178221984
12154|0|28176|02/01/2024 13:48:10||58310|397231509760|297935290888
13778|0|49522|03/01/2024 01:02:22||17858|3200250360|4055150944
12459|0|58982|02/01/2024 15:44:04||51356|32439183896|47431298200
12492|0|37567|02/01/2024 15:51:44||50896|43267090440|50587972200
12983|0|95237|02/01/2024 19:13:10||38810|2125651056|2838529936
13516|0|53404|02/01/2024 23:00:19||25181|2698143504|3773441504
13754|0|13757|03/01/2024 00:51:56||18484|2171161424|2177501736
13316|0|93993|02/01/2024 21:34:00||30360|5006147440|7431296336
14221|0|62720|03/01/2024 04:17:10||6170|3213251632|3660706512
12356|0|61686|02/01/2024 15:02:11||53869|12785891048|17732234248
12409|0|78972|02/01/2024 15:25:46||52454|9285012448|13772026936
14343|0|34041|03/01/2024 05:07:53||3127|118213160|169144040
13546|0|28438|02/01/2024 23:13:21||24399|11172905048|13761407792
13755|0|85410|03/01/2024 00:59:13||18047|1699661064|1743251592
13179|0|80363|02/01/2024 20:32:26||34054|924869232|1005913208
12433|0|83497|02/01/2024 15:37:01||51779|24436601472|28294995704
13374|0|68377|02/01/2024 22:03:51||28569|6352753112|9480316464
14222|0|21392|03/01/2024 04:13:01||6419|307631344|386733432
13818|0|12065|03/01/2024 01:28:27||16293|10026216392|10924613248
13650|0|7143|03/01/2024 00:08:18||21102|6044382680|7199476288
14289|0|46270|03/01/2024 04:49:12||4248|998538760|1192178024
12274|0|26828|02/01/2024 14:31:26||55714|12865135656|12947268560
14416|0|89721|03/01/2024 05:39:25||1235|67625032|76858056
14196|0|54961|03/01/2024 04:08:33||6687|9962614848|21812431768
13292|0|11231|02/01/2024 21:26:31||30809|13283603776|19296863136
13568|0|56604|02/01/2024 23:27:10||23570|4510728176|6507421056
12658|0|95872|02/01/2024 17:08:00||46320|10550550176|11078406928
14102|0|6670|03/01/2024 03:28:18||9102|3909768792|3991659968
13756|0|44731|03/01/2024 00:58:36||18084|1149609920|1216104616
12955|0|74166|02/01/2024 19:07:20||39160|9857931200|13315255976
13058|0|27027|02/01/2024 19:40:26||37174|591384440|758006008
13923|0|64456|03/01/2024 02:04:33||14127|6710908976|9514250312
14163|0|29554|03/01/2024 03:55:08||7492|194292136|268506560
14197|0|94461|03/01/2024 04:04:09||6951|3728572568|4437891120
13375|0|26277|02/01/2024 22:05:23||28477|2260207464|3244554504
14141|0|9872|03/01/2024 03:40:15||8385|3470490896|4200968520
14436|0|4771|03/01/2024 05:45:54||846|6826568|7296488
13848|0|98621|03/01/2024 01:33:36||15984|6160432952|8825905544
12984|0|89278|02/01/2024 19:14:49||38711|16339432424|21056918992
13196|0|8632|02/01/2024 20:48:07||33113|18063916088|23430236376
14367|0|33062|03/01/2024 05:14:59||2701|6481913848|13201170024
13197|0|22188|02/01/2024 20:48:41||33079|3256108760|4196952864
14344|0|93666|03/01/2024 05:05:56||3244|111255184|141674352
13695|0|27279|03/01/2024 00:22:09||20271|1554067024|1904405032
13377|0|28277|02/01/2024 22:09:23||28237|34676681896|93357033864
13955|0|80603|03/01/2024 02:22:21||13059|773200888|1113630872
13849|0|73668|03/01/2024 01:37:33||15747|3122316864|3536636336
12329|0|17943|02/01/2024 14:57:00||54180|9844687544|12432680496
14164|0|85081|03/01/2024 03:51:06||7734|3717345808|5149096264
12580|0|5529|02/01/2024 16:31:00||48540|11163950424|12561482432
13715|0|43678|03/01/2024 00:31:40||19700|5716183112|6141699944
14198|0|65210|03/01/2024 04:03:15||7005|1546500456|1659477992
13758|0|27019|03/01/2024 00:57:14||18166|536814424|798870080
14022|0|21964|03/01/2024 02:59:08||10852|13846523296|33979575608
13880|0|66317|03/01/2024 01:47:34||15146|6529796512|7280207528
13901|0|29753|03/01/2024 01:54:26||14734|8136770576|11313296920
14417|0|79350|03/01/2024 05:37:15||1365|182843368|191785872
14390|0|45092|03/01/2024 05:28:06||1914|365087784|486318592
12842|0|90190|02/01/2024 18:14:48||42312|19336088632|20607376048
11800|0|69929|02/01/2024 11:17:46||67334|20985286328|21307447856
13336|0|39905|02/01/2024 21:47:30||29550|4535643224|6209449096
13249|0|97039|02/01/2024 21:09:59||31801|2246561640|3092697840
13779|0|35168|03/01/2024 01:01:32||17908|37487311728|103813145880
14345|0|59045|03/01/2024 05:01:53||3487|54864232|65223304
14001|0|88489|03/01/2024 02:46:46||11594|865838912|1079189272
12493|0|77284|02/01/2024 15:59:41||50419|18311080520|23865692832
13154|0|53030|02/01/2024 20:28:58||34262|6819523128|8323487272
13603|0|61943|02/01/2024 23:42:08||22672|13278556088|18941056008
13547|0|9192|02/01/2024 23:17:52||24128|5871890328|7320280576
13674|0|38350|03/01/2024 00:15:35||20665|2061477816|3068560624
13819|0|42570|03/01/2024 01:25:52||16448|3931701600|5020022424
12410|0|27940|02/01/2024 15:22:43||52637|167070341824|351942543376
12660|0|20383|02/01/2024 17:06:01||46439|12297105256|13351384640
13850|0|90642|03/01/2024 01:33:26||15994|1869168912|2441974024
13759|0|9532|03/01/2024 00:59:52||18008|6426886520|7533412664
14437|0|93386|03/01/2024 05:46:12||828|414485216|549614776
13060|0|83215|02/01/2024 19:49:51||36609|6488867864|8758505296
12582|0|43461|02/01/2024 16:30:35||48565|1478024824|1480632232
14052|0|13953|03/01/2024 03:02:36||10644|28663989496|71480762224
13423|0|62691|02/01/2024 22:27:39||27141|2589458728|3732575808
12562|0|10527|02/01/2024 16:20:59||49141|19589654880|22815038840
12795|0|63625|02/01/2024 17:59:09||43251|29874327840|86873436424
13155|0|11226|02/01/2024 20:26:35||34405|3228342400|4063225448
14316|0|43601|03/01/2024 04:56:58||3782|7574405288|15738759616
13675|0|32541|03/01/2024 00:18:14||20506|1531870936|1955783160
13085|0|64323|02/01/2024 19:57:14||36166|5557998688|5955993616
13651|0|90727|03/01/2024 00:06:49||21191|6710140312|7485207360
14165|0|87992|03/01/2024 03:55:03||7497|76572224|105342520
14368|0|88561|03/01/2024 05:11:58||2882|16048848|17420680
13760|0|68764|03/01/2024 00:52:54||18426|9513883208|11887294696
12495|0|85454|02/01/2024 15:53:29||50791|25141961944|31828100416
13494|0|94015|02/01/2024 22:54:49||25511|49731880040|141276430632
12538|0|40656|02/01/2024 16:17:05||49375|19323519216|23595097768
14199|0|67809|03/01/2024 04:06:36||6804|4420480512|4744808216
13354|0|30443|02/01/2024 21:51:49||29291|489508816|602160152
13821|0|8061|03/01/2024 01:25:57||16443|6707368888|9375301616
14076|0|9807|03/01/2024 03:12:20||10060|1003829952|1329158096
14369|0|54343|03/01/2024 05:16:47||2593|430152680|557787336
13270|0|57856|02/01/2024 21:16:35||31405|4962359072|7068210104
14077|0|87025|03/01/2024 03:19:03||9657|2914582680|3899645400
13012|0|31643|02/01/2024 19:28:19||37901|4161258704|5725197328
12463|0|67632|02/01/2024 15:44:44||51316|8908545336|12391793704
14391|0|23103|03/01/2024 05:28:16||1904|3226206256|8514099608
13621|0|87315|02/01/2024 23:56:10||21830|1540393712|2310153288
13061|0|37926|02/01/2024 19:40:39||37161|11221462960|13829437280
12612|0|69206|02/01/2024 16:47:39||47541|108601736|113819336
14223|0|61352|03/01/2024 04:10:45||6555|3242221992|3754292104
14392|0|64822|03/01/2024 05:20:27||2373|1968550712|2343919096
13585|0|95653|02/01/2024 23:35:25||23075|3151663424|3759975168
13035|0|9849|02/01/2024 19:35:48||37452|16199608072|18994366736
13062|0|35235|02/01/2024 19:49:57||36603|3684819728|4144317480
14053|0|43698|03/01/2024 03:04:38||10522|1291239264|1682469768
12563|0|23676|02/01/2024 16:27:41||48739|8397572904|11709006952
12844|0|19157|02/01/2024 18:14:23||42337|425163568|501214344
13956|0|29916|03/01/2024 02:23:14||13006|58891168|81723920
13805|0|36095|03/01/2024 01:10:13||17387|5847663696|6130096344
13220|0|10401|02/01/2024 20:56:49||32591|11298236744|15419681136
13696|0|65470|03/01/2024 00:28:37||19883|4916862840|5837621720
12087|0|47842|02/01/2024 13:11:21||60519|9604753968|11064534208
13676|0|35937|03/01/2024 00:10:42||20958|831038480|981765832
12539|0|89835|02/01/2024 16:18:31||49289|81064472888|166199485216
12867|0|86941|02/01/2024 18:20:21||41979|10003590112|11533264152
14240|0|14050|03/01/2024 04:21:44||5896|787708280|828349912
13652|0|77537|03/01/2024 00:01:06||21534|2407659000|2485128488
13761|0|43170|03/01/2024 00:58:02||18118|1288813616|1814659952
12716|0|84882|02/01/2024 17:27:52||45128|2202232512|2885292464
13399|0|86003|02/01/2024 22:13:07||28013|342592648|346953432
13957|0|47886|03/01/2024 02:26:38||12802|106569144|122628424
13851|0|67919|03/01/2024 01:37:55||15725|6525566576|9082875784
13379|0|83641|02/01/2024 22:00:26||28774|98904452872|275785865840
13780|0|91060|03/01/2024 01:02:28||17852|5848384664|7446771784
13476|0|25240|02/01/2024 22:48:29||25891|616757872|898852504
13317|0|49763|02/01/2024 21:33:01||30419|13013486240|7892986944
12331|0|98437|02/01/2024 14:57:23||54157|43979791224|107585091888
13518|0|25341|02/01/2024 23:09:23||24637|8007013984|8945751024
13677|0|58849|03/01/2024 00:14:43|03/01/2024 05:51:23|20200|1133428656|1181717832
14078|0|66006|03/01/2024 03:15:53||9847|5020758088|3605506624
13157|0|21276|02/01/2024 20:24:27||34533|9147823136|10057101320
13319|0|45990|02/01/2024 21:33:17||30403|10244970488|14849471856
13736|0|90969|03/01/2024 00:41:44||19096|7964565944|8973974888
13924|0|79396|03/01/2024 02:02:01||14279|2501720280|2797468136
13320|0|6089|02/01/2024 21:35:32||30268|765275712|918527968
12014|0|53027|02/01/2024 12:46:27||62013|2906255616|4109899672
14346|0|73872|03/01/2024 05:04:43||3317|31546928|43331832
14142|0|51043|03/01/2024 03:43:24||8196|733458024|982744448
12613|0|9222|02/01/2024 16:40:21||47979|15254854136|20120830760
14290|0|98043|03/01/2024 04:40:20||4780|301883872|361233472
13495|0|13423|02/01/2024 22:58:37||25283|17267492720|20756591000
13823|0|59158|03/01/2024 01:26:47||16393|41741441608|94666314528
13604|0|43877|02/01/2024 23:46:12||22428|614411288|837245504
14264|0|26236|03/01/2024 04:36:44||4996|13829890648|34582720656
13250|0|78144|02/01/2024 21:05:59||32041|7929071568|10309945432
13781|0|58798|03/01/2024 01:07:16||17564|3380164480|4702327672
14317|0|91772|03/01/2024 04:57:25||3755|321426792|479369904
14291|0|19018|03/01/2024 04:47:01||4379|286552544|317989704
13086|0|15878|02/01/2024 19:55:54||36246|7448200840|8090619056
14438|0|85709|03/01/2024 05:42:48||1032|185140032|192497896
13902|0|50805|03/01/2024 01:58:27||14493|1638791984|2328166712
13697|0|33645|03/01/2024 00:22:24||20256|1766810240|2217412680
13881|0|18283|03/01/2024 01:42:36||15444|1615993336|1635853248
13321|0|13857|02/01/2024 21:31:44||30496|51756024|54599704
12929|0|12302|02/01/2024 18:51:45||40095|10257260368|10802378152
13569|0|74530|02/01/2024 23:29:06||23454|3528645672|4570001288
13806|0|93058|03/01/2024 01:10:18||17382|4161526736|5915692440
13036|0|47108|02/01/2024 19:31:27||37713|13776915632|17308130424
13903|0|29307|03/01/2024 01:55:00||14700|613175336|856354928
14054|0|50981|03/01/2024 03:07:16||10364|33524659272|73876172632
14103|0|34139|03/01/2024 03:21:28||9512|144689752|189586096
12739|0|30142|02/01/2024 17:39:16||44444|8929221632|11511149656
14120|0|30812|03/01/2024 03:36:38||8602|3104681584|4220766048
14166|0|80075|03/01/2024 03:56:19||7421|450508312|616407880
14439|0|43549|03/01/2024 05:41:30||1110|99022056|105632096
13782|0|97623|03/01/2024 01:04:19||17741|4395005928|5302325160
12207|0|60631|02/01/2024 14:08:38||57082|16124097776|23471745352
13337|0|11020|02/01/2024 21:42:17||29863|32670400440|69216073704
13882|0|76358|03/01/2024 01:41:37||15503|5068353408|6423769840
13087|0|24844|02/01/2024 19:50:52||36548|8378326464|10404892000
13063|0|73063|02/01/2024 19:43:51||36969|6387936512|8773995800
13549|0|70097|02/01/2024 23:16:06||24234|11231065792|12859545016
13653|0|56536|03/01/2024 00:07:47||21133|1341977872|1481503656
13981|0|31350|03/01/2024 02:36:56||12184|14620708688|32827773192
12912|0|87365|02/01/2024 18:46:57||40383|4869033456|4948327672
12799|0|29115|02/01/2024 17:58:12||43308|5180411512|5526485608
13824|0|51817|03/01/2024 01:27:58||16322|11365056968|13330891032
13679|0|40914|03/01/2024 00:19:19||20441|393211168|571386048
14224|0|53564|03/01/2024 04:19:08||6052|915559272|931631008
14318|0|69650|03/01/2024 04:56:44||3796|153431856|166632376
13037|0|5505|02/01/2024 19:30:07||37793|11812496288|12998728280
13380|0|28457|02/01/2024 22:09:03||28257|4261923928|4697974184
14241|0|36601|03/01/2024 04:28:09||5511|2300975664|2606155200
13570|0|82203|02/01/2024 23:21:23||23917|1903488064|2517652616
14347|0|50590|03/01/2024 05:06:16||3224|1083980496|1111256728
13338|0|16359|02/01/2024 21:46:37||29603|4899778160|6843443736
13519|0|12393|02/01/2024 23:08:00||24720|13000878624|17135075840
12208|0|36252|02/01/2024 14:07:30||57150|99080765560|216959224640
14003|0|83596|03/01/2024 02:49:32||11428|2527264904|3131942096
13221|0|5254|02/01/2024 20:55:57||32643|15342743352|15805790640
14143|0|99227|03/01/2024 03:48:19||7901|894698536|1056966776
13904|0|41285|03/01/2024 01:51:06||14934|50993616040|102048534192
12332|0|72614|02/01/2024 14:55:16||54284|17414447952|25663817648
11970|0|16285|02/01/2024 12:26:04||63236|14930980664|18604392776
12436|0|80536|02/01/2024 15:38:09||51711|13141187832|14063368992
13356|0|31820|02/01/2024 21:50:58||29342|7412037608|10792524080
13606|0|59358|02/01/2024 23:46:39||22401|11989067472|35670172400
13339|0|47619|02/01/2024 21:42:38||29842|348469720|388491032
13442|0|30968|02/01/2024 22:32:15||26865|3312495592|4600242176
13424|0|86147|02/01/2024 22:21:55||27485|2652916896|3595550048
13623|0|30617|02/01/2024 23:56:36||21804|576846144|606340984
13940|0|12842|03/01/2024 02:18:39||13281|3179281752|4512245272
12542|0|5490|02/01/2024 16:11:09||49731|2996266216|3113189296
12113|0|57378|02/01/2024 13:28:28||59492|9525423288|10533222536
14265|0|97008|03/01/2024 04:39:15||4845|1542149584|1762796008
14004|0|97160|03/01/2024 02:48:33||11487|35169152|48912880
14055|0|18438|03/01/2024 03:03:22||10598|634883488|870786608
14393|0|21007|03/01/2024 05:21:07||2333|147543184|150514784
13763|0|83505|03/01/2024 00:53:46||18374|10730230144|12428106360
12958|0|30309|02/01/2024 19:05:03||39297|836769392|1250143928
14394|0|77127|03/01/2024 05:24:33||2127|8308240176|18504492136
14440|0|76673|03/01/2024 05:47:36||744|407170848|456697208
13425|0|15877|02/01/2024 22:24:45||27315|5192370224|6249589672
13340|0|55026|02/01/2024 21:40:43||29957|1363149184|1696488680
14024|0|54956|03/01/2024 02:55:26||11074|23387025256|44636772080
13607|0|10940|02/01/2024 23:47:37||22343|3190086152|4673830760
14319|0|24426|03/01/2024 04:52:43||4037|91397400|104735504
14395|0|87104|03/01/2024 05:26:35||2005|306989712|402901048
13477|0|98002|02/01/2024 22:40:54||26346|678872552|781313712
12691|0|11827|02/01/2024 17:17:36||45744|75588627368|218292658520
13064|0|95338|02/01/2024 19:47:36||36744|4803721184|5157958344
14457|0|87308|03/01/2024 05:50:32||568|175465272|199508080
12846|0|87441|02/01/2024 18:12:50||42430|25476802360|36101071000
14266|0|49136|03/01/2024 04:30:15||5385|684827704|713141600
14396|0|7660|03/01/2024 05:22:02||2278|166684560|248743288
13550|0|74773|02/01/2024 23:18:15||24105|48396957000|136303146920
13222|0|43894|02/01/2024 20:56:35||32605|5703160792|6603840616
11974|0|95778|02/01/2024 12:23:08||63412|6309412456|8802235256
14320|0|9151|03/01/2024 04:53:10||4010|1165164352|1193606280
13783|0|94159|03/01/2024 01:09:36||17424|6215946304|6704805672
13905|0|95768|03/01/2024 01:51:36||14904|19795202576|51015337688
14225|0|54623|03/01/2024 04:18:06||6114|2428164560|3396557888
14292|0|78200|03/01/2024 04:48:54||4266|419489696|577907664
12232|0|48966|02/01/2024 14:11:31||56909|17111669896|17838947968
13223|0|69320|02/01/2024 20:55:08|03/01/2024 05:52:22|32234|12968664456|14486952240
14458|0|69320|03/01/2024 05:52:55||425|89757368|103507520
14370|0|36119|03/01/2024 05:13:56||2764|19972008|24358232
13624|0|4227|02/01/2024 23:50:33||22167|1075528200|1419121360
14226|0|13942|03/01/2024 04:16:55||6185|3564255920|3679108192
12821|0|92518|02/01/2024 18:00:58||43142|6077669648|8796542008
13883|0|51162|03/01/2024 01:43:54||15366|2583615544|3283034640
13252|0|33952|02/01/2024 21:04:01||32159|9124000632|11309296056
13401|0|34767|02/01/2024 22:15:24||27876|2529323264|3062123424
14025|0|16681|03/01/2024 02:55:23||11077|279320136|397691480
13136|0|43304|02/01/2024 20:12:50||35230|8745278072|11705327424
12692|0|87183|02/01/2024 17:18:35||45685|15561454240|16885633472
12741|0|33272|02/01/2024 17:35:30||44670|19307394168|22180055320
12524|0|81523|02/01/2024 16:05:25||50075|4470813904|4659369112
14267|0|17620|03/01/2024 04:36:46||4994|297128392|298311088
13181|0|9817|02/01/2024 20:36:50||33790|79927042464|159656318008
13784|0|18959|03/01/2024 01:08:25||17495|3768888760|4988425696
13625|0|47552|02/01/2024 23:59:59||21601|1278262824|1531307752
11883|0|57128|02/01/2024 11:43:20||65800|3833701456|4831745184
13925|0|74235|03/01/2024 02:03:46||14174|610875304|779891192
14268|0|80746|03/01/2024 04:39:44||4816|8152908184|19790950272
14397|0|41299|03/01/2024 05:28:31||1889|306544264|314466864
14321|0|46516|03/01/2024 04:54:37||3923|1511841288|1914463904
13381|0|28246|02/01/2024 22:02:51||28629|5582210360|5613674592
13520|0|38175|02/01/2024 23:03:42||24978|10681386968|13038888288
14144|0|79283|03/01/2024 03:46:29||8011|561180920|767397632
13608|0|23739|02/01/2024 23:45:56||22444|672222112|932374848
12359|0|72638|02/01/2024 15:03:44||53776|17194851816|25295339472
13825|0|62436|03/01/2024 01:24:53||16507|3934574080|4410709216
13764|0|50267|03/01/2024 00:52:56||18424|247531152|293059800
13737|0|27160|03/01/2024 00:42:55||19025|7536359280|10113190832
13826|0|28264|03/01/2024 01:28:52||16268|20620981072|56836664272
13272|0|35031|02/01/2024 21:12:13||31667|46118197328|113966044336
13827|0|73304|03/01/2024 01:27:13||16367|50614506376|122183008136
13765|0|93769|03/01/2024 00:53:48||18372|7538082944|8950466112
12663|0|98086|02/01/2024 17:01:47||46693|23355124304|32379300424
12278|0|96673|02/01/2024 14:36:08||55432|4085649376|4129003600
13626|0|85628|02/01/2024 23:52:18||22062|59701000448|118917393048
13202|0|16867|02/01/2024 20:48:37||33083|2180373424|2325758800
13521|0|61359|02/01/2024 23:02:20||25060|6680396080|8648380176
13609|0|87069|02/01/2024 23:47:58||22322|61958342328|130801582384
14459|0|99310|03/01/2024 05:53:35||385|42528560|51360416
13852|0|47772|03/01/2024 01:39:53||15607|3309009536|3724972984
13040|0|58910|02/01/2024 19:38:23||37297|14464571480|19021410792
11913|0|35837|02/01/2024 12:05:38||64462|8319253832|11761060336
13828|0|3906|03/01/2024 01:26:00||16440|3649591632|4112809224
14348|0|28152|03/01/2024 05:08:59||3061|74460920|90536664
13294|0|17103|02/01/2024 21:25:38||30862|8326228712|9456714456
12771|0|92649|02/01/2024 17:47:50||43930|21816564520|25162973040
13627|0|28877|02/01/2024 23:53:22||21998|16560147824|10171255008
14105|0|68618|03/01/2024 03:25:50||9250|2129448584|3040880352
13982|0|27795|03/01/2024 02:32:33||12447|448274864|510018072
13403|0|88155|02/01/2024 22:13:11||28009|2932238064|2944740880
11760|0|53321|02/01/2024 10:50:55||68945|8183213816|9510639896
14293|0|48809|03/01/2024 04:42:29||4651|134755152|134951096
13766|0|11424|03/01/2024 00:57:09||18171|3556486464|4058888256
12616|0|48062|02/01/2024 16:43:59||47761|15763474592|22228115680
12385|0|81606|02/01/2024 15:17:10||52970|11816408184|14978335536
12088|0|89980|02/01/2024 13:10:52||60548|39227440|44780888
13698|0|68055|03/01/2024 00:29:03||19857|19467885544|54379459944
13273|0|35685|02/01/2024 21:15:34||31466|1021409624|1275420544
12525|0|45031|02/01/2024 16:08:49||49871|6668074000|9664862424
13498|0|14051|02/01/2024 22:56:39||25401|2325052432|3129943568
11940|0|40021|02/01/2024 12:18:26||63694|9014401520|9775584360
12822|0|19237|02/01/2024 18:07:07||42773|7711569008|9829744688
13571|0|11945|02/01/2024 23:24:46||23714|8204551048|8596206944
12897|0|92486|02/01/2024 18:34:26||41134|11254972176|12015246608
14121|0|25749|03/01/2024 03:38:57||8463|1258986096|1479489944
13182|0|13461|02/01/2024 20:39:07||33653|2106343200|2896634752
13854|0|84844|03/01/2024 01:32:11||16069|4123906168|4713971024
12414|0|95129|02/01/2024 15:22:01||52679|32599741008|34916507720
13183|0|46473|02/01/2024 20:39:49||33611|14915708400|18939607200
13610|0|78203|02/01/2024 23:45:14||22486|2384712256|2600343712
13716|0|21475|03/01/2024 00:39:46||19214|893906712|1041183200
12803|0|77620|02/01/2024 17:54:03||43557|10382795200|14629194136
13629|0|60771|02/01/2024 23:58:50||21670|828718312|896237152
13808|0|62234|03/01/2024 01:14:21||17139|1631446096|2005783352
14026|0|62245|03/01/2024 02:58:52||10868|960421736|1277581128
11864|0|27032|02/01/2024 11:37:13||66167|10596865056|13268455624
13983|0|30846|03/01/2024 02:37:34||12146|6148488640|8195243232
14122|0|47818|03/01/2024 03:34:47||8713|502543328|727981024
14056|0|10616|03/01/2024 03:08:04||10316|3988187472|5794954168
13984|0|55752|03/01/2024 02:31:45||12495|175324168|246631840
14460|0|52206|03/01/2024 05:57:27||153|24954736|31198664
13926|0|9203|03/01/2024 02:01:34||14306|1568129880|1641769752
13717|0|94043|03/01/2024 00:38:31||19289|928863200|1388062160
14371|0|26607|03/01/2024 05:17:37||2543|80358520|95296288
13524|0|40206|02/01/2024 23:07:12||24768|8484824720|12531725744
13855|0|27215|03/01/2024 01:30:48||16152|1676048952|1793236544
13499|0|7793|02/01/2024 22:50:58||25742|13746763200|18977519192
12823|0|55356|02/01/2024 18:07:51||42729|8214017368|11858908368
13065|0|26270|02/01/2024 19:42:18||37062|5854697968|7116388728
14145|0|81975|03/01/2024 03:48:39||7881|2503826232|2755637600
13205|0|55392|02/01/2024 20:40:15||33585|2478944752|3411502016
13680|0|4084|03/01/2024 00:18:17||20503|3899278600|5411864520
13478|0|25715|02/01/2024 22:47:41||25939|2091829160|2102211512
11898|0|6555|02/01/2024 11:55:19||65081|8442110040|11590040392
13985|0|33801|03/01/2024 02:33:46||12374|274290912|345229192
12913|0|50742|02/01/2024 18:41:41||40699|17483316032|23662279216
14398|0|60001|03/01/2024 05:22:48||2232|84231512|121423648
12641|0|34397|02/01/2024 16:51:14||47326|2932846704|3093609864
13986|0|22311|03/01/2024 02:35:48||12252|3139049992|4308771016
14057|0|57110|03/01/2024 03:06:05||10435|1483217320|1509437072
13718|0|16239|03/01/2024 00:39:39||19221|2350713888|3366089288
12469|0|16033|02/01/2024 15:42:34||51446|24554015672|28959050664
12693|0|27011|02/01/2024 17:19:17||45643|1134189672|1353150424
13959|0|30798|03/01/2024 02:20:27||13173|5882970464|6020192064
13224|0|69970|02/01/2024 20:56:36||32604|3276852736|3580470104
12934|0|69532|02/01/2024 18:54:18||39942|4017263656|5277673992
14349|0|33279|03/01/2024 05:08:20||3100|768787344|976079872
12335|0|35120|02/01/2024 14:50:35||54565|433941581616|320926658384
14227|0|72714|03/01/2024 04:13:00||6420|69299976|83015248
13768|0|25105|03/01/2024 00:51:45||18495|5964341104|6168366392
13907|0|39885|03/01/2024 01:52:09||14871|39029408872|100180817840
12309|0|92044|02/01/2024 14:46:55||54785|20410928288|25985771712
13120|0|33190|02/01/2024 20:03:39||35781|3359383112|3891566824
13358|0|17848|02/01/2024 21:53:31||29189|7862925808|9144400584
13525|0|74683|02/01/2024 23:03:37||24983|290697144|404256144
12336|0|23029|02/01/2024 14:59:24||54036|8776374424|10118747944
13121|0|77746|02/01/2024 20:09:13||35447|4109834184|5393884864
13122|0|15440|02/01/2024 20:00:53||35947|22204397904|24401750104
13551|0|18712|02/01/2024 23:17:04||24176|21873533072|26113083832
13226|0|5591|02/01/2024 20:51:56||32884|2337249264|3045334200
13587|0|89490|02/01/2024 23:34:54||23106|2491119840|3366552352
13856|0|58747|03/01/2024 01:37:06||15774|1751456712|2566794768
14200|0|76464|03/01/2024 04:09:13||6647|6804504784|7699810648
12032|0|29417|02/01/2024 12:55:17||61483|37815614640|45652651448
12961|0|89959|02/01/2024 19:02:28||39452|91005317936|180933744344
12439|0|62223|02/01/2024 15:30:28||52172|29376291680|32180645904
13526|0|88436|02/01/2024 23:09:13||24647|7268536824|10016046112
14005|0|45040|03/01/2024 02:43:19||11801|673383824|703458632
13719|0|3869|03/01/2024 00:36:27||19413|3896511976|5071573488
14372|0|48242|03/01/2024 05:14:53||2707|39051096|44527008
13359|0|81178|02/01/2024 21:51:33||29307|3971626760|4867105224
14399|0|10376|03/01/2024 05:22:09||2271|238304512|327888552
13611|0|83766|02/01/2024 23:44:48||22512|86139536184|218386636672
14418|0|46922|03/01/2024 05:33:32||1588|116684816|146354864
14322|0|70548|03/01/2024 04:51:20||4120|1407845376|1447650472
13630|0|94785|02/01/2024 23:50:28||22172|45195382120|118241401904
13809|0|33542|03/01/2024 01:19:03||16857|4534996024|6088550080
14461|0|77991|03/01/2024 05:51:17||523|115657752|127178368
12643|0|94623|02/01/2024 16:58:02||46918|20256784032|22771984096
13857|0|93103|03/01/2024 01:36:24||15816|6846688104|9037017880
13206|0|82808|02/01/2024 20:40:33||33567|16688015344|24356065176
13527|0|33809|02/01/2024 23:05:33||24867|17278961112|19194640048
14294|0|35936|03/01/2024 04:46:02||4438|780056120|1068643648
13184|0|17928|02/01/2024 20:31:35||34105|25159933784|35805912104
14419|0|44196|03/01/2024 05:38:05||1315|224704264|283864232
14350|0|30827|03/01/2024 05:08:37||3083|61653376|61691576
13830|0|70909|03/01/2024 01:26:20||16420|3253016320|3310341888
13681|0|4905|03/01/2024 00:16:04||20636|1269193288|1635818968
13909|0|54576|03/01/2024 01:57:56||14524|4883054320|5009302624
13720|0|56616|03/01/2024 00:32:35||19645|79387244920|200352295152
14400|0|60607|03/01/2024 05:21:58||2282|101446480|119197776
14295|0|16794|03/01/2024 04:48:25||4295|857502704|1085489984
13042|0|37816|02/01/2024 19:36:38||37402|2073590896|2326877160
12138|0|8083|02/01/2024 13:34:07||59153|3906534024|5678289872
12092|0|38309|02/01/2024 13:17:05||60175|672322400|861736168
14106|0|93182|03/01/2024 03:29:26||9034|592368256|775787240
13884|0|48086|03/01/2024 01:42:54||15426|45453057256|102569221120
13858|0|13529|03/01/2024 01:37:45||15735|6191399400|7758828456
13227|0|73157|02/01/2024 20:53:29||32791|4641779992|5301881136
14168|0|73225|03/01/2024 03:50:55||7745|3177719296|4025375896
13885|0|48168|03/01/2024 01:42:31||15449|3191385056|4782855296
13699|0|54527|03/01/2024 00:25:34||20066|3279755792|4202106448
14146|0|59885|03/01/2024 03:42:22||8258|1126266072|1459449176
13631|0|78408|02/01/2024 23:59:05||21655|409626640|554926696
13654|0|38643|03/01/2024 00:07:36||21144|5386449528|6654088176
13384|0|26967|02/01/2024 22:00:10||28790|2088147480|2609890152
14147|0|63664|03/01/2024 03:45:02||8098|2166272872|2840417176
12665|0|24671|02/01/2024 17:01:49||46691|6204792424|6944564904
14462|0|20752|03/01/2024 05:57:23||157|548359480|1020242560
12989|0|93265|02/01/2024 19:10:13||38987|69136828328|163020698056
12776|0|93360|02/01/2024 17:49:52||43808|16066151480|20241973448
13612|0|49835|02/01/2024 23:43:30||22590|629058848|800312192
12962|0|10088|02/01/2024 19:06:31||39209|36954436776|28308842112
12442|0|86300|02/01/2024 15:32:10||52070|10164287152|13916486152
14123|0|53797|03/01/2024 03:31:09||8931|1015562224|1108355200
14079|0|15615|03/01/2024 03:16:00||9840|3857477680|4566092848
14243|0|47955|03/01/2024 04:25:53||5647|188223408|192406784
11866|0|74521|02/01/2024 11:35:14||66286|6546652984|8137555048
13296|0|62736|02/01/2024 21:26:47||30793|57448054544|163953174256
13341|0|97663|02/01/2024 21:41:50||29890|6862874984|7645222240
12666|0|96482|02/01/2024 17:07:45||46335|5688807984|8062957584
13297|0|78180|02/01/2024 21:22:41||31039|4640872040|5404650040
13910|0|48119|03/01/2024 01:51:23||14917|42851607016|95800813328
12362|0|59435|02/01/2024 15:02:39||53841|2478341448|3553886848
14169|0|59657|03/01/2024 03:51:46||7694|2444675320|3331267384
13228|0|23350|02/01/2024 20:50:00||33000|4133566728|4571414440
13810|0|28409|03/01/2024 01:15:31||17069|4133130976|5388259872
14058|0|29872|03/01/2024 03:00:38||10762|4958169920|5887526856
