IdSession|IdPSX|IdSubscriber|StartSession|EndSession|Duartion|UpTx|DownTx
28648|0|37974|07/01/2024 08:43:54||21966|12640718128|17427254088
29341|0|6516|07/01/2024 13:36:57||4383|622667680|729294816
27061|0|77688|06/01/2024 21:40:30||61770|8955665008|9903555152
28427|0|85502|07/01/2024 07:15:29||27271|6367329760|6465305600
28671|0|53666|07/01/2024 08:57:36||21144|70571470872|186007261584
28874|0|85519|07/01/2024 10:19:02||16258|1721716064|2294928976
28604|0|59125|07/01/2024 08:27:57||22923|160292680|174554864
27621|0|45253|07/01/2024 01:54:33||46527|7702274464|11161007064
28712|0|96559|07/01/2024 09:17:50||19930|6868933160|8455844824
28765|0|77027|07/01/2024 09:30:52||19148|681007072|827079016
29295|0|75538|07/01/2024 13:14:25|07/01/2024 14:41:17|5212|424387600|499520904
28127|0|25839|07/01/2024 05:11:17||34723|5977286408|6708926712
28605|0|21645|07/01/2024 08:20:26||23374|4154751552|5526790640
28847|0|85282|07/01/2024 10:00:32||17368|1119984528|1130727952
27796|0|54570|07/01/2024 03:00:02||42598|91541516672|205965547936
29073|0|87485|07/01/2024 11:41:54||11286|48530246400|97100284072
28582|0|59994|07/01/2024 08:13:02||23818|6388708768|8637220912
28355|0|22313|07/01/2024 06:42:38||29242|92315846464|174138715408
28456|0|36265|07/01/2024 07:23:55||26765|1158563032|1163619736
28428|0|56069|07/01/2024 07:16:05||27235|1280710352|1486411336
29480|0|16186|07/01/2024 14:40:50||550|100312352|110290384
27384|0|8960|07/01/2024 00:14:56||52504|5901816120|6567689800
27476|0|83585|07/01/2024 00:58:21||49899|36909057688|42178753888
29001|0|45057|07/01/2024 11:18:45||12675|965167936|1290660040
29459|0|25097|07/01/2024 14:36:15||825|69317520|83837720
29165|0|47789|07/01/2024 12:26:23||8617|288399944|394328432
26971|0|17166|06/01/2024 21:12:34|07/01/2024 14:42:40|63006|89192693384|265643054456
27210|0|18892|06/01/2024 22:59:29||57031|21102854032|21411451824
28233|0|27076|07/01/2024 06:06:33||31407|2853855344|3529132560
28713|0|24952|07/01/2024 09:11:43||20297|5571656984|8298044496
29166|0|86402|07/01/2024 12:26:48||8592|11590413816|30653946744
27477|0|59587|07/01/2024 00:53:07||50213|2158387600|2784747448
28979|0|93219|07/01/2024 11:08:25||13295|1828155680|2201539288
28191|0|70465|07/01/2024 05:43:01||32819|26816674360|30581397376
29380|0|69235|07/01/2024 13:51:57||3483|41824608|51163376
27797|0|27723|07/01/2024 03:01:07||42533|1353196688|1956564160
27798|0|30336|07/01/2024 03:03:39||42381|7962261456|9973284144
29436|0|54404|07/01/2024 14:22:22||1658|188775640|248996776
28790|0|94047|07/01/2024 09:47:19||18161|4632725216|5991201920
29362|0|48701|07/01/2024 13:44:48||3912|572364736|818199064
29167|0|96811|07/01/2024 12:29:24||8436|265682232|374819472
27983|0|68624|07/01/2024 04:17:38||37942|12311471880|16604554560
28380|0|68329|07/01/2024 06:50:53||28747|4774923784|6079941616
28791|0|71658|07/01/2024 09:42:04||18476|1939962072|2284889136
29186|0|53757|07/01/2024 12:38:23||7897|65592952|68620032
29296|0|37529|07/01/2024 13:15:36||5664|6789780296|20020235520
27774|0|42806|07/01/2024 02:55:58||42842|4816390312|5012557528
28980|0|11120|07/01/2024 11:08:23||13297|5731113680|6795595336
26829|0|5419|06/01/2024 20:16:10||66830|4624262056|5607394544
28895|0|49253|07/01/2024 10:25:05||15895|1869010864|2298135384
29026|0|93337|07/01/2024 11:24:48||12312|8506532920|8802985440
28035|0|71383|07/01/2024 04:38:19||36701|9276593368|11587414080
28356|0|23638|07/01/2024 06:41:18||29322|5496383864|5711381264
27726|0|30847|07/01/2024 02:34:14||44146|7569388448|9420173464
27847|0|21813|07/01/2024 03:20:09||41391|60354042632|127146048872
29265|0|44839|07/01/2024 13:09:18||6042|1325254768|1804976312
28848|0|96132|07/01/2024 10:03:05||17215|1488207144|2048024888
28766|0|96497|07/01/2024 09:39:31||18629|455668312|491615896
28962|0|5259|07/01/2024 10:55:57||14043|328490416|339809640
28651|0|77830|07/01/2024 08:44:12||21948|81748788600|201623653496
28147|0|26698|07/01/2024 05:29:29||33631|117597132000|243782542912
28325|0|96233|07/01/2024 06:38:26||29494|131965913784|324542610208
29389|0|97799|07/01/2024 14:08:59||2461|2306885176|2411760344
28938|0|44400|07/01/2024 10:42:22||14858|21769433800|12770980024
29234|0|39037|07/01/2024 12:57:20||6760|1472827304|2058354136
29002|0|20682|07/01/2024 11:15:33||12867|1474262312|1981220120
29124|0|35155|07/01/2024 12:06:45||9795|1004367216|1388864024
29342|0|82492|07/01/2024 13:32:39||4641|830460256|1168160184
27878|0|5357|07/01/2024 03:39:54||40206|7656181328|8821524200
27424|0|58783|07/01/2024 00:32:59||51421|20335197584|24778329936
28981|0|5731|07/01/2024 11:04:57||13503|27479666320|74963335624
29266|0|99136|07/01/2024 13:05:36||6264|1986667608|2416452288
28326|0|81147|07/01/2024 06:39:40||29420|470711496|576474280
29297|0|22791|07/01/2024 13:14:25||5735|839389984|970153472
28458|0|89313|07/01/2024 07:21:57||26883|1569320488|2286673032
27699|0|60137|07/01/2024 02:23:04||44816|46438629464|109043894080
28583|0|42336|07/01/2024 08:17:40||23540|8773148832|9167343240
27818|0|35390|07/01/2024 03:14:55||41705|5439661808|7821995000
29390|0|20349|07/01/2024 14:06:05||2635|60191416|84591760
28875|0|51885|07/01/2024 10:17:22||16358|3023673976|3080865792
28672|0|5792|07/01/2024 08:54:55||21305|13528406128|16856778592
28692|0|51212|07/01/2024 09:07:35||20545|2552456648|3273360320
28876|0|28628|07/01/2024 10:18:54||16266|4501288088|6160423960
27038|0|17452|06/01/2024 21:38:39||61881|12059781112|15290507032
28381|0|64295|07/01/2024 06:57:52||28328|10690786240|15636537112
29437|0|25275|07/01/2024 14:25:44||1456|4010953024|8191664784
28262|0|84546|07/01/2024 06:10:36||31164|2825254992|3238146352
29149|0|46044|07/01/2024 12:16:20||9220|455924400|576841848
27362|0|18447|07/01/2024 00:02:36||53244|107207434488|281326477304
29052|0|87203|07/01/2024 11:32:48||11832|669280400|979323424
28562|0|60049|07/01/2024 08:00:11||24589|19534316152|20249642576
28982|0|59631|07/01/2024 11:00:43||13757|4040538064|5037469280
29363|0|13992|07/01/2024 13:47:20||3760|1406069896|2041572264
27727|0|94557|07/01/2024 02:39:57||43803|115183522464|242574181008
28234|0|98839|07/01/2024 06:00:22||31778|128343701568|90413803408
28584|0|73246|07/01/2024 08:15:06||23694|5761798760|7633761856
27571|0|27374|07/01/2024 01:37:06||47574|22167133160|25000559768
27099|0|48759|06/01/2024 22:07:07||60173|14167721568|15366215232
28290|0|11546|07/01/2024 06:24:35||30325|5742010152|6669072296
28983|0|96277|07/01/2024 11:03:31||13589|1744805792|2261589704
28430|0|67555|07/01/2024 07:16:53||27187|357152768|374811984
27299|0|83091|06/01/2024 23:31:20||55120|2421592928|3604480264
27879|0|71416|07/01/2024 03:31:29||40711|13017940744|17185463840
28263|0|57697|07/01/2024 06:16:56||30784|3538058416|5221414912
28382|0|49043|07/01/2024 06:59:18||28242|1674979208|2168678376
28896|0|26831|07/01/2024 10:28:42||15678|32631045320|61493423432
28291|0|5281|07/01/2024 06:27:07||30173|10517745264|13895603704
29053|0|89833|07/01/2024 11:35:04||11696|5100797184|7593165128
28897|0|10721|07/01/2024 10:25:53||15847|11035419616|13817475656
28941|0|85834|07/01/2024 10:42:47||14833|1496653944|1960503304
28531|0|96669|07/01/2024 07:57:20||24760|1829322120|1899028080
26976|0|33410|06/01/2024 21:16:48||63192|196861211088|568820684368
28878|0|95998|07/01/2024 10:13:55||16565|3793182656|5166094248
28746|0|79031|07/01/2024 09:25:13||19487|2838599696|3967276584
28792|0|79718|07/01/2024 09:47:24||18156|466320680|655594976
28532|0|73049|07/01/2024 07:52:56||25024|49784140352|122129844112
28192|0|86051|07/01/2024 05:41:48||32892|1191792960|1311251784
27750|0|59314|07/01/2024 02:49:06||43254|4392887272|5687748416
27848|0|83578|07/01/2024 03:29:16||40844|6864943272|8584095944
28898|0|36494|07/01/2024 10:24:03||15957|1520602768|1647689120
27776|0|27550|07/01/2024 02:59:53||42607|8363883448|11519304544
29187|0|32410|07/01/2024 12:38:13||7907|171414776|224962552
28128|0|89332|07/01/2024 05:13:47||34573|12294407960|15033610784
28899|0|31462|07/01/2024 10:21:15||16125|2998613792|3701569344
27344|0|60709|06/01/2024 23:57:34||53546|2404246328|3032744784
28006|0|14653|07/01/2024 04:27:44||37336|2265756688|3196563608
29208|0|29371|07/01/2024 12:47:40||7340|666018888|684196048
28693|0|84110|07/01/2024 09:03:43||20777|3403380984|3972089184
29235|0|47537|07/01/2024 12:53:40||6980|4656089544|4686371120
27729|0|90469|07/01/2024 02:33:57||44163|4595748808|5459532472
29318|0|85151|07/01/2024 13:22:23||5257|2848421400|2903367600
29343|0|57785|07/01/2024 13:35:19||4481|1447555680|1752274440
29298|0|10105|07/01/2024 13:17:38||5542|3246195688|3486731624
28148|0|92558|07/01/2024 05:26:45||33795|9548270816|10114100728
28793|0|78522|07/01/2024 09:47:36||18144|1160612056|1348456296
29417|0|98900|07/01/2024 14:16:50||1990|740113528|850125080
27273|0|47184|06/01/2024 23:23:54||55566|6545691144|7197794936
27170|0|30969|06/01/2024 22:30:44||58756|9590839912|10382984552
27452|0|37938|07/01/2024 00:42:55||50825|4572887616|5921608240
28747|0|40573|07/01/2024 09:20:30||19770|973098336|1222239776
28942|0|66047|07/01/2024 10:47:10||14570|1586439968|1762303712
28237|0|5194|07/01/2024 06:07:06||31374|87056989744|181008143456
29391|0|9725|07/01/2024 14:08:21||2499|160939104|172969432
28358|0|51146|07/01/2024 06:44:24||29136|1614584728|1638055616
28193|0|14516|07/01/2024 05:46:13||32627|3780578240|5504494592
28533|0|50415|07/01/2024 07:53:16||25004|3550851968|4727051744
29381|0|27764|07/01/2024 13:51:55||3485|223341512|264672736
29418|0|5370|07/01/2024 14:16:44||1996|5198802656|11477986496
28714|0|94862|07/01/2024 09:14:31||20129|770649640|1004521688
29074|0|49723|07/01/2024 11:43:43||11177|41391396312|76936524528
29364|0|59764|07/01/2024 13:49:49||3611|7800925184|18750280912
27254|0|89175|06/01/2024 23:18:59|07/01/2024 14:49:27|55828|36831539032|46164181040
29299|0|66215|07/01/2024 13:11:48||5892|1340334304|1630846912
26978|0|31271|06/01/2024 21:17:55||63125|102002439136|69154295584
29237|0|27336|07/01/2024 12:55:22||6878|653936080|936724656
28084|0|60295|07/01/2024 04:53:32||35788|9001223824|12136480920
29365|0|25576|07/01/2024 13:49:21||3639|1759980936|2576117776
28459|0|57284|07/01/2024 07:21:18||26922|4250180792|4755362216
28149|0|88707|07/01/2024 05:26:30||33810|77502014192|186811571552
29209|0|75625|07/01/2024 12:49:32||7228|2720432712|3709179088
28384|0|92971|07/01/2024 06:54:59||28501|2779366064|4123320808
28674|0|18359|07/01/2024 08:51:05||21535|36973147072|85123966512
28748|0|16548|07/01/2024 09:24:14||19546|3922182240|4821436072
29238|0|63085|07/01/2024 12:50:29||7171|18718036264|36249601920
29125|0|54847|07/01/2024 12:00:21||10179|2270432376|2424411752
29267|0|64355|07/01/2024 13:06:04||6236|16072334808|37270237160
27255|0|16816|06/01/2024 23:18:14||55906|9041602800|9885000400
28385|0|43712|07/01/2024 06:52:29||28651|27824239712|61199776776
29438|0|99171|07/01/2024 14:22:05||1675|2136698568|5632952344
27594|0|41802|07/01/2024 01:41:10||47330|4600884712|5600514536
29100|0|29673|07/01/2024 11:57:11||10369|28546804304|84392128104
28150|0|3991|07/01/2024 05:29:13||33647|6357228016|6462035056
27822|0|33320|07/01/2024 03:19:37||41423|8388150904|11861519352
27937|0|10493|07/01/2024 03:54:38||39322|5218754040|7134084256
27778|0|92343|07/01/2024 02:55:57||42843|2131756320|2898440944
29300|0|53701|07/01/2024 13:17:53||5527|368243800|506559280
29210|0|70269|07/01/2024 12:45:33||7467|14592759760|27563057216
28408|0|38628|07/01/2024 07:08:58||27662|3185027088|4177652504
28238|0|59111|07/01/2024 06:05:00||31500|14682298784|19932620880
28694|0|85531|07/01/2024 09:03:18||20802|1330207984|1335673808
28850|0|91247|07/01/2024 10:01:12||17328|1721744656|2488753528
28293|0|24715|07/01/2024 06:28:46||30074|1203470056|1215596984
27823|0|34605|07/01/2024 03:15:28||41672|65624426528|157357664400
28943|0|26148|07/01/2024 10:46:38||14602|2437819968|2933380952
28822|0|83901|07/01/2024 09:52:22||17858|785692496|1099414272
28985|0|85924|07/01/2024 11:06:27||13413|4519099992|5722976328
28167|0|95978|07/01/2024 05:31:36||33504|3568456312|5320916520
27881|0|57855|07/01/2024 03:37:15||40365|21824038200|23834883416
29439|0|98490|07/01/2024 14:27:30||1350|281929400|354379304
28944|0|59348|07/01/2024 10:49:41||14419|1811303184|2710628872
28695|0|24430|07/01/2024 09:06:51||20589|9071303208|10323298288
28749|0|24261|07/01/2024 09:20:27||19773|27078387440|14717184600
28945|0|13739|07/01/2024 10:43:09||14811|756817264|758424712
28900|0|99654|07/01/2024 10:27:29||15751|2726681480|3580652672
29188|0|93165|07/01/2024 12:30:05||8395|619780200|808890392
29102|0|75232|07/01/2024 11:58:30||10290|916321544|919366728
29319|0|85082|07/01/2024 13:28:03||4917|738730344|780913296
28409|0|77054|07/01/2024 07:04:55||27905|44806636624|25599286800
28432|0|18094|07/01/2024 07:14:32||27328|12735764584|14554007608
28007|0|10634|07/01/2024 04:27:33||37347|2728340672|3011957408
28294|0|59979|07/01/2024 06:22:52||30428|1161929936|1331265904
28460|0|10027|07/01/2024 07:22:03|07/01/2024 14:42:54|26451|222287432|331173320
29126|0|96649|07/01/2024 12:02:38||10042|288791640|340263872
28794|0|73573|07/01/2024 09:46:36|07/01/2024 14:48:35|18119|1147531088|1617429584
29481|0|73573|07/01/2024 14:49:33||27|1189928|1560944
29211|0|56813|07/01/2024 12:43:40|07/01/2024 14:40:17|6997|681653424|736611912
29482|0|56813|07/01/2024 14:41:46||494|9028144|12779360
29027|0|38356|07/01/2024 11:20:08||12592|1715415824|2190499296
28058|0|91117|07/01/2024 04:48:02||36118|3190249216|3552655224
27595|0|7959|07/01/2024 01:40:38||47362|88897556720|232504455496
27427|0|70850|07/01/2024 00:37:32||51148|7449580832|7583121312
27231|0|75481|06/01/2024 23:01:09||56931|19626691688|20877237928
29004|0|47727|07/01/2024 11:19:35||12625|12421765800|15694284408
29054|0|66665|07/01/2024 11:30:28||11972|7037825856|7333029696
28623|0|82493|07/01/2024 08:34:07||22553|21373669480|13842589344
29320|0|87249|07/01/2024 13:25:52||5048|2790617512|2963489960
27673|0|67468|07/01/2024 02:10:29||45571|8765485544|11096065584
28946|0|97929|07/01/2024 10:48:04||14516|1501963592|1707110832
29321|0|70112|07/01/2024 13:23:20||5200|14547980672|29542636248
29189|0|93246|07/01/2024 12:31:15||8325|4250316568|4312473760
29301|0|55223|07/01/2024 13:12:45||5835|1728931008|1738415416
28587|0|56756|07/01/2024 08:15:11||23689|1081321232|1436255800
28265|0|47090|07/01/2024 06:19:15||30645|9363455816|9838534984
28901|0|80555|07/01/2024 10:23:53||15967|607405928|740168456
29075|0|98062|07/01/2024 11:44:10||11150|2914505024|4210215496
28768|0|86414|07/01/2024 09:36:05||18835|3395514000|4618488664
27700|0|69115|07/01/2024 02:29:53||44407|354387744|355782152
29103|0|6280|07/01/2024 11:59:57||10203|487921656|649308152
28986|0|17534|07/01/2024 11:08:30||13290|4114287960|6031733600
27801|0|54065|07/01/2024 03:04:56||42304|35075280352|41653430608
28239|0|63283|07/01/2024 06:05:04||31496|39444966808|24940473808
28676|0|29503|07/01/2024 08:53:37||21383|50026677960|94842738120
28879|0|92953|07/01/2024 10:11:09||16731|6826194408|9047127224
28588|0|91907|07/01/2024 08:12:31||23849|1031054480|1163966976
26905|0|52341|06/01/2024 20:43:40|07/01/2024 14:48:59|65119|3426713552|3821135624
29483|0|52341|07/01/2024 14:49:51||9|0|0
28168|0|19540|07/01/2024 05:37:37||33143|19948232136|27295411152
28902|0|96145|07/01/2024 10:27:29||15751|613829256|754366440
27701|0|33806|07/01/2024 02:22:50||44830|8563048008|12664716184
28151|0|39888|07/01/2024 05:24:45||33915|5246692672|5302597160
28947|0|70485|07/01/2024 10:49:48||14412|2422538120|3593568896
28677|0|68794|07/01/2024 08:58:08||21112|3162076336|4414005112
28715|0|18173|07/01/2024 09:13:52||20168|46075471400|36128260496
29076|0|70576|07/01/2024 11:40:23||11377|6110996360|3398382120
28696|0|67613|07/01/2024 09:09:08||20452|2724150552|4068207304
29440|0|16718|07/01/2024 14:22:50||1630|7684326544|16842882416
29028|0|93139|07/01/2024 11:28:34||12086|46842984|61111312
29127|0|61774|07/01/2024 12:04:40||9920|5522345552|7934610272
29441|0|84827|07/01/2024 14:25:03||1497|12540447592|10176909152
29460|0|96461|07/01/2024 14:38:17||703|1597302368|4160587568
28624|0|60623|07/01/2024 08:35:05||22495|8528976728|10432407128
28697|0|84902|07/01/2024 09:04:46||20714|7440326128|10812169392
29005|0|98665|07/01/2024 11:14:57||12903|6393393144|8746483736
28851|0|73673|07/01/2024 10:09:57||16803|21244756224|49822828744
29055|0|35841|07/01/2024 11:34:10||11750|5733041656|8201818392
26933|0|98838|06/01/2024 20:56:59|07/01/2024 14:44:48|64069|27816332000|31650528888
28037|0|53581|07/01/2024 04:30:08||37192|1699086672|2095672616
29128|0|55477|07/01/2024 12:00:10||10190|1033862512|1527158704
27674|0|21733|07/01/2024 02:13:39||45381|110564229304|237050420952
28716|0|7944|07/01/2024 09:14:25||20135|7419618184|8912165920
28152|0|81050|07/01/2024 05:24:59||33901|1699522008|1907583360
29484|0|35604|07/01/2024 14:44:27||333|436407584|311613096
29077|0|81151|07/01/2024 11:42:38||11242|24327548704|58562830712
29168|0|31001|07/01/2024 12:22:14||8866|1882256080|2529443944
27675|0|82926|07/01/2024 02:16:22||45218|2573287968|2875363576
28963|0|36817|07/01/2024 10:59:27||13833|12269915048|13563977248
29239|0|63427|07/01/2024 12:53:32||6988|237629968|292813224
29268|0|26030|07/01/2024 13:03:49||6371|1439047320|1851932392
28434|0|66378|07/01/2024 07:13:23||27397|1284225520|1388470336
28169|0|25089|07/01/2024 05:38:42||33078|23829825664|28160154272
28536|0|98016|07/01/2024 07:57:10||24770|12707517936|17886445352
28240|0|41825|07/01/2024 06:08:54||31266|19212763520|26601203152
29419|0|69431|07/01/2024 14:16:48||1992|4721983768|10256045384
28625|0|26405|07/01/2024 08:39:30||22230|10680475424|14597046296
28296|0|49138|07/01/2024 06:22:13||30467|2659556832|3857713312
29129|0|57084|07/01/2024 12:01:45||10095|2495403512|2743601336
28678|0|97358|07/01/2024 08:50:46||21554|5883812616|8307789712
28565|0|44704|07/01/2024 08:07:54||24126|5285663536|7606028896
29269|0|43846|07/01/2024 13:07:47||6133|515479568|692843384
28718|0|13628|07/01/2024 09:11:27||20313|5609372464|5914929080
28195|0|42803|07/01/2024 05:45:35||32665|2630574608|3692636336
28949|0|57579|07/01/2024 10:49:21||14439|29695011248|72531601064
28297|0|83617|07/01/2024 06:29:39||30021|7130225776|8599667504
28242|0|31738|07/01/2024 06:09:18||31242|4839878992|5667109256
29006|0|16738|07/01/2024 11:19:56||12604|1750189712|1873314800
29322|0|79796|07/01/2024 13:21:20||5320|1183144456|1668325672
28537|0|51155|07/01/2024 07:50:18||25182|1131028800|1270965288
27908|0|28470|07/01/2024 03:43:10||40010|5179018272|7002146800
28410|0|16084|07/01/2024 07:00:12||28188|3015116824|3599018448
28750|0|12313|07/01/2024 09:29:48||19212|4232523120|5349921456
28626|0|64019|07/01/2024 08:39:13||22247|2005471472|2121410448
28087|0|30099|07/01/2024 04:50:04||35996|3432312176|3495062464
27963|0|87230|07/01/2024 04:09:37||38423|28384224872|33136781104
28795|0|93774|07/01/2024 09:43:46||18374|4871829808|5292528296
28566|0|24718|07/01/2024 08:08:22||24098|2684788352|3589952624
29344|0|91362|07/01/2024 13:37:37||4343|843810592|877260200
29078|0|87386|07/01/2024 11:43:00||11220|365950608|395709488
29366|0|85395|07/01/2024 13:45:28||3872|525390736|689850352
28011|0|36677|07/01/2024 04:27:02||37378|2579840696|3103426960
27779|0|40270|07/01/2024 02:52:47||43033|5414797464|7642897408
28796|0|21264|07/01/2024 09:47:22||18158|339118248|340105688
29323|0|21002|07/01/2024 13:22:46||5234|1203958432|1523845936
28387|0|42522|07/01/2024 06:53:43|07/01/2024 14:42:31|28128|1413970488|1667900880
29324|0|62169|07/01/2024 13:29:49||4811|2875648264|3232191320
27597|0|56903|07/01/2024 01:46:51||46989|13174913912|14046614504
29104|0|98192|07/01/2024 11:54:54||10506|15179300112|44986260200
28769|0|34817|07/01/2024 09:33:45||18975|616895648|693396672
29007|0|50925|07/01/2024 11:18:06||12714|18311309536|49899899456
29008|0|55135|07/01/2024 11:10:43||13157|3880462896|5412962416
27755|0|74214|07/01/2024 02:40:49||43751|8437373344|10811178024
27756|0|41711|07/01/2024 02:41:15||43725|2558317008|3003042752
27984|0|89625|07/01/2024 04:19:56||37804|2178793216|3234010520
28483|0|22732|07/01/2024 07:31:13||26327|3209686600|3973230416
29302|0|21299|07/01/2024 13:11:32||5908|431960312|476830672
28088|0|99802|07/01/2024 04:58:46||35474|2074022992|2094280016
28196|0|20340|07/01/2024 05:49:11||32449|8628687088|10784923768
28461|0|66642|07/01/2024 07:22:16||26864|910347792|1067713632
28538|0|86893|07/01/2024 07:57:54||24726|4457961632|5854932312
28484|0|64535|07/01/2024 07:38:39||25881|908479360|1050934904
29240|0|96448|07/01/2024 12:59:11||6649|1682356144|2043920240
28267|0|96996|07/01/2024 06:10:04||31196|6823276952|9256295176
28950|0|10821|07/01/2024 10:41:29||14911|4744930344|4765232592
27780|0|71230|07/01/2024 02:57:47||42733|2994012048|3509584160
29392|0|79678|07/01/2024 14:04:56||2704|52705392|64985248
28964|0|20804|07/01/2024 10:59:30||13830|4155306240|4219574056
29303|0|76684|07/01/2024 13:15:36||5664|7226605632|4971214128
29169|0|71963|07/01/2024 12:28:51||8469|378909056|544175768
28606|0|51592|07/01/2024 08:28:18||22902|7830977184|11482729440
28823|0|47921|07/01/2024 09:54:35||17725|6764713720|3745918024
28197|0|31822|07/01/2024 05:42:30||32850|6684564888|7240984456
28332|0|68127|07/01/2024 06:39:48||29412|26879271728|33726038872
28720|0|31414|07/01/2024 09:18:35||19885|7720678616|9298684824
27574|0|67864|07/01/2024 01:34:53||47707|363717600|508751592
28198|0|61739|07/01/2024 05:47:54|07/01/2024 14:45:11|32237|565470448|771442728
29485|0|61739|07/01/2024 14:46:54||186|4726816|5408600
29150|0|35194|07/01/2024 12:11:54||9486|877658840|1036034912
29325|0|47816|07/01/2024 13:21:05||5335|3205258568|4097343424
27985|0|51410|07/01/2024 04:13:58||38162|3067935792|3234327448
29212|0|69724|07/01/2024 12:42:13||7667|1324602752|1392065744
27625|0|20365|07/01/2024 01:57:42||46338|8074533224|9713929976
28012|0|65216|07/01/2024 04:29:47||37213|5934298904|8097801768
28987|0|5022|07/01/2024 11:05:23||13477|28666556752|54028977736
28852|0|89563|07/01/2024 10:05:25||17075|245072976|257818024
27174|0|95892|06/01/2024 22:36:10||58430|17393328384|18173399576
29029|0|87236|07/01/2024 11:24:52||12308|944299480|1123105144
29009|0|14216|07/01/2024 11:14:07||12953|14572625672|18614280720
28090|0|94244|07/01/2024 04:56:11||35629|4388236368|5321818440
27235|0|50648|06/01/2024 23:02:34|07/01/2024 14:40:55|56301|161599618488|360601577720
29486|0|50648|07/01/2024 14:42:28||452|1172792120|2534444800
29080|0|14086|07/01/2024 11:47:15||10965|4402241016|4428179656
29170|0|7012|07/01/2024 12:27:43||8537|1470834784|1632872920
28797|0|59647|07/01/2024 09:49:33||18027|2898491592|3578467272
28216|0|69690|07/01/2024 05:55:22||32078|6241400344|6551250416
27626|0|58138|07/01/2024 01:50:26||46774|1947524024|2408498064
26935|0|90465|06/01/2024 20:51:43||64697|87064757304|175165079304
28988|0|95327|07/01/2024 11:08:59||13261|2116126088|1276052888
27702|0|68548|07/01/2024 02:28:46||44474|10314148064|14379945112
29105|0|59525|07/01/2024 11:53:00||10620|649569488|824627136
29130|0|46140|07/01/2024 12:06:32||9808|2132507368|2160163480
28061|0|37636|07/01/2024 04:42:28||36452|8891843608|13103041728
28680|0|68233|07/01/2024 08:56:10||21230|6729560280|7108513024
26671|0|55305|06/01/2024 19:08:25||70895|14712985744|19651526760
29345|0|51811|07/01/2024 13:31:48||4692|9142693760|23839113096
29010|0|65020|07/01/2024 11:18:40||12680|4016899160|4379679080
29304|0|45456|07/01/2024 13:16:53||5587|2958804320|3069677064
28171|0|9069|07/01/2024 05:33:27||33393|9185580792|11049103496
27733|0|80460|07/01/2024 02:35:48||44052|12310677512|15160831312
28268|0|60476|07/01/2024 06:10:12||31188|8577618776|12095893616
27390|0|63560|07/01/2024 00:13:38||52582|18503734144|20192593224
28568|0|24713|07/01/2024 08:07:35|07/01/2024 14:45:08|23853|14178532536|20279230848
28903|0|6879|07/01/2024 10:26:29||15811|1910779720|2195117112
27321|0|80258|06/01/2024 23:49:14||54046|4369712104|6422958304
28485|0|72139|07/01/2024 07:37:56||25924|2197696032|2560386520
28628|0|64222|07/01/2024 08:34:31||22529|2820041072|2911683032
27627|0|47934|07/01/2024 01:52:47||46633|38488554968|23030332088
28388|0|57723|07/01/2024 06:52:28||28652|4279889040|4608620608
27483|0|29227|07/01/2024 00:59:20||49840|134832360|138301112
27852|0|6911|07/01/2024 03:21:52||41288|23696942584|16160315248
27304|0|45514|06/01/2024 23:34:36||54924|3325273376|4619700472
27677|0|7366|07/01/2024 02:16:12|07/01/2024 14:49:44|45212|100632998128|222166156776
28245|0|97624|07/01/2024 06:09:19||31241|5608929024|7787935664
29487|0|73867|07/01/2024 14:42:16||464|7297232|7719912
28569|0|14240|07/01/2024 08:00:17||24583|9160099608|12148020096
28951|0|5332|07/01/2024 10:46:33||14607|4410516792|5658931408
27410|0|53873|07/01/2024 00:22:52||52028|21456855720|29036980160
27392|0|71946|07/01/2024 00:13:44||52576|6533332576|7338451944
29081|0|47809|07/01/2024 11:48:39||10881|324663752|462496048
28589|0|11854|07/01/2024 08:12:38||23842|5879572352|6486983832
28824|0|28891|07/01/2024 09:59:44||17416|1137064968|1454070808
26936|0|64286|06/01/2024 20:58:30||64290|21869992128|28815723088
27069|0|56440|06/01/2024 21:49:49||61211|20545742464|25530135208
29367|0|87270|07/01/2024 13:41:52||4088|48962504|61989200
28508|0|46894|07/01/2024 07:48:29||25291|3075159992|3187647928
28412|0|89783|07/01/2024 07:06:24||27816|2661865344|3562398600
27939|0|45445|07/01/2024 03:52:16||39464|95310375024|274396311248
28298|0|10739|07/01/2024 06:23:26||30394|2280220672|3188610576
27986|0|19406|07/01/2024 04:12:26||38254|5243764264|5325897664
27884|0|57415|07/01/2024 03:35:51||40449|12482789064|12562458512
28655|0|86546|07/01/2024 08:44:16||21944|4025564464|5155693056
27322|0|82423|06/01/2024 23:47:49||54131|9103841456|9724131144
29241|0|52922|07/01/2024 12:53:14||7006|1731152736|1788012656
27940|0|80650|07/01/2024 03:50:37||39563|5211765656|7117064456
28922|0|39139|07/01/2024 10:36:38||15202|1201025664|1624801664
29030|0|57089|07/01/2024 11:29:39||12021|5833994976|5835632352
29488|0|13835|07/01/2024 14:49:04||56|8877608|12741200
27758|0|13972|07/01/2024 02:45:46||43454|334930496|391351128
28721|0|73294|07/01/2024 09:12:33||20247|5208334952|5614484064
28570|0|54615|07/01/2024 08:00:25||24575|5190509040|5869011104
28062|0|45025|07/01/2024 04:48:53||36067|6161930096|7860528872
28799|0|74976|07/01/2024 09:40:05||18595|2535182592|2571864656
29346|0|51065|07/01/2024 13:30:29||4771|2776067160|3452706192
27212|0|44253|06/01/2024 22:53:37||57383|10356340144|14394084904
28825|0|30656|07/01/2024 09:52:27||17853|83909648|97617992
28698|0|54872|07/01/2024 09:09:38||20422|59788747096|128907645320
27527|0|53832|07/01/2024 01:17:37||48743|26717463376|28262437520
27911|0|28135|07/01/2024 03:46:29||39811|37114885344|39605695808
29420|0|85209|07/01/2024 14:18:01||1919|98049952|100878152
27457|0|97025|07/01/2024 00:49:10||50450|16011385904|21208722712
28041|0|57478|07/01/2024 04:39:19||36641|12988548664|19139443424
29421|0|69752|07/01/2024 14:15:17||2083|1367061000|1902376048
29442|0|82437|07/01/2024 14:20:12||1788|89869576|91923608
27393|0|35393|07/01/2024 00:18:44||52276|29052979784|31307612040
29011|0|92233|07/01/2024 11:12:06||13074|3568669368|4370979792
28269|0|25393|07/01/2024 06:10:01||31199|20209398592|24725688968
27108|0|95133|06/01/2024 22:06:22||60218|2676524992|3152277304
28333|0|39092|07/01/2024 06:35:36||29664|3311482744|3950089136
28880|0|46481|07/01/2024 10:18:52||16268|9962414000|10277839832
29270|0|80114|07/01/2024 13:08:30||6090|482756560|525319160
29106|0|57527|07/01/2024 11:57:28||10352|2989692584|4257683392
29082|0|39283|07/01/2024 11:44:10||11150|134028304|146142544
27678|0|86587|07/01/2024 02:14:53||45307|997443456|1344735336
27734|0|49972|07/01/2024 02:34:48||44112|10220632544|14873897272
28826|0|38043|07/01/2024 09:51:41||17899|837062168|1160389584
28656|0|64851|07/01/2024 08:43:01||22019|2227157024|2614995504
29242|0|79969|07/01/2024 12:55:33||6867|4796693184|5781106008
29443|0|38044|07/01/2024 14:22:09||1671|3619995912|8823024152
29368|0|9408|07/01/2024 13:46:31||3809|1519902536|2080376120
29461|0|80972|07/01/2024 14:31:49||1091|222289280|266026464
29243|0|98219|07/01/2024 12:58:02||6718|71982904|93751432
28299|0|82683|07/01/2024 06:23:48||30372|1822367936|2099632000
29462|0|92001|07/01/2024 14:34:39||921|156842792|176320360
28199|0|32304|07/01/2024 05:49:59||32401|5452864584|5842033032
28129|0|23312|07/01/2024 05:10:23||34777|52221852064|125267450256
28854|0|77682|07/01/2024 10:03:53||17167|10139290104|5646683760
29131|0|16883|07/01/2024 12:08:04||9716|42563936|61930336
28362|0|99463|07/01/2024 06:40:12||29388|18822429896|19277775016
28415|0|19240|07/01/2024 07:03:07||28013|3800833672|4172901168
27368|0|16393|07/01/2024 00:03:45||53175|3951836544|5405765984
27912|0|44799|07/01/2024 03:45:22||39878|20970508712|24168724528
29422|0|98692|07/01/2024 14:10:05||2395|137549936|173323192
28416|0|54462|07/01/2024 07:00:49||28151|3671622624|3941940928
28465|0|90193|07/01/2024 07:25:49||26651|3076898200|3178457688
29151|0|82514|07/01/2024 12:10:40||9560|173734592|186308064
28486|0|98097|07/01/2024 07:31:22||26318|3692574560|4796507288
29132|0|53244|07/01/2024 12:04:42||9918|3568291960|5228329728
27369|0|11651|07/01/2024 00:02:14||53266|2852422904|3137979512
29172|0|9194|07/01/2024 12:27:54||8526|323823424|413955256
29083|0|74631|07/01/2024 11:44:27||11133|27108507144|59483331904
28827|0|68505|07/01/2024 09:51:11||17929|282061448|297316288
29326|0|90503|07/01/2024 13:28:54||4866|934517600|1268935488
28246|0|94561|07/01/2024 06:02:59||31621|16752814008|21878386744
29084|0|23062|07/01/2024 11:42:24||11256|2575024736|3230574928
28881|0|52819|07/01/2024 10:16:39||16401|1404349640|1446811328
28923|0|49951|07/01/2024 10:39:03||15057|4560305528|5588652944
27022|0|17532|06/01/2024 21:29:23||62437|9105375608|9438975912
28092|0|98547|07/01/2024 04:56:20||35620|1736101560|2220816720
28390|0|7726|07/01/2024 06:58:54||28266|3285830488|3610462720
27502|0|77479|07/01/2024 01:09:34||49226|16870296832|24624586728
28629|0|94328|07/01/2024 08:30:10||22790|12301194248|17782171824
27885|0|66715|07/01/2024 03:39:28||40232|41535454624|22756517552
29444|0|93283|07/01/2024 14:26:23||1417|11489848|11857216
29191|0|10836|07/01/2024 12:35:39||8061|1823719912|1964206664
28300|0|57796|07/01/2024 06:23:38||30382|5438989664|5814669408
28487|0|86841|07/01/2024 07:37:36||25944|345917176|362870888
27347|0|76372|06/01/2024 23:50:54||53946|7608154608|9341839976
27886|0|92396|07/01/2024 03:31:58||40682|2035124752|2468593936
28200|0|52234|07/01/2024 05:41:38||32902|2469295424|2958349104
27175|0|65096|06/01/2024 22:31:09||58731|26913731872|37047171640
28334|0|57543|07/01/2024 06:35:01||29699|27406317552|38984775800
27149|0|54758|06/01/2024 22:21:10||59330|13723022368|20019838360
29173|0|51800|07/01/2024 12:23:33||8787|62924232|94172216
29489|0|19617|07/01/2024 14:43:36||384|58820688|81928160
28153|0|89187|07/01/2024 05:25:14||33886|2302462152|3416780416
29463|0|73332|07/01/2024 14:32:07||1073|278077472|294786392
28771|0|62677|07/01/2024 09:34:57||18903|294381024|337977368
28882|0|26214|07/01/2024 10:13:40||16580|29225115520|84785970352
29133|0|13049|07/01/2024 12:08:14||9706|795341864|853786856
29244|0|14844|07/01/2024 12:52:37||7043|1761686272|1945211624
29393|0|49925|07/01/2024 14:03:01||2819|439756696|649915816
29174|0|77305|07/01/2024 12:29:15||8445|374422488|451347688
27459|0|15805|07/01/2024 00:44:18||50742|14811385520|16136317768
29012|0|78214|07/01/2024 11:17:21||12759|12673524264|29033808072
27736|0|97040|07/01/2024 02:36:22||44018|3270826576|4571103640
28630|0|87395|07/01/2024 08:30:10||22790|4066223672|4933557048
29394|0|41832|07/01/2024 14:05:02||2698|943018456|1010154848
29031|0|6143|07/01/2024 11:21:18||12522|4671486408|6593208624
27913|0|93065|07/01/2024 03:47:50||39730|102743198064|304552466792
27987|0|85296|07/01/2024 04:12:33||38247|13647421552|15669795064
29395|0|57108|07/01/2024 14:03:48||2772|877161928|1189814632
27600|0|88911|07/01/2024 01:48:56||46864|117223207336|284830104688
28201|0|50993|07/01/2024 05:45:59||32641|12709418184|13873271824
28855|0|91423|07/01/2024 10:09:44||16816|731329864|933166112
27504|0|93087|07/01/2024 01:08:37||49283|16113586376|20242460664
27680|0|79156|07/01/2024 02:15:49||45251|4263531888|5560338312
27737|0|77493|07/01/2024 02:36:19||44021|8098909824|8301533616
28539|0|58102|07/01/2024 07:54:36|07/01/2024 14:44:06|24570|355343104|495813072
29490|0|58102|07/01/2024 14:45:51||249|5530280|7133352
28607|0|43201|07/01/2024 08:20:58||23342|13666994136|17227790816
28682|0|45750|07/01/2024 08:56:17||21223|12573438432|14375930872
29032|0|19829|07/01/2024 11:27:08||12172|860980992|1042292576
27804|0|33153|07/01/2024 03:07:03||42177|27991350712|29139351776
28438|0|43493|07/01/2024 07:18:26||27094|2353925480|2446494048
29347|0|86597|07/01/2024 13:31:37||4703|1419463672|1599223608
27942|0|51755|07/01/2024 03:53:07||39413|128651062752|275061678360
27628|0|93848|07/01/2024 01:58:42||46278|685612584|947007880
28335|0|85769|07/01/2024 06:32:01||29879|6579363032|7942056552
27825|0|55126|07/01/2024 03:17:39||41541|192208023576|406527527816
29445|0|15106|07/01/2024 14:23:54||1566|59501200|62167176
29382|0|72617|07/01/2024 13:54:24||3336|4167697672|4170926720
28247|0|97371|07/01/2024 06:00:40||31760|217926520|298726120
29464|0|47709|07/01/2024 14:38:51||669|219392|269968
29446|0|85520|07/01/2024 14:22:32||1648|1161830680|2535175480
29271|0|79305|07/01/2024 13:05:03||6297|1764002456|2284890864
27914|0|91634|07/01/2024 03:44:43||39917|2454517152|3397808528
27395|0|12052|07/01/2024 00:14:21||52539|10011714584|10053802328
27279|0|39240|06/01/2024 23:27:46||55334|7417982912|7476505680
28722|0|86178|07/01/2024 09:11:24||20316|2640533368|3581933704
28657|0|93907|07/01/2024 08:44:54||21906|193892088|231035224
28723|0|67384|07/01/2024 09:15:14||20086|5353760848|7407333536
28336|0|78045|07/01/2024 06:32:59||29821|762268456|1082825456
29348|0|14742|07/01/2024 13:33:49||4571|755388640|923130240
26988|0|15742|06/01/2024 21:14:58|07/01/2024 14:48:45|63227|12070422232|14808287976
28572|0|92029|07/01/2024 08:00:17||24583|5141981304|5865810688
28540|0|16196|07/01/2024 07:51:50||25090|7679710128|9305641144
29056|0|72586|07/01/2024 11:34:58||11702|38278543888|100078521680
27887|0|66485|07/01/2024 03:34:59||40501|8073780424|9395610616
29349|0|50442|07/01/2024 13:38:56||4264|950183560|1172755680
28467|0|80306|07/01/2024 07:20:54||26946|2970900720|3655201840
27213|0|48112|06/01/2024 22:52:28||57452|14167165744|15661092640
29192|0|95564|07/01/2024 12:33:18||8202|2496818840|2976936960
27915|0|81304|07/01/2024 03:49:59||39601|25200861320|26976926216
28439|0|58968|07/01/2024 07:17:21||27159|6116051720|6204045968
28509|0|66943|07/01/2024 07:41:35||25705|4566992528|6721477168
29272|0|90729|07/01/2024 13:09:17||6043|2175422616|2335391232
27943|0|55543|07/01/2024 03:50:26||39574|4710195320|6683789904
29447|0|49985|07/01/2024 14:20:37||1763|1570117696|4168862904
28725|0|29163|07/01/2024 09:11:44||20296|487076200|578883696
28391|0|38182|07/01/2024 06:50:59||28741|13007581232|13535777264
28202|0|87943|07/01/2024 05:48:48||32472|58777647544|152332239728
28130|0|80365|07/01/2024 05:18:05||34315|4018184272|5406778296
28016|0|26203|07/01/2024 04:29:53||37207|5159149304|5180136784
27549|0|91413|07/01/2024 01:22:00||48480|4700683328|5670705392
28726|0|51087|07/01/2024 09:15:15||20085|6664729688|9673570192
28631|0|97711|07/01/2024 08:32:08||22672|15469033376|15675493056
28093|0|48037|07/01/2024 04:58:34||35486|1937402680|2204512576
29491|0|36071|07/01/2024 14:42:48||432|267971032|379740320
28590|0|66209|07/01/2024 08:13:27|07/01/2024 14:47:34|23647|15255618808|18248305832
29465|0|71739|07/01/2024 14:36:36||804|1799946200|5113340264
28965|0|27134|07/01/2024 10:53:59||14161|6211440432|8862709656
28683|0|69771|07/01/2024 08:56:40||21200|767627288|963563104
28248|0|57000|07/01/2024 06:02:12||31668|30621442648|18532602016
28131|0|20158|07/01/2024 05:17:58||34322|5310962528|7611460672
29107|0|5526|07/01/2024 11:58:11||10309|4474648576|5760742704
28925|0|7096|07/01/2024 10:35:33||15267|5976680576|7134437808
27042|0|3879|06/01/2024 21:38:56||61864|17994468664|19883308896
29350|0|91320|07/01/2024 13:33:29||4591|939773392|1077843744
29466|0|86364|07/01/2024 14:36:56||784|188076456|191322728
28573|0|17515|07/01/2024 08:04:28||24332|3720972088|4942410328
28064|0|84700|07/01/2024 04:43:57||36363|5591023488|6877203280
29448|0|43307|07/01/2024 14:23:14||1606|3702610424|9682844160
29213|0|62485|07/01/2024 12:49:42||7218|1141307224|1611402088
27601|0|64240|07/01/2024 01:44:30||47130|13286802408|19509722760
29245|0|67487|07/01/2024 12:59:09||6651|1450931360|2043184840
28042|0|47177|07/01/2024 04:39:00||36660|2563377352|2884642008
27988|0|48358|07/01/2024 04:10:21||38379|7200587696|8034610392
28952|0|41827|07/01/2024 10:42:43||14837|2587565648|3844983896
28393|0|3804|07/01/2024 06:52:40||28640|5384861848|6804405328
29246|0|93417|07/01/2024 12:56:44||6796|2503661200|3068281640
28772|0|37594|07/01/2024 09:32:16||19064|396103040|449308072
28094|0|34693|07/01/2024 04:56:43||35597|2399440104|3529871144
29033|0|10788|07/01/2024 11:29:57||12003|28116322816|78505716248
27805|0|56085|07/01/2024 03:01:35||42505|8263253264|12327689336
29152|0|19006|07/01/2024 12:16:56||9184|2154788144|2683728800
29273|0|51998|07/01/2024 13:01:43||6497|1222582008|1656301856
28218|0|93545|07/01/2024 05:58:15||31905|18669028632|25174616512
28608|0|84155|07/01/2024 08:29:04||22856|315754232|408889080
27916|0|60316|07/01/2024 03:47:34||39746|11845294616|13187497808
29369|0|84826|07/01/2024 13:44:13||3947|902814648|1101551704
28609|0|77115|07/01/2024 08:29:29||22831|1460872848|1980307232
28751|0|60730|07/01/2024 09:20:10||19790|920068976|1026783432
27348|0|56414|06/01/2024 23:53:32||53788|1463880288|1536307664
28394|0|94648|07/01/2024 06:55:26||28474|4454042000|4665995720
29153|0|85659|07/01/2024 12:15:36||9264|231583160|328610136
29396|0|60821|07/01/2024 14:04:30||2730|195045216|271955640
28659|0|76230|07/01/2024 08:46:16||21824|6546287192|7844975576
29274|0|7655|07/01/2024 13:05:51||6249|1947597056|2749914024
27762|0|37427|07/01/2024 02:43:20||43600|4844967520|6201328568
27551|0|69790|07/01/2024 01:27:04||48176|11425202008|15161332056
29175|0|71821|07/01/2024 12:21:49||8891|268310056|319625464
29247|0|67505|07/01/2024 12:58:54||6666|4636375432|10618330768
29214|0|45174|07/01/2024 12:45:52||7448|1166478592|1603466304
28488|0|36103|07/01/2024 07:30:05||26395|4253342176|4876136880
27433|0|40103|07/01/2024 00:34:04||51356|22941417656|28052116304
29423|0|55006|07/01/2024 14:16:55||1985|168382904|237739344
26911|0|52977|06/01/2024 20:46:11||65029|3941274288|5312414416
27150|0|90604|06/01/2024 22:29:17||58843|10867919656|12691974608
28270|0|8097|07/01/2024 06:15:27||30873|18242404120|19561092272
28610|0|38989|07/01/2024 08:27:52||22928|4229539016|6094214184
29013|0|57109|07/01/2024 11:15:14||12886|4123539488|4614457408
27506|0|61807|07/01/2024 01:04:12||49548|1794152192|2612073992
28966|0|71532|07/01/2024 10:55:57||14043|2639157568|3067751656
28219|0|33020|07/01/2024 05:56:32||32008|10273562984|10410731904
29397|0|73318|07/01/2024 14:04:41||2719|647046016|858925384
29398|0|8075|07/01/2024 14:03:36||2784|373123496|474436768
28017|0|30647|07/01/2024 04:20:42||37758|23471875656|29837677280
28752|0|62807|07/01/2024 09:24:25||19535|3952638064|4575044512
29248|0|74728|07/01/2024 12:53:54||6966|2215265632|3135198440
28967|0|77675|07/01/2024 10:55:10||14090|1503433320|2017416752
27784|0|92661|07/01/2024 02:54:31||42929|6411089416|7772783504
29424|0|41286|07/01/2024 14:19:00||1860|933425000|1291040224
27413|0|46783|07/01/2024 00:21:47||52093|11136606056|13012645464
28701|0|37021|07/01/2024 09:01:44||20896|2748595904|3026291528
27740|0|14784|07/01/2024 02:39:04||43856|6242545600|6507506648
28989|0|59541|07/01/2024 11:00:08||13792|3763433032|4970951240
28132|0|4530|07/01/2024 05:12:01||34679|5067587704|7191420504
28591|0|73320|07/01/2024 08:17:33||23547|4720231376|5244307976
28339|0|28987|07/01/2024 06:31:24||29916|29337629688|77624292344
28304|0|50031|07/01/2024 06:23:38||30382|15507207168|23049157816
29215|0|91944|07/01/2024 12:41:09||7731|1396351456|1807806304
27372|0|89679|07/01/2024 00:04:48||53112|9569542720|10361092584
29425|0|91899|07/01/2024 14:17:47||1933|23981024|31807544
27485|0|10537|07/01/2024 00:54:54||50106|3881005464|5293454936
27707|0|40603|07/01/2024 02:22:10||44870|4902950808|5341457488
28592|0|86607|07/01/2024 08:16:03||23637|77336041472|144323055656
27891|0|26748|07/01/2024 03:35:51||40449|9885108144|11922349928
26953|0|61221|06/01/2024 21:08:50||63670|10463972944|12318832376
27857|0|74715|07/01/2024 03:27:22||40958|1951712712|2083388512
28828|0|53452|07/01/2024 09:55:44||17656|2972740304|4085339192
29108|0|96027|07/01/2024 11:52:29||10651|964350808|1034699056
29426|0|86994|07/01/2024 14:14:03||2157|124067680|175921904
29370|0|50071|07/01/2024 13:49:02||3658|2746844200|3464197128
28856|0|57202|07/01/2024 10:01:08||17332|26986245256|77394276984
28685|0|84148|07/01/2024 08:57:27||21153|1240115232|1413755280
28066|0|77085|07/01/2024 04:42:38||36442|43349632952|90737673920
29399|0|38660|07/01/2024 14:01:15||2925|8428220504|24498234296
29085|0|56611|07/01/2024 11:43:46||11174|117544480|157564528
28634|0|49933|07/01/2024 08:36:36||22404|3996587408|5647843424
28395|0|33874|07/01/2024 06:55:23||28477|5170785568|6175792944
29109|0|51188|07/01/2024 11:58:20||10300|580514720|580692544
29467|0|33654|07/01/2024 14:37:53||727|307897568|340375880
29057|0|93708|07/01/2024 11:35:19||11681|1414340264|2078152432
28953|0|50343|07/01/2024 10:45:49||14651|5130352048|7077898360
27552|0|70282|07/01/2024 01:22:26||48454|15868365192|16814526248
28542|0|72619|07/01/2024 07:52:42||25038|58459323464|140220752536
29327|0|45898|07/01/2024 13:28:09||4911|7238543656|4809997224
29351|0|33480|07/01/2024 13:32:17||4663|1719235928|1810002440
28968|0|49538|07/01/2024 10:58:55||13865|5296508592|5653020488
28753|0|75420|07/01/2024 09:25:00||19500|6826354120|4484097160
29275|0|37349|07/01/2024 13:02:07||6473|17711997736|36527082760
28990|0|25757|07/01/2024 11:02:10||13670|14141371864|32903404704
28095|0|6099|07/01/2024 04:57:21||35559|928494520|1291785488
28729|0|38058|07/01/2024 09:11:08||20332|2882471368|1940979896
28754|0|62081|07/01/2024 09:26:38||19402|18605140096|13017191168
29468|0|8183|07/01/2024 14:32:39||1041|615522664|856574424
28203|0|98961|07/01/2024 05:45:53||32647|20320344120|22961331080
27829|0|12671|07/01/2024 03:10:09||41991|12978500368|18804713312
29249|0|43443|07/01/2024 12:51:06||7134|545957496|577502496
27652|0|14586|07/01/2024 02:04:51||45909|1050107104|1479430552
27830|0|98312|07/01/2024 03:17:54||41526|6937934912|10151209360
29086|0|81649|07/01/2024 11:46:20||11020|1283571032|1906139408
29134|0|4636|07/01/2024 12:04:31||9929|3563010384|4440717648
28593|0|55855|07/01/2024 08:15:40||23660|7212938128|8595275032
28906|0|20797|07/01/2024 10:23:59||15961|2579723864|3713185952
29383|0|54849|07/01/2024 13:58:28||3092|2513962544|3211282648
27990|0|36213|07/01/2024 04:10:45||38355|5380967800|5930081976
28857|0|70256|07/01/2024 10:08:31||16889|2059148632|2167710744
29110|0|70809|07/01/2024 11:50:57||10743|1338751736|1410618552
29034|0|25911|07/01/2024 11:21:15||12525|7286819384|10635407008
29449|0|7858|07/01/2024 14:28:32||1288|3410220896|6805119248
29384|0|80078|07/01/2024 13:54:09||3351|575907384|684235736
28305|0|30506|07/01/2024 06:29:17||30043|8495976536|11303735984
29087|0|55039|07/01/2024 11:43:54||11166|4877838072|6441789872
29328|0|46180|07/01/2024 13:28:00||4920|1537529112|1563819864
28018|0|98373|07/01/2024 04:28:00||37320|1689506304|1788043656
27970|0|7703|07/01/2024 04:05:14||38686|21195547624|28239865824
28730|0|80757|07/01/2024 09:11:10||20330|57323621848|163942610936
28342|0|59622|07/01/2024 06:31:07||29933|17847923280|23707529640
28907|0|36976|07/01/2024 10:21:44||16096|4765186584|6580296432
29469|0|58689|07/01/2024 14:38:02||718|66393976|79007504
28272|0|39989|07/01/2024 06:12:45||31035|6339930536|8916056856
29400|0|13437|07/01/2024 14:02:09||2871|7258506024|14762627016
27533|0|85187|07/01/2024 01:16:25||48815|4367616752|8567132720
28306|0|33929|07/01/2024 06:29:57||30003|25853337160|35338655664
27466|0|24083|07/01/2024 00:46:24||50616|1916939704|2367552784
28365|0|73903|07/01/2024 06:43:31||29189|9103444064|10698305976
28858|0|75433|07/01/2024 10:07:22||16958|4301348608|4636866784
28176|0|39615|07/01/2024 05:36:36||33204|13177716192|16661832240
28019|0|26853|07/01/2024 04:23:34||37586|2762011704|2821958472
28801|0|90524|07/01/2024 09:41:05||18535|88729904|97720752
28177|0|63519|07/01/2024 05:37:11||33169|4185113864|5058556016
28802|0|27053|07/01/2024 09:43:09||18411|1490437080|1609568280
28273|0|55461|07/01/2024 06:12:46||31034|6381676952|9423607944
28829|0|82153|07/01/2024 09:56:46||17594|1336094488|1706124184
28117|0|56154|07/01/2024 05:05:00||35100|4254683520|5092430112
28397|0|18965|07/01/2024 06:58:44||28276|3894316728|4296635840
26913|0|37108|06/01/2024 20:43:24||65196|3629340536|5064709512
28660|0|81904|07/01/2024 08:47:19||21761|6196725280|7973751768
28205|0|69625|07/01/2024 05:46:01||32639|24306661224|25746711048
29111|0|98182|07/01/2024 11:58:05||10315|4383302880|5755839584
27831|0|80005|07/01/2024 03:15:16||41684|7233010080|7498881056
29058|0|55547|07/01/2024 11:33:27||11793|524048112|563669256
29385|0|8416|07/01/2024 13:59:04||3056|2244772864|2395918264
29427|0|24466|07/01/2024 14:13:53||2167|56413056|74320864
29276|0|93018|07/01/2024 13:07:17||6163|748683256|913021400
29193|0|88885|07/01/2024 12:36:45||7995|1291914312|1726745232
28859|0|16071|07/01/2024 10:01:58||17282|884183096|918822976
28884|0|82244|07/01/2024 10:17:29||16351|4465723048|5359584176
27971|0|33949|07/01/2024 04:01:30||38910|8192751064|8833230400
28926|0|16914|07/01/2024 10:35:34||15266|2647074112|2732247016
28441|0|25872|07/01/2024 07:19:46||27014|3872100504|4522056680
28803|0|14344|07/01/2024 09:47:29||18151|1403873560|1519978584
28575|0|79726|07/01/2024 08:08:32||24088|5754950328|6748354392
28661|0|95843|07/01/2024 08:48:43||21677|453517920|561306544
28830|0|47930|07/01/2024 09:57:10||17570|14141956840|9057061112
27151|0|47501|06/01/2024 22:27:07||58973|20501826912|20947156968
29112|0|98824|07/01/2024 11:56:17||10423|404061312|585707904
27398|0|26733|07/01/2024 00:13:51||52569|4817940784|6333486592
29216|0|60524|07/01/2024 12:45:59||7441|1967912616|2674533152
29305|0|34787|07/01/2024 13:18:53||5467|640386464|857176544
27581|0|71522|07/01/2024 01:38:53||47467|4124519856|5404371496
29217|0|38215|07/01/2024 12:40:02||7798|1946429616|2584119376
28156|0|78069|07/01/2024 05:23:34||33986|3785780768|3949750008
28662|0|54515|07/01/2024 08:40:12||22188|1970671880|2181100008
29218|0|74259|07/01/2024 12:40:07||7793|530615392|736872656
28069|0|54413|07/01/2024 04:41:18||36522|4094242072|5485771352
28206|0|68537|07/01/2024 05:42:25||32855|25579299592|28538022168
27946|0|52004|07/01/2024 03:53:59||39361|26234424224|62540375048
27653|0|30630|07/01/2024 02:01:26||46114|14847287464|17007683344
28732|0|13046|07/01/2024 09:12:22||20258|10075188568|13403158344
27859|0|73835|07/01/2024 03:28:43||40877|2079520744|2857211528
28860|0|78433|07/01/2024 10:04:38||17122|1526523960|2140895448
29401|0|75025|07/01/2024 14:03:41||2779|830051464|1234715656
28831|0|72204|07/01/2024 09:59:52||17408|5313617424|7441355000
29135|0|95706|07/01/2024 12:08:59||9661|45526552|58100480
29015|0|87945|07/01/2024 11:19:09||12651|2819346296|3594451752
29059|0|99645|07/01/2024 11:30:16||11984|1835051304|2281585960
29306|0|48746|07/01/2024 13:10:26||5974|849095504|1253012240
28733|0|12922|07/01/2024 09:19:32||19828|540576360|613974728
29016|0|12082|07/01/2024 11:13:38|07/01/2024 14:44:05|12627|244308384|297419008
29329|0|95893|07/01/2024 13:24:21||5139|932089056|1362930848
29450|0|18035|07/01/2024 14:26:21||1419|13733768|14890024
28543|0|48767|07/01/2024 07:57:23||24757|953946000|1424649496
29088|0|72896|07/01/2024 11:43:27||11193|6566578568|8227615992
28885|0|39302|07/01/2024 10:13:01||16619|60353821376|133514349544
28442|0|10047|07/01/2024 07:16:20||27220|6484286424|7799549672
28096|0|48296|07/01/2024 04:55:43||35657|5134403264|6512821528
29371|0|62739|07/01/2024 13:46:59||3781|93450944|125072072
28992|0|74849|07/01/2024 11:06:05||13435|9227493952|11591636800
28511|0|55146|07/01/2024 07:44:48||25512|3339990248|4658341104
29402|0|90367|07/01/2024 14:00:51||2949|1418394384|1518266872
28135|0|6960|07/01/2024 05:13:41||34579|91112313792|231539399432
29219|0|30767|07/01/2024 12:44:17||7543|95934256|103609400
29194|0|43626|07/01/2024 12:34:40||8120|222756520|333896088
28097|0|22544|07/01/2024 04:56:13||35627|755019056|1031541744
29277|0|69848|07/01/2024 13:06:34||6206|2623704864|2919616760
27045|0|16695|06/01/2024 21:38:09||61911|15758852536|19728532072
27832|0|40671|07/01/2024 03:18:32||41488|4571164056|6367647696
28308|0|76609|07/01/2024 06:21:24||30516|9139190920|12819922600
27310|0|15557|06/01/2024 23:38:27||54693|5038149016|7208619120
29352|0|77156|07/01/2024 13:37:11||4369|1337989864|1713472976
29220|0|59134|07/01/2024 12:45:47||7453|33680696400|79286530088
28702|0|40511|07/01/2024 09:06:57||20583|17088690272|18586655528
28908|0|34412|07/01/2024 10:28:49||15671|876008912|1150301040
28275|0|97925|07/01/2024 06:15:53||30847|8988502944|9960752344
28470|0|23436|07/01/2024 07:20:47||26953|4120706936|6141917336
28927|0|29649|07/01/2024 10:39:39||15021|19812136896|42469527824
28635|0|79407|07/01/2024 08:34:54||22506|12861223656|16480413776
28118|0|73069|07/01/2024 05:03:57||35163|1732592728|2429639280
29307|0|50002|07/01/2024 13:14:27||5733|1077186592|1424122976
27025|0|39308|06/01/2024 21:20:59||62941|1510262912|2216410480
29221|0|78689|07/01/2024 12:49:01||7259|5101972184|5657231856
27196|0|74346|06/01/2024 22:42:12||58068|2666041200|3061303312
28417|0|14697|07/01/2024 07:03:54||27966|1565322552|1856037544
28512|0|98973|07/01/2024 07:41:10||25730|782649920|1136297536
29114|0|65491|07/01/2024 11:58:46||10274|18410314272|35373382328
29176|0|98489|07/01/2024 12:24:38||8722|853351992|958907104
28636|0|56997|07/01/2024 08:30:01||22799|28646889000|57279514776
28418|0|48741|07/01/2024 07:08:41||27679|2642076592|3694136088
27765|0|64434|07/01/2024 02:49:52||43208|6834960480|8585618696
29250|0|6399|07/01/2024 12:55:18||6882|773120240|918196272
29278|0|6662|07/01/2024 13:09:32||6028|1302702712|1383173168
28909|0|12088|07/01/2024 10:29:54||15606|2987190504|3768876856
27197|0|84330|06/01/2024 22:45:42||57858|15521447912|18899660776
29035|0|32459|07/01/2024 11:26:05||12235|1439868136|1567939088
29036|0|62028|07/01/2024 11:26:55||12185|3161206040|4321636712
27326|0|56872|06/01/2024 23:43:05||54415|64821482304|141381589752
28910|0|55644|07/01/2024 10:20:00||16200|2839217304|3860117952
28611|0|56746|07/01/2024 08:29:04||22856|5995158832|8711765112
29222|0|83758|07/01/2024 12:47:09||7371|1571446480|1632603120
27264|0|75667|06/01/2024 23:15:02|07/01/2024 14:41:40|55598|66447400488|143301944240
29492|0|75667|07/01/2024 14:42:45||435|333670744|848606904
29223|0|38313|07/01/2024 12:40:38||7762|1830768472|2448353328
27709|0|41227|07/01/2024 02:22:08||44872|1259091112|1472412880
28136|0|42205|07/01/2024 05:19:14||34246|4616168768|5298016488
28250|0|78335|07/01/2024 06:01:36||31704|7161933904|9373660000
28419|0|97865|07/01/2024 07:08:45||27675|25276626632|64352355360
28309|0|81789|07/01/2024 06:21:22||30518|1897393488|2421056784
27265|0|96892|06/01/2024 23:18:43||55877|14526670776|20301888888
28804|0|46995|07/01/2024 09:46:08||18232|1189295048|1668817744
28928|0|74084|07/01/2024 10:31:52||15488|53186284808|103236251168
28546|0|38982|07/01/2024 07:59:47||24613|52511158688|134725292648
29251|0|31000|07/01/2024 12:52:21||7059|9792836096|27905146872
29386|0|47965|07/01/2024 13:56:25||3215|1074703736|1206708944
28471|0|34953|07/01/2024 07:22:14||26866|3556623128|5020862600
29403|0|75914|07/01/2024 14:04:01||2759|171376624|179623416
29061|0|86009|07/01/2024 11:38:06||11514|6019579688|7787269736
28443|0|86823|07/01/2024 07:13:41||27379|2735976080|3891028432
29089|0|83405|07/01/2024 11:44:54||11106|814945952|1153908800
27468|0|79268|07/01/2024 00:48:01||50519|19494712888|25135620288
28777|0|33485|07/01/2024 09:39:07||18653|38855895552|107750995168
29404|0|62744|07/01/2024 14:03:20||2800|1504101168|1001420464
29279|0|85291|07/01/2024 13:06:54||6186|499391624|631977312
28472|0|17728|07/01/2024 07:22:45||26835|1295147720|1485646168
28886|0|89551|07/01/2024 10:13:30||16590|2709504752|2942685240
29195|0|48714|07/01/2024 12:34:58||8102|931799360|1140560376
29280|0|66299|07/01/2024 13:02:03||6477|16895448080|48459921104
27921|0|65987|07/01/2024 03:48:34||39686|28658186112|77939014104
27070|0|94873|06/01/2024 21:44:30||61530|38472444984|48937697688
29252|0|76428|07/01/2024 12:54:39||6921|3130780280|3675036696
29017|0|9390|07/01/2024 11:19:03||12657|2637240600|3805248224
27833|0|43972|07/01/2024 03:15:32||41668|15009538512|19720807192
28071|0|82516|07/01/2024 04:46:56||36184|8746155336|10421621896
29281|0|25789|07/01/2024 13:06:59||6181|2529532512|2744633528
29177|0|92320|07/01/2024 12:24:49||8711|58017696|60362144
28444|0|53217|07/01/2024 07:10:48||27552|136249472|171305616
28778|0|93244|07/01/2024 09:35:26||18874|5411100400|8073678160
28514|0|48483|07/01/2024 07:48:30||25290|462940056|687080544
28547|0|69341|07/01/2024 07:52:51||25029|2850772472|2914851152
29253|0|43934|07/01/2024 12:59:30||6630|2731631856|2914554752
29136|0|53107|07/01/2024 12:00:08||10192|25521790336|47630657136
27862|0|32336|07/01/2024 03:27:11||40969|13287676088|14960857776
28887|0|42383|07/01/2024 10:18:40||16280|2313894984|2517078000
29493|0|38932|07/01/2024 14:44:30||330|306042672|717021072
28955|0|70346|07/01/2024 10:48:19||14501|3898085296|4424215408
29405|0|44017|07/01/2024 14:04:41||2719|942180576|1372496680
27090|0|4685|06/01/2024 21:56:54||60786|5699030312|6296485248
28445|0|77465|07/01/2024 07:15:09||27291|1796596888|2098114264
27922|0|84443|07/01/2024 03:43:21||39999|3526326552|4411770344
28345|0|42168|07/01/2024 06:37:34||29546|10726920896|13938895992
29406|0|99120|07/01/2024 14:08:51||2469|2420440160|2900392960
26997|0|64838|06/01/2024 21:17:50||63130|96961626768|270130595336
29308|0|14009|07/01/2024 13:18:01||5519|1187057080|1379194720
27556|0|12956|07/01/2024 01:27:16|07/01/2024 14:47:55|48039|16868943632|17120736192
27710|0|43609|07/01/2024 02:26:05||44635|9901112256|13553631184
28756|0|81020|07/01/2024 09:29:44||19216|3121643536|4615331152
28311|0|54461|07/01/2024 06:28:32||30088|7620575752|10201227992
28929|0|75069|07/01/2024 10:31:22||15518|1428919176|1727275920
28515|0|92593|07/01/2024 07:45:12||25488|4560192376|5789797912
29196|0|35495|07/01/2024 12:31:09||8331|197591496|251097368
27469|0|98672|07/01/2024 00:42:49||50831|30446944840|42850615656
28663|0|17787|07/01/2024 08:41:45||22095|6711284480|4555628984
28994|0|13901|07/01/2024 11:07:54||13326|2599110744|2765048048
29090|0|39893|07/01/2024 11:42:50||11230|5997146616|17225004256
29062|0|60185|07/01/2024 11:34:39||11721|7678346456|8410767576
27948|0|98573|07/01/2024 03:52:11||39469|10308350024|10863874504
27992|0|20093|07/01/2024 04:14:11||38149|5635619416|7528622592
29254|0|64894|07/01/2024 12:52:13||7067|1023430448|1430610680
28736|0|45060|07/01/2024 09:11:49||20291|4120834432|6132977728
27924|0|68311|07/01/2024 03:40:17||40183|2714666256|3457416976
27287|0|71535|06/01/2024 23:26:36||55404|15717231888|22280086576
28686|0|56024|07/01/2024 08:50:37||21563|8197288288|11151169800
28048|0|99612|07/01/2024 04:34:35||36925|5539829000|7581816352
28995|0|5708|07/01/2024 11:01:12||13728|3389112928|4377406688
27603|0|18160|07/01/2024 01:48:46||46874|137129984352|361194138552
27604|0|11860|07/01/2024 01:47:56||46924|10223269584|10425599648
28223|0|96844|07/01/2024 05:50:15|07/01/2024 14:40:27|31812|2926074288|3420774560
27155|0|19015|06/01/2024 22:20:27|07/01/2024 14:42:23|58916|24059119352|26254569912
29494|0|19015|07/01/2024 14:44:12||348|153842616|162571112
29137|0|27556|07/01/2024 12:01:10||10130|2019083768|2963128152
28313|0|45373|07/01/2024 06:27:48||30132|3018421600|3940985168
29428|0|98794|07/01/2024 14:11:00||2340|142543328|191071656
29353|0|59970|07/01/2024 13:37:20||4360|582235880|587304168
29309|0|68984|07/01/2024 13:12:26||5854|21602654216|42840339424
28834|0|44360|07/01/2024 09:53:38||17782|20840660088|16423045088
29407|0|61060|07/01/2024 14:06:31||2609|620499056|806101264
27534|0|4470|07/01/2024 01:17:48||48732|15195718872|18287175832
27438|0|10085|07/01/2024 00:38:30||51090|8170175640|10592060136
27810|0|43550|07/01/2024 03:07:38||42142|8214030256|11121842392
29154|0|82841|07/01/2024 12:13:58||9362|499944440|644439640
27811|0|39394|07/01/2024 03:07:01||42179|4818332640|7051566400
28704|0|44803|07/01/2024 09:02:05||20875|21899020856|13762693936
29282|0|8206|07/01/2024 13:02:32||6448|1704321560|2019698512
27894|0|98608|07/01/2024 03:37:15||40365|5278022184|6054553176
29178|0|29885|07/01/2024 12:26:21||8619|321029456|342346912
27633|0|87579|07/01/2024 01:55:08||46492|3159725024|3996305080
27949|0|11571|07/01/2024 03:54:23||39337|1413650640|1942204608
27788|0|54472|07/01/2024 02:55:29||42871|11560895040|15143292248
29155|0|37978|07/01/2024 12:19:14||9046|257693416|263155584
27418|0|36839|07/01/2024 00:20:04||52196|14657345608|14865647464
29138|0|33855|07/01/2024 12:07:04||9776|5403808704|5708792504
28996|0|3904|07/01/2024 11:06:26||13414|5783912760|6508535136
28074|0|62816|07/01/2024 04:41:02||36538|7060579272|8754110216
28806|0|16540|07/01/2024 09:42:49||18431|4740610168|4999713824
27864|0|24602|07/01/2024 03:29:43||40817|2502864784|3598794392
29018|0|57735|07/01/2024 11:14:22||12938|2365852032|3378641352
27313|0|34214|06/01/2024 23:32:47||55033|12142625304|13591262872
28835|0|93820|07/01/2024 09:58:28||17492|3957537576|4976460912
27974|0|45796|07/01/2024 04:06:53||38587|8030960248|8750211128
29224|0|28490|07/01/2024 12:40:31||7769|447071392|602899672
28225|0|28587|07/01/2024 05:54:16||32144|1261214616|1380551200
29354|0|28106|07/01/2024 13:32:47||4633|9244480136|27100160512
29330|0|61191|07/01/2024 13:26:44||4996|1160967272|1267856544
28516|0|53326|07/01/2024 07:44:30||25530|2288831664|2376126736
28446|0|32111|07/01/2024 07:11:24||27516|8408928744|11985051224
28137|0|5803|07/01/2024 05:14:15||34545|2248400576|3355952480
28517|0|41544|07/01/2024 07:43:05||25615|145048840|157587568
28911|0|45059|07/01/2024 10:20:11||16189|888283736|1251236608
28492|0|52563|07/01/2024 07:38:31||25889|2608755672|2836673192
28157|0|7998|07/01/2024 05:22:47||34033|4968321120|5218921224
28049|0|66081|07/01/2024 04:34:36||36924|120168645600|306481655944
28024|0|54119|07/01/2024 04:22:47||37633|7080893480|9022343992
26849|0|91976|06/01/2024 20:16:15||66825|14402454880|16641671776
28252|0|24453|07/01/2024 06:04:47||31513|5788377768|6184656184
28862|0|9336|07/01/2024 10:00:55||17345|5154223936|5272301288
28025|0|61717|07/01/2024 04:25:35||37465|2393396960|2879217192
28807|0|70213|07/01/2024 09:41:03||18537|805232384|978839400
29283|0|14517|07/01/2024 13:01:52||6488|1145539768|1187440792
27812|0|30781|07/01/2024 03:05:58||42242|1898571728|2142655600
28420|0|60581|07/01/2024 07:02:42||28038|3472389648|3503386224
28347|0|94050|07/01/2024 06:37:38||29542|2480118984|3318242880
28637|0|21356|07/01/2024 08:34:42||22518|922635080|968695992
27399|0|68948|07/01/2024 00:16:28||52412|5248909864|6223439072
28100|0|31189|07/01/2024 04:53:44||35776|2980834280|3766044720
28997|0|47248|07/01/2024 11:01:06||13734|5949662344|6290552728
27419|0|39360|07/01/2024 00:27:48||51732|8361117536|8741503408
28863|0|41267|07/01/2024 10:03:24||17196|1578934384|2270494408
29331|0|62537|07/01/2024 13:26:37||5003|2545131352|2882438944
28780|0|27595|07/01/2024 09:36:23||18817|762687896|891948704
29470|0|79809|07/01/2024 14:35:43||857|60595544|60653008
29310|0|94316|07/01/2024 13:19:57||5403|2278401440|2625390472
29156|0|27748|07/01/2024 12:10:07||9593|3857966224|4246952560
28447|0|97311|07/01/2024 07:14:17||27343|29337737488|80417465632
29355|0|42553|07/01/2024 13:37:20||4360|3405630624|3835562392
28758|0|85267|07/01/2024 09:27:41||19339|609724152|619765232
29372|0|83108|07/01/2024 13:41:58||4082|1061296416|1434351016
28864|0|16744|07/01/2024 10:08:55||16865|4415568544|4460836056
28613|0|73600|07/01/2024 08:23:56||23164|8806827488|11977999320
28595|0|20283|07/01/2024 08:13:23||23797|1015038360|1076292616
28209|0|92726|07/01/2024 05:43:03||32817|12222226168|17513324416
28638|0|74286|07/01/2024 08:34:47||22513|9355538840|9538645272
28181|0|33275|07/01/2024 05:31:03||33537|3906836536|3990034400
29157|0|99107|07/01/2024 12:18:57||9063|641966744|810443976
28158|0|43115|07/01/2024 05:29:08||33652|1416140200|1971563736
28101|0|52141|07/01/2024 04:51:27||35913|3954595360|3975608792
27268|0|22701|06/01/2024 23:16:38||56002|6152069824|8265008360
28687|0|75547|07/01/2024 08:52:10||21470|1439212632|1528784704
28075|0|13654|07/01/2024 04:44:12||36348|6224996400|7872757288
28253|0|89917|07/01/2024 06:02:34||31646|3515969392|4661235616
28254|0|72926|07/01/2024 06:09:50||31210|2008094232|2574994984
28808|0|63274|07/01/2024 09:44:59||18301|310326936|463389264
27536|0|98428|07/01/2024 01:14:34||48926|12385468736|15327275344
29091|0|87567|07/01/2024 11:49:21||10839|3762206576|3894195200
27420|0|52904|07/01/2024 00:27:03||51777|8657293104|12789386376
29311|0|93717|07/01/2024 13:11:36||5904|1117473144|1142317288
27492|0|36448|07/01/2024 00:54:21||50139|35445560144|36548060416
29255|0|60097|07/01/2024 12:50:37||7163|2152204344|2658902496
27421|0|8613|07/01/2024 00:26:21||51819|8408657944|11198518792
27160|0|71391|06/01/2024 22:27:11|07/01/2024 14:43:31|58580|9599324880|12909586936
28548|0|18270|07/01/2024 07:59:19||24641|35388826784|96745748176
28050|0|62527|07/01/2024 04:38:17||36703|46243159912|97629603640
29065|0|33390|07/01/2024 11:31:44||11896|5932877536|5986628384
26962|0|6376|06/01/2024 21:00:54||64146|10520724616|15282345736
27560|0|48108|07/01/2024 01:28:19||48101|19624916624|22318475864
28278|0|70009|07/01/2024 06:16:41||30799|17731022304|22396387552
29197|0|49117|07/01/2024 12:35:31||8069|698569976|735120000
29356|0|84127|07/01/2024 13:35:25|07/01/2024 14:40:43|3918|1033713568|1412111952
29115|0|87607|07/01/2024 11:58:34||10286|5903858240|8075295720
29332|0|13824|07/01/2024 13:20:51||5349|2278499232|2475611136
29198|0|48931|07/01/2024 12:36:21||8019|686171192|955801496
29256|0|67407|07/01/2024 12:55:00||6900|643719824|690306240
27537|0|98663|07/01/2024 01:12:14||49066|31286777824|33447125752
28706|0|83148|07/01/2024 09:02:49||20831|2919505840|3370016808
29020|0|60102|07/01/2024 11:18:48||12672|3326651904|4422140848
28255|0|90954|07/01/2024 06:01:48||31692|6088709736|7037930400
29116|0|41578|07/01/2024 11:57:39||10341|334751824|438791936
29284|0|89323|07/01/2024 13:03:53||6367|778375752|1155997992
29357|0|42723|07/01/2024 13:36:30||4410|251278592|310633608
27838|0|77387|07/01/2024 03:16:47||41593|81231565512|168354260088
28576|0|19955|07/01/2024 08:02:12||24468|1120805552|1360940976
28888|0|72301|07/01/2024 10:14:05||16555|61787504|67609264
28688|0|30346|07/01/2024 08:56:46||21194|88940307008|199798722840
29285|0|61728|07/01/2024 13:00:36||6564|1451181432|1474181040
27789|0|28380|07/01/2024 02:55:40||42860|12712578552|15482181424
29139|0|46466|07/01/2024 12:09:45||9615|188444296|232329704
28398|0|68077|07/01/2024 06:51:39||28701|103942675504|198146494600
27401|0|50446|07/01/2024 00:15:05||52495|9066266040|11428401976
29373|0|25392|07/01/2024 13:49:26||3634|1294849648|1365173992
27291|0|25604|06/01/2024 23:29:46||55214|114955568216|220604133128
29158|0|26325|07/01/2024 12:19:08||9052|127346232|139076008
28737|0|19601|07/01/2024 09:14:45||20115|3054202952|3171411752
28738|0|8328|07/01/2024 09:14:48||20112|6669110688|7768396544
28076|0|64575|07/01/2024 04:49:04||36056|16332846936|19603063936
28759|0|18394|07/01/2024 09:28:40||19280|972604480|1452594152
28210|0|96247|07/01/2024 05:49:33||32427|5497158176|7857738992
28639|0|32468|07/01/2024 08:37:46||22334|14733974624|9691941520
26891|0|48439|06/01/2024 20:35:34||65666|43152893560|53969862096
28809|0|68306|07/01/2024 09:46:22||18218|2012129944|2795678696
28493|0|76017|07/01/2024 07:33:50||26170|6599424144|8797862664
26921|0|6952|06/01/2024 20:48:02||64918|194196968056|488967629624
28666|0|38590|07/01/2024 08:44:36||21924|12615829376|9674174752
27634|0|71648|07/01/2024 01:54:25||46535|6027189528|7793473408
29037|0|40431|07/01/2024 11:21:48||12492|3272676272|4022891448
29066|0|63445|07/01/2024 11:30:43||11957|2525990952|3436901704
27900|0|16348|07/01/2024 03:38:15||40305|11454525968|14557085560
27839|0|57503|07/01/2024 03:11:59||41881|13920101544|18678722688
28640|0|39968|07/01/2024 08:32:12||22668|1685639176|2294278752
28836|0|85434|07/01/2024 09:57:55||17525|924362608|1172072368
28549|0|15099|07/01/2024 07:58:43||24677|372974896|403732320
27928|0|91313|07/01/2024 03:46:47||39793|8706879176|10162495072
29179|0|45237|07/01/2024 12:26:53||8587|151574104|184882608
28957|0|88937|07/01/2024 10:40:59||14941|10042608200|11492758920
28781|0|68338|07/01/2024 09:35:49||18851|696174920|942240248
28159|0|68634|07/01/2024 05:22:54||34026|2944664488|3386961992
28550|0|45886|07/01/2024 07:57:33||24747|2666669280|3888364544
29180|0|95683|07/01/2024 12:28:18||8502|103555304|151780728
29181|0|44964|07/01/2024 12:27:24||8556|1826677120|2242927952
29140|0|19376|07/01/2024 12:05:44||9856|8387937008|6393870728
27563|0|34682|07/01/2024 01:25:43||48257|3732260712|5372178096
27689|0|28349|07/01/2024 02:15:19||45281|8109517784|9160246336
27901|0|38542|07/01/2024 03:36:02||40438|18584239768|21232127232
29312|0|41207|07/01/2024 13:19:18||5442|888009904|1210484152
29199|0|78994|07/01/2024 12:30:39||8361|14444739000|30175332824
28810|0|47033|07/01/2024 09:45:56||18244|2504392216|2781816832
28969|0|92170|07/01/2024 10:56:37||14003|1765473528|1966932160
29067|0|22823|07/01/2024 11:38:24||11496|4633331520|6726712080
27690|0|28176|07/01/2024 02:15:23||45277|316960652768|226433131720
28421|0|30265|07/01/2024 07:08:23||27697|865482792|1269948760
28315|0|95237|07/01/2024 06:22:37||30443|6804312048|7043843360
28782|0|26922|07/01/2024 09:35:29||18871|104535728|111560888
27903|0|78972|07/01/2024 03:39:51||40209|9172632624|9234263416
28316|0|39025|07/01/2024 06:27:25||30155|9026198888|11805245752
28889|0|14541|07/01/2024 10:10:05||16795|608974496|764873776
28494|0|12056|07/01/2024 07:30:31||26369|2741060920|3194465648
28184|0|57247|07/01/2024 05:31:18||33522|81295719880|234760196392
29471|0|28438|07/01/2024 14:31:50||1090|480562672|708515328
27866|0|85410|07/01/2024 03:23:03||41217|3621833216|3777570512
27610|0|98210|07/01/2024 01:40:36||47364|6716999936|7996162160
29021|0|80363|07/01/2024 11:10:18||13182|738067488|1021985328
29141|0|34278|07/01/2024 12:08:47||9673|4969737480|4982523352
28371|0|82385|07/01/2024 06:48:08||28912|4551523432|5793174048
27813|0|9107|07/01/2024 03:02:03||42477|1234946528|1635510352
27790|0|28518|07/01/2024 02:59:06||42654|10824650496|11992137288
27930|0|77491|07/01/2024 03:48:13||39707|1206425872|1400780976
28970|0|98856|07/01/2024 10:51:11||14329|5332617544|7683227552
27814|0|7143|07/01/2024 03:03:01||42419|7586683648|9566729888
28667|0|44658|07/01/2024 08:44:07||21953|1566552368|1991901256
28930|0|80476|07/01/2024 10:38:43||15077|50145314768|116437011448
28372|0|69201|07/01/2024 06:48:21||28899|7497452392|9333415344
28998|0|59526|07/01/2024 11:07:21||13359|6398440616|6995840480
27611|0|85011|07/01/2024 01:46:12||47028|1334708480|1541035224
29472|0|90163|07/01/2024 14:35:37||863|19396432|22160432
28185|0|4256|07/01/2024 05:36:12||33228|9603400704|10684093624
28707|0|28951|07/01/2024 09:02:53||20827|2350459608|2980424152
29039|0|44893|07/01/2024 11:20:44||12556|1457022208|2112154504
28495|0|64878|07/01/2024 07:35:08||26092|9796260456|10110720880
27867|0|95872|07/01/2024 03:23:32||41188|16752216320|21010570592
29159|0|10802|07/01/2024 12:16:25||9215|29873286136|66763552896
28641|0|13764|07/01/2024 08:30:47||22753|5715913336|7458113896
28422|0|44731|07/01/2024 07:04:14||27946|951121024|1230347488
28348|0|58029|07/01/2024 06:34:57||29703|3584128344|3647565936
28474|0|27027|07/01/2024 07:22:06||26874|475735656|626225744
29225|0|81072|07/01/2024 12:48:55||7265|910653696|1083880240
28913|0|67867|07/01/2024 10:27:53||15727|470341688|523849776
28399|0|37070|07/01/2024 06:52:59||28621|6803018792|9650571040
28496|0|13737|07/01/2024 07:30:49||26351|3870819448|4453779720
28689|0|19087|07/01/2024 08:50:03||21597|28253168496|71862260168
27714|0|94461|07/01/2024 02:25:40||44660|14881344968|18026281880
28577|0|19097|07/01/2024 08:03:10||24410|6289000|9078592
27612|0|89879|07/01/2024 01:43:51||47169|99196485872|221521595624
27031|0|98621|06/01/2024 21:25:40||62660|11564602632|16964617296
28551|0|89278|07/01/2024 07:59:54||24606|8734177304|12092671008
27635|0|61032|07/01/2024 01:56:52||46388|11292056624|15019285096
28668|0|8632|07/01/2024 08:43:45||21975|33755368640|19309998928
28739|0|7199|07/01/2024 09:10:26||20374|7740343952|8247611184
29092|0|27279|07/01/2024 11:47:42||10938|3830316448|5463494272
28552|0|28277|07/01/2024 07:54:27||24933|28444775328|57066289088
29257|0|30292|07/01/2024 12:55:32||6868|21495684264|52699710080
27745|0|80603|07/01/2024 02:38:24|07/01/2024 14:46:59|43715|3340479152|4763041464
28971|0|97911|07/01/2024 10:57:39||13941|6604470200|8563924816
29117|0|73668|07/01/2024 11:55:43||10457|2072064064|2232758784
28760|0|85081|07/01/2024 09:20:39||19761|2630716792|3468288624
29022|0|68440|07/01/2024 11:13:32||12988|8969268080|12874143816
29333|0|43678|07/01/2024 13:28:37||4883|1223742200|1348881512
28972|0|94248|07/01/2024 10:50:36||14364|5403182688|7061824744
28642|0|65387|07/01/2024 08:30:24||22776|2093866424|2378360376
27715|0|65210|07/01/2024 02:27:45||44535|3862283184|4091094624
29040|0|83558|07/01/2024 11:22:59||12421|7029007664|9865956600
28520|0|90872|07/01/2024 07:42:59||25621|6213142672|7679057816
27636|0|57080|07/01/2024 01:50:42||46758|16536797360|19773099168
28740|0|66317|07/01/2024 09:15:37||20063|3895179304|4922828120
27716|0|9206|07/01/2024 02:25:36||44664|994675392|1468256456
28785|0|90190|07/01/2024 09:31:36||19104|9846595216|10592187560
29495|0|29526|07/01/2024 14:44:32||328|5203936|6961184
28615|0|69929|07/01/2024 08:26:21||23019|10997592312|14842734856
29093|0|39905|07/01/2024 11:41:09||11331|3447301160|4122315200
29226|0|88489|07/01/2024 12:45:21||7479|2629200752|3783402576
29227|0|56025|07/01/2024 12:44:37||7523|1835898872|2315091960
28226|0|60223|07/01/2024 05:57:25||31955|345615552|430428056
29429|0|84365|07/01/2024 14:19:56||1804|372349440|514815416
29408|0|71031|07/01/2024 14:04:08||2752|4753132992|12451618944
28423|0|86032|07/01/2024 07:07:30||27750|824673968|934108088
28027|0|52489|07/01/2024 04:25:35||37465|10388820224|12413074400
27221|0|83051|06/01/2024 22:59:52||57008|2793793648|3408835536
27330|0|38265|06/01/2024 23:42:45||54435|3738307952|4865397256
29451|0|42570|07/01/2024 14:25:36||1464|13885080|16839024
28281|0|61015|07/01/2024 06:17:46||30734|33029833128|64716522664
29041|0|96090|07/01/2024 11:21:22||12518|1216623792|1356140264
27994|0|20383|07/01/2024 04:12:22||38258|18813740688|27331053168
28102|0|59942|07/01/2024 04:53:10||35810|8535927288|11160399224
27977|0|73325|07/01/2024 04:00:20||38980|4081127728|5582289824
29409|0|90642|07/01/2024 14:06:37||2603|154377936|220083000
28257|0|83215|07/01/2024 06:01:32||31708|13959317392|17980059672
29374|0|43461|07/01/2024 13:42:45||4035|433330240|441774016
29375|0|13953|07/01/2024 13:49:15||3645|9991161416|22556007880
28597|0|63625|07/01/2024 08:17:37||23543|13836894856|39473792272
28103|0|11654|07/01/2024 04:59:54||35406|6727024744|7684680864
29286|0|50905|07/01/2024 13:03:43||6377|15991085064|32764033768
28837|0|20606|07/01/2024 09:55:08||17692|2965550264|3501053528
28401|0|11226|07/01/2024 06:52:49||28631|1766157688|2434863848
27204|0|33681|06/01/2024 22:45:06||57894|25513548736|37132303880
26779|0|43601|06/01/2024 19:45:58||68642|94563509920|247951516912
28140|0|32541|07/01/2024 05:10:28||34772|6560077048|7300963232
28104|0|53508|07/01/2024 04:58:39||35481|16137718856|17475599344
28914|0|47866|07/01/2024 10:21:46||16094|3929475304|4031425392
28349|0|87992|07/01/2024 06:39:20||29440|667916496|902879248
27614|0|88561|07/01/2024 01:40:40||47360|681354544|916527392
29473|0|14153|07/01/2024 14:38:01||719|24559264|29557248
28188|0|85454|07/01/2024 05:39:47||33013|51268965584|40479794816
29376|0|53519|07/01/2024 13:45:10||3890|268176128|376617640
28142|0|67809|07/01/2024 05:11:16||34724|12433016336|12726090352
28105|0|30443|07/01/2024 04:54:59||35701|2912680544|3712324280
28498|0|8061|07/01/2024 07:37:28||25952|5998754384|7549743960
27995|0|9807|07/01/2024 04:13:53||38167|18167584240|18675602328
29042|0|71910|07/01/2024 11:26:55||12185|4599517920|4919692400
28351|0|72808|07/01/2024 06:34:56||29704|6293982912|8093596344
29258|0|75327|07/01/2024 12:50:23||7177|2580853904|2036900224
28812|0|86790|07/01/2024 09:43:16||18404|3017986440|3558804072
28052|0|31643|07/01/2024 04:31:15||37125|3337042720|3804458584
29474|0|91568|07/01/2024 14:34:57||903|12949872|18847352
28742|0|67632|07/01/2024 09:16:47||19993|3863927912|3902553312
28973|0|27482|07/01/2024 10:59:28||13832|2233579368|2831053072
27006|0|76833|06/01/2024 21:15:56|07/01/2024 14:42:55|62819|21032051712|27458570328
27494|0|76108|07/01/2024 00:59:35||49825|15450421120|22703503264
27543|0|29837|07/01/2024 01:11:56||49084|6810202000|8702145408
28761|0|86732|07/01/2024 09:26:21||19419|3506885184|4387934280
29160|0|72404|07/01/2024 12:14:39||9321|1233876480|1601567920
29313|0|74822|07/01/2024 13:18:47||5473|2983997984|3355723232
29142|0|27751|07/01/2024 12:05:24||9876|3015254904|3321674152
28838|0|35686|07/01/2024 09:59:45||17415|5330456328|7603853696
29475|0|95653|07/01/2024 14:34:46||914|38435744|41853824
28554|0|35235|07/01/2024 07:54:43||24917|1177418888|1475117512
28077|0|51334|07/01/2024 04:43:49||36371|15909793680|19073855256
27719|0|23676|07/01/2024 02:24:08||44752|8265175328|12196992136
29119|0|80336|07/01/2024 11:56:58||10382|969054232|999872832
27092|0|43917|06/01/2024 21:50:48||61152|7873756184|8324825232
27692|0|12454|07/01/2024 02:19:02||45058|11502423096|11878670480
28617|0|36095|07/01/2024 08:20:43||23357|35240806736|24229617128
28958|0|8662|07/01/2024 10:48:52||14468|616640576|836245808
27978|0|35937|07/01/2024 04:02:23||38857|18656160600|21357717184
28866|0|4273|07/01/2024 10:09:31||16829|3434257816|4027169920
27932|0|86941|07/01/2024 03:43:37||39983|11249275552|13111081256
28743|0|43170|07/01/2024 09:14:27||20133|965816232|1086785976
27842|0|65423|07/01/2024 03:15:02||41698|17856047248|24891737192
27869|0|80310|07/01/2024 03:25:10||41090|9435759248|11158820232
28028|0|53841|07/01/2024 04:25:34||37466|16117954264|16394940072
29288|0|83641|07/01/2024 13:09:38||6022|19412255576|48985628120
29120|0|91060|07/01/2024 11:59:25||10235|2684134984|3598595832
29143|0|25240|07/01/2024 12:01:21||10119|36152120|42757656
29452|0|8563|07/01/2024 14:28:45||1275|51972880|58477328
29430|0|51236|07/01/2024 14:14:40||2120|314471416|379439552
27514|0|83949|07/01/2024 01:07:06||49374|10346108488|14461440272
28375|0|72067|07/01/2024 06:48:42||28878|58505181664|146693595984
29334|0|98437|07/01/2024 13:27:51||4929|3267732840|6694857720
27243|0|32098|06/01/2024 23:00:10||56990|2485434664|3411444104
29259|0|58849|07/01/2024 12:58:19||6701|1394492208|2048590712
28448|0|84881|07/01/2024 07:13:28||27392|4023156224|4968716728
29387|0|91706|07/01/2024 13:54:16||3344|603992048|670059952
28814|0|21276|07/01/2024 09:48:06||18114|2934394872|3871653368
29335|0|10910|07/01/2024 13:28:00||4920|1279332296|1317379400
27244|0|58591|06/01/2024 23:09:07||56453|12926817144|15017846120
29289|0|73872|07/01/2024 13:08:39||6081|870874216|1069964536
28424|0|31608|07/01/2024 07:02:04||28076|41721702880|86001904096
29377|0|3972|07/01/2024 13:41:43||4097|1199699936|1574400288
27564|0|12811|07/01/2024 01:22:19||48461|101603149648|253953967408
28106|0|94733|07/01/2024 04:51:53||35887|4762512752|5698850256
29043|0|19018|07/01/2024 11:24:44||12316|1804307712|2021416640
29200|0|8224|07/01/2024 12:30:16||8384|585793456|744622368
29314|0|50805|07/01/2024 13:10:10||5990|1065133984|1249167600
28449|0|33645|07/01/2024 07:14:31||27329|1413523000|1795757600
28598|0|42604|07/01/2024 08:12:01||23879|5123320200|5552100312
27693|0|74470|07/01/2024 02:16:08||45232|9079322552|11231418360
29228|0|55090|07/01/2024 12:45:48||7452|932026440|1381801296
28120|0|26143|07/01/2024 05:08:34||34886|8972163960|9493339552
27402|0|93385|07/01/2024 00:17:36||52344|29734878152|33459334424
28283|0|12302|07/01/2024 06:19:22||30638|6178619440|8890293120
29121|0|74530|07/01/2024 11:50:21||10779|1865915032|2553186416
29095|0|93058|07/01/2024 11:46:36||11004|1646012176|2204445496
27094|0|45404|06/01/2024 21:57:32||60748|3237373288|4095339424
28931|0|39721|07/01/2024 10:37:58||15122|10801728144|12393937464
29476|0|4384|07/01/2024 14:32:01||1079|28436040|33391360
27223|0|59210|06/01/2024 22:55:18||57282|3350646320|4924789384
28284|0|43549|07/01/2024 06:12:05||31075|5239268168|7407195704
29182|0|60631|07/01/2024 12:26:30||8610|838592016|1020086640
27694|0|57389|07/01/2024 02:17:41||45139|8056144824|10164056952
28975|0|76358|07/01/2024 10:59:02||13858|4535209800|4709683816
29260|0|24844|07/01/2024 12:52:08||7072|7700579832|4440155696
28107|0|73063|07/01/2024 04:50:54||35946|9586067688|10588278592
28227|0|30082|07/01/2024 05:57:13||31967|9015195000|9066434600
27053|0|34348|06/01/2024 21:35:41||62059|15330759656|22612018984
27904|0|87365|07/01/2024 03:32:11||40669|6991616376|8706609152
29144|0|95799|07/01/2024 12:09:07||9653|3270911168|4870807320
27844|0|79245|07/01/2024 03:13:55||41765|9189601864|9540878752
28999|0|84925|07/01/2024 11:00:18||13782|3068099032|3105411392
28915|0|62224|07/01/2024 10:29:03||15657|1837149640|2138797928
29315|0|69650|07/01/2024 13:15:11||5689|616881536|810403432
27208|0|5505|06/01/2024 22:48:11||57709|24127921640|27880627912
28959|0|28457|07/01/2024 10:44:12||14748|3496504384|3636849872
29496|0|33559|07/01/2024 14:40:29||571|488279496|538440280
28744|0|42589|07/01/2024 09:15:17|07/01/2024 14:41:20|19563|676114720|963820216
29044|0|52901|07/01/2024 11:23:27||12393|2349658496|3485367264
28867|0|23518|07/01/2024 10:01:26||17314|4139618560|6165175288
27871|0|85390|07/01/2024 03:22:20||41260|12794324272|17518282272
27515|0|78489|07/01/2024 01:03:09||49611|9199030552|10639269016
28840|0|50590|07/01/2024 09:57:04||17576|6794959120|7191270480
29068|0|16359|07/01/2024 11:38:25||11495|6472307008|6847472512
28212|0|12393|07/01/2024 05:46:18||32622|18065718000|25458485616
29453|0|36252|07/01/2024 14:27:01||1379|2038159104|4153239712
28029|0|83596|07/01/2024 04:23:34||37586|6352745976|7701554680
28522|0|6525|07/01/2024 07:42:54||25626|1742197184|2067270104
28815|0|23557|07/01/2024 09:44:37||18323|2679831128|3534338440
28053|0|43098|07/01/2024 04:31:55||37085|4345712624|5352202728
29183|0|41285|07/01/2024 12:29:07||8453|17318722152|50329132536
28960|0|57847|07/01/2024 10:40:03||14997|31518358936|65638875896
29290|0|74660|07/01/2024 13:00:19||6581|2667277784|3133909416
27074|0|98932|06/01/2024 21:44:26||61534|26586314240|28309969808
27746|0|47619|07/01/2024 02:37:49||43931|2267663728|2977637648
28841|0|30968|07/01/2024 09:57:05||17575|784778808|823759816
27422|0|30617|07/01/2024 00:24:02||51958|17850669576|21119052672
29316|0|12842|07/01/2024 13:16:33||5607|1225180832|1396739376
29161|0|5490|07/01/2024 12:12:54||9426|1360521976|1456559088
27794|0|71057|07/01/2024 02:52:07||43073|14447744232|19101019736
29431|0|35013|07/01/2024 14:10:44||2356|81401328|118623584
29388|0|95342|07/01/2024 13:51:36||3504|1836024000|1934841400
27979|0|18438|07/01/2024 04:01:09||38931|3523532896|4491383104
27663|0|60703|07/01/2024 02:06:24||45816|108721278552|228575666888
29454|0|72297|07/01/2024 14:26:21||1419|33193080|35522808
29378|0|21007|07/01/2024 13:41:37||4103|1866274008|2458656608
28708|0|83505|07/01/2024 09:06:13||20627|7545057872|9228844080
28932|0|77127|07/01/2024 10:32:53||15427|65554128808|140461870040
29455|0|15792|07/01/2024 14:23:52||1568|1738933488|4200811360
29201|0|22179|07/01/2024 12:33:02||8218|978692712|1062343576
29358|0|76673|07/01/2024 13:31:47||4693|2538842296|2688567224
29359|0|15877|07/01/2024 13:36:20||4420|5238997008|3038166352
29145|0|55026|07/01/2024 12:06:29||9811|906707504|984195032
29096|0|6576|07/01/2024 11:42:19||11261|4362593584|5650772448
28108|0|27843|07/01/2024 04:56:32||35608|68968030712|141183774056
29497|0|78647|07/01/2024 14:45:23||277|56533592|65474728
29477|0|5186|07/01/2024 14:39:53||607|50663632|74146848
29045|0|10940|07/01/2024 11:28:42||12078|1287746832|1538205824
27998|0|96978|07/01/2024 04:12:45||38235|81248399080|189937850760
29456|0|60691|07/01/2024 14:21:36||1704|-394131168|-505827640
27586|0|11827|07/01/2024 01:36:57||47583|76149713656|162189685552
28934|0|95338|07/01/2024 10:34:23||15337|2799650888|3158476144
26967|0|17325|06/01/2024 21:09:45||63615|129815911000|387788546144
28228|0|89016|07/01/2024 05:53:39||32181|14248074672|14729215576
28842|0|7660|07/01/2024 09:59:29||17431|1234521760|1454455816
29046|0|87500|07/01/2024 11:29:31||12029|1621662520|2207923032
28500|0|50462|07/01/2024 07:37:00||25980|4683321792|6839443600
28229|0|62763|07/01/2024 05:58:36||31884|2789944544|3342914272
27747|0|9151|07/01/2024 02:34:12||44148|5361331904|6519419336
29162|0|94159|07/01/2024 12:15:13||9287|3079407024|4109509000
28123|0|95768|07/01/2024 05:08:59||34861|52920531096|124220281496
28557|0|81698|07/01/2024 07:50:22||25178|3204843664|3890456976
28787|0|78200|07/01/2024 09:33:40|07/01/2024 14:48:26|18886|1269924792|1753442560
29410|0|8801|07/01/2024 14:07:33||2547|1349500816|1510496408
28891|0|72432|07/01/2024 10:13:24||16596|2262576960|2623001448
27721|0|93094|07/01/2024 02:28:05||44515|8875945784|9269795136
28258|0|4227|07/01/2024 06:07:21||31359|2878373088|4217829880
28745|0|13942|07/01/2024 09:17:08||19972|28535559280|21692064008
28160|0|30353|07/01/2024 05:29:27||33633|71595700496|209318161864
29411|0|74573|07/01/2024 14:03:01||2819|2377847408|1810740656
29412|0|34767|07/01/2024 14:02:24||2856|1353348496|1750017840
28352|0|87183|07/01/2024 06:37:30||29550|32509282296|38121648272
29229|0|73079|07/01/2024 12:41:16||7724|9851790000|5548796696
29291|0|18192|07/01/2024 13:03:04||6416|388484632|507724184
28763|0|18959|07/01/2024 09:26:20||19420|10264983384|11825202776
27770|0|47552|07/01/2024 02:43:50||43570|8474347888|12181568200
28669|0|57128|07/01/2024 08:48:45||21675|2470713904|3688182752
27696|0|74235|07/01/2024 02:16:12||45228|724212504|932117424
29432|0|41299|07/01/2024 14:14:37||2123|55596992|81771496
29261|0|46516|07/01/2024 12:58:38||6682|2853443600|3191895016
27185|0|38175|06/01/2024 22:33:53||58567|20099110256|22500121824
28403|0|11997|07/01/2024 06:54:50||28510|5729643680|7716038208
28109|0|45049|07/01/2024 04:52:24||35856|6333196848|8214370760
29292|0|88454|07/01/2024 13:05:00||6300|699471112|923600848
28032|0|9410|07/01/2024 04:29:44||37216|7491202880|8520399088
28078|0|72638|07/01/2024 04:42:28||36452|15835340312|23415537728
28318|0|62436|07/01/2024 06:21:36||30504|4440434680|5924793152
28286|0|48440|07/01/2024 06:18:25||30695|23815485016|29915510744
29122|0|27160|07/01/2024 11:52:52||10628|1677781392|1838243592
28843|0|35031|07/01/2024 09:54:49||17711|22124293792|62555336448
27955|0|73304|07/01/2024 03:56:00||39240|117176328336|275981641912
28190|0|91904|07/01/2024 05:39:36||33024|29372366008|19729491544
28558|0|15025|07/01/2024 07:53:01||25019|11129406952|12239711408
29047|0|96673|07/01/2024 11:24:54||12306|1248766904|1431787280
27333|0|52975|06/01/2024 23:42:09||54471|6480640896|9306588456
28600|0|42561|07/01/2024 08:18:16||23504|17236245968|20729366032
28213|0|87069|07/01/2024 05:48:40||32480|65467386872|122812303240
29146|0|47772|07/01/2024 12:09:48||9612|1618060248|1916133792
29202|0|36939|07/01/2024 12:32:17||8263|419334808|503380432
28319|0|68618|07/01/2024 06:20:45||30555|6110169920|8205454200
27295|0|27795|06/01/2024 23:29:16||55244|4175844896|5235872288
29230|0|52703|07/01/2024 12:41:25||7715|215047176|314492720
27248|0|4621|06/01/2024 23:01:38||56902|10702132872|12730060160
29413|0|64251|07/01/2024 14:01:35||2905|351868104|384259224
29414|0|61230|07/01/2024 14:03:50||2770|210336544|302319488
29184|0|13216|07/01/2024 12:28:17||8503|389006976|446383656
28817|0|94384|07/01/2024 09:48:12||18108|1206432360|1319943688
28643|0|68055|07/01/2024 08:31:25||22715|22309185928|49739414352
29000|0|21862|07/01/2024 11:03:59||13561|5109845664|6883438688
28110|0|37570|07/01/2024 04:55:38||35662|7237441768|8171917656
27639|0|8768|07/01/2024 01:55:00||46500|9160062504|11794258208
28935|0|49596|07/01/2024 10:35:07||15293|28935316968|68737468328
29203|0|20921|07/01/2024 12:36:48||7992|1340080272|1952308528
29336|0|19237|07/01/2024 13:21:26||5314|882842208|1002413624
28111|0|21312|07/01/2024 04:53:38||35782|4076016984|5127338968
28892|0|76056|07/01/2024 10:10:27||16773|4295179496|5964737944
29478|0|69902|07/01/2024 14:36:27||813|1211940712|3040398080
29185|0|99706|07/01/2024 12:28:37||8483|31719756552|74985888800
28818|0|86493|07/01/2024 09:47:46||18134|416521800|491638696
28893|0|96367|07/01/2024 10:12:19||16661|8332055200|5210248984
29293|0|55492|07/01/2024 13:02:50||6430|14803525176|37323515336
28144|0|94111|07/01/2024 05:19:42||34218|8839862088|12433914136
28844|0|46473|07/01/2024 09:57:09||17571|1318456008|1661183296
29479|0|78203|07/01/2024 14:35:27||873|76212160|102694992
28961|0|77620|07/01/2024 10:44:54||14706|5220327784|7281310664
27335|0|60771|06/01/2024 23:49:36||54024|1200318680|1481096448
28916|0|62234|07/01/2024 10:22:42||16038|1175354688|1747538456
27999|0|62245|07/01/2024 04:16:34||38006|6634891808|7555485416
27474|0|27032|07/01/2024 00:43:25||50795|13137216568|15450818624
29457|0|30846|07/01/2024 14:24:15||1545|721753368|891335896
28670|0|30328|07/01/2024 08:43:49||21971|54353339000|102402738704
29360|0|68117|07/01/2024 13:30:33||4767|1750711752|2053949504
28161|0|99100|07/01/2024 05:26:58||33782|6185678664|7123024208
27956|0|50600|07/01/2024 03:57:31||39149|6359273656|7363665168
27618|0|47967|07/01/2024 01:43:19||47201|20740955072|23287435368
28477|0|34328|07/01/2024 07:21:14||26926|55511709088|113983478568
28000|0|10616|07/01/2024 04:10:34||38366|18430013184|24194734944
27845|0|84226|07/01/2024 03:15:28||41672|3955524152|5907099048
28478|0|94043|07/01/2024 07:27:57||26523|2234795904|2903385424
28502|0|26607|07/01/2024 07:34:53||26107|3028467456|3107789696
29069|0|40206|07/01/2024 11:38:44||11476|4119273328|5812948280
26945|0|24209|06/01/2024 20:54:29||64531|33355739424|43745574368
29048|0|55356|07/01/2024 11:23:35||12385|1485245056|2102465352
28231|0|29905|07/01/2024 05:59:33||31827|20787178928|22087533880
28869|0|25173|07/01/2024 10:06:56||16984|473706392|484892152
27905|0|85501|07/01/2024 03:31:16||40724|89174581664|185221459128
27336|0|55392|06/01/2024 23:47:39||54141|1594475392|2249564904
28560|0|58996|07/01/2024 07:58:06||24714|10122512728|10519591512
28917|0|4084|07/01/2024 10:21:45||16095|3590157584|5113315984
28425|0|59499|07/01/2024 07:01:12||28128|2831747760|3163128888
27640|0|48804|07/01/2024 01:57:59||46321|46750601792|26650386104
29294|0|6555|07/01/2024 13:06:14||6226|790475808|915925264
28690|0|80674|07/01/2024 08:55:46||21254|2601886048|3618487008
28353|0|50934|07/01/2024 06:37:51||29529|10508475520|13889834144
28819|0|50742|07/01/2024 09:48:45||18075|6581293344|7966026616
28479|0|58407|07/01/2024 07:20:40||26960|4191828640|5314306048
28525|0|91705|07/01/2024 07:43:15||25605|5012623344|5901239360
29433|0|57257|07/01/2024 14:13:15||2205|243835248|329516280
27795|0|60001|07/01/2024 02:58:33||42687|17336865496|24519442000
28644|0|69505|07/01/2024 08:36:03||22437|8804031032|10003213240
29204|0|31063|07/01/2024 12:33:06||8214|699986344|862694032
28870|0|19793|07/01/2024 10:04:26||17134|208865440|210982824
28871|0|26638|07/01/2024 10:07:20|07/01/2024 14:42:39|16519|1755585976|2182785376
29498|0|26638|07/01/2024 14:43:18||402|67372152|97158712
29147|0|57110|07/01/2024 12:05:17||9883|2569006288|3516547680
27035|0|16239|06/01/2024 21:28:34||62486|13094588096|14755813224
29205|0|30798|07/01/2024 12:32:00||8280|2955582552|3561632768
28820|0|31981|07/01/2024 09:43:29||18391|144190336|168534032
29231|0|69532|07/01/2024 12:49:39||7221|877483272|961340416
28002|0|79714|07/01/2024 04:19:07||37853|767052880|1044365608
29123|0|33279|07/01/2024 11:52:24||10656|7500733080|11025173416
28845|0|57904|07/01/2024 09:53:22||17798|602469784|899118128
28561|0|35120|07/01/2024 07:50:59||25141|219299308336|144569544344
29049|0|16240|07/01/2024 11:23:25||12395|5352020064|7014649432
28214|0|66255|07/01/2024 05:43:40||32780|4455145736|5601997328
28259|0|74769|07/01/2024 06:03:02||31618|18816026376|25066495816
27316|0|39885|06/01/2024 23:30:32||55168|182051410600|345021331512
28645|0|92044|07/01/2024 08:39:06||22254|7705392368|10659762624
28709|0|16659|07/01/2024 09:08:48||20472|584712088|811371480
27123|0|14117|06/01/2024 22:06:35|07/01/2024 14:44:25|59870|14586717664|14879332056
29499|0|14117|07/01/2024 14:44:57||303|21700016|23069448
29338|0|15440|07/01/2024 13:22:45||5235|2944178088|3513827792
28976|0|91047|07/01/2024 10:54:38||14122|4517462824|5653767168
29206|0|57444|07/01/2024 12:30:04||8396|8516701288|17325356792
28977|0|5591|07/01/2024 10:56:03||14037|456334136|652169616
28618|0|62347|07/01/2024 08:28:36||22884|22743588008|18172005688
29163|0|69344|07/01/2024 12:17:59||9121|426770888|485347216
29434|0|59260|07/01/2024 14:12:30||2250|181315800|211632360
27982|0|38818|07/01/2024 04:02:30||38850|4859066776|5467882128
27317|0|46314|06/01/2024 23:37:33||54747|130227862368|250325757928
29458|0|29417|07/01/2024 14:23:38||1582|303066520|434724248
27643|0|89959|07/01/2024 01:54:16||46544|77291633856|191116254968
29232|0|92467|07/01/2024 12:49:09||7251|156350848|192633464
29262|0|31249|07/01/2024 12:51:21||7119|3149400104|3636888280
27337|0|4556|06/01/2024 23:43:18||54402|7293793904|8284323768
29148|0|39703|07/01/2024 12:00:53||10147|2739531456|3093369736
28619|0|62223|07/01/2024 08:28:47||22873|9602174016|11442016440
27229|0|88436|06/01/2024 22:58:37||57083|13557616136|17882807640
28601|0|75980|07/01/2024 08:18:08||23512|1706358016|2302639328
28846|0|48242|07/01/2024 09:59:46||17414|1469009712|1668958648
28872|0|68160|07/01/2024 10:01:48||17292|3945382272|5411997720
27724|0|10376|07/01/2024 02:20:34||44966|7739705296|9205487704
27338|0|64229|06/01/2024 23:41:22|07/01/2024 14:47:01|54339|48905720|61544048
27518|0|70548|07/01/2024 01:04:24||49536|12543563720|18141072528
27772|0|27726|07/01/2024 02:48:43||43277|12706202544|19019207088
27934|0|33542|07/01/2024 03:40:20||40180|14972147880|17904824640
29263|0|77991|07/01/2024 12:57:51||6729|1433769232|1739935560
29500|0|94623|07/01/2024 14:49:18||42|3489888|4781512
29024|0|66892|07/01/2024 11:19:50||12610|14483373504|40468819936
28145|0|59854|07/01/2024 05:18:17||34303|9968157216|14924111376
28788|0|82808|07/01/2024 09:33:48||18972|879191440|1091995632
28873|0|7343|07/01/2024 10:04:07||17153|1065130960|1235892776
28646|0|17928|07/01/2024 08:32:38||22642|16068989984|20412421064
28919|0|98159|07/01/2024 10:23:10||16010|2414036584|2957054160
28503|0|25324|07/01/2024 07:31:49||26291|3114488496|3257464824
29071|0|8851|07/01/2024 11:34:23||11737|19345355416|56753756936
29415|0|4905|07/01/2024 14:07:26||2554|1491743264|1499915232
28377|0|28826|07/01/2024 06:40:42||29358|46070344264|137949797888
28162|0|60607|07/01/2024 05:20:02||34198|9638943464|11370229056
29339|0|99202|07/01/2024 13:20:26||5374|178432944|210856032
28261|0|52151|07/01/2024 06:09:38||31222|9015625568|11488519336
27318|0|16794|06/01/2024 23:38:09||54711|11681006640|15587228040
29097|0|37816|07/01/2024 11:42:32||11248|1174666600|1475827896
27815|0|45922|07/01/2024 03:04:13||42347|2086635472|2368197168
27620|0|9616|07/01/2024 01:48:27||46893|2804786168|3485846216
29233|0|88203|07/01/2024 12:43:42||7578|4234920144|12473302448
28322|0|71492|07/01/2024 06:20:16||30584|5421255000|5995939056
28055|0|76728|07/01/2024 04:37:02||36778|6610241888|9145371584
28323|0|93182|07/01/2024 06:25:11||30289|4799073104|5931213248
29098|0|55259|07/01/2024 11:49:29||10831|316442968|348798304
28710|0|37345|07/01/2024 09:03:08||20812|5437354344|5558571024
28453|0|48086|07/01/2024 07:18:48||27072|68560939600|137089802424
28163|0|13529|07/01/2024 05:28:39||33681|13381483504|14577600624
28324|0|24702|07/01/2024 06:23:26||30394|12602151544|13924413096
29416|0|4731|07/01/2024 14:03:21||2799|222428064|267506488
29379|0|73157|07/01/2024 13:44:42||3918|1270172160|1610467776
28378|0|73225|07/01/2024 06:47:08||28972|4533577952|5600706968
27935|0|88656|07/01/2024 03:48:58||39662|12329352648|13425638264
27383|0|78408|07/01/2024 00:03:10||53210|5898021952|8574070704
29317|0|38643|07/01/2024 13:18:05||5515|1392864384|1873783400
28529|0|63664|07/01/2024 07:46:25||25415|7405642408|7642944960
28602|0|24671|07/01/2024 08:10:39||23961|3370060240|3932347664
29164|0|20752|07/01/2024 12:16:43||9197|22938141120|44211278744
29340|0|40629|07/01/2024 13:25:05||5095|1933000840|2114557192
28711|0|37389|07/01/2024 09:08:48||20472|2380639776|2494193944
27846|0|96516|07/01/2024 03:14:53||41707|128400969560|360214258656
29361|0|93265|07/01/2024 13:33:14||4606|7257347944|17486731696
28404|0|19374|07/01/2024 06:55:24||28476|99503621536|245507121552
28126|0|73511|07/01/2024 05:09:36||34824|2915005544|3622042128
28530|0|76492|07/01/2024 07:47:23||25357|147906544|187404368
29050|0|75728|07/01/2024 11:28:44||12076|5121932184|6064181800
28033|0|43350|07/01/2024 04:27:32||37348|9703881792|9998256096
27339|0|49479|06/01/2024 23:49:01||54059|26736577720|16639290040
29072|0|20567|07/01/2024 11:39:43||11417|3239187000|4271178312
28454|0|10088|07/01/2024 07:14:43||27317|28078099176|18175934528
28504|0|86300|07/01/2024 07:31:15||26325|4679886688|4706349960
29099|0|73227|07/01/2024 11:44:14||11146|496837408|554674392
28146|0|49984|07/01/2024 05:14:14||34546|9219958456|12809159768
29025|0|51341|07/01/2024 11:15:34|07/01/2024 14:43:47|12493|4259419312|4637511408
27037|0|47955|06/01/2024 21:25:30||62670|934467008|1315811800
29207|0|74521|07/01/2024 12:36:39||8001|140957528|141359776
28603|0|24789|07/01/2024 08:11:16||23924|1011068536|1215141064
28481|0|62736|07/01/2024 07:27:38||26542|66752335824|161413418208
28455|0|97663|07/01/2024 07:13:18||27402|6750710696|7568408696
29051|0|97466|07/01/2024 11:28:13||12107|1205328880|1378090136
27546|0|48119|07/01/2024 01:15:10||48890|148278012192|319808522512
29435|0|29872|07/01/2024 14:18:11||1909|588555368|742820960
