IdSession|IdPSX|IdSubscriber|StartSession|EndSession|Duartion|UpTx|DownTx
22481|0|7922|03/01/2024 18:01:23||26317|6779122752|7469450552
22280|0|78614|03/01/2024 16:47:32||30748|7513650856|8756546064
21510|0|48015|03/01/2024 11:31:40||49700|144336696408|318315215312
22163|0|19403|03/01/2024 15:59:23||33637|26265768|39124552
22196|0|98935|03/01/2024 16:01:18||33522|24787086912|37005067000
22849|0|88207|03/01/2024 20:25:00||17700|5687238464|7245323672
23423|0|96775|04/01/2024 00:23:47||3373|3478958264|10340713144
22814|0|4129|03/01/2024 20:11:36||18504|17604921352|21885624376
22513|0|76996|03/01/2024 18:14:33||25527|4443813784|5248583080
23022|0|65418|03/01/2024 21:30:24||13776|2198777880|2546956000
23261|0|13673|03/01/2024 23:15:21||7479|13146398072|31798554960
22253|0|68950|03/01/2024 16:38:42||31278|6383758888|6839753040
22541|0|91056|03/01/2024 18:29:53||24607|65143428224|124337927064
23285|0|17916|03/01/2024 23:20:27||7173|1423281704|2107972888
22815|0|85288|03/01/2024 20:18:27||18093|8724302104|11983288176
23081|0|94804|03/01/2024 21:51:10||12530|1067954696|1476235520
22767|0|88537|03/01/2024 19:55:12||19488|8697473920|9126934120
23238|0|83726|03/01/2024 23:09:41||7819|1891512904|2167042072
23485|0|67328|04/01/2024 00:57:42||1338|463111176|580171584
22307|0|95402|03/01/2024 16:56:33||30207|1175825408|1511299728
22902|0|81205|03/01/2024 20:44:42||16518|3335186576|3904493136
22930|0|26108|03/01/2024 20:56:24||15816|734331344|845169920
22816|0|71287|03/01/2024 20:11:12||18528|3342024584|3840616664
22591|0|93345|03/01/2024 18:44:45||23715|3529182120|4646150240
21420|0|7629|03/01/2024 10:57:33||51747|5912209216|7646064624
21273|0|63503|03/01/2024 10:07:24||54756|14276632696|14991098944
22636|0|20044|03/01/2024 19:08:55||22265|1609447960|1850255832
21626|0|15054|03/01/2024 12:19:26||46834|11766344744|16703345552
22668|0|91513|03/01/2024 19:12:30||22050|749319816|805925816
22788|0|48067|03/01/2024 20:02:23||19057|1312551288|1691655648
21299|0|86150|03/01/2024 10:16:50||54190|17146545640|19946995624
23441|0|46936|04/01/2024 00:31:07||2933|9901632|10666752
20963|0|31978|03/01/2024 07:52:15||62865|3499207520|5072624096
23486|0|30644|04/01/2024 00:54:38||1522|344363016|505474864
22903|0|52916|03/01/2024 20:40:59||16741|36840365792|78472261728
22004|0|20049|03/01/2024 14:48:55||37865|5307072672|6549314864
22254|0|8227|03/01/2024 16:31:19||31721|266973072|357124672
21511|0|88811|03/01/2024 11:36:57||49383|4843364976|5911055696
23487|0|42085|04/01/2024 00:51:05||1735|4578930016|8662209888
22993|0|17602|03/01/2024 21:27:47||13933|16890794736|11610441936
23131|0|58604|03/01/2024 22:18:11||10909|1420425488|1958469272
22956|0|45688|03/01/2024 21:08:38||15082|4984977368|9476162712
23286|0|58443|03/01/2024 23:20:23||7177|631902016|840148848
22431|0|79155|03/01/2024 17:47:45||27135|1117244568|1512056824
22047|0|34503|03/01/2024 15:01:51||37089|8275594696|9245468288
23108|0|13510|03/01/2024 22:08:55||11465|3090149568|3896366448
20937|0|45897|03/01/2024 07:47:12|04/01/2024 01:15:16|62884|34268785376|45472023352
23540|0|45897|04/01/2024 01:15:52||248|171643664|205804904
22233|0|24996|03/01/2024 16:28:20||31900|13178933792|16845532304
22692|0|40816|03/01/2024 19:21:17||21523|1015800392|1248407480
22455|0|93054|03/01/2024 17:59:21||26439|5159714056|6338592136
21479|0|70354|03/01/2024 11:21:42||50298|112920710672|225345385160
21436|0|80722|03/01/2024 11:03:44||51376|4071465752|5041882944
22817|0|53897|03/01/2024 20:19:39||18021|4446722640|4779875664
22637|0|73756|03/01/2024 19:09:02||22258|18122359328|46241530336
23218|0|34091|03/01/2024 22:56:55||8585|1071271720|1208884416
23262|0|84326|03/01/2024 23:17:22||7358|1780855200|2000477488
23047|0|64201|03/01/2024 21:44:22||12938|148389552|176345112
21790|0|25943|03/01/2024 13:15:20||43480|21602314192|25336726072
22482|0|67155|03/01/2024 18:08:24||25896|2206066936|2231377104
22973|0|37596|03/01/2024 21:11:54||14886|2927647920|3108897784
22282|0|61304|03/01/2024 16:46:59||30781|1974772040|2548724536
21685|0|52562|03/01/2024 12:32:51||46029|8583573104|11962371960
22931|0|37321|03/01/2024 20:59:41||15619|10530611632|14372323152
21146|0|43220|03/01/2024 09:14:52||57908|7319365072|9532200184
23374|0|16434|04/01/2024 00:04:11||4549|94024856|101662256
23323|0|95343|03/01/2024 23:40:04||5996|2582814096|3760286672
22366|0|56883|03/01/2024 17:18:19||28901|2615227992|3572218376
22215|0|33952|03/01/2024 16:19:54||32406|4882413368|4975285000
22483|0|37550|03/01/2024 18:06:53||25987|5727347736|7099468568
22411|0|93308|03/01/2024 17:31:30||28110|4255074336|6283075216
22669|0|10594|03/01/2024 19:18:48||21672|2370417768|2651159648
21627|0|16938|03/01/2024 12:12:31||47249|13618794048|14901370032
22338|0|46098|03/01/2024 17:08:13||29507|3732147648|5382251512
23263|0|19672|03/01/2024 23:13:08||7612|3661233872|5044582024
21941|0|15938|03/01/2024 14:15:18||39882|4553112160|5793239832
22255|0|73714|03/01/2024 16:32:30||31650|1911450568|2360416280
23132|0|57451|03/01/2024 22:19:06||10854|268477480|385492128
22994|0|5821|03/01/2024 21:21:45||14295|794409040|1130223752
22146|0|60286|03/01/2024 15:43:16||34604|10839441824|12190383392
23048|0|83136|03/01/2024 21:47:37||12743|409099768|591242504
21437|0|45426|03/01/2024 11:09:35||51025|3207411920|4662981304
23287|0|80910|03/01/2024 23:21:06||7134|1719534080|2047305096
23442|0|39820|04/01/2024 00:31:11||2929|761881480|774220688
23204|0|74181|03/01/2024 22:44:58||9302|1135848224|1508159496
22091|0|66329|03/01/2024 15:22:03||35877|4276538040|5511186192
22197|0|93506|03/01/2024 16:06:45||33195|4099059176|5955084728
22640|0|61111|03/01/2024 19:01:57||22683|9849797840|11763260768
23513|0|95199|04/01/2024 01:01:55||1085|269511640|309622552
22566|0|43252|03/01/2024 18:33:12||24408|3926053064|4450302144
21726|0|85932|03/01/2024 12:58:36||44484|9418335608|11021920608
23219|0|89576|03/01/2024 22:54:34||8726|2472689904|3354463312
21275|0|36168|03/01/2024 10:04:27||54933|17311097752|17987295520
23346|0|44368|03/01/2024 23:56:14||5026|845783816|1025359000
23205|0|64267|03/01/2024 22:41:30||9510|2052758600|2727875032
21394|0|77350|03/01/2024 10:46:54||52386|8283461568|8723130984
21942|0|96303|03/01/2024 14:16:08||39832|53757473000|115114175640
22234|0|70049|03/01/2024 16:22:54||32226|53113923520|152623102264
22737|0|4288|03/01/2024 19:46:31||20009|4360760848|5254346984
22092|0|41561|03/01/2024 15:23:13||35807|10506426760|12332734992
23186|0|40329|03/01/2024 22:30:39||10161|8618712816|9902965528
22308|0|79017|03/01/2024 16:55:41||30259|85758846832|245244623280
22543|0|36794|03/01/2024 18:24:51||24909|817252720|998266880
22818|0|99368|03/01/2024 20:16:35||18205|4721934472|6380849256
22716|0|99818|03/01/2024 19:35:34||20666|659518584|708728088
22995|0|88045|03/01/2024 21:25:20||14080|202327224|242915624
21943|0|4110|03/01/2024 14:16:25||39815|8352804336|8588758824
22616|0|93202|03/01/2024 18:59:54||22806|54633751968|162793573056
23424|0|39434|04/01/2024 00:20:44||3556|598397672|702228568
22119|0|58424|03/01/2024 15:31:24||35316|48504255656|107674444128
22717|0|36730|03/01/2024 19:36:13||20627|2306455680|2870522608
23049|0|19300|03/01/2024 21:48:10||12710|18902065552|53899164520
23398|0|5705|04/01/2024 00:10:12||4188|156399408|160551184
23347|0|36804|03/01/2024 23:52:08||5272|874914976|1054650216
21543|0|89604|03/01/2024 11:44:00||48960|14143403144|14598903792
22693|0|11226|03/01/2024 19:24:16||21344|59980901640|126199117632
23161|0|98321|03/01/2024 22:24:14||10546|2709439080|2872396960
23264|0|81514|03/01/2024 23:12:57||7623|21662206952|51138758928
23443|0|83610|04/01/2024 00:37:05||2575|366406576|549063328
22412|0|67697|03/01/2024 17:34:13||27947|27476208944|28203415440
22996|0|5904|03/01/2024 21:20:31||14369|3781623872|3790433528
21895|0|6308|03/01/2024 13:51:58||41282|8314968728|11762909184
22957|0|99065|03/01/2024 21:07:13||15167|7232371360|7405949504
23239|0|26509|03/01/2024 23:03:25||8195|1225906944|1812319088
22432|0|95731|03/01/2024 17:40:50||27550|1433957000|2145987328
23133|0|24101|03/01/2024 22:12:28||11252|103813584|112302728
22235|0|39299|03/01/2024 16:29:57||31803|1271492808|1491633344
23306|0|55366|03/01/2024 23:39:43||6017|2006576864|2143435120
21176|0|43902|03/01/2024 09:24:52||57308|8540018664|8900549608
22389|0|85910|03/01/2024 17:24:36||28524|1540786688|1926136936
22456|0|98470|03/01/2024 17:55:27||26673|10812945064|13192359304
22850|0|47492|03/01/2024 20:21:17||17923|7195379376|7466450208
22997|0|57141|03/01/2024 21:20:54||14346|1117309536|1429502440
22216|0|36420|03/01/2024 16:12:18||32862|11460370112|14013660472
22974|0|91195|03/01/2024 21:12:27||14853|809622024|1090873168
21848|0|35423|03/01/2024 13:34:12||42348|28248373208|31276683712
22958|0|43035|03/01/2024 21:05:53||15247|751060080|902782800
21076|0|75330|03/01/2024 08:41:04||59936|8866997664|10224680176
23082|0|35432|03/01/2024 21:58:27||12093|1286118448|1853660088
22257|0|22775|03/01/2024 16:34:03||31557|10728730816|12806909840
21961|0|93299|03/01/2024 14:29:36||39024|2284706688|2865069736
22768|0|11625|03/01/2024 19:55:39||19461|41038003824|102011711960
23187|0|61072|03/01/2024 22:31:43||10097|2410233072|2988340440
22789|0|40491|03/01/2024 20:02:12||19068|879876864|958532032
22904|0|93145|03/01/2024 20:41:34||16706|8142383432|12004663056
22718|0|14980|03/01/2024 19:35:53||20647|40119727016|103430131760
22905|0|11201|03/01/2024 20:44:20||16540|15291998032|22081841656
23425|0|8602|04/01/2024 00:27:15||3165|390581728|432951304
22198|0|53228|03/01/2024 16:02:04||33476|103229368|104328168
22959|0|8547|03/01/2024 21:02:34||15446|268820536|337768408
22544|0|77342|03/01/2024 18:24:35||24925|58113718536|171324138896
21660|0|97010|03/01/2024 12:22:18||46662|20805325752|12651452184
22670|0|28839|03/01/2024 19:16:24||21816|5232037544|7353124032
22368|0|37333|03/01/2024 17:17:42||28938|2526493376|3142768696
22486|0|5018|03/01/2024 18:09:34||25826|2606959216|2660723760
23162|0|99615|03/01/2024 22:27:29||10351|1747916056|2297926080
22545|0|60167|03/01/2024 18:22:18||25062|7912398576|10360551336
20986|0|6440|03/01/2024 08:03:13||62207|36196603368|54288995960
23399|0|29341|04/01/2024 00:17:57||3723|81898232|104646560
22390|0|13461|03/01/2024 17:26:08||28432|4603493088|4858150960
23134|0|79812|03/01/2024 22:16:57||10983|21529806448|59800882072
22285|0|41123|03/01/2024 16:49:34||30626|2527312184|3289357424
22028|0|29885|03/01/2024 14:56:30||37410|2457882512|3032963152
23307|0|92893|03/01/2024 23:34:03||6357|2003231840|2264398536
23220|0|81968|03/01/2024 22:56:00||8640|2775146656|3412592064
22960|0|96738|03/01/2024 21:08:42||15078|2655877280|3299774024
22005|0|79073|03/01/2024 14:45:24||38076|12419848536|14480733824
22868|0|82325|03/01/2024 20:30:11||17389|3601221192|4358218744
22339|0|79333|03/01/2024 17:04:16||29744|1258498752|1345185248
23288|0|71426|03/01/2024 23:28:44||6676|9284312984|23908610288
23400|0|89898|04/01/2024 00:14:07||3953|77707504|91062360
23462|0|25099|04/01/2024 00:45:58||2042|4589592|6614504
22120|0|17708|03/01/2024 15:32:49||35231|113605897816|240091601920
23083|0|59626|03/01/2024 21:53:15||12405|1897228480|2254102288
21246|0|52757|03/01/2024 09:51:20||55720|2122058016|2561895328
22121|0|20266|03/01/2024 15:39:55||34805|6783035520|9306625680
21601|0|50014|03/01/2024 12:04:09||47751|10263298224|11634504456
21096|0|15246|03/01/2024 08:57:18||58962|11443425592|14576644144
21728|0|67076|03/01/2024 12:57:29||44551|14757783928|16625368048
21729|0|80461|03/01/2024 12:51:46||44894|11940142080|14051399888
22391|0|88465|03/01/2024 17:20:38||28762|21092496656|23900416984
23444|0|5871|04/01/2024 00:30:13||2987|164975072|200639152
22869|0|69178|03/01/2024 20:35:08||17092|2648301240|3461606296
23240|0|41928|03/01/2024 23:04:55||8105|1076229976|1586081008
22413|0|18951|03/01/2024 17:33:00||28020|7742308192|8673116616
23163|0|95563|03/01/2024 22:27:55|04/01/2024 01:10:06|9731|1419971928|1432597176
23463|0|45658|04/01/2024 00:48:31||1889|118283328|145100728
23541|0|40524|04/01/2024 01:13:59||361|154776816|179962200
23135|0|77250|03/01/2024 22:15:43||11057|1449937784|1525555384
21962|0|44624|03/01/2024 14:26:18||39222|5176973112|6062851488
23024|0|81920|03/01/2024 21:35:00||13500|279791320|345094584
22740|0|97692|03/01/2024 19:45:23||20077|5654790632|5903741360
23445|0|27302|04/01/2024 00:38:23||2497|550407400|765097680
21963|0|46712|03/01/2024 14:21:48||39492|59756984816|137864329336
21303|0|62316|03/01/2024 10:10:02||54598|13924405384|20588356488
23542|0|92712|04/01/2024 01:19:54||6|0|0
21484|0|85714|03/01/2024 11:28:34||49886|4621498024|6139664920
23514|0|69250|04/01/2024 01:09:27||633|169074696|174918384
21819|0|32642|03/01/2024 13:25:35||42865|4246079976|4830256632
22166|0|10222|03/01/2024 15:57:08||33772|18829842376|24058819504
22694|0|23308|03/01/2024 19:28:45||21075|2003490184|2688418928
22932|0|69961|03/01/2024 20:55:02||15898|5057882296|6891271704
23189|0|40278|03/01/2024 22:30:24||10176|1480224792|1860258848
22641|0|51442|03/01/2024 19:03:28||22592|454709600|520397576
22998|0|22388|03/01/2024 21:23:23||14197|3390867264|3991482888
23488|0|76297|04/01/2024 00:50:12||1788|229902576|310335456
21579|0|65864|03/01/2024 11:51:14||48526|6716306376|7258544360
22458|0|98341|03/01/2024 17:51:30||26910|8500594920|9009768496
23190|0|64301|03/01/2024 22:32:40||10040|1241964224|1598278504
21012|0|44915|03/01/2024 08:12:24||61656|1732760312|1752821792
22168|0|60779|03/01/2024 15:58:22||33698|3415399840|5016819328
22741|0|20203|03/01/2024 19:49:27||19833|831561184|945873520
23136|0|24831|03/01/2024 22:19:34||10826|1004156328|1204949368
21919|0|63505|03/01/2024 14:02:20||40660|1727856520|2364190184
23051|0|22851|03/01/2024 21:41:20||13120|901215888|1186902744
23207|0|10157|03/01/2024 22:43:59||9361|1848188008|2584890904
21920|0|11546|03/01/2024 14:06:40||40400|6043722216|6649023496
22961|0|7472|03/01/2024 21:08:00||15120|9944586232|12103970240
22933|0|68217|03/01/2024 20:56:18||15822|4282771728|5579255624
23426|0|88278|04/01/2024 00:28:51||3069|1150820640|1609830728
23543|0|90789|04/01/2024 01:11:27||513|117928824|142479232
21687|0|53387|03/01/2024 12:31:25||46115|1033881912|1205845432
22487|0|98712|03/01/2024 18:06:00||26040|16623076832|18370351320
22852|0|63890|03/01/2024 20:21:36||17904|2104207752|2271119608
22514|0|57917|03/01/2024 18:16:26||25414|8905854608|12073152296
22095|0|74290|03/01/2024 15:25:31||35669|3685140464|4632963832
21629|0|49022|03/01/2024 12:10:55||47345|9309265968|12301685464
21545|0|94914|03/01/2024 11:47:48||48732|3937683888|5672315088
23137|0|40176|03/01/2024 22:19:48||10812|2664144320|3706371448
23427|0|97473|04/01/2024 00:25:50||3250|57563000|76799736
23324|0|96532|03/01/2024 23:44:26||5734|1080465824|1301398200
22123|0|85963|03/01/2024 15:35:53||35047|2593841072|2732509176
22546|0|41995|03/01/2024 18:28:17||24703|4083309144|5104794832
20987|0|39648|03/01/2024 08:05:41||62059|22795870968|33550169096
22124|0|8129|03/01/2024 15:38:09||34911|12725553440|17003400144
21512|0|67015|03/01/2024 11:31:18||49722|11522655096|12350696328
23025|0|6568|03/01/2024 21:32:39||13641|699870464|699949560
23221|0|62739|03/01/2024 22:51:28||8912|506888168|653027072
22488|0|95660|03/01/2024 18:07:57|04/01/2024 01:17:56|25799|38340404872|102179189680
22309|0|59464|03/01/2024 16:51:00||30540|2543593648|3028076344
22259|0|45450|03/01/2024 16:36:41||31399|930946296|1317693360
21792|0|34226|03/01/2024 13:19:12||43248|8458880320|10569639432
22392|0|60885|03/01/2024 17:20:00||28800|4914139080|6747441688
23109|0|45892|03/01/2024 22:08:23||11497|2667716320|3843038056
21034|0|66346|03/01/2024 08:25:53||60847|7031406016|10359656344
22934|0|23097|03/01/2024 20:58:59||15661|3885327632|4017080648
23164|0|81795|03/01/2024 22:26:36||10404|592086472|650915496
21979|0|89373|03/01/2024 14:38:08||38512|5893841856|7049276544
22870|0|90846|03/01/2024 20:30:47||17353|5021334160|5238733568
23515|0|41118|04/01/2024 01:00:41||1159|108137560|133903536
22459|0|34484|03/01/2024 17:55:48||26652|7454635888|7667396208
21223|0|59946|03/01/2024 09:42:56||56224|4467516696|6153292168
23222|0|97042|03/01/2024 22:59:50||8410|2477992040|2836554808
23242|0|92942|03/01/2024 23:09:01||7859|1203775568|1551075288
23428|0|76954|04/01/2024 00:25:06||3294|289014592|376047168
22935|0|42971|03/01/2024 20:52:54||16026|87956376|97916848
23052|0|19469|03/01/2024 21:44:35||12925|897745128|1265878776
22871|0|38674|03/01/2024 20:38:10||16910|6335173280|8340191032
21706|0|90351|03/01/2024 12:49:43||45017|12283534160|12783316984
23429|0|74481|04/01/2024 00:22:32||3448|4340341488|2387475696
20782|0|64668|03/01/2024 06:33:08||67612|9917202304|14611077664
23243|0|14111|03/01/2024 23:01:12||8328|19247197976|41927322760
23430|0|7489|04/01/2024 00:27:16||3164|236744600|259946496
21198|0|18836|03/01/2024 09:39:52|04/01/2024 01:12:18|55946|522013896|578738408
23544|0|18836|04/01/2024 01:13:02||418|4847760|6694176
22217|0|40642|03/01/2024 16:10:46||32954|3273550208|3690087432
23138|0|73978|03/01/2024 22:12:24||11256|1013898464|1111158760
23348|0|16748|03/01/2024 23:57:11||4969|692447616|1026495680
23349|0|16200|03/01/2024 23:54:12||5148|777919152|837230080
21820|0|45093|03/01/2024 13:28:53||42667|9551676400|10479547144
22169|0|33422|03/01/2024 15:50:49||34151|11235106136|16580660880
23431|0|32399|04/01/2024 00:22:29||3451|4148126296|10604538104
22414|0|69490|03/01/2024 17:31:08||28132|5831737992|6667128512
22568|0|70096|03/01/2024 18:35:17||24283|17561186616|23766765136
22515|0|52429|03/01/2024 18:17:16||25364|2689714072|2877158064
22618|0|96471|03/01/2024 18:57:20||22960|15913104008|17519517832
22791|0|80898|03/01/2024 20:01:55||19085|4923848072|5683522112
23516|0|46857|04/01/2024 01:05:04||896|345653920|376975152
21036|0|82044|03/01/2024 08:25:09||60891|7709421064|9680028480
23308|0|74678|03/01/2024 23:36:48||6192|354706608|453349544
23489|0|69195|04/01/2024 00:56:59||1381|30304728|35030280
21305|0|59909|03/01/2024 10:16:46||54194|9639798720|11980937248
23139|0|93851|03/01/2024 22:19:55||10805|669592048|991241992
21874|0|27027|03/01/2024 13:41:48||41892|975679880|1165160840
21946|0|29092|03/01/2024 14:14:19||39941|8486952072|9809574152
22936|0|91723|03/01/2024 20:51:52||16088|1463831144|1487686152
22642|0|60277|03/01/2024 19:01:37||22703|2319628992|2458522336
23309|0|15258|03/01/2024 23:31:23||6517|11366051240|26196803336
22792|0|8386|03/01/2024 20:08:51||18669|4861359992|6548389304
23244|0|30846|03/01/2024 23:00:12||8388|1652342088|1872096624
22393|0|62947|03/01/2024 17:26:07||28433|1017135640|1021734280
22125|0|91512|03/01/2024 15:30:53||35347|8311328816|9159157984
23140|0|22591|03/01/2024 22:17:51||10929|1556789888|2271633480
21708|0|80733|03/01/2024 12:46:20||45220|1333253472|1923609616
22937|0|76418|03/01/2024 20:58:37||15683|3131208456|3400361480
23517|0|83622|04/01/2024 01:04:27||933|99369152|121559640
22695|0|88927|03/01/2024 19:26:13||21227|4265955752|4525586568
22490|0|63698|03/01/2024 18:00:45||26355|4225232648|6297977984
22872|0|54570|03/01/2024 20:33:02||17218|5549096960|6219010432
23518|0|61311|04/01/2024 01:08:23||697|77728856|103950184
20904|0|11685|03/01/2024 07:29:48||64212|7148149456|10658168248
23325|0|80612|03/01/2024 23:47:53||5527|240091512|291193648
23110|0|35034|03/01/2024 22:03:45||11775|1132868920|864315696
23165|0|71960|03/01/2024 22:25:22||10478|4197560824|4212069096
23519|0|23699|04/01/2024 01:08:16||704|62565312|72720720
21709|0|49446|03/01/2024 12:47:40||45140|10009127824|12496534480
21921|0|99833|03/01/2024 14:09:12||40248|3092650680|4058444336
23401|0|59256|04/01/2024 00:10:19||4181|151024600|173685936
22343|0|66348|03/01/2024 17:06:23||29617|184386320|210617792
21983|0|11775|03/01/2024 14:34:44||38716|5271635920|5395574832
23265|0|95942|03/01/2024 23:12:41||7639|2563618584|2955774616
23289|0|28116|03/01/2024 23:22:17||7063|2660671368|3227134816
23446|0|64729|04/01/2024 00:35:21||2679|370044672|510872560
23290|0|34665|03/01/2024 23:28:06||6714|4473097848|5318381232
22415|0|76797|03/01/2024 17:30:51||28149|3295442752|4868674464
23027|0|39540|03/01/2024 21:33:15||13605|2755930056|3346307288
23111|0|67016|03/01/2024 22:04:52||11708|2918474192|3075012120
21765|0|68841|03/01/2024 13:09:41||43819|12534066312|15820257792
22029|0|5650|03/01/2024 14:57:34||37346|4627525856|8956162616
22938|0|17351|03/01/2024 20:52:35||16045|3623801288|4244590168
21766|0|20661|03/01/2024 13:07:42||43938|6677560112|9277518824
22962|0|6906|03/01/2024 21:06:24||15216|448823296|613911272
22007|0|46869|03/01/2024 14:45:51||38049|4766381496|7103248480
22770|0|98430|03/01/2024 19:54:55||19505|15760403152|11192166840
22030|0|77911|03/01/2024 14:55:27||37473|2968127488|3998595952
23375|0|21912|04/01/2024 00:02:27||4653|188862520|246035080
21307|0|84943|03/01/2024 10:17:22||54158|11846773904|12180909936
23112|0|32864|03/01/2024 22:03:38||11782|1295276912|1894339064
21460|0|40115|03/01/2024 11:14:01||50759|695138576|924574192
21249|0|33989|03/01/2024 09:58:25||55295|9357420424|10920242216
22260|0|6051|03/01/2024 16:32:22||31658|4530310296|4860234448
22963|0|76091|03/01/2024 21:01:46||15494|609075872|832748672
23208|0|33250|03/01/2024 22:42:42||9438|836226744|1225145216
22417|0|69121|03/01/2024 17:30:31||28169|7238736376|10131596664
23291|0|18411|03/01/2024 23:22:55||7025|219217496|260030936
22592|0|93627|03/01/2024 18:45:20||23680|3582049808|3892845056
23447|0|16505|04/01/2024 00:31:45||2895|162553920|188578952
22570|0|48354|03/01/2024 18:37:54||24126|2797004000|3617930824
22345|0|31903|03/01/2024 17:00:40||29960|97674116000|190545833896
22031|0|16868|03/01/2024 14:55:26||37474|18625917176|26115647560
22286|0|22939|03/01/2024 16:40:02||31198|3079436000|4257187424
21767|0|45745|03/01/2024 13:04:15||44145|8975149008|22975509400
22548|0|57061|03/01/2024 18:20:02||25198|5047921200|7198677280
22492|0|80025|03/01/2024 18:06:12||26028|13170537896|17855216296
22819|0|96689|03/01/2024 20:13:35||18385|5477461912|7267073816
21516|0|78379|03/01/2024 11:30:02||49798|5291180800|5494348200
23166|0|16818|03/01/2024 22:20:11||10789|36111881680|69216958360
22517|0|56289|03/01/2024 18:13:49||25571|17663037968|23499064160
23545|0|77204|04/01/2024 01:18:10||110|118865000|74808072
23084|0|47458|03/01/2024 21:50:28||12572|398305784|577551744
23351|0|47468|03/01/2024 23:57:28||4952|1472190888|1926122360
22218|0|52439|03/01/2024 16:15:29||32671|63172071104|178635873696
22743|0|69541|03/01/2024 19:46:09||20031|2975114160|3361477224
23402|0|47314|04/01/2024 00:17:18||3762|310745240|322195952
23292|0|9026|03/01/2024 23:24:56||6904|727725000|798789352
22346|0|52594|03/01/2024 17:08:17||29503|2599187136|3151067464
22096|0|17099|03/01/2024 15:21:46||35894|61027802080|114688835936
21632|0|87066|03/01/2024 12:10:29||47371|3348147104|4545988376
22149|0|91262|03/01/2024 15:45:37||34463|8851557584|10515974152
23326|0|95953|03/01/2024 23:44:04||5756|1884797056|2772502816
22571|0|41355|03/01/2024 18:35:00||24300|1463510840|1683244104
21947|0|40878|03/01/2024 14:12:29||40051|11628624288|12505158288
20966|0|56946|03/01/2024 07:51:50||62890|19321491760|19331957952
22907|0|94591|03/01/2024 20:47:26||16354|7046514160|9347117184
22371|0|14654|03/01/2024 17:13:43||29177|114922882576|253116712552
21823|0|12418|03/01/2024 13:20:32||43168|11349554168|14659831888
22820|0|43820|03/01/2024 20:19:00||18060|8663703016|9658947792
23546|0|59395|04/01/2024 01:18:52||68|212992|276048
22821|0|78871|03/01/2024 20:17:37||18143|2539129736|2779245368
22822|0|83349|03/01/2024 20:11:25||18515|4441444608|5687181496
23293|0|32700|03/01/2024 23:21:27||7113|1377283256|1855779992
23167|0|19426|03/01/2024 22:20:33||10767|52262467240|28619509368
21517|0|17223|03/01/2024 11:38:45||49275|13041958096|18356541448
23266|0|49790|03/01/2024 23:14:15||7545|4025618000|4076735088
23352|0|97507|03/01/2024 23:53:14||5206|370603496|546614688
21603|0|74230|03/01/2024 12:08:03||47517|24406769296|25007430544
22697|0|23640|03/01/2024 19:24:21||21339|1730484248|2464363672
21604|0|99997|03/01/2024 12:06:29||47611|5429994224|6484639840
21398|0|31911|03/01/2024 10:43:42||52578|22742543728|25882329168
22620|0|95243|03/01/2024 18:55:48||23052|18064793640|11714489448
22572|0|70498|03/01/2024 18:34:18||24342|6574909568|9835232880
22493|0|82324|03/01/2024 18:03:06||26214|9295992536|10823917184
22873|0|8451|03/01/2024 20:39:00||16860|371604336|451829608
23168|0|70372|03/01/2024 22:21:02||10738|31262360|32742712
22201|0|52154|03/01/2024 16:09:15||33045|3163082496|3790878528
21733|0|28435|03/01/2024 12:50:49||44951|829101224|925705536
22643|0|85672|03/01/2024 19:02:39||22641|2308781232|3368099624
22823|0|12784|03/01/2024 20:19:18||18042|4029512360|5376793376
22395|0|45387|03/01/2024 17:26:11||28429|3226464984|4367326600
22220|0|81351|03/01/2024 16:12:50||32830|26668786616|27236543152
22794|0|18908|03/01/2024 20:08:15||18705|73478522936|173062483728
22771|0|63153|03/01/2024 19:50:36||19764|6604319304|7675906672
22550|0|5094|03/01/2024 18:28:26||24694|3966291312|5885357256
23403|0|36200|04/01/2024 00:10:25||4175|9127418968|20991522992
22172|0|76281|03/01/2024 15:50:33||34167|17521138688|25237577384
21824|0|41346|03/01/2024 13:24:25||42935|5940429808|6615675992
22065|0|29605|03/01/2024 15:15:09||36291|62311749440|125710141176
23169|0|8775|03/01/2024 22:22:50||10630|1484221280|2215765112
20858|0|87836|03/01/2024 07:09:48||65412|118088607392|281061560208
22698|0|82980|03/01/2024 19:26:35||21205|2639359288|3843452616
23327|0|28225|03/01/2024 23:48:38||5482|328308072|355586032
21876|0|82499|03/01/2024 13:44:12||41748|2814868408|3347457416
23547|0|88257|04/01/2024 01:11:44||496|1335033880|2701181168
22494|0|74614|03/01/2024 18:03:32||26188|10181562072|10554214808
22518|0|19213|03/01/2024 18:13:22||25598|2682518640|3163741048
21037|0|17670|03/01/2024 08:27:42||60738|538021648|588035072
23028|0|59984|03/01/2024 21:30:06||13794|1429575368|1498268264
22824|0|27276|03/01/2024 20:19:49||18011|7033660856|10062055672
23029|0|18578|03/01/2024 21:35:37||13463|47619799952|130885090440
21127|0|67246|03/01/2024 09:02:40||58640|12447937480|14155320192
23142|0|31958|03/01/2024 22:14:29||11131|108546600|111650792
22151|0|76270|03/01/2024 15:43:37||34583|2908597608|3290935800
21309|0|64359|03/01/2024 10:19:58||54002|20383757680|21850941760
23311|0|43849|03/01/2024 23:36:10||6230|598765360|679812984
22349|0|25332|03/01/2024 17:06:05||29635|4389811504|5937736552
22372|0|56440|03/01/2024 17:18:27||28893|14561034728|11560464216
22939|0|35261|03/01/2024 20:54:59||15901|1377416240|1592784936
21182|0|87863|03/01/2024 09:23:51||57369|114938147616|246570789624
22853|0|16150|03/01/2024 20:28:13||17507|5632609024|5888238784
23170|0|56271|03/01/2024 22:20:53||10747|495792776|671167576
22594|0|83901|03/01/2024 18:45:18||23682|2650442008|3662245704
23113|0|28804|03/01/2024 22:06:42||11598|2102170776|2739462648
22795|0|50847|03/01/2024 20:08:54||18666|2083640384|2803438840
23054|0|8718|03/01/2024 21:47:35||12745|1006106120|1465782744
22397|0|86290|03/01/2024 17:29:39||28221|1506106200|1546796192
23448|0|57307|04/01/2024 00:38:05||2515|117363432|121311944
23171|0|17717|03/01/2024 22:21:34||10706|7347429616|19932227568
21636|0|44780|03/01/2024 12:12:40||47240|12756540048|14846499480
22373|0|63585|03/01/2024 17:11:06||29334|12371443224|16725478096
22673|0|49279|03/01/2024 19:18:08||21712|12023922736|17877533624
23520|0|30280|04/01/2024 01:05:06||894|363597640|365179712
22495|0|10808|03/01/2024 18:07:08||25972|9888722208|10017054920
23143|0|58441|03/01/2024 22:16:58||10982|1788482368|2387764536
21739|0|55176|03/01/2024 12:54:14||44746|17119473608|22462410592
23055|0|60139|03/01/2024 21:47:18||12762|218451960|246779744
22436|0|23126|03/01/2024 17:48:04||27116|2946992368|3077971696
22033|0|39792|03/01/2024 14:55:24||37476|17874440104|21007202392
22874|0|47169|03/01/2024 20:34:22||17138|42089208872|98522924736
23432|0|64963|04/01/2024 00:28:52||3068|24614640|31114328
22644|0|54160|03/01/2024 19:01:15||22725|10174631632|10773532896
22999|0|25887|03/01/2024 21:22:10||14270|4447871880|5338194368
23056|0|89370|03/01/2024 21:48:28||12692|506533280|622990040
20880|0|23908|03/01/2024 07:14:07||65153|12188615384|14782452992
22875|0|55316|03/01/2024 20:33:31||17189|3179557744|3607149920
22745|0|83153|03/01/2024 19:41:55||20285|5261501904|5596320040
22418|0|52044|03/01/2024 17:36:04||27836|28773608680|75338256168
23172|0|29712|03/01/2024 22:23:16||10604|315494280|355351056
20881|0|98149|03/01/2024 07:17:38||64942|6050528248|8914938608
20882|0|76963|03/01/2024 07:12:01||65279|9859223384|10728463696
23173|0|32616|03/01/2024 22:26:04||10436|1604126560|2095684368
21897|0|72615|03/01/2024 13:58:03||40917|10530776768|10658786880
23085|0|43297|03/01/2024 21:57:08||12172|614416456|709638688
23490|0|82418|04/01/2024 00:59:29||1231|421664480|467274344
22127|0|80719|03/01/2024 15:37:44||34936|21527283952|26811950376
22551|0|67557|03/01/2024 18:24:45||24915|9854032336|9950424672
22940|0|96953|03/01/2024 20:55:27||15873|15055423872|17069270272
23353|0|37117|03/01/2024 23:52:05||5275|267005632|283830608
21250|0|66658|03/01/2024 09:54:50||55510|6391145544|8804142400
21794|0|98774|03/01/2024 13:10:53||43747|14536857408|17949021344
22203|0|5939|03/01/2024 16:05:09||33291|5232392440|6936299496
22876|0|63622|03/01/2024 20:34:38||17122|4765923840|6573390392
23030|0|17504|03/01/2024 21:33:03||13617|14999031944|34086260272
22746|0|98298|03/01/2024 19:41:11||20329|3286636656|3999277576
23245|0|61217|03/01/2024 23:04:23||8137|3804415208|2599396056
22221|0|87153|03/01/2024 16:17:54||32526|8417491400|8752698424
21311|0|43543|03/01/2024 10:11:27||54513|11685490440|14267277112
22674|0|40101|03/01/2024 19:12:21||22059|35241057936|101671886808
22313|0|37360|03/01/2024 16:53:47||30373|2592533296|3705682640
22173|0|67152|03/01/2024 15:56:01||33839|116813981352|306325824944
21461|0|41429|03/01/2024 11:15:15||50685|2461117504|2775342560
22520|0|28055|03/01/2024 18:19:59||25201|17197915312|11877182224
23491|0|70723|04/01/2024 00:52:38||1642|136155664|106139208
21184|0|98424|03/01/2024 09:27:54||57126|12949844608|15212979936
22747|0|63848|03/01/2024 19:43:32||20188|43082992104|84962749960
21689|0|29370|03/01/2024 12:37:27||45753|25219650544|74397976864
23114|0|16017|03/01/2024 22:03:34||11786|1505089864|1853422504
22854|0|30539|03/01/2024 20:29:32||17428|370647472|403058088
23086|0|48807|03/01/2024 21:54:14||12346|1183439264|1550580784
21898|0|49120|03/01/2024 13:50:17||41383|74535892624|164847155288
23404|0|54200|04/01/2024 00:19:10||3650|32814456|47257592
23521|0|88451|04/01/2024 01:09:19||641|22941880|25981912
23115|0|10654|03/01/2024 22:06:18||11622|5575414816|6138051696
22067|0|49678|03/01/2024 15:11:33||36507|10683876384|11917712624
22976|0|10036|03/01/2024 21:19:22||14438|1828411712|2497094464
23405|0|61139|04/01/2024 00:10:46||4154|486874496|693905960
21128|0|26093|03/01/2024 09:07:02||58378|7377903864|10034329928
23267|0|19436|03/01/2024 23:18:40||7280|1491880488|1661762784
22129|0|90076|03/01/2024 15:30:30||35370|2945198944|3267944656
22909|0|28236|03/01/2024 20:40:50||16750|2311296896|2433607960
20859|0|6867|03/01/2024 07:02:37||65843|6297753904|8602484368
23268|0|25051|03/01/2024 23:10:31||7769|585609648|679800616
22772|0|80236|03/01/2024 19:59:05||19255|5872897312|8159128840
22130|0|79035|03/01/2024 15:39:28||34832|684835592|704026576
22374|0|66310|03/01/2024 17:19:51||28809|5560160288|8121374280
22350|0|53714|03/01/2024 17:04:58||29702|51681543304|152092848912
22910|0|59145|03/01/2024 20:48:10||16310|9472416848|10233164232
22263|0|8839|03/01/2024 16:32:15||31665|2178321208|2453516768
23492|0|80096|04/01/2024 00:58:57||1263|338117144|373574112
23144|0|77268|03/01/2024 22:18:28||10892|4734087888|5912071912
23376|0|14433|04/01/2024 00:09:39||4221|329433672|421429976
22011|0|18914|03/01/2024 14:49:38||37822|4506978464|5215242392
21640|0|74601|03/01/2024 12:17:36||46944|65021071688|134311703176
21796|0|24152|03/01/2024 13:18:53||43267|22262478256|25104667816
23145|0|20525|03/01/2024 22:11:27||11313|2268727208|2382312704
23174|0|21520|03/01/2024 22:20:53||10747|3181272008|4174186768
23354|0|62055|03/01/2024 23:58:58||4862|4289012608|11269160984
21987|0|31527|03/01/2024 14:35:06||38694|8958989176|9825012984
21923|0|71041|03/01/2024 14:05:16||40484|5863506240|7471766056
22314|0|79389|03/01/2024 16:59:25||30035|2972373640|4275894040
22034|0|56736|03/01/2024 14:50:53||37747|12333220824|16244847224
22676|0|53064|03/01/2024 19:18:23||21697|3229973872|4389490168
21423|0|29306|03/01/2024 10:55:32||51868|11783233568|13920147992
23209|0|93213|03/01/2024 22:44:04||9356|960406408|1202864784
23223|0|93311|03/01/2024 22:54:15||8745|766713072|1064252184
22855|0|27416|03/01/2024 20:26:29|04/01/2024 01:15:54|17365|5688677720|6857648232
23464|0|94445|04/01/2024 00:43:45||2175|38449648|44866832
21251|0|83254|03/01/2024 09:50:58||55742|6349493032|6817180656
21967|0|48946|03/01/2024 14:21:37|04/01/2024 01:13:17|39100|3592589608|4611569288
21691|0|47902|03/01/2024 12:38:09||45711|10233829776|10528435160
21900|0|53676|03/01/2024 13:51:22||41318|4858394144|4871827464
23355|0|38060|03/01/2024 23:53:16||5204|735384256|1013940648
21100|0|28652|03/01/2024 08:52:48||59232|2307946800|2616884096
21851|0|5859|03/01/2024 13:35:41||42259|3300138368|4322995816
21550|0|34442|03/01/2024 11:45:37||48863|3877683184|4017373992
23058|0|36711|03/01/2024 21:47:54||12726|566594144|787881248
22977|0|74503|03/01/2024 21:10:20||14980|7098173280|7761692064
23175|0|25982|03/01/2024 22:25:48||10452|27219718280|55307017920
22068|0|24245|03/01/2024 15:13:27||36393|5792781488|6758825240
22720|0|78618|03/01/2024 19:31:24||20916|2702807600|3955710608
23210|0|89748|03/01/2024 22:40:59||9541|32384209408|81036184760
22287|0|39569|03/01/2024 16:46:55||30785|1662138480|2335617704
23000|0|30363|03/01/2024 21:22:00||14280|1491818936|1633590424
23356|0|98196|03/01/2024 23:55:35||5065|1538057392|2119834616
23224|0|24392|03/01/2024 22:59:03||8457|2488420568|3133848640
23059|0|54698|03/01/2024 21:46:01||12839|21076930832|45174833440
22351|0|84711|03/01/2024 17:09:22||29438|1533389032|1766017368
22012|0|96945|03/01/2024 14:47:57||37923|12522531584|13927769024
22069|0|15205|03/01/2024 15:10:14||36586|7325345784|9879690112
21186|0|81876|03/01/2024 09:22:56||57424|177256163880|395990848352
21279|0|78611|03/01/2024 10:07:07||54773|7972264424|11754631240
22101|0|53977|03/01/2024 15:28:54||35466|22203089512|22587327832
23116|0|47511|03/01/2024 22:04:34||11726|425646768|459736184
23522|0|64525|04/01/2024 01:04:58||902|167381456|231739072
22103|0|63116|03/01/2024 15:26:13||35627|6764091464|6804804776
23377|0|96216|04/01/2024 00:07:58||4322|1182344112|1283104776
22419|0|96423|03/01/2024 17:39:00||27660|5118204200|6617567760
23406|0|4814|04/01/2024 00:13:00||4020|2378706560|2532835888
22438|0|46329|03/01/2024 17:42:41||27439|12553921632|16637246336
22070|0|17550|03/01/2024 15:13:46||36374|17045300176|17360124808
23192|0|66727|03/01/2024 22:39:23||9637|1260778240|1365845608
22825|0|31810|03/01/2024 20:12:56||18424|8126634864|11572290104
23117|0|30453|03/01/2024 22:02:27||11853|11672233728|7426926168
22036|0|31906|03/01/2024 14:59:54||37206|6112317848|7208903952
23493|0|54433|04/01/2024 00:52:31||1649|385620728|544368328
21879|0|51211|03/01/2024 13:44:22||41738|437465040|542891800
22496|0|7332|03/01/2024 18:04:12||26148|7216419584|10814998920
23001|0|25321|03/01/2024 21:24:36||14124|1055160800|1479472032
22352|0|76590|03/01/2024 17:04:20||29740|2217535664|3311674800
21315|0|18825|03/01/2024 10:13:57||54363|47639664728|62563805928
22353|0|90189|03/01/2024 17:09:51||29409|75765139408|169205227272
22460|0|12303|03/01/2024 17:57:07||26573|9700332672|11044293584
23494|0|50207|04/01/2024 00:58:20||1300|225913552|266554776
23407|0|44745|04/01/2024 00:13:47||3973|618127848|687357976
23002|0|29807|03/01/2024 21:26:28||14012|8931060624|5684792080
22978|0|98215|03/01/2024 21:13:51||14769|11687614840|16997745688
22796|0|74749|03/01/2024 20:08:08||18712|3144714856|3502106072
23328|0|87252|03/01/2024 23:42:40||5840|649293272|773406472
21489|0|36663|03/01/2024 11:24:17||50143|19205985400|20189631344
23060|0|57243|03/01/2024 21:47:27||12753|15836721672|30258958136
22911|0|89070|03/01/2024 20:43:48||16572|7052029888|10435814504
22677|0|55726|03/01/2024 19:16:35||21805|4302238952|6358892128
22596|0|5616|03/01/2024 18:40:06||23994|32555115400|69363515936
23408|0|5989|04/01/2024 00:16:52||3788|91423512|132995208
22439|0|9797|03/01/2024 17:43:23||27397|9417667752|11079094896
23495|0|14780|04/01/2024 00:57:51||1329|214040056|249095152
22420|0|90014|03/01/2024 17:31:42||28098|7616384992|10884814024
23449|0|90493|04/01/2024 00:35:35||2665|213445048|283274952
22132|0|85391|03/01/2024 15:32:06||35274|3588752616|5178240360
22421|0|16644|03/01/2024 17:38:24||27696|11057316312|16061114576
22797|0|91923|03/01/2024 20:04:01||18959|562977800|696417800
22979|0|31308|03/01/2024 21:11:53||14887|789396344|932940416
23031|0|7743|03/01/2024 21:34:30||13530|9506074216|10863672984
23246|0|90408|03/01/2024 23:06:34||8006|2048715192|2206412168
23450|0|81346|04/01/2024 00:36:52||2588|405287712|454697936
23378|0|63011|04/01/2024 00:02:59||4621|66243784|87778816
21424|0|92224|03/01/2024 10:54:50||51910|21161101304|26693319584
22912|0|8148|03/01/2024 20:49:19||16241|4528284352|5120664744
23118|0|90711|03/01/2024 22:01:08||11932|159449728|179822248
23312|0|4539|03/01/2024 23:31:47||6493|46336024|52337120
22856|0|73491|03/01/2024 20:22:53||17827|1497335216|2165903248
22942|0|60165|03/01/2024 20:52:31||16049|3236537240|3964445208
22152|0|65638|03/01/2024 15:45:40||34460|8078242352|10712084784
23225|0|36470|03/01/2024 22:57:56||8524|3577938136|3588933968
23003|0|31189|03/01/2024 21:28:47||13873|2096693624|2140636032
23176|0|13450|03/01/2024 22:24:37||10523|1512972816|2256045976
21715|0|87848|03/01/2024 12:49:15||45045|21144290616|24753842224
21231|0|22919|03/01/2024 09:41:55||56285|12453216176|17911626672
21988|0|78509|03/01/2024 14:37:02||38578|2532603520|2759810768
23409|0|5200|04/01/2024 00:14:02||3958|42222144|50783904
22553|0|43396|03/01/2024 18:20:52||25148|2543067688|2971212560
22014|0|48689|03/01/2024 14:43:17||38203|137927146448|264759321064
23465|0|36175|04/01/2024 00:42:12||2268|330604552|446119104
22461|0|15798|03/01/2024 17:51:48||26892|6729169576|7176095840
22857|0|37770|03/01/2024 20:24:10||17750|6365102288|7717650952
22038|0|79082|03/01/2024 14:58:39||37281|10408225520|10999866848
21880|0|4569|03/01/2024 13:46:43||41597|8995837656|11561256968
21881|0|52962|03/01/2024 13:45:42||41658|931706648|1205482768
21948|0|64081|03/01/2024 14:11:41||40099|3019184520|4476359640
21425|0|23876|03/01/2024 10:57:35||51745|28417087304|21918498800
21901|0|66619|03/01/2024 13:54:12||41148|43916509208|89695545536
22015|0|31694|03/01/2024 14:44:57||38103|8190519704|11962407840
22554|0|34127|03/01/2024 18:28:09||24711|26689505496|21605155656
22748|0|6802|03/01/2024 19:42:44||20236|39874759920|106256350256
23193|0|35296|03/01/2024 22:31:51||10089|3152050984|3649434184
23087|0|60248|03/01/2024 21:54:51||12309|17704635728|37229339608
23032|0|80695|03/01/2024 21:32:12||13668|7796225888|10448952240
21607|0|78104|03/01/2024 12:05:32||47668|10259096440|11968325472
23294|0|82589|03/01/2024 23:22:35||7045|1133658480|1340362392
21716|0|60821|03/01/2024 12:41:21||45519|4145447968|5446061200
22943|0|11838|03/01/2024 20:51:24||16116|9292943976|10339843072
22317|0|68760|03/01/2024 16:53:54||30366|6320001480|7258930880
21989|0|18066|03/01/2024 14:30:27||38973|68830837384|177248826784
21553|0|66307|03/01/2024 11:46:54||48786|3901954640|4430565448
22623|0|78636|03/01/2024 18:52:15||23265|1494678536|1940993888
22749|0|86179|03/01/2024 19:41:56||20284|44061287584|115103521568
23379|0|41167|04/01/2024 00:02:38||4642|2777997976|2912196688
21316|0|97111|03/01/2024 10:10:34||54566|8941034232|13225340680
23194|0|67311|03/01/2024 22:36:48||9792|1323905552|1748490128
22798|0|54407|03/01/2024 20:02:49||19031|1325314352|1802480400
22205|0|42018|03/01/2024 16:02:20||33460|3390945008|4250030000
22016|0|62028|03/01/2024 14:49:49||37811|35855089640|20149926568
22826|0|51364|03/01/2024 20:12:56||18424|6078016680|8552548744
22774|0|38580|03/01/2024 19:53:14||19606|3339712616|4762695768
22699|0|88059|03/01/2024 19:27:32||21148|415216856|420668272
23466|0|40916|04/01/2024 00:46:54||1986|223882800|287817784
22981|0|97782|03/01/2024 21:13:04||14816|2088776336|5757537648
23004|0|85732|03/01/2024 21:27:18||13962|4506653856|5954143744
23295|0|4492|03/01/2024 23:26:13||6827|2001080536|2347142544
21318|0|29132|03/01/2024 10:14:52||54308|21919927312|27256197632
22240|0|23399|03/01/2024 16:27:30||31950|20935506640|21037543688
23005|0|11077|03/01/2024 21:24:38||14122|2659150320|3766910128
22878|0|73499|03/01/2024 20:35:18||17082|340063936|441018376
21554|0|32705|03/01/2024 11:45:32||48868|14910266680|16409380896
23357|0|69388|03/01/2024 23:52:43||5237|925222248|1126546584
21771|0|18852|03/01/2024 13:01:36||44304|4826284808|6608520768
23523|0|66256|04/01/2024 01:01:06||1134|292154664|340963008
21401|0|56307|03/01/2024 10:41:44||52696|1595158528|2159895224
22266|0|76363|03/01/2024 16:38:04||31316|2116404632|2285414888
23496|0|27733|04/01/2024 00:53:58||1562|3911499440|8128297984
21641|0|32834|03/01/2024 12:15:09||47091|1063623648|1142556704
23329|0|18927|03/01/2024 23:44:49||5711|4134122056|5355247104
23006|0|73768|03/01/2024 21:22:57||14223|2378435984|2789316872
23247|0|26002|03/01/2024 23:03:29||8191|1969841568|2701447616
22944|0|5312|03/01/2024 20:56:17||15823|5714014840|7611844600
23358|0|32589|03/01/2024 23:51:15||5325|888123872|959815592
22827|0|95066|03/01/2024 20:15:42||18258|573835008|740066736
23313|0|13803|03/01/2024 23:39:01||6059|188636128|281269880
23433|0|49783|04/01/2024 00:29:37||3023|91407160|106048864
22318|0|88096|03/01/2024 16:54:12||30348|4421172296|5208159952
22355|0|22300|03/01/2024 17:08:54||29466|14442597944|15207437792
21586|0|99768|03/01/2024 11:50:12||48588|7744695112|7858753384
22104|0|54681|03/01/2024 15:29:13||35447|16994514872|25169837088
23226|0|8771|03/01/2024 22:56:12||8628|22257313944|49204157568
23088|0|80240|03/01/2024 21:52:17||12463|501226544|700706800
23524|0|67106|04/01/2024 01:07:38||742|249226648|286668440
22700|0|89046|03/01/2024 19:22:48||21432|2643137144|3613213792
23525|0|5708|04/01/2024 01:02:28||1052|384308832|476675080
23269|0|19943|03/01/2024 23:13:13||7607|1011949624|1443761720
21105|0|56598|03/01/2024 08:53:01||59219|11265288520|12929390440
22879|0|76085|03/01/2024 20:36:51||16989|2459370336|3068321632
21426|0|63065|03/01/2024 10:52:23||52057|15707826592|20978800856
23410|0|6890|04/01/2024 00:14:16||3944|686955384|970821280
23270|0|36128|03/01/2024 23:10:00||7800|3492021608|3837347464
23467|0|35038|04/01/2024 00:45:37||2063|4836794624|14230323360
23119|0|42069|03/01/2024 22:07:19||11561|1046407592|1117269272
22750|0|50537|03/01/2024 19:46:34||20006|14563459520|15495724752
23314|0|91272|03/01/2024 23:35:59||6241|5758786384|5826132608
22225|0|49797|03/01/2024 16:19:24||32436|88125830768|172319382912
23468|0|63511|04/01/2024 00:46:35||2005|5411215448|14316559120
23062|0|93514|03/01/2024 21:40:40||13160|1495377456|1989686008
23120|0|20600|03/01/2024 22:05:09||11691|1183672360|1348119760
22574|0|93609|03/01/2024 18:35:31||24269|4965252400|5180034304
21040|0|61887|03/01/2024 08:26:36||60804|28118666336|39226707704
22176|0|31198|03/01/2024 15:54:03||33957|21673056688|22301481808
21519|0|82469|03/01/2024 11:32:54||49626|6420753304|6867245536
23315|0|40852|03/01/2024 23:36:19||6221|966930824|1067370672
23330|0|75318|03/01/2024 23:45:46||5654|2076231776|2532123648
22575|0|72262|03/01/2024 18:36:46||24194|35067928472|93256971656
22646|0|70352|03/01/2024 19:03:38||22582|2241193648|2962217000
22376|0|64617|03/01/2024 17:12:20||29260|46475831544|131705519952
22647|0|91924|03/01/2024 19:08:11||22309|6399488928|8488654624
23248|0|82918|03/01/2024 23:03:31||8189|3559631168|4463085416
23089|0|91313|03/01/2024 21:50:29||12571|1200369592|1296335352
22289|0|92306|03/01/2024 16:47:15||30765|2169448376|3014718016
23090|0|65442|03/01/2024 21:51:55||12485|32405156432|74812292432
23526|0|5948|04/01/2024 01:09:05||655|332735256|371650040
21828|0|89998|03/01/2024 13:20:12||43188|18235685016|18910301184
22624|0|42589|03/01/2024 18:52:51||23229|1209006336|1581748728
23469|0|63864|04/01/2024 00:48:55||1865|4939198520|11773637152
21927|0|44391|03/01/2024 14:05:16||40484|4909983128|6086595320
21187|0|58156|03/01/2024 09:25:53||57247|13869880040|20583143096
23146|0|72497|03/01/2024 22:15:11||11089|4290241312|5290576656
22523|0|78811|03/01/2024 18:12:31||25649|1684535400|2452490152
21719|0|15233|03/01/2024 12:47:21||45159|11503140936|12467804768
23470|0|64453|04/01/2024 00:48:24||1896|138204792|144079000
23411|0|53550|04/01/2024 00:16:22||3818|548693920|611526960
23331|0|69279|03/01/2024 23:46:55||5585|3303506392|4529687648
21799|0|75256|03/01/2024 13:16:47||43393|24142944968|27800590976
22597|0|33334|03/01/2024 18:40:46||23954|11049394608|12865375192
22290|0|53450|03/01/2024 16:40:17||31183|3211221680|3535539976
23548|0|61892|04/01/2024 01:10:12||588|155159072|189550976
22648|0|65551|03/01/2024 19:06:06||22434|10905329528|12770582160
23451|0|88718|04/01/2024 00:37:25||2555|959906256|1030844112
23497|0|67178|04/01/2024 00:57:27||1353|2391934232|6675033552
22964|0|79497|03/01/2024 21:00:29||15571|5609924472|8411131680
21520|0|12492|03/01/2024 11:30:41||49759|8043929032|8770006296
22226|0|56137|03/01/2024 16:14:15||32745|2766907544|4010979584
22050|0|61923|03/01/2024 15:00:55||37145|1498524488|2166944752
23471|0|68717|04/01/2024 00:49:59||1801|48534024|67353896
23452|0|74768|04/01/2024 00:32:36||2844|120885520|168732176
21521|0|36522|03/01/2024 11:39:32||49228|5431698248|5991813168
22598|0|52355|03/01/2024 18:42:34||23846|873962392|1215822832
22177|0|69727|03/01/2024 15:56:17||33823|12330339328|17775538888
23227|0|24054|03/01/2024 22:50:22||8978|4124435984|4394152936
22267|0|87529|03/01/2024 16:34:52||31508|901559152|1159876432
22462|0|47096|03/01/2024 17:51:12||26928|12048327480|13211689968
22751|0|57014|03/01/2024 19:44:40||20120|67996245936|139068854048
22678|0|38509|03/01/2024 19:17:25||21755|895645192|980257648
21523|0|52021|03/01/2024 11:34:23||49537|3304253272|3531735736
23472|0|5777|04/01/2024 00:48:17||1903|529722520|574076464
21883|0|47290|03/01/2024 13:49:08||41452|7469611928|8951957760
21491|0|25002|03/01/2024 11:26:30||50010|11070568256|11338779696
21492|0|53526|03/01/2024 11:29:25||49835|9199315888|13733847728
23332|0|54759|03/01/2024 23:49:47||5413|2204997848|2295349024
23412|0|38204|04/01/2024 00:15:59||3841|1232282248|1696259352
21884|0|89387|03/01/2024 13:47:45||41535|7403259856|10810225664
22463|0|10306|03/01/2024 17:50:07||26993|3235111656|3462962048
23195|0|20647|03/01/2024 22:38:44||9676|1559947768|1596393680
21667|0|91721|03/01/2024 12:25:47||46453|22385615872|30871346520
22524|0|68298|03/01/2024 18:16:09||25431|5728023072|7670624016
23498|0|25186|04/01/2024 00:54:16||1544|200550416|268855160
21928|0|63883|03/01/2024 14:06:22||40418|857726640|1080299360
21371|0|55387|03/01/2024 10:34:41||53119|244925440|294676448
21494|0|19163|03/01/2024 11:21:22|04/01/2024 01:11:46|49824|1743284184|1931711888
23196|0|67103|03/01/2024 22:34:51||9909|39210886904|88723337048
22072|0|84290|03/01/2024 15:16:54||36186|1648439784|2109025736
21465|0|35810|03/01/2024 11:12:50||50830|12720271920|18221973992
21853|0|80867|03/01/2024 13:36:09||42231|2005628488|2992673384
22576|0|66198|03/01/2024 18:37:34||24146|15347367944|16332620528
21466|0|99225|03/01/2024 11:17:53||50527|5765076248|8005196584
22377|0|57145|03/01/2024 17:14:47||29113|8912693384|11031354272
21467|0|39723|03/01/2024 11:16:23||50617|441912272|609259912
21587|0|80397|03/01/2024 11:51:59||48481|5948816480|8185117120
22880|0|39030|03/01/2024 20:32:22||17258|63325305984|125793125656
23007|0|99675|03/01/2024 21:20:08||14392|182134224|202973744
22625|0|31381|03/01/2024 18:56:30||23010|3542085000|3602551312
22440|0|35949|03/01/2024 17:42:17||27463|8732882136|9515693104
21524|0|21827|03/01/2024 11:30:35||49765|3861643056|5577324360
22557|0|51103|03/01/2024 18:25:09||24891|12596239136|15260894672
23249|0|12816|03/01/2024 23:07:09||7971|10519412488|23067804816
22800|0|4266|03/01/2024 20:09:40||18620|3019241680|3511461456
23473|0|53935|04/01/2024 00:41:23||2317|275439008|325337080
23380|0|61975|04/01/2024 00:05:13||4487|1569439504|2057698856
23091|0|20811|03/01/2024 21:52:52||12428|228774936|239462608
21929|0|32328|03/01/2024 14:02:59||40621|2242802648|3331858472
23121|0|90420|03/01/2024 22:07:21||11559|1751411224|2350465840
22982|0|90370|03/01/2024 21:11:52||14888|2641492760|3724780568
22242|0|66645|03/01/2024 16:22:20||32260|2667786616|3106622264
22649|0|99132|03/01/2024 19:03:41||22579|3831703288|3949721672
22650|0|90910|03/01/2024 19:04:36||22524|8943761928|10027596904
22651|0|78575|03/01/2024 19:08:31||22289|14985927024|17004563008
21236|0|97084|03/01/2024 09:40:50||56350|20926107024|21032954336
23063|0|22859|03/01/2024 21:44:43||12917|829453440|1089435824
22828|0|8706|03/01/2024 20:10:54||18546|4170001424|4437034728
22227|0|64521|03/01/2024 16:14:22||32738|6566594984|7380665320
22292|0|88502|03/01/2024 16:46:23||30817|116153849952|221124436352
23359|0|26176|03/01/2024 23:55:55||5045|218230704|236008632
23228|0|53116|03/01/2024 22:53:18||8802|2725850688|3185865200
21107|0|81151|03/01/2024 08:53:30||59190|21783087024|22097575984
22018|0|66185|03/01/2024 14:49:34||37826|14315049056|20676675144
22600|0|54120|03/01/2024 18:40:20||23980|10341811240|11731786896
22134|0|70222|03/01/2024 15:34:47||35113|11784122032|15939672528
22829|0|80798|03/01/2024 20:10:18||18582|3031485536|4174285552
22721|0|13029|03/01/2024 19:31:05||20935|2004792312|2063782016
22801|0|36934|03/01/2024 20:04:43||18917|6074032904|6216762648
23251|0|47925|03/01/2024 23:09:51||7809|1541244384|2049791856
22913|0|41862|03/01/2024 20:43:15||16605|4584360584|5309676440
23333|0|44497|03/01/2024 23:40:11||5989|6230558952|7404651120
21428|0|4405|03/01/2024 10:51:15||52125|8314038600|9239472784
23527|0|93343|04/01/2024 01:08:08||712|1352075040|3403633168
23064|0|60671|03/01/2024 21:44:45||12915|28310280288|64558228856
22558|0|67368|03/01/2024 18:28:02||24718|15028499960|19175341384
21496|0|39392|03/01/2024 11:23:33||50187|13879541160|17349756184
21832|0|4697|03/01/2024 13:26:01||42839|122546015208|333380715456
22945|0|26137|03/01/2024 20:58:43||15677|11408003856|11412530808
21373|0|77259|03/01/2024 10:30:23||53377|4680868424|6273550176
23296|0|76870|03/01/2024 23:25:25||6875|2395127648|2970185360
21772|0|54879|03/01/2024 13:03:16||44204|9452505936|10868172880
21374|0|10559|03/01/2024 10:30:44||53356|26297722472|31398651032
23434|0|14862|04/01/2024 00:28:40||3080|1334626104|1564123048
22357|0|55502|03/01/2024 17:06:01||29639|2989258616|4467099664
22269|0|97289|03/01/2024 16:33:41||31579|2310166272|2802186536
21906|0|39921|03/01/2024 13:58:28||40892|9195787656|11490809056
23549|0|36429|04/01/2024 01:17:45||135|12792088|18020656
23033|0|9731|03/01/2024 21:33:43||13577|21760720984|49040689944
23271|0|96177|03/01/2024 23:13:40||7580|15819994408|43581217432
22831|0|60773|03/01/2024 20:15:29||18271|3817777808|4312787400
23334|0|10021|03/01/2024 23:41:59||5881|45679616|52550864
23148|0|15671|03/01/2024 22:14:40||11120|860413560|1115461184
21131|0|68860|03/01/2024 09:02:41||58639|3783785048|4959199552
23092|0|86952|03/01/2024 21:52:12||12468|14125371600|8966125520
21066|0|18593|03/01/2024 08:32:24||60456|21541973384|21817932104
21908|0|45528|03/01/2024 13:57:54||40926|88769703064|244018826120
23197|0|78121|03/01/2024 22:38:35||9685|9619148696|12342932608
23499|0|93099|04/01/2024 00:58:20||1300|6294584|6657616
23297|0|50999|03/01/2024 23:26:52||6788|7426167560|7944092912
22206|0|48342|03/01/2024 16:01:38||33502|18198872432|19508800488
22652|0|16861|03/01/2024 19:04:55||22505|858268032|901860688
23298|0|25860|03/01/2024 23:26:19||6821|977019160|1169016640
23550|0|8450|04/01/2024 01:11:29||511|167154168|184230968
22322|0|68623|03/01/2024 16:52:28||30452|7912858312|10526934184
21833|0|22149|03/01/2024 13:26:59||42781|11294259736|13859804632
22422|0|5632|03/01/2024 17:35:41||27859|9537969560|11506577888
22881|0|55126|03/01/2024 20:38:24||16896|53890351232|106702197440
22628|0|6953|03/01/2024 18:51:47||23293|1582270928|1934930272
22946|0|18374|03/01/2024 20:51:54||16086|28696884008|83545796648
22073|0|21544|03/01/2024 15:19:47||36013|15136068600|16193042112
23212|0|19065|03/01/2024 22:46:00||9240|6206417768|7517381552
23474|0|78455|04/01/2024 00:43:12||2208|233215392|334274152
22802|0|12626|03/01/2024 20:09:58||18602|1463193992|1503023880
23551|0|70264|04/01/2024 01:10:22||578|204988904|245192800
22527|0|54035|03/01/2024 18:12:25||25655|1585137616|1991918600
23335|0|90216|03/01/2024 23:46:28||5612|1201712368|1625018104
21238|0|37232|03/01/2024 09:43:45||56175|11785685096|15738612528
22883|0|36505|03/01/2024 20:34:00||17160|21698716024|63603232000
23093|0|81534|03/01/2024 21:57:43||12137|7347064832|8102694472
22884|0|54072|03/01/2024 20:30:41||17359|2569874008|3483826472
22722|0|96073|03/01/2024 19:31:44||20896|870919392|1277230904
23198|0|20461|03/01/2024 22:33:47||9973|2792248408|3917448624
22528|0|86957|03/01/2024 18:12:16||25664|985753920|1356267536
22885|0|62538|03/01/2024 20:32:43|04/01/2024 01:14:54|16931|1263289328|1799885544
23552|0|62538|04/01/2024 01:16:09||231|19081960|28463360
23299|0|47480|03/01/2024 23:28:35||6685|3917956456|4164581688
23149|0|12099|03/01/2024 22:17:24||10956|2713532408|2844673960
23229|0|38351|03/01/2024 22:58:34||8486|2508265552|3010585664
21931|0|6918|03/01/2024 14:01:31||40709|13643222928|17485784136
22983|0|60391|03/01/2024 21:14:22||14738|5844582088|7401758472
22135|0|76396|03/01/2024 15:30:49||35351|13426795880|13799277248
22499|0|87788|03/01/2024 18:02:30||26250|3022633936|3134082504
23553|0|83640|04/01/2024 01:10:25||575|1147910896|2140984904
23554|0|11392|04/01/2024 01:10:03||597|306914120|394767216
22886|0|17555|03/01/2024 20:35:53||17047|1538355344|1833231696
22803|0|45814|03/01/2024 20:08:27||18693|174152240|251794888
22833|0|9484|03/01/2024 20:14:20||18340|4709583728|6889919176
22723|0|14177|03/01/2024 19:35:47||20653|2494224896|3522564968
23272|0|58046|03/01/2024 23:19:30||7230|1457359504|2117761640
23034|0|89254|03/01/2024 21:34:40||13520|6654549552|8000525048
22753|0|99765|03/01/2024 19:47:35|04/01/2024 01:17:47|19812|2850935664|3117435936
23555|0|99765|04/01/2024 01:19:29||31|3464400|4953664
21932|0|17646|03/01/2024 14:01:35||40705|8924875728|9167886424
22402|0|7936|03/01/2024 17:25:33||28467|12883458056|14130496848
21802|0|91770|03/01/2024 13:13:49||43571|6768833696|6946535648
23094|0|85504|03/01/2024 21:57:57||12123|2021690816|2241692400
21695|0|45641|03/01/2024 12:38:14||45706|23118809880|29064868992
23065|0|72276|03/01/2024 21:41:14||13126|1046152744|1476673528
22209|0|53565|03/01/2024 16:07:36||33144|4628562584|5430356208
23500|0|24620|04/01/2024 00:59:20||1240|192316888|283422144
20969|0|87989|03/01/2024 07:50:02||62998|9753952024|14607159448
22754|0|73038|03/01/2024 19:40:55||20345|2127777168|2266866720
22403|0|78053|03/01/2024 17:21:27||28713|951808744|1232707616
21529|0|10022|03/01/2024 11:38:15||49305|6586338656|6936121872
21803|0|33659|03/01/2024 13:13:34||43586|1265887968|1484240960
23360|0|42216|03/01/2024 23:58:59||4861|273143944|400037824
21721|0|44151|03/01/2024 12:45:07||45293|21694413712|28227313096
22914|0|36613|03/01/2024 20:41:38||16702|7006757024|9224765248
22051|0|81175|03/01/2024 15:05:54||36846|4087222464|4874018304
22887|0|67811|03/01/2024 20:32:00||17280|165853904|170828760
21319|0|61780|03/01/2024 10:16:22||54218|11170381960|12437472776
21642|0|65242|03/01/2024 12:18:18||46902|7849478728|8498193088
22404|0|7181|03/01/2024 17:29:34||28226|2242974184|3001565736
21209|0|28979|03/01/2024 09:31:23||56917|10699805016|10784214744
23273|0|59285|03/01/2024 23:12:35||7645|2093229376|2713853912
20970|0|40452|03/01/2024 07:54:48||62712|90501253760|267612285368
21404|0|68529|03/01/2024 10:45:39||52461|28544572264|36250367528
21469|0|11094|03/01/2024 11:12:44||50836|12500007672|14597566320
22272|0|20948|03/01/2024 16:39:38||31222|10368835608|11842268464
22293|0|95443|03/01/2024 16:40:53||31147|1520476120|1949929392
22182|0|95063|03/01/2024 15:55:11||33889|12383069448|13677592424
23035|0|7018|03/01/2024 21:37:49||13331|964217072|1071893624
23008|0|37512|03/01/2024 21:22:19||14261|5831441168|5887637184
21589|0|35844|03/01/2024 11:56:07||48233|13855035304|16033706320
23453|0|34867|04/01/2024 00:37:30||2550|96840248|133531608
23501|0|4713|04/01/2024 00:59:38||1222|936858440|1189735736
22244|0|40236|03/01/2024 16:27:34||31946|28241643400|22928301568
22804|0|36211|03/01/2024 20:04:56||18904|1672743968|1919173240
22074|0|72885|03/01/2024 15:14:42||36318|16692328040|16921543072
21910|0|95626|03/01/2024 13:56:11||41029|4256655824|5520136696
22679|0|96899|03/01/2024 19:17:11||21769|555740656|619473200
22273|0|44332|03/01/2024 16:37:34||31346|7267934376|7435452136
23413|0|50061|04/01/2024 00:18:51||3669|151892344|220355704
22653|0|36650|03/01/2024 19:05:15||22485|1115837760|1667224096
23066|0|89700|03/01/2024 21:46:45||12795|2639893568|3798484448
22443|0|45519|03/01/2024 17:49:18||27042|9309727464|10148696504
22467|0|9390|03/01/2024 17:54:23||26737|5597878192|8062799184
22778|0|95175|03/01/2024 19:59:21||19239|2186764656|3040628584
23036|0|18475|03/01/2024 21:31:38||13702|1157822224|1728214352
22405|0|86299|03/01/2024 17:25:52||28448|1269566536|1659086104
22042|0|19965|03/01/2024 14:53:11||37609|4351350456|4789238472
21021|0|36373|03/01/2024 08:18:20|04/01/2024 01:11:46|60806|13956171968|15066854072
23556|0|36373|04/01/2024 01:13:10||410|55062792|72965224
23475|0|40161|04/01/2024 00:46:17||2023|2923313360|2074798480
23122|0|98472|03/01/2024 22:07:20||11560|1696099200|1764254136
22888|0|50306|03/01/2024 20:32:15||17265|1092638968|1263938520
23316|0|76698|03/01/2024 23:33:36||6384|274157152|392726248
22601|0|75357|03/01/2024 18:46:39||23601|4453625720|6584467824
22703|0|3957|03/01/2024 19:25:40||21260|547479144|699556096
21835|0|35063|03/01/2024 13:27:53||42727|108041355664|212016438280
23502|0|24829|04/01/2024 00:59:44||1216|175419424|205615744
21321|0|19394|03/01/2024 10:19:46||54014|139616934040|329455620312
23213|0|81440|03/01/2024 22:43:13||9407|5328913536|6121859160
22629|0|79473|03/01/2024 18:56:03||23037|1194652232|1236838432
23476|0|80111|04/01/2024 00:40:23||2377|102097584|142981464
22579|0|82477|03/01/2024 18:35:57||24243|13897537456|28475832992
22501|0|31666|03/01/2024 18:05:14||26086|1487201464|1997126552
22915|0|39548|03/01/2024 20:42:17||16663|3350291008|3932144824
21855|0|56510|03/01/2024 13:39:45||42015|23758518424|29692027304
20912|0|45148|03/01/2024 07:27:31||64349|25937744184|30968120920
21499|0|61954|03/01/2024 11:24:52||50108|6174586184|8033139864
23336|0|82075|03/01/2024 23:47:20||5560|10075747784|26792013968
22779|0|96779|03/01/2024 19:50:50||19750|938669048|1116315792
23414|0|79657|04/01/2024 00:19:49||3611|598863560|860426888
21068|0|82781|03/01/2024 08:30:07||60593|9933456616|13550230216
21590|0|81917|03/01/2024 11:59:47||48013|2221244320|2326093232
23177|0|55293|03/01/2024 22:24:12||10548|2575227352|2854675736
22108|0|35946|03/01/2024 15:28:32||35488|8964371552|11949864664
22889|0|92253|03/01/2024 20:39:49||16811|3656862784|4710102432
22602|0|66793|03/01/2024 18:46:18||23622|5784357032|6586878264
21210|0|48275|03/01/2024 09:30:20||56980|817583792|1219585496
23361|0|5630|03/01/2024 23:51:57||5283|10262730808|21220627520
22502|0|11799|03/01/2024 18:02:07||26273|2846489576|3578312872
22630|0|99822|03/01/2024 18:54:41||23119|9441032304|9783352840
21911|0|12070|03/01/2024 13:58:46||40874|16814347624|18943612592
22559|0|91531|03/01/2024 18:29:22||24638|2912300880|3716830040
23274|0|68549|03/01/2024 23:14:31||7529|878025040|991861816
21836|0|10079|03/01/2024 13:29:40||42620|72959837032|150570645168
22183|0|93368|03/01/2024 15:55:53||33847|32322426760|44169590272
22603|0|83317|03/01/2024 18:49:17||23443|959249536|1299078832
21447|0|24196|03/01/2024 11:02:21||51459|82921964752|234475705400
22858|0|20362|03/01/2024 20:22:58||17822|4989946632|5582982232
23275|0|95722|03/01/2024 23:13:04||7616|3004221376|3672719552
23381|0|18382|04/01/2024 00:06:19|04/01/2024 01:16:47|4228|2648430280|3157719968
23557|0|18382|04/01/2024 01:17:22||158|36743504|45284120
23009|0|12037|03/01/2024 21:20:44||14356|988526880|998567328
23095|0|68416|03/01/2024 21:57:41||12139|1206140512|1763102728
23503|0|22529|04/01/2024 00:55:09||1491|1036639232|1110266848
22580|0|19747|03/01/2024 18:39:37||24023|385650016|458843432
22361|0|14486|03/01/2024 17:07:25||29555|4807153880|6539330232
23231|0|50487|03/01/2024 22:58:59||8461|2108385952|2867509808
23382|0|35936|04/01/2024 00:01:40||4700|406018176|435272888
21561|0|22037|03/01/2024 11:40:55||49145|5070748488|5230097328
22294|0|54254|03/01/2024 16:40:00||31200|8020761512|10502825760
23067|0|33554|03/01/2024 21:43:55||12965|19508523448|52148671392
23252|0|86647|03/01/2024 23:00:55||8345|2170397504|2211243792
21240|0|76334|03/01/2024 09:49:56||55804|16230126872|16592454872
23477|0|41871|04/01/2024 00:48:51||1869|190256304|198789296
23558|0|89993|04/01/2024 01:15:00||300|128970000|190741096
22210|0|30801|03/01/2024 16:00:53||33547|14537059640|16130238968
23383|0|60474|04/01/2024 00:03:56||4564|614675448|662696976
21806|0|69962|03/01/2024 13:11:05||43735|2494869304|3143330848
21950|0|96638|03/01/2024 14:19:31||39629|8285574560|11166656232
21377|0|70987|03/01/2024 10:32:10||53270|2634665320|3810891432
21562|0|80671|03/01/2024 11:48:23||48697|10225914504|11316717664
23528|0|30802|04/01/2024 01:01:50||1090|274800712|371664240
21161|0|78501|03/01/2024 09:17:40||57740|498544112|701011512
22043|0|79133|03/01/2024 14:54:51||37509|3925715880|4381375984
23317|0|23643|03/01/2024 23:36:48||6192|505177536|531697208
22682|0|10159|03/01/2024 19:17:50||21730|10283528504|11822575104
22184|0|99367|03/01/2024 15:50:17||34183|16879052960|17004649160
21951|0|77547|03/01/2024 14:18:13||39707|6201661936|7022699032
22044|0|97014|03/01/2024 14:56:18||37422|105593477736|226641061488
23504|0|62232|04/01/2024 00:56:51||1389|268962992|395022448
22755|0|88903|03/01/2024 19:44:23||20137|3970808464|5282292464
22274|0|32359|03/01/2024 16:38:37||31283|6818134464|7893992568
22423|0|99338|03/01/2024 17:33:15||28005|12713823056|12726760104
22380|0|64565|03/01/2024 17:12:30||29250|4941564192|5639574248
23123|0|13359|03/01/2024 22:06:14||11626|755335456|990053664
21591|0|94877|03/01/2024 11:57:21||48159|2837276648|3636524496
23384|0|98813|04/01/2024 00:09:40||4220|714151408|888331448
21471|0|8845|03/01/2024 11:10:43||50957|3617133576|5097780008
21530|0|81330|03/01/2024 11:35:10||49490|3355929472|3737477824
22444|0|57313|03/01/2024 17:43:03||27417|20321075880|21738522456
22891|0|73471|03/01/2024 20:38:09||16911|268805928|280997984
21045|0|87765|03/01/2024 08:23:35||60985|4685202792|5100199272
22295|0|55345|03/01/2024 16:46:22||30818|2594553328|3682420656
22296|0|71414|03/01/2024 16:48:48||30672|8594042192|11370596240
21241|0|37807|03/01/2024 09:48:58||55862|9567318928|13769789312
22530|0|33345|03/01/2024 18:15:23||25477|12601661192|17609110168
22781|0|84174|03/01/2024 19:51:39||19701|4311290696|5333794152
23150|0|5293|03/01/2024 22:14:38||11122|354587984|452183056
22984|0|74461|03/01/2024 21:12:28||14852|1104933584|1184069848
23151|0|12117|03/01/2024 22:18:17||10903|1385924304|2055296640
22468|0|94231|03/01/2024 17:59:04||26456|8939112392|12680829880
22756|0|97245|03/01/2024 19:48:20||19900|4060977528|5135457776
22892|0|66723|03/01/2024 20:36:32||17008|1342798896|1413037120
23385|0|99013|04/01/2024 00:02:26||4654|716476936|973422984
22805|0|60261|03/01/2024 20:08:30||18690|3772230104|5100787272
20930|0|39694|03/01/2024 07:34:16||63944|10339549432|13014203448
23505|0|32313|04/01/2024 00:59:38||1222|571952304|719134032
22230|0|81845|03/01/2024 16:13:31||32789|3516979328|4066683848
22560|0|28726|03/01/2024 18:25:35||24865|5168343480|6319529152
22020|0|66807|03/01/2024 14:45:52||38048|1990023416|2422865344
23435|0|51683|04/01/2024 00:27:21||3159|51400576|74739976
23199|0|75998|03/01/2024 22:32:04||10076|743410704|958040760
22985|0|33192|03/01/2024 21:10:56||14944|1873422504|1913992896
22835|0|28962|03/01/2024 20:10:44||18556|25293160128|70928524072
22705|0|76706|03/01/2024 19:27:17||21163|927339912|1192059656
23068|0|64939|03/01/2024 21:48:21||12699|593612624|770763312
22836|0|34656|03/01/2024 20:18:36||18084|4483266696|6035350768
22469|0|22415|03/01/2024 17:55:27||26673|13534369816|14429028368
21563|0|27750|03/01/2024 11:49:33||48627|26615454584|34513151512
21933|0|57831|03/01/2024 14:07:39||40341|9092453584|11126487640
22965|0|82438|03/01/2024 21:02:19||15461|6994973496|9715242424
22381|0|25961|03/01/2024 17:19:25||28835|12942425096|14644630848
22947|0|42706|03/01/2024 20:54:58||15902|2239214304|2384431344
22916|0|16845|03/01/2024 20:49:44||16216|3913687816|4605141656
21671|0|35133|03/01/2024 12:27:10||46370|1442815824|1653677976
22137|0|81922|03/01/2024 15:39:26||34834|8328685016|9839071560
23096|0|37455|03/01/2024 21:52:58||12422|741619440|752779264
23415|0|35026|04/01/2024 00:14:31||3929|175459936|182739008
22605|0|78649|03/01/2024 18:41:28||23912|5543542640|8243140088
22324|0|72116|03/01/2024 16:59:28||30032|7910803840|9895125656
21617|0|34410|03/01/2024 12:06:07||47633|4889765832|6113390040
22425|0|8680|03/01/2024 17:36:09||27831|59623229504|144933339512
23214|0|33283|03/01/2024 22:41:00||9540|518198960|557281776
21885|0|26103|03/01/2024 13:41:31||41909|8834888264|9833761128
22706|0|65965|03/01/2024 19:26:55||21185|1598301352|2203899984
21190|0|80075|03/01/2024 09:27:55||57125|4801979272|5215700984
22445|0|23556|03/01/2024 17:40:48||27552|67905503576|178947746216
22446|0|12623|03/01/2024 17:44:44||27316|3243351160|4241477128
22837|0|98624|03/01/2024 20:17:28||18152|9022050920|10380182968
22724|0|42392|03/01/2024 19:30:18||20982|1424801312|2106714672
23416|0|8192|04/01/2024 00:16:50||3790|200944200|211882872
22757|0|8672|03/01/2024 19:43:37||20183|2938001384|4288436104
22859|0|66428|03/01/2024 20:26:06||17634|5377716280|6458705600
23253|0|77448|03/01/2024 23:00:40||8360|1401624200|1976765368
23301|0|70958|03/01/2024 23:24:00||6960|1564397104|1577421472
22471|0|48473|03/01/2024 17:51:43||26897|13754119016|13925880024
23200|0|9141|03/01/2024 22:31:48||10092|2109666736|2443292928
21646|0|68727|03/01/2024 12:15:07||47093|4760925560|5452827120
23069|0|14576|03/01/2024 21:47:01||12779|2916998696|3492417000
21618|0|94454|03/01/2024 12:05:16||47684|5126921408|6108804432
22325|0|60954|03/01/2024 16:57:06||30174|4301965448|5198663888
22683|0|98606|03/01/2024 19:10:51||22149|8825054552|9737969568
21324|0|41412|03/01/2024 10:11:30||54510|3689638808|5131489352
23097|0|77975|03/01/2024 21:51:06||12534|1086808008|1301563664
21564|0|77887|03/01/2024 11:49:37||48623|4645487408|5233633360
22531|0|8196|03/01/2024 18:16:49||25391|3553302280|4214369496
23386|0|16591|04/01/2024 00:06:13||4427|2608762504|3433259544
22948|0|24285|03/01/2024 20:53:23||15997|52988210248|131866602696
20999|0|68801|03/01/2024 08:09:32||61828|8938076152|10151852640
22247|0|52231|03/01/2024 16:25:36||32064|10159885328|11054298488
23417|0|92408|04/01/2024 00:16:24||3816|37534528|41372248
22707|0|64022|03/01/2024 19:29:32||21028|9099359656|12824197440
22248|0|35718|03/01/2024 16:27:44||31936|2822783896|3736509184
23337|0|20749|03/01/2024 23:42:42||5838|978713152|1085190104
22893|0|63491|03/01/2024 20:32:22||17258|710529784|968303480
23038|0|45693|03/01/2024 21:39:00||13260|1579316448|2207114752
21380|0|94257|03/01/2024 10:38:53||52867|35622221936|51132672352
21935|0|70269|03/01/2024 14:03:34||40586|5466775664|6879229176
21744|0|83607|03/01/2024 12:51:24||44916|17728068640|19657980584
23098|0|93067|03/01/2024 21:52:51||12429|568077248|608008168
23387|0|74236|04/01/2024 00:09:28||4232|971696352|1067914104
23388|0|9189|04/01/2024 00:05:31||4469|134224896|171356648
21136|0|68955|03/01/2024 09:00:32||58768|2966445640|3045620024
22053|0|44559|03/01/2024 15:07:09||36771|4621382824|6597834840
22504|0|49018|03/01/2024 18:07:21||25959|8341506760|8615555632
23338|0|56861|03/01/2024 23:40:31||5969|427221448|540684184
22157|0|5229|03/01/2024 15:48:57||34263|7922348680|8564100280
23152|0|15108|03/01/2024 22:11:43||11297|1836379984|2335586488
23302|0|27338|03/01/2024 23:21:18||7122|2113299656|2493087808
23303|0|84881|03/01/2024 23:27:20||6760|19280300888|36159200920
23529|0|85851|04/01/2024 01:03:00||1020|50186536|54723640
21808|0|59942|03/01/2024 13:14:16||43544|15791486032|18703956584
23362|0|31921|03/01/2024 23:51:54||5286|508076328|551330336
22949|0|79793|03/01/2024 20:57:03||15777|14622828312|29564139480
23530|0|38179|04/01/2024 01:01:14||1126|2299904920|5759482624
21858|0|26034|03/01/2024 13:38:47||42073|8632966160|8814844200
22966|0|78438|03/01/2024 21:03:10||15410|7181509736|7616899424
23125|0|84206|03/01/2024 22:01:18||11922|5010664200|5420956784
21971|0|85153|03/01/2024 14:23:14||39406|154543225744|353508461352
21049|0|60833|03/01/2024 08:26:49||60791|27034422256|27446382216
21072|0|7960|03/01/2024 08:35:13||60287|18814074512|23524616528
22077|0|62179|03/01/2024 15:15:12||36288|567240216|808318600
22606|0|36055|03/01/2024 18:45:34||23666|11346679088|15657865616
22447|0|99107|03/01/2024 17:42:15||27465|1916775184|2610263624
22562|0|31918|03/01/2024 18:25:22||24878|6236407208|6798167304
22631|0|13249|03/01/2024 18:53:08||23212|136089728|144508768
22986|0|97059|03/01/2024 21:13:41||14779|1973582920|2464875160
23559|0|66796|04/01/2024 01:19:25||35|10106968|12383640
22382|0|4620|03/01/2024 17:12:55||29225|40774936712|31869949256
23454|0|78780|04/01/2024 00:36:33||2607|418413336|457563624
23070|0|6702|03/01/2024 21:44:34||12926|5152066968|6485741072
21448|0|15748|03/01/2024 11:06:30||51210|39938443776|26049267400
23126|0|24613|03/01/2024 22:07:56||11524|591699680|778914464
23232|0|41484|03/01/2024 22:50:28||8972|1882006216|2514571224
22581|0|29612|03/01/2024 18:34:53||24307|2949740408|3824564912
22708|0|37027|03/01/2024 19:27:35||21145|1837859328|1911032320
22111|0|13064|03/01/2024 15:28:31||35489|3347255872|3446243696
23339|0|6776|03/01/2024 23:49:55||5405|1142076136|1248612736
21674|0|34153|03/01/2024 12:29:40||46220|11004491600|15024186872
21619|0|78282|03/01/2024 12:04:11||47749|11663746352|12292174920
22758|0|50750|03/01/2024 19:41:08||20332|5982316144|6088511056
23455|0|15513|04/01/2024 00:34:11||2749|249927696|321871344
21746|0|16280|03/01/2024 12:58:27||44493|27433781936|27911591936
21747|0|18658|03/01/2024 12:56:05||44635|5085368560|5317531824
23099|0|85960|03/01/2024 21:52:03||12477|8100417568|22220421824
22656|0|6116|03/01/2024 19:08:25||22295|31270034312|75409549080
22632|0|44902|03/01/2024 18:56:08||23032|72785828240|153305086448
22782|0|88558|03/01/2024 19:51:48||19692|6091235592|9109372736
23071|0|53664|03/01/2024 21:48:38||12682|369620248|431782032
21381|0|81508|03/01/2024 10:33:59||53161|212283193600|623608958792
22563|0|16510|03/01/2024 18:26:21||24819|1766819872|1787123504
22684|0|35214|03/01/2024 19:10:59||22141|54680076456|105136945120
22759|0|41861|03/01/2024 19:47:25||19955|63029781736|119045625136
22021|0|36487|03/01/2024 14:43:31||38189|4860840064|5107732240
22582|0|66957|03/01/2024 18:33:10||24410|2172796632|2216816472
21408|0|79624|03/01/2024 10:44:32||52528|15189666632|18366567376
22583|0|42719|03/01/2024 18:30:26||24574|9856205616|14681397464
23456|0|73530|04/01/2024 00:34:44||2716|242170832|274146320
22657|0|92645|03/01/2024 19:08:59||22261|38250178728|83615597224
22839|0|21385|03/01/2024 20:12:56||18424|3681355224|4190202400
22918|0|93211|03/01/2024 20:46:03||16437|554189168|817548432
23072|0|31268|03/01/2024 21:47:27||12753|2819151608|3697957840
23560|0|96168|04/01/2024 01:19:47||13|4498456|6248056
21260|0|61372|03/01/2024 09:54:20||55540|8037952496|10606786088
22112|0|77953|03/01/2024 15:24:11||35749|72042042912|179837871224
21533|0|46653|03/01/2024 11:30:34||49766|6890636184|7277430768
21356|0|17802|03/01/2024 10:21:45||53895|6672366304|7139708616
21648|0|24748|03/01/2024 12:16:14||47026|100670796488|237725553496
22861|0|86727|03/01/2024 20:27:57||17523|5165684936|6539440600
22426|0|73152|03/01/2024 17:37:30||27750|12108438472|12837871408
22022|0|6144|03/01/2024 14:48:25||37895|4605647744|5183393152
22275|0|96200|03/01/2024 16:32:07||31673|1129986792|1130827560
22807|0|54905|03/01/2024 20:00:21||19179|15858323440|20801862440
22658|0|92449|03/01/2024 19:06:26||22414|1525095624|1942574992
21777|0|99981|03/01/2024 13:07:57||43923|15033669824|16262318408
23506|0|30566|04/01/2024 00:53:43||1577|73174328|105392008
22584|0|83555|03/01/2024 18:34:58||24302|919588040|1281460200
21859|0|74187|03/01/2024 13:37:24||42156|1033590888|1193903824
21886|0|66099|03/01/2024 13:42:57||41823|2823736368|3871902128
22079|0|78514|03/01/2024 15:15:46||36254|4866455760|7086613400
21838|0|63120|03/01/2024 13:22:47||43033|6972889704|8839911888
22659|0|60921|03/01/2024 19:07:24||22356|458935024|589228120
21750|0|36837|03/01/2024 12:53:05||44815|2813853848|2945140648
23389|0|99591|04/01/2024 00:00:23||4777|2403583504|2657304888
23011|0|37896|03/01/2024 21:23:39||14181|37563868080|73155535360
22950|0|9592|03/01/2024 20:53:07||16013|7632392592|10602234344
23507|0|13874|04/01/2024 00:53:06||1614|202745024|274623128
21809|0|86624|03/01/2024 13:17:26||43354|32917289752|36101994528
22808|0|42008|03/01/2024 20:02:02||19078|7102100968|9269220072
21620|0|89198|03/01/2024 12:02:35||47845|10085411656|13121385672
21722|0|53860|03/01/2024 12:46:39||45201|12849610312|16362930448
21211|0|71602|03/01/2024 09:32:00||56880|4646137136|5470054400
22427|0|85680|03/01/2024 17:33:10||28010|57053178784|142382350232
23254|0|26181|03/01/2024 23:01:07||8333|1177094944|1506267592
22472|0|34464|03/01/2024 17:55:56||26644|52494876304|151065937584
23012|0|13040|03/01/2024 21:20:02||14398|19065992656|45427202832
23390|0|13532|04/01/2024 00:03:37||4583|302848160|420371008
23457|0|79889|04/01/2024 00:38:59||2461|124924368|150189872
22448|0|45977|03/01/2024 17:42:33||27447|2584963608|3354567344
22967|0|27721|03/01/2024 21:02:45||15435|2015121144|2060867904
23418|0|47736|04/01/2024 00:19:50||3610|7033041384|15972777624
22607|0|5765|03/01/2024 18:44:45||23715|5680434168|5823883864
22685|0|86538|03/01/2024 19:13:05||22015|367822472|438997808
23154|0|19910|03/01/2024 22:16:05||11035|3913310464|4017947448
21503|0|85717|03/01/2024 11:24:32||50128|5368961680|6332790128
23478|0|51345|04/01/2024 00:43:38||2182|8370015536|18479061856
23458|0|93153|04/01/2024 00:31:37||2903|317964040|357932232
22585|0|79354|03/01/2024 18:38:40||24080|2055488104|2128292464
23127|0|79205|03/01/2024 22:09:31||11429|1258175104|1368633656
22449|0|58580|03/01/2024 17:41:47||27493|8084041560|8919075240
22968|0|94374|03/01/2024 21:07:24||15156|246647168|268499920
23391|0|43064|04/01/2024 00:00:04||4796|114681480|159501048
22608|0|55218|03/01/2024 18:41:53||23887|43339157424|98651195144
22951|0|29115|03/01/2024 20:57:05||15775|453046568|540238136
23255|0|67192|03/01/2024 23:04:09||8151|1307119544|1691574192
21433|0|13858|03/01/2024 10:58:54||51666|6703745544|9713784784
23419|0|87860|04/01/2024 00:19:02||3658|965272856|1061913984
23181|0|12490|03/01/2024 22:27:31||10349|33437680|34834280
21839|0|6009|03/01/2024 13:21:28||43112|10978927072|13065317328
21327|0|20316|03/01/2024 10:19:41||54019|17292455576|22736627720
22919|0|89149|03/01/2024 20:42:27||16653|4225670728|4322939616
23436|0|41686|04/01/2024 00:29:05||3055|1027196072|1454530032
23128|0|73860|03/01/2024 22:03:45||11775|3217893760|4239422976
23256|0|80970|03/01/2024 23:08:44||7876|783541872|1047573304
23479|0|29197|04/01/2024 00:42:26||2254|230889952|266398216
23340|0|20961|03/01/2024 23:47:49||5531|1528952704|1780532624
23392|0|75227|04/01/2024 00:08:52||4268|3632744|5391648
21192|0|91648|03/01/2024 09:25:28||57272|7784685840|10265829896
22952|0|9020|03/01/2024 20:54:37||15923|1612925808|2088357928
22473|0|16244|03/01/2024 17:58:01||26519|12458922392|15396356616
22686|0|74253|03/01/2024 19:13:58||21962|922042160|1367250152
22920|0|42629|03/01/2024 20:43:29||16591|9667583328|10319446216
23155|0|89944|03/01/2024 22:19:06||10854|1756041160|2609693112
23215|0|22292|03/01/2024 22:44:23||9337|3737391120|5558824832
22660|0|74426|03/01/2024 19:09:56|04/01/2024 01:15:59|21963|712535680|762257336
23039|0|84422|03/01/2024 21:34:34||13526|8573607152|8819952960
22363|0|36839|03/01/2024 17:03:47||29773|481241232|617959888
23363|0|43395|03/01/2024 23:57:17||4963|128139248|177649728
22661|0|29032|03/01/2024 19:03:27||22593|1745172880|2034547648
23156|0|72304|03/01/2024 22:10:03||11397|2014217592|3016885576
21594|0|87745|03/01/2024 11:58:34||48086|122026925160|231554378704
20737|0|57805|03/01/2024 06:18:39||68481|1409748280|1861580656
22783|0|46825|03/01/2024 19:54:11||19549|10246716584|14385461312
23364|0|56312|03/01/2024 23:55:02||5098|479293240|597484296
22760|0|23297|03/01/2024 19:45:50||20050|12651944216|13612771808
23157|0|41285|03/01/2024 22:19:02||10858|784406336|957392984
22921|0|52866|03/01/2024 20:45:09||16491|1768880096|2045550664
23531|0|89631|04/01/2024 01:03:01||1019|123647488|140617472
23276|0|45755|03/01/2024 23:13:22||7598|234056328|337745184
22841|0|59905|03/01/2024 20:16:32||18208|11773064936|11820126656
22586|0|98961|03/01/2024 18:32:30||24450|6784277496|8857768088
22725|0|77390|03/01/2024 19:32:04||20876|5317305704|6645868568
22330|0|97647|03/01/2024 16:57:14||30166|82761377864|155407094784
23480|0|9063|04/01/2024 00:46:21||2019|4883027376|10368317440
21913|0|26265|03/01/2024 13:59:07||40853|4784034096|5509674280
22922|0|43118|03/01/2024 20:42:20||16660|17460686184|39764722560
23393|0|70496|04/01/2024 00:01:42||4698|195315192|237851320
21328|0|74720|03/01/2024 10:15:21||54279|26624108696|31054635448
21572|0|8989|03/01/2024 11:48:57||48663|5453858096|5498284840
21888|0|29622|03/01/2024 13:45:34||41666|31664702312|69101099992
23318|0|79158|03/01/2024 23:34:46||6314|2418405144|3470650528
22331|0|30036|03/01/2024 16:56:04||30236|11736100912|11832948656
23257|0|69277|03/01/2024 23:06:22||8018|2992951952|3257958784
22633|0|36269|03/01/2024 18:55:11||23089|25265102416|65180225880
21702|0|33181|03/01/2024 12:34:11||45949|7711019384|7913444920
21168|0|88578|03/01/2024 09:15:20||57880|5439070504|6393931000
22140|0|36684|03/01/2024 15:38:31||34889|10534255832|15655279448
22863|0|59349|03/01/2024 20:27:05||17575|3283981632|3791140224
21889|0|7740|03/01/2024 13:47:41||41539|9063438384|12188674184
22923|0|9538|03/01/2024 20:49:16||16244|2414820720|3009441688
23100|0|71449|03/01/2024 21:56:14||12226|235480832|271947328
23508|0|79454|04/01/2024 00:54:07||1553|190383392|193671904
22055|0|25510|03/01/2024 15:08:34||36686|8638544328|9435986528
23013|0|51234|03/01/2024 21:28:37||13883|1350336728|1861763656
23532|0|82096|04/01/2024 01:01:24||1116|419603960|442608448
22532|0|24096|03/01/2024 18:12:20||25660|73498317400|145706314696
23216|0|55135|03/01/2024 22:44:31||9329|1882327144|2514075784
23101|0|81191|03/01/2024 21:53:09||12411|3203781928|4086629344
23014|0|22160|03/01/2024 21:23:31||14189|4017459992|5170245064
23182|0|32888|03/01/2024 22:25:58||10442|1026697568|1416494424
22231|0|5554|03/01/2024 16:13:09||32811|3028594232|3156349032
22024|0|12514|03/01/2024 14:40:02||38398|3735251696|4888367040
21954|0|71332|03/01/2024 14:12:24||40056|63036765696|130088773816
21504|0|70438|03/01/2024 11:26:36||50004|12827141664|13848210344
23102|0|92768|03/01/2024 21:52:00||12480|974439968|1119748304
22533|0|23244|03/01/2024 18:14:01||25559|73616695960|178381631792
21811|0|21659|03/01/2024 13:12:37||43643|1009307752|1070029120
21862|0|55659|03/01/2024 13:33:42||42378|416186640|565902920
23015|0|26980|03/01/2024 21:24:51||14109|2581591080|3422375608
21290|0|63399|03/01/2024 10:01:58||55082|14553923264|18554868144
21996|0|15875|03/01/2024 14:39:10||38450|2494997200|2750274968
22025|0|16246|03/01/2024 14:41:30||38310|3370793232|3610857304
23459|0|78184|04/01/2024 00:32:31||2849|403148576|559098480
22298|0|65268|03/01/2024 16:42:18||31062|9142606368|10035357432
23481|0|25336|04/01/2024 00:45:49||2051|463828960|650044536
22842|0|74245|03/01/2024 20:10:00||18600|2241693040|3229415640
22056|0|73330|03/01/2024 15:05:55||36845|7182103104|9065587672
23533|0|86773|04/01/2024 01:03:31||989|205958304|240648576
22969|0|86252|03/01/2024 21:04:34||15326|1019228880|1136412520
23534|0|36699|04/01/2024 01:06:33||807|109966312|146613544
21385|0|22215|03/01/2024 10:30:32||53368|19103334832|21877168368
23535|0|36740|04/01/2024 01:06:39||801|210662456|258067832
22407|0|19323|03/01/2024 17:25:16||28484|1074806728|1132372936
23394|0|67139|04/01/2024 00:05:05||4495|7093848680|19540089416
21863|0|77387|03/01/2024 13:36:05||42235|1888318328|2660490152
23159|0|53716|03/01/2024 22:16:50||10990|3873289800|4407352480
22784|0|9062|03/01/2024 19:59:06||19254|2422939224|3192849784
22587|0|31406|03/01/2024 18:34:51||24309|12869672744|16567538856
22187|0|76199|03/01/2024 15:50:16||34184|80651303824|211708580896
23365|0|31306|03/01/2024 23:51:21||5319|1828616000|1915881696
22709|0|26294|03/01/2024 19:24:25||21335|5172671592|7264814272
21386|0|73643|03/01/2024 10:38:58||52862|199118880|229991280
23304|0|69746|03/01/2024 23:28:57||6663|744749128|844534760
22761|0|79522|03/01/2024 19:40:05||20395|1433087072|1886680008
23460|0|5022|04/01/2024 00:38:13||2507|1334627512|1593103912
20916|0|62299|03/01/2024 07:24:58||64502|2298874112|2549681488
23258|0|47755|03/01/2024 23:05:33||8067|252166392|367837408
21387|0|18924|03/01/2024 10:35:07||53093|13906432256|18845301208
22762|0|99751|03/01/2024 19:48:27||19893|2253394656|2890338064
22333|0|64948|03/01/2024 16:57:21||30159|4318379520|6332718360
23073|0|94031|03/01/2024 21:49:39||12621|3289492864|3784947648
22988|0|6017|03/01/2024 21:10:28||14972|8029892672|8922843048
22895|0|79586|03/01/2024 20:36:48||16992|4552734176|4868018336
22843|0|19991|03/01/2024 20:13:04||18416|1405985800|1986825288
23201|0|38696|03/01/2024 22:34:38||9922|2872915112|3805431928
22809|0|88305|03/01/2024 20:09:54||18606|21489449520|14800343024
22710|0|54838|03/01/2024 19:21:32||21508|5105740984|6244620072
22534|0|37461|03/01/2024 18:14:28|04/01/2024 01:17:31|25383|5199060040|7792819936
23561|0|37461|04/01/2024 01:18:05||115|17675928|25259848
21865|0|46547|03/01/2024 13:34:47||42313|4748664760|4782009224
23277|0|88311|03/01/2024 23:17:04||7376|547254736|743428224
22057|0|62211|03/01/2024 15:05:18||36882|120970408|143911944
23482|0|91204|04/01/2024 00:40:01||2399|15084754424|11819742576
23366|0|47912|03/01/2024 23:57:57||4923|4718762592|3249368288
23233|0|39715|03/01/2024 22:52:06||8874|1501374840|1530779840
22711|0|15250|03/01/2024 19:20:39||21561|2068906440|2505076024
21651|0|11551|03/01/2024 12:17:35||46945|13952306904|16480737480
22507|0|91266|03/01/2024 18:05:23||26077|3236828488|3392521232
23129|0|18631|03/01/2024 22:06:42||11598|1976092208|2792255456
22953|0|89204|03/01/2024 20:59:13||15647|5633884928|7117925992
21293|0|94344|03/01/2024 10:08:51||54669|9731331712|12140298352
23160|0|97600|03/01/2024 22:15:51||11049|1581133736|2107914960
23319|0|80812|03/01/2024 23:38:57||6063|5828061136|4436407888
23016|0|56599|03/01/2024 21:28:04||13916|29836188360|59995266400
23103|0|47360|03/01/2024 21:53:51||12369|753563368|1081807584
22300|0|97429|03/01/2024 16:41:40||31100|486908088|670052584
22451|0|67781|03/01/2024 17:48:52||27068|5381970016|6271892800
22334|0|15419|03/01/2024 16:55:23||30277|939640104|1184442672
22924|0|54164|03/01/2024 20:47:15||16365|5772183408|7029905816
22844|0|52200|03/01/2024 20:16:23||18217|10362942728|14099465936
23259|0|8643|03/01/2024 23:02:15||8265|1099501936|1115321248
22726|0|75579|03/01/2024 19:31:56||20884|28518548184|78865304880
23420|0|40650|04/01/2024 00:15:20||3880|269864960|270253720
21782|0|67649|03/01/2024 13:01:19||44321|31874559752|34206293152
22764|0|75387|03/01/2024 19:45:37||20063|94672752|109897128
23105|0|25888|03/01/2024 21:51:43||12497|917408168|917993856
23278|0|66263|03/01/2024 23:13:44||7576|2076499616|2528533184
23234|0|75360|03/01/2024 22:51:17||8923|6069349312|7557037024
23562|0|32552|04/01/2024 01:16:28||212|83981280|118291088
21973|0|36369|03/01/2024 14:28:43||39077|855907568|1117795512
23509|0|86567|04/01/2024 00:55:28||1472|86447240|106005240
21574|0|81769|03/01/2024 11:47:33||48747|7192273128|8013305600
21331|0|9574|03/01/2024 10:11:31||54509|12463856512|14567055672
22687|0|58144|03/01/2024 19:16:35||21805|1370492816|1476332096
22058|0|60186|03/01/2024 15:09:55||36605|4820953080|6739059912
23563|0|84893|04/01/2024 01:11:12||528|154006272|168107400
23017|0|94526|03/01/2024 21:26:58||13982|36483823152|70168472912
23320|0|13115|03/01/2024 23:31:46||6494|525122096|744236768
22665|0|14688|03/01/2024 19:05:08||22492|4843897496|5721154840
23341|0|48995|03/01/2024 23:40:31||5969|176339384|196802008
22251|0|12030|03/01/2024 16:24:41||32119|13640977928|16871455080
23367|0|95438|03/01/2024 23:53:49||5171|2772802200|4119391216
21974|0|18427|03/01/2024 14:26:04||39236|1149452368|1540722808
23510|0|17526|04/01/2024 00:57:02||1378|1814684656|1119268488
22925|0|67719|03/01/2024 20:45:10||16490|8458545904|11982856616
23368|0|42183|03/01/2024 23:51:51||5289|10690863264|24146804696
23421|0|91126|04/01/2024 00:17:29||3751|989893768|1302154976
21814|0|90576|03/01/2024 13:19:55||43205|19306454416|28480013328
22971|0|78367|03/01/2024 21:05:49||15251|7032210384|9408722248
23369|0|40836|03/01/2024 23:55:24||5076|1788142560|2024058744
23235|0|67240|03/01/2024 22:55:53||8647|2798150384|2851153960
22189|0|77531|03/01/2024 15:53:54||33966|2635187752|3653854096
22083|0|13502|03/01/2024 15:16:37||36203|9650180832|14060975392
22989|0|56662|03/01/2024 21:10:16||14984|2288987144|3215611288
22712|0|40530|03/01/2024 19:29:15||21045|1425716320|1463307448
22536|0|78985|03/01/2024 18:15:36||25464|17019690088|17181772376
23041|0|30250|03/01/2024 21:31:36||13704|789485256|1121851208
23370|0|26784|03/01/2024 23:54:13||5147|828042688|1121144352
23536|0|77550|04/01/2024 01:02:27||1053|271716808|325555016
23461|0|30436|04/01/2024 00:35:16||2684|45510504|56697792
22508|0|90381|03/01/2024 18:05:05||26095|4979872464|6808641704
22409|0|75203|03/01/2024 17:27:59||28321|2371274512|2993365024
22612|0|36241|03/01/2024 18:47:42||23538|3036049256|4288373144
21939|0|80171|03/01/2024 14:03:57||40563|1585723352|2013166784
21414|0|29502|03/01/2024 10:48:08||52312|13910211112|20209409072
21914|0|9476|03/01/2024 13:50:16||41384|8330116224|9051410400
21998|0|87332|03/01/2024 14:38:33||38487|13225553704|14316709320
20773|0|24588|03/01/2024 06:20:43||68357|25567110968|28578825816
21652|0|60292|03/01/2024 12:16:59||46981|10991132632|14104007056
21915|0|21029|03/01/2024 13:58:33||40887|2810716440|3250104024
22765|0|52220|03/01/2024 19:42:26||20254|8847062752|16946119000
23183|0|7952|03/01/2024 22:21:03||10737|7343782624|20266536424
23074|0|51101|03/01/2024 21:42:40||13040|301816680|385833736
22713|0|81927|03/01/2024 19:22:33||21447|7533980336|9749895416
22304|0|67642|03/01/2024 16:48:49||30671|1948835096|2622076216
21094|0|68365|03/01/2024 08:47:42||59538|9372284552|12020192040
21843|0|75426|03/01/2024 13:25:15||42885|4883127816|5111249672
23075|0|41025|03/01/2024 21:43:21||12999|2113884280|2240201304
22786|0|27868|03/01/2024 19:53:01||19619|26995684232|15657390832
22990|0|84433|03/01/2024 21:11:41||14899|4670091624|6232587624
21724|0|39764|03/01/2024 12:41:55||45485|22639734960|31473701032
23511|0|24758|04/01/2024 00:55:26||1474|13295216|18287592
22510|0|13458|03/01/2024 18:07:23||25957|6793781096|8558734552
22714|0|46327|03/01/2024 19:21:51||21489|4314512424|6315794936
20979|0|72535|03/01/2024 07:52:11||62869|15298036592|16253800072
22845|0|27502|03/01/2024 20:18:02||18118|5564858784|6714930760
22689|0|67622|03/01/2024 19:17:59||21721|3789290864|2534296872
23537|0|91467|04/01/2024 01:07:10||770|15342768|20985016
23042|0|37438|03/01/2024 21:31:50||13690|23193148480|58815517600
21505|0|61837|03/01/2024 11:23:33||50187|2996511672|4071922000
21975|0|46046|03/01/2024 14:24:57||39303|2761254304|2856741952
22060|0|64035|03/01/2024 15:03:00||37020|1927194712|2576979776
22991|0|45196|03/01/2024 21:19:02||14458|886156952|980650880
22364|0|51863|03/01/2024 17:01:41||29899|11622864952|14002826488
21956|0|12661|03/01/2024 14:19:14||39646|2943580512|3880243728
23184|0|64584|03/01/2024 22:21:31||10709|3599338712|4150782008
23043|0|38360|03/01/2024 21:37:32||13348|11884482360|31561505536
22384|0|34544|03/01/2024 17:11:41||29299|6752713664|7748927904
22729|0|93036|03/01/2024 19:33:41||20779|7697230072|8686924352
22954|0|75092|03/01/2024 20:54:34||15926|1884486000|2444610608
23279|0|10415|03/01/2024 23:17:35||7345|4268603360|4801568088
21815|0|73449|03/01/2024 13:11:53||43687|15177028104|17134523688
22430|0|23614|03/01/2024 17:32:23||28057|1104896640|1301485240
21265|0|5960|03/01/2024 09:58:04||55316|13782277280|13804943840
23512|0|26946|04/01/2024 00:51:41||1699|92129624|119234552
21679|0|77767|03/01/2024 12:24:00||46560|6064559808|8826996032
23236|0|64555|03/01/2024 22:55:36||8664|609861752|823528632
22897|0|25756|03/01/2024 20:39:06||16854|3431324296|4839617976
21597|0|18035|03/01/2024 11:58:46||48074|1461947136|2121253824
22191|0|85010|03/01/2024 15:50:14||34186|4488117728|6015238496
22730|0|95669|03/01/2024 19:34:01||20759|567209608|782453816
21753|0|60476|03/01/2024 12:52:20||44860|11396001592|12167431400
23076|0|99376|03/01/2024 21:45:55||12845|1862511528|2674592296
23185|0|69629|03/01/2024 22:28:23||10297|1018696328|1345278016
21957|0|53455|03/01/2024 14:16:04||39836|13711523728|20274293632
21785|0|87755|03/01/2024 13:08:39||43881|1574738608|2171954136
23077|0|44204|03/01/2024 21:48:15||12705|28705727496|55552845024
23280|0|9229|03/01/2024 23:15:03||7497|935057352|1283515168
23019|0|17883|03/01/2024 21:20:49||14351|241397304|289151072
22061|0|59506|03/01/2024 15:03:55||36965|8889288120|11275741688
23044|0|59776|03/01/2024 21:37:37||13343|2123790688|2509710880
21073|0|4388|03/01/2024 08:35:05||60295|10960804568|11559491528
22898|0|53922|03/01/2024 20:31:20||17320|4491585568|6172724160
22511|0|4039|03/01/2024 18:08:19||25901|42004152904|89826302184
23342|0|75143|03/01/2024 23:46:04||5636|13528038344|25464025200
22476|0|30711|03/01/2024 17:53:59||26761|10170169400|13003231928
22715|0|33082|03/01/2024 19:27:40||21140|31167047016|81192374352
23202|0|69336|03/01/2024 22:38:10||9710|24785676328|65972200104
22666|0|35671|03/01/2024 19:07:25||22355|4396798784|4938344776
21218|0|51824|03/01/2024 09:32:16||56864|7698356216|8270203664
22589|0|30705|03/01/2024 18:37:20||24160|7753363296|11345820512
22812|0|71584|03/01/2024 20:02:18||19062|6427820592|9376087040
22114|0|27218|03/01/2024 15:24:36||35724|5668525560|6155719112
23538|0|18146|04/01/2024 01:07:33||747|63291528|78950592
21725|0|53872|03/01/2024 12:42:50||45430|23013450928|28987544768
23305|0|42004|03/01/2024 23:20:00||7200|959601992|1023723960
23437|0|4860|04/01/2024 00:26:18||3222|419196672|430082240
23078|0|58021|03/01/2024 21:44:36||12924|341449312|441548960
22087|0|97500|03/01/2024 15:11:15||36525|10532608240|11079202088
20981|0|31701|03/01/2024 07:59:09||62451|9020753976|9503761632
23020|0|19702|03/01/2024 21:28:01||13919|3141896672|3461249712
23438|0|7953|04/01/2024 00:20:37||3563|237841528|333027880
22614|0|29859|03/01/2024 18:43:22||23798|1306721144|1381541832
21074|0|27506|03/01/2024 08:37:41||60139|460066776|630858320
22161|0|50701|03/01/2024 15:46:22||34418|9118297776|11645810528
22865|0|63728|03/01/2024 20:20:22||17978|6529330960|8730446160
23439|0|28864|04/01/2024 00:28:10||3110|9511917880|19418596496
23045|0|26493|03/01/2024 21:37:44||13336|313142472|388204600
23106|0|89071|03/01/2024 21:54:03||12357|1644931280|1972773576
22731|0|57284|03/01/2024 19:34:28||20732|2448819520|2971176032
21027|0|55178|03/01/2024 08:12:01||61679|17251812640|17837456816
22305|0|4923|03/01/2024 16:49:37||30623|1476413944|1758694320
22385|0|51907|03/01/2024 17:19:56||28804|2047794624|2990042080
22001|0|75972|03/01/2024 14:38:03||38517|26872784976|75697274824
21754|0|28838|03/01/2024 12:59:13||44447|80852612544|193794299600
22477|0|8108|03/01/2024 17:50:44||26956|6101073760|8918949120
22847|0|35529|03/01/2024 20:16:19||18221|24006921976|58353142384
23483|0|15694|04/01/2024 00:46:05||2035|838042040|636481208
22732|0|22722|03/01/2024 19:34:06||20754|1636671032|1822434976
23021|0|21179|03/01/2024 21:26:27||14013|711351176|921672304
21541|0|52881|03/01/2024 11:31:51||49689|10934933272|13562711288
22866|0|61680|03/01/2024 20:28:01||17519|1291404112|1903402752
22335|0|12413|03/01/2024 16:58:15||30105|4889615928|5272684832
23395|0|54260|04/01/2024 00:06:44||4396|869851968|1212580856
20829|0|5710|03/01/2024 06:46:19||66821|23013024488|30442255096
22193|0|5157|03/01/2024 15:51:54||34086|21736017160|42634548360
23539|0|21180|04/01/2024 01:03:43||977|399026200|458308152
22733|0|24600|03/01/2024 19:37:26||20554|3024318320|4234159272
22002|0|18601|03/01/2024 14:32:55||38825|11062412176|11823060088
23396|0|8950|04/01/2024 00:09:50||4210|9716242088|29014695816
22194|0|5407|03/01/2024 15:55:11||33889|16087841104|9860871072
23237|0|35530|03/01/2024 22:59:48||8412|2067501056|2321596424
22478|0|43477|03/01/2024 17:59:58||26402|3287689880|3694060064
21755|0|57750|03/01/2024 12:59:24||44436|14436219648|20696498528
22667|0|50762|03/01/2024 19:00:42||22758|73258188760|140954267560
23203|0|24608|03/01/2024 22:31:49||10091|37198103032|79900639144
22590|0|56295|03/01/2024 18:34:33||24327|8005257136|10460582848
21867|0|91538|03/01/2024 13:38:47||42073|3761370144|5316062528
23107|0|98584|03/01/2024 21:57:06||12174|516878560|667315328
23422|0|71810|04/01/2024 00:15:34||3866|618770696|697389016
22848|0|13568|03/01/2024 20:12:39|04/01/2024 01:10:22|17863|15739240552|17783199632
23440|0|22019|04/01/2024 00:22:19||3461|52258072|66364712
21268|0|71126|03/01/2024 09:59:19||55241|22398844168|23520961112
23282|0|54245|03/01/2024 23:18:34||7286|2951229464|3865074632
23322|0|45063|03/01/2024 23:31:49||6491|4747198200|6255467008
21417|0|38071|03/01/2024 10:49:13||52247|154762948768|375496508728
22088|0|13773|03/01/2024 15:10:33||36567|11192520000|13889971672
21787|0|76738|03/01/2024 13:02:16||44264|144009164784|368626166088
21940|0|79054|03/01/2024 14:09:00||40260|72942434488|149825529664
23371|0|56533|03/01/2024 23:55:08||5092|432983056|583998880
23079|0|70980|03/01/2024 21:43:31||12989|1770243032|1828591848
23372|0|5411|03/01/2024 23:50:11||5389|1074990192|1569485200
22899|0|43026|03/01/2024 20:32:51||17229|2619378216|2780551728
23343|0|90901|03/01/2024 23:49:00||5460|895389640|993947888
23080|0|87727|03/01/2024 21:44:56||12904|1300271280|1644904544
21655|0|52424|03/01/2024 12:10:53||47347|11818742400|13005677080
22337|0|57912|03/01/2024 16:59:41||30019|4395571904|4922158168
22787|0|85330|03/01/2024 19:53:02||19618|1538944872|2246827736
22972|0|5686|03/01/2024 21:02:13||15467|8935551504|9597900368
21891|0|30678|03/01/2024 13:49:51||41409|21513060904|25080108816
21143|0|35632|03/01/2024 09:03:55||58565|2760217776|3870421960
22735|0|48030|03/01/2024 19:30:42||20958|10578768976|14863908872
23397|0|77006|04/01/2024 00:06:02||4438|512640736|709136720
22736|0|33753|03/01/2024 19:35:41||20659|4098960008|5182069640
23046|0|99421|03/01/2024 21:32:45||13635|1932777360|2067851224
22691|0|84504|03/01/2024 19:16:51||21789|1616610600|2160698456
21363|0|34115|03/01/2024 10:20:28||53972|871445416|1150004848
22955|0|48969|03/01/2024 20:56:29||15811|9409825584|10967652808
22900|0|57188|03/01/2024 20:36:18||17022|2704240896|3576353136
22277|0|69042|03/01/2024 16:39:32||31228|6297671832|5021850104
23283|0|7300|03/01/2024 23:16:13||7427|1524797688|1791967128
22539|0|82486|03/01/2024 18:15:00||25500|5603723640|6172010512
21364|0|12669|03/01/2024 10:27:00||53580|5569141104|6378799936
23564|0|72291|04/01/2024 01:13:16||404|38615968|46518888
21625|0|86139|03/01/2024 12:01:12||47928|3019312456|3159924584
22901|0|75847|03/01/2024 20:37:30||16950|3015378200|4019823840
21978|0|66419|03/01/2024 14:23:15||39405|2196767472|2733040280
23284|0|5932|03/01/2024 23:13:16||7604|2452109640|2598817336
23373|0|83895|03/01/2024 23:59:15||4845|218997416|327557640
22027|0|16435|03/01/2024 14:49:21||37839|3007114264|4023805984
21365|0|60913|03/01/2024 10:20:07||53993|47655760640|66505555216
22162|0|54435|03/01/2024 15:42:00||34680|1932059672|2512696312
23217|0|68651|03/01/2024 22:48:25||9095|614944728|852952848
22927|0|74319|03/01/2024 20:40:42||16758|2018357016|2064508792
22252|0|77415|03/01/2024 16:24:16||32144|8286717840|11654633280
23130|0|39733|03/01/2024 22:06:15||11625|633696976|897887720
21393|0|52399|03/01/2024 10:34:15||53145|28243953472|37105864240
21758|0|14174|03/01/2024 12:58:12||44508|29523534840|32332134104
22813|0|4936|03/01/2024 20:00:51||19149|3560632488|4622148936
21959|0|99158|03/01/2024 14:13:17||40003|2795050256|4112922128
23344|0|8079|03/01/2024 23:46:44||5596|2489822744|3282996968
22278|0|95288|03/01/2024 16:32:14||31666|2847071208|3839927480
22766|0|10292|03/01/2024 19:47:53||19927|1689151536|1926736032
22867|0|98864|03/01/2024 20:26:40||17600|35685783216|77165326472
22232|0|62496|03/01/2024 16:17:31||32549|955923824|979162280
22512|0|21481|03/01/2024 18:07:20||25960|17838352736|21023244160
20719|0|36037|03/01/2024 06:06:59||69181|115620087328|345965890944
23484|0|76006|04/01/2024 00:46:06||2034|548635608|714598864
22214|0|24382|03/01/2024 16:07:58||33122|9903697440|13298963456
23260|0|23532|03/01/2024 23:03:26||8194|1585538744|1734029544
22279|0|11886|03/01/2024 16:32:05||31675|13494423064|18742482736
23345|0|26244|03/01/2024 23:43:28||5792|753962496|871757512
