IdSession|IdPSX|IdSubscriber|StartSession|EndSession|Duartion|UpTx|DownTx
18099|0|44433|02/01/2024 11:31:26||42514|7612768312|10141203288
19589|0|7922|02/01/2024 22:19:50||3610|575495776|758258080
19360|0|48015|02/01/2024 20:32:49||10031|34423441856|81468678024
18996|0|36342|02/01/2024 18:09:02||18658|2572634168|3612497664
19514|0|19403|02/01/2024 21:49:42||5418|6246016|6739664
19590|0|21605|02/01/2024 22:18:46||3674|207203544|289255048
18980|0|92317|02/01/2024 17:58:39||19281|4573881472|5175274608
18897|0|58567|02/01/2024 17:14:11||21949|3139379904|3509247520
18495|0|4129|02/01/2024 14:29:58||31802|7631128592|8518119576
18080|0|11345|02/01/2024 11:27:20||42760|9627064544|14335672120
17227|0|13673|02/01/2024 05:22:36|02/01/2024 23:16:43|64447|136417547392|276905094280
19285|0|68950|02/01/2024 20:01:02||11938|972902888|1393246696
19080|0|91056|02/01/2024 18:49:15||16245|33360439888|68702694248
18997|0|85288|02/01/2024 18:08:27||18693|12201394384|17592294192
19163|0|94804|02/01/2024 19:14:58||14702|1314869408|1940743928
18745|0|88537|02/01/2024 16:08:10||25910|8482404168|9574845336
18150|0|31741|02/01/2024 11:56:50||40990|2385913248|2825620408
19613|0|45935|02/01/2024 22:29:45||3015|873309728|1148383976
19221|0|38865|02/01/2024 19:34:30||13530|1026870496|1137358680
19081|0|60259|02/01/2024 18:43:37||16583|864564768|1166883152
16955|0|74669|02/01/2024 03:31:23|02/01/2024 23:12:10|70847|13335363160|14012988904
19515|0|71287|02/01/2024 21:47:55||5525|2330062672|3095042072
19164|0|93345|02/01/2024 19:18:38||14482|345893024|429085760
19389|0|7629|02/01/2024 20:44:39||9321|1266010640|1279716648
19538|0|63503|02/01/2024 21:54:12||5148|1230491408|1380504120
19043|0|20044|02/01/2024 18:24:53||17707|1516031640|1991845952
18586|0|15054|02/01/2024 15:06:42||29598|10870999968|11883044040
19539|0|46834|02/01/2024 21:50:41||5359|831586136|1016316408
17950|0|91513|02/01/2024 10:29:45||46215|24333245096|28031926264
18998|0|31978|02/01/2024 18:07:12||18768|1215300120|1720807864
19452|0|30644|02/01/2024 21:11:26||7714|1707820560|2234640376
19222|0|67346|02/01/2024 19:35:19||13481|1936110792|2395521976
18312|0|42572|02/01/2024 13:01:34||37106|12398404408|15624026608
18876|0|73255|02/01/2024 17:09:47||22213|522040768|606418608
18795|0|43200|02/01/2024 16:23:51||24969|4071050424|5281669328
19105|0|66637|02/01/2024 18:58:27||15693|70555335240|196999020256
18022|0|58604|02/01/2024 10:54:48||44712|7304268928|7386633368
17825|0|45688|02/01/2024 09:31:00||49740|15334018056|34143246216
18729|0|24107|02/01/2024 15:51:05||26935|1826090384|2019617264
18588|0|79155|02/01/2024 15:04:06||29754|757477416|844734440
18918|0|24555|02/01/2024 17:24:32||21328|1648654216|2057697576
18832|0|34503|02/01/2024 16:48:25||23495|9201759248|10183804688
19024|0|38522|02/01/2024 18:12:37||18443|4774394480|6963365216
19286|0|13510|02/01/2024 20:00:11||11989|2519075768|2726921704
19165|0|45897|02/01/2024 19:14:34||14726|1781506024|2051270096
18400|0|40816|02/01/2024 13:49:26||34234|12743910536|12783807128
18001|0|93054|02/01/2024 10:49:25||45035|9315648984|12347053288
18543|0|70354|02/01/2024 14:46:55||30785|87287082680|172483510440
19390|0|80722|02/01/2024 20:41:55||9485|1332902448|1861223320
18198|0|53897|02/01/2024 12:14:47||39913|3910412632|5098643488
17385|0|90987|02/01/2024 06:25:08||60892|58075292776|121679460544
18002|0|34091|02/01/2024 10:47:03||45177|3065314088|3790884112
17779|0|64201|02/01/2024 09:19:42||50418|6355153040|8338207184
19106|0|77820|02/01/2024 18:55:35||15865|4003127648|4149899672
19139|0|45874|02/01/2024 19:02:01||15479|42619058712|92467336536
19332|0|98233|02/01/2024 20:22:35||10645|3134758848|3647901640
18858|0|93566|02/01/2024 16:56:22||23018|10638675864|10706282968
17800|0|61304|02/01/2024 09:21:09||50331|11108663328|11850700776
19540|0|52562|02/01/2024 21:55:16||5084|287802056|402826064
19246|0|37321|02/01/2024 19:44:51||12909|2234256648|3017130960
18746|0|43220|02/01/2024 16:08:56||25864|3566876872|4614599040
18919|0|83353|02/01/2024 17:27:41||21139|4825575224|5984424216
18940|0|56883|02/01/2024 17:33:46||20774|3566470040|3598647456
18645|0|33952|02/01/2024 15:28:06||28314|4304753744|6289785704
18544|0|10787|02/01/2024 14:40:07||31193|5007419008|5503007480
17826|0|93644|02/01/2024 09:38:49||49271|14214454920|15842602400
18772|0|7678|02/01/2024 16:15:57||25443|1074173688|1310587360
18023|0|36558|02/01/2024 10:55:45||44655|22998337008|24679647600
19693|0|73714|02/01/2024 22:55:43||1457|136949512|180707872
19391|0|72024|02/01/2024 20:49:13||9047|1888831280|2388284840
18615|0|5821|02/01/2024 15:18:51||28869|4271874912|4471133160
17386|0|60286|02/01/2024 06:20:58||61142|17142099024|21417579504
19392|0|56605|02/01/2024 20:46:31||9209|1002204752|1470152808
18496|0|83136|02/01/2024 14:29:21||31839|7506568312|9023509432
19393|0|37823|02/01/2024 20:44:21||9339|2248150848|3290784512
18430|0|45426|02/01/2024 13:53:50|02/01/2024 23:16:06|33736|2299087200|2463688360
18833|0|39820|02/01/2024 16:49:38||23422|5136220680|5950694416
19566|0|74181|02/01/2024 22:08:29||4291|211661536|299522472
19266|0|84652|02/01/2024 19:59:08||12052|20147590256|48504625864
19361|0|6427|02/01/2024 20:31:22||10118|492677536|708238824
18175|0|95199|02/01/2024 12:09:12||40248|10825618552|15076393472
16996|0|90327|02/01/2024 03:56:48|02/01/2024 23:11:58|69310|18364127288|22208927552
19739|0|90327|02/01/2024 23:13:31||389|46328640|65276040
18747|0|43252|02/01/2024 16:03:00||26220|3474586792|4241215320
19140|0|99815|02/01/2024 19:02:34||15446|51783430288|102996573232
19141|0|22703|02/01/2024 19:05:34||15266|152510296|206239144
19666|0|36168|02/01/2024 22:41:38||2302|528941560|630527936
18999|0|22560|02/01/2024 18:07:55||18725|8123486448|11802510840
18616|0|44368|02/01/2024 15:17:22||28958|12830865768|15869826232
17716|0|64267|02/01/2024 08:47:10||52370|5958953392|8494493912
19000|0|4288|02/01/2024 18:05:02||18898|5623236200|5900714352
19694|0|79017|02/01/2024 22:55:10||1490|3160613664|8957746080
17758|0|36794|02/01/2024 09:00:40||51560|2160580128|2838319176
17925|0|88045|02/01/2024 10:12:30||47250|2796147336|2929809080
18955|0|56667|02/01/2024 17:43:45||20175|38752232672|108210997272
17504|0|36730|02/01/2024 07:17:53||57727|6161587776|7518055224
19362|0|33546|02/01/2024 20:31:16||10124|2152588328|2198904584
17332|0|31663|02/01/2024 06:07:58||61922|26195591832|32645777200
19363|0|57497|02/01/2024 20:30:49||10151|4472919640|5007351704
19417|0|10205|02/01/2024 20:53:15||8805|2523269256|3390650768
19453|0|5705|02/01/2024 21:14:29||7531|4102229016|4591944512
19667|0|36804|02/01/2024 22:47:34||1946|617960168|905021328
18221|0|11226|02/01/2024 12:20:56||39544|128460467120|272115688336
18450|0|5904|02/01/2024 14:00:29||33571|7837783144|10517505592
19419|0|73620|02/01/2024 20:53:43||8777|17245212984|51360273056
18773|0|6308|02/01/2024 16:14:34||25526|5281955568|6353655760
19166|0|99065|02/01/2024 19:14:51||14709|1184895224|1749301288
17759|0|59525|02/01/2024 09:01:00||51540|131791429336|319415333920
18199|0|26509|02/01/2024 12:15:02||39898|3559786184|4470992304
18774|0|55366|02/01/2024 16:17:37||25343|8652878104|9162016032
19420|0|85910|02/01/2024 20:58:59||8461|936217416|1104133776
19364|0|41719|02/01/2024 20:39:11||9649|327408688|366798120
17829|0|81078|02/01/2024 09:31:08||49732|16707387408|19431036584
18336|0|91299|02/01/2024 13:17:40||36140|1129368656|1257664960
19168|0|91195|02/01/2024 19:16:05||14635|627510560|732721640
18152|0|35423|02/01/2024 11:58:42||40878|15750883784|17944481528
19454|0|70763|02/01/2024 21:11:50||7690|415854952|558783136
18521|0|21515|02/01/2024 14:39:19||31241|1482446952|1581333888
19247|0|28032|02/01/2024 19:43:15||13005|4817855152|6934909080
17403|0|22775|02/01/2024 06:37:31||60149|18482197184|24631009176
18859|0|51522|02/01/2024 16:58:41||22879|3138993432|3543116224
18834|0|11625|02/01/2024 16:42:34||23846|72781609232|146357832384
19695|0|61072|02/01/2024 22:50:46||1754|484309280|684525424
18860|0|39639|02/01/2024 16:51:57||23283|7009394912|9546300544
19495|0|34900|02/01/2024 21:31:18||6522|608733768|859475728
19333|0|93145|02/01/2024 20:20:24||10776|6240457512|7813953784
19638|0|8602|02/01/2024 22:34:05||2755|709772816|1041835928
18473|0|80308|02/01/2024 14:12:14||32866|2834504552|2933558168
17926|0|53228|02/01/2024 10:19:46||46814|233889808|238138120
19224|0|88393|02/01/2024 19:31:08||13732|477134680|573708984
19435|0|56267|02/01/2024 21:02:14||8266|269774160|317907000
19310|0|77342|02/01/2024 20:19:53||10807|31805614584|73565262608
19479|0|82220|02/01/2024 21:29:53||6607|1235240784|1406178576
19668|0|5018|02/01/2024 22:46:41||1999|233622392|239678912
19614|0|60167|02/01/2024 22:24:35||3325|123842344|164409672
19615|0|97205|02/01/2024 22:26:51||3189|228099472|232717840
18288|0|6440|02/01/2024 12:56:22||37418|21604026776|28502963320
19001|0|40407|02/01/2024 18:01:08|02/01/2024 23:19:09|19081|73808959736|177034048088
19311|0|32217|02/01/2024 20:18:15||10905|11789142088|32112863736
18861|0|29341|02/01/2024 16:59:09||22851|378873192|561439608
18941|0|13461|02/01/2024 17:33:44||20776|2530351760|3325820424
17650|0|41123|02/01/2024 08:17:54||54126|6007337112|8182121040
18431|0|81968|02/01/2024 13:56:27||33813|11279138160|13025090856
19716|0|79073|02/01/2024 23:01:50||1090|553601664|704879736
18574|0|28056|02/01/2024 14:51:39||30501|11647433336|14526909040
19287|0|45806|02/01/2024 20:07:08||11572|15790244792|31122806392
19591|0|17708|02/01/2024 22:16:04||3836|8398540136|23030711336
18981|0|68094|02/01/2024 17:55:33||19467|3285969984|4470384968
18812|0|63188|02/01/2024 16:36:22||24218|5280300488|6017245648
19616|0|52757|02/01/2024 22:22:38||3442|51260528|51348096
18372|0|20266|02/01/2024 13:35:02||35098|4805391432|6849683152
18176|0|28791|02/01/2024 12:08:54||40266|9587470440|12694456192
19334|0|83720|02/01/2024 20:22:05||10675|4901226792|6758184088
19002|0|20845|02/01/2024 18:06:07||18833|2298060288|2528376928
19395|0|88465|02/01/2024 20:46:37||9203|8622395960|12380809456
19567|0|78054|02/01/2024 22:04:52||4508|1499265760|1757943016
18862|0|78337|02/01/2024 16:57:50||22930|693613192|1015937416
19436|0|20815|02/01/2024 21:01:49||8291|6356637016|7220815832
18863|0|74504|02/01/2024 16:51:07||23333|3099523056|3152324728
19516|0|69178|02/01/2024 21:46:24||5616|180012040|210144240
18352|0|29483|02/01/2024 13:22:49||35831|22309369296|46381718344
19225|0|41928|02/01/2024 19:31:04||13736|1576546752|1876633552
18401|0|18951|02/01/2024 13:40:11||34789|22918474560|34227873880
18647|0|84402|02/01/2024 15:24:11||28549|2126266160|2457093472
17951|0|94236|02/01/2024 10:23:58||46562|14147654512|15324491568
19083|0|36967|02/01/2024 18:48:38||16282|54682946744|136519559448
18451|0|95303|02/01/2024 14:05:50||33250|17908934680|20029806584
17335|0|39152|02/01/2024 06:03:45||62175|166783232824|450194469352
18290|0|95563|02/01/2024 12:51:34||37706|6009373728|7946266872
18100|0|47559|02/01/2024 11:30:46||42554|61543032320|122452924104
19421|0|45658|02/01/2024 20:51:47||8893|3030826816|3077276400
18775|0|10590|02/01/2024 16:11:25||25715|16010974040|16512420368
18575|0|77250|02/01/2024 14:59:49||30011|3742877880|3988091864
18313|0|81920|02/01/2024 13:01:23||37117|10303786128|13282432704
18452|0|97692|02/01/2024 14:08:06||33114|7501018032|10410548056
18249|0|57494|02/01/2024 12:31:28||38912|91179550648|188769115320
18776|0|27302|02/01/2024 16:13:40||25580|7497720032|9671968896
18701|0|47108|02/01/2024 15:47:39||27141|14114715840|15664094888
19617|0|37134|02/01/2024 22:28:55||3065|72739064|77569824
19496|0|80433|02/01/2024 21:39:04||6056|306056464|367953488
19639|0|27389|02/01/2024 22:38:04||2516|910258504|1109435056
18545|0|80199|02/01/2024 14:47:49||30731|3844190848|4816540328
18899|0|85714|02/01/2024 17:15:34||21866|1944906192|1950378792
19196|0|41780|02/01/2024 19:27:14||13966|2750971152|3610008784
19422|0|32642|02/01/2024 20:52:58||8822|1904727824|1920087728
19396|0|80210|02/01/2024 20:48:29||9091|489575504|641413704
19169|0|69961|02/01/2024 19:16:24||14616|417808304|526518312
19669|0|79654|02/01/2024 22:42:24||2256|246715888|290231424
18648|0|83650|02/01/2024 15:28:37||28283|4445687416|4600230600
18900|0|22388|02/01/2024 17:11:36||22104|4975300328|6988751664
19568|0|40855|02/01/2024 22:02:52||4628|165805928|188693064
18589|0|18539|02/01/2024 15:09:49||29411|2295778016|3037312464
19025|0|38974|02/01/2024 18:12:24||18456|9834607400|13164278976
19335|0|5262|02/01/2024 20:29:02||10258|13400876464|32910541616
17536|0|44915|02/01/2024 07:21:06||57534|6000130736|6800185032
17336|0|63505|02/01/2024 06:03:52||62168|6282433944|7077004232
19397|0|10157|02/01/2024 20:48:58||9062|2945757864|3776851240
19398|0|11546|02/01/2024 20:46:37||9203|1670959016|2121464024
18921|0|46661|02/01/2024 17:22:41||21439|2741001040|3178147064
17977|0|85741|02/01/2024 10:38:14||45706|12022730520|16144005360
17597|0|7472|02/01/2024 07:51:27||55713|30940920352|33723893584
19437|0|31481|02/01/2024 21:01:50||8290|2427826880|3600195248
19399|0|68217|02/01/2024 20:40:49||9551|2690897744|3246418304
19289|0|88278|02/01/2024 20:07:51||11529|1886824904|1912573288
18273|0|53387|02/01/2024 12:47:11||37969|386719136|539704856
19455|0|98712|02/01/2024 21:14:33||7527|6346683560|8912408656
19366|0|79002|02/01/2024 20:34:35||9925|2078247416|3104947312
19197|0|52753|02/01/2024 19:27:10||13970|1286784728|1411341888
18475|0|74290|02/01/2024 14:13:58||32762|700547896|801062944
18432|0|49022|02/01/2024 13:54:23||33937|11862690664|12623634552
19400|0|40285|02/01/2024 20:44:14||9346|4163559216|5738068376
17978|0|68387|02/01/2024 10:38:04||45716|88518531120|258728680728
19717|0|40176|02/01/2024 23:00:11||1189|557937976|786704296
18730|0|36201|02/01/2024 15:51:49||26891|74398968976|197790757832
17626|0|96532|02/01/2024 08:04:23||54937|13989291136|15956641760
19198|0|97579|02/01/2024 19:28:01||13919|28292032864|72668348240
18374|0|39648|02/01/2024 13:33:14||35206|15054132232|17317502976
19569|0|95660|02/01/2024 22:04:28||4532|7007591272|14389277040
19718|0|5362|02/01/2024 23:00:48||1152|296616856|313357080
18250|0|59464|02/01/2024 12:31:25||38915|6270557824|7939031280
19570|0|45450|02/01/2024 22:01:55||4685|247300720|355217496
19670|0|50427|02/01/2024 22:42:10||2270|21721576|23680496
19438|0|75205|02/01/2024 21:08:04||7916|2833708488|3080258952
18675|0|23097|02/01/2024 15:35:07||27893|6012922416|9006828808
19696|0|85722|02/01/2024 22:50:42||1758|91583592|133580464
18576|0|89373|02/01/2024 14:50:42||30558|4557277536|4621296824
19199|0|90846|02/01/2024 19:28:01||13919|3358476544|4636046552
19640|0|13087|02/01/2024 22:33:16||2804|205347528|211444544
17115|0|92942|02/01/2024 04:38:06||67314|9954620024|14870546232
18476|0|97309|02/01/2024 14:10:51||32949|856200848|1174096976
17289|0|50432|02/01/2024 05:47:21||63159|19617516584|26906507832
19697|0|19469|02/01/2024 22:50:36||1764|191388344|206463896
19336|0|15805|02/01/2024 20:29:49||10211|921830680|1068996448
18403|0|38674|02/01/2024 13:44:58||34502|4090295008|5442979776
19108|0|90351|02/01/2024 18:54:52||15908|6668943424|6772041824
18835|0|74481|02/01/2024 16:45:36|02/01/2024 23:13:33|23277|3315976904|3684862560
19740|0|74481|02/01/2024 23:13:57||363|230630128|318543552
18796|0|33734|02/01/2024 16:20:24||25176|9103905696|12217749040
19367|0|81036|02/01/2024 20:38:27||9693|4583292072|6472074360
18702|0|14111|02/01/2024 15:48:17||27103|68038170952|149454506256
19401|0|10445|02/01/2024 20:45:09||9291|1829588616|1872114000
18252|0|40642|02/01/2024 12:34:43||38717|3628733808|3724239536
17717|0|20124|02/01/2024 08:47:57||52323|19343867464|23527632528
19337|0|73978|02/01/2024 20:21:11||10729|1258266472|1882360440
18703|0|71615|02/01/2024 15:49:25||27035|470498920|646241088
19044|0|93843|02/01/2024 18:24:29||17731|1672687576|1847546888
18337|0|16200|02/01/2024 13:18:53||36067|16184445256|23319210008
19045|0|11001|02/01/2024 18:28:14||17506|13995591920|15048015192
18748|0|19023|02/01/2024 16:05:45||26055|15081648072|17235192208
17669|0|29867|02/01/2024 08:29:50||53410|4437201184|5245253824
18704|0|61980|02/01/2024 15:49:52||27008|4449362032|5787262056
19200|0|69490|02/01/2024 19:26:35||14005|1160390232|1291553520
19671|0|26430|02/01/2024 22:46:24||2016|18999704|23992704
19618|0|96471|02/01/2024 22:25:35||3265|330118392|410438864
19338|0|46857|02/01/2024 20:28:29||10291|3228441552|3552776824
18314|0|16397|02/01/2024 13:02:08||37072|6708551168|7249040488
19290|0|99986|02/01/2024 20:08:57||11463|1323731640|1921526104
19641|0|56720|02/01/2024 22:35:50||2650|665731768|909720976
18453|0|35649|02/01/2024 14:06:09||33231|6087836376|8027438048
19698|0|14341|02/01/2024 22:55:10||1490|182467040|196813360
19592|0|19964|02/01/2024 22:10:02||4198|13114325120|28487443208
19439|0|59909|02/01/2024 21:02:03||8277|2056679688|2390119624
18942|0|93851|02/01/2024 17:34:45||20715|2505573088|3347444936
19672|0|69718|02/01/2024 22:44:37||2123|289156760|370539504
18877|0|59915|02/01/2024 17:08:57||22263|42874363576|84389960160
17290|0|95361|02/01/2024 05:48:55||63065|38460349992|40298362336
17508|0|8386|02/01/2024 07:13:16||58004|12640216648|14311631120
19291|0|32028|02/01/2024 20:07:12||11568|3619696680|4636128728
18522|0|62947|02/01/2024 14:35:49||31451|1537933456|2031982328
19003|0|22591|02/01/2024 18:03:02||19018|8300385304|11733705984
18153|0|88927|02/01/2024 11:53:17||41203|10956060048|12114600120
17738|0|70616|02/01/2024 08:51:30||52110|29413211000|34447828448
19423|0|63698|02/01/2024 20:56:22||8618|1614930680|2018748336
17883|0|54570|02/01/2024 09:54:55||48305|9800567416|11502174664
17560|0|61311|02/01/2024 07:31:19||56921|10693095896|13806874104
18547|0|10309|02/01/2024 14:47:42||30738|3474773560|3983629400
19142|0|71946|02/01/2024 19:04:25||15335|1290341792|1365629032
17782|0|4396|02/01/2024 09:16:07||50633|6105080536|6407730760
17117|0|50961|02/01/2024 04:39:02||67258|15007412472|15334360088
19171|0|49446|02/01/2024 19:17:55||14525|4475620976|5088215104
19227|0|20426|02/01/2024 19:35:43||13457|206884480|255144976
18477|0|90750|02/01/2024 14:14:16||32744|6335595304|8544140168
19517|0|85681|02/01/2024 21:42:12||5868|241131720|281872088
19201|0|64846|02/01/2024 19:28:41||13879|3197111200|3829642280
18923|0|64729|02/01/2024 17:25:26||21274|8103722824|9010945136
17487|0|34665|02/01/2024 07:00:02||58798|15684784296|21982279168
18434|0|76797|02/01/2024 13:50:34||34166|6514960056|8436344128
19571|0|5237|02/01/2024 22:03:31||4589|32927488|41612680
19292|0|7833|02/01/2024 20:07:02||11578|9567352600|11211221560
19497|0|90547|02/01/2024 21:31:43||6497|269866640|347251584
19203|0|39540|02/01/2024 19:24:29||14131|2618203336|2636756288
19046|0|59720|02/01/2024 18:24:25||17735|4255246304|6290980360
18650|0|13853|02/01/2024 15:21:05||28735|3774574328|5456596624
19498|0|40600|02/01/2024 21:35:33||6267|394301712|586539160
18082|0|89263|02/01/2024 11:27:05||42775|15035153272|18103138000
18223|0|67016|02/01/2024 12:26:34||39206|15258851528|21810058968
18778|0|91971|02/01/2024 16:18:45||25275|49319308160|109730385096
19172|0|17351|02/01/2024 19:13:53||14767|2565121552|2948287664
18083|0|20661|02/01/2024 11:24:22||42938|5551307928|5901321368
17510|0|46869|02/01/2024 07:14:03||57957|6149188896|7953410152
19440|0|77911|02/01/2024 21:07:17||7963|3694618904|3782115304
18224|0|21923|02/01/2024 12:21:28||39512|5423437944|6016124392
19480|0|24704|02/01/2024 21:29:53||6607|1412127816|2013038488
18499|0|21912|02/01/2024 14:28:10||31910|4758149632|6345049744
18651|0|32864|02/01/2024 15:21:45||28695|12065406680|12189679480
18027|0|33989|02/01/2024 10:59:51||44409|6050213224|7390021968
17784|0|32738|02/01/2024 09:14:54||50706|4544857432|4961048384
19173|0|13981|02/01/2024 19:15:13||14687|280920872|285753128
18225|0|39952|02/01/2024 12:24:42||39318|9344482984|13674317520
18478|0|25884|02/01/2024 14:19:53||32407|7485395800|7748159424
17670|0|76091|02/01/2024 08:22:42||53838|1494660256|1583441816
19593|0|91703|02/01/2024 22:15:04||3896|385457112|390568240
18902|0|31550|02/01/2024 17:11:16||22124|7408727056|8619619192
18957|0|18411|02/01/2024 17:46:42||19998|875279976|1211750968
17979|0|93627|02/01/2024 10:34:41||45919|3538146520|4052287608
19572|0|16505|02/01/2024 22:03:59||4561|369941624|486408856
18103|0|40841|02/01/2024 11:31:53||42487|74650869472|152667650744
19541|0|51631|02/01/2024 21:58:54||4866|10264254576|28277061320
18126|0|94288|02/01/2024 11:41:03||41937|8935228752|9932572784
17762|0|59450|02/01/2024 09:08:01||51119|2956348392|3742090264
18750|0|6262|02/01/2024 16:07:49||25931|11091449000|13943201920
18591|0|53839|02/01/2024 15:03:16||29804|1375173344|1524887040
18500|0|45745|02/01/2024 14:28:14||31906|7569374888|17426241960
19518|0|98958|02/01/2024 21:40:16||5984|1993717264|2082608560
19026|0|80025|02/01/2024 18:13:57||18363|9265963464|10173180976
19143|0|96689|02/01/2024 19:08:43||15077|501247856|562955008
19456|0|49784|02/01/2024 21:12:40||7640|7672400600|8493811496
17929|0|48137|02/01/2024 10:16:48||46992|42615792904|43042851208
19741|0|31700|02/01/2024 23:11:34||506|39488728|48636208
19339|0|13583|02/01/2024 20:21:02||10738|3357726520|3405217424
19175|0|17139|02/01/2024 19:19:00||14460|8718585504|23565524840
19719|0|53030|02/01/2024 23:05:10||890|445001504|454621944
17407|0|36006|02/01/2024 06:30:19||60581|68003206688|203940560336
18548|0|77858|02/01/2024 14:41:47||31093|1506555288|2254709856
18924|0|77204|02/01/2024 17:21:48||21492|24447670888|13598079288
19573|0|47458|02/01/2024 22:05:47||4453|258808408|332402728
18028|0|50187|02/01/2024 10:52:05||44875|2333407296|2424420048
17980|0|47314|02/01/2024 10:30:53||46147|4933983904|6998989144
17804|0|52594|02/01/2024 09:21:20||50320|4009257408|5645685840
18155|0|95953|02/01/2024 11:50:39||41361|5034309928|5604873048
19594|0|28423|02/01/2024 22:11:58||4082|271171640|277102272
18455|0|85316|02/01/2024 14:03:36||33384|55963797816|119400966312
18878|0|9694|02/01/2024 17:09:53||22207|6303947040|7939631416
17291|0|87055|02/01/2024 05:40:23||63577|66901925184|126147155920
17857|0|56946|02/01/2024 09:46:12||48828|7016967976|7921144760
18523|0|55328|02/01/2024 14:37:58||31322|2563791768|3129790656
19574|0|32388|02/01/2024 22:00:26||4774|930478344|1087908304
17886|0|14654|02/01/2024 09:55:49||48251|166591378560|484789935360
19027|0|12418|02/01/2024 18:15:50||18250|8091966896|9118675368
19457|0|43820|02/01/2024 21:17:59||7321|2177794160|3038770760
18178|0|98957|02/01/2024 12:08:32||40288|6752419448|8654174984
18479|0|32700|02/01/2024 14:19:52||32408|9839583496|11802012760
19028|0|61002|02/01/2024 18:18:48||18072|1388373808|1405469088
18406|0|56776|02/01/2024 13:43:30||34590|8316171896|10593798736
19065|0|17223|02/01/2024 18:31:58||17282|11973122032|15230478832
18836|0|74230|02/01/2024 16:42:24||23856|11966849744|12808777384
18903|0|51535|02/01/2024 17:15:05||21895|53854497776|133038317120
19458|0|69461|02/01/2024 21:13:28||7592|174720328|208620704
19619|0|50074|02/01/2024 22:23:04||3416|308408296|363632440
19519|0|70372|02/01/2024 21:49:46||5414|13686792|15534024
19699|0|52154|02/01/2024 22:53:09||1611|96246328|120975176
19267|0|12784|02/01/2024 19:51:27||12513|2235185752|2747370920
17628|0|81351|02/01/2024 08:06:34||54806|29732118656|34847527312
17408|0|18908|02/01/2024 06:34:39||60321|187468714128|427399342456
17362|0|5094|02/01/2024 06:15:54||61446|10520597536|10802255872
17742|0|36200|02/01/2024 08:57:37||51743|151598980472|316288475744
18799|0|76281|02/01/2024 16:26:36||24804|7688960744|8323401280
18205|0|41346|02/01/2024 12:18:25||39695|3029078184|4192894904
17932|0|72646|02/01/2024 10:11:10||47330|7929867736|9216881824
19620|0|54313|02/01/2024 22:26:38||3202|1650103976|1723357840
19673|0|82980|02/01/2024 22:49:37||1823|386409248|459129680
19700|0|13499|02/01/2024 22:52:15||1665|63874440|87504488
18029|0|79857|02/01/2024 10:57:22||44558|25416712648|29738563728
19066|0|26134|02/01/2024 18:37:19||16961|9050755376|12275579032
19111|0|82499|02/01/2024 18:54:43||15917|401356288|537557488
17267|0|74614|02/01/2024 05:30:44||64156|18920269840|27128100320
19112|0|30554|02/01/2024 18:53:46||15974|630490256|917211800
19177|0|17670|02/01/2024 19:12:19||14861|143305048|207975800
19294|0|59984|02/01/2024 20:09:35||11425|2784887944|3276165112
18680|0|68883|02/01/2024 15:32:12||28068|3126787928|3643601368
19674|0|27276|02/01/2024 22:41:41||2299|968769120|1365020048
18524|0|97540|02/01/2024 14:34:26||31534|1438162296|2085463168
18879|0|14496|02/01/2024 17:01:54||22686|2123500912|2868000264
17763|0|61418|02/01/2024 09:05:17||51283|1468088320|2116640136
19675|0|23553|02/01/2024 22:46:33||2007|823656312|1150539440
19402|0|98869|02/01/2024 20:42:55||9425|3268616264|4309049144
18816|0|71306|02/01/2024 16:35:33||24267|1980212688|2737797560
18156|0|29084|02/01/2024 11:55:07||41093|17784255912|18966730792
17858|0|59224|02/01/2024 09:42:04||49076|8751640304|10533885904
18030|0|72524|02/01/2024 10:53:48||44772|8584487920|9752430584
18653|0|56440|02/01/2024 15:22:35||28645|3866623624|4265963248
18654|0|35261|02/01/2024 15:20:23||28777|2377651832|3160348504
19178|0|45606|02/01/2024 19:13:15||14805|4062372312|4265023928
19742|0|16150|02/01/2024 23:10:02||598|113145280|116199704
19340|0|47464|02/01/2024 20:24:53||10507|19429356824|54385986320
19144|0|83901|02/01/2024 19:01:24||15516|3517353208|4749194752
18752|0|50847|02/01/2024 16:04:03||26157|7559973288|10013287248
19676|0|67743|02/01/2024 22:48:33||1887|125112000|144526496
18501|0|8718|02/01/2024 14:28:09||31911|2703572144|2715576400
19005|0|86290|02/01/2024 18:08:43||18677|1496657784|2204912144
18681|0|73583|02/01/2024 15:38:21||27699|7320723096|10292113456
18943|0|17154|02/01/2024 17:36:09||20631|1969298040|2496286664
19113|0|17717|02/01/2024 18:52:38||16042|17149395472|37638653056
19459|0|44780|02/01/2024 21:18:32||7288|1329067048|1487903968
19520|0|77032|02/01/2024 21:46:36||5604|255838512|320862072
18880|0|69340|02/01/2024 17:07:24||22356|7281956992|7514909576
19425|0|62125|02/01/2024 20:59:48||8412|31710123984|64228629944
18551|0|30280|02/01/2024 14:42:35||31045|5140226984|5961448784
19621|0|68053|02/01/2024 22:22:36||3444|8974808072|24267636432
18377|0|55176|02/01/2024 13:32:09||35271|13713266920|19368337784
19085|0|89909|02/01/2024 18:46:49||16391|2820141184|2884507864
17743|0|37572|02/01/2024 08:50:10||52190|6871718440|10238735800
19006|0|23126|02/01/2024 18:02:32||19048|1941150272|2087356512
18009|0|47169|02/01/2024 10:43:51||45369|125800600512|330873661240
18338|0|52416|02/01/2024 13:14:26||36334|1638743936|1791937488
18408|0|64963|02/01/2024 13:45:26||34474|380086616|494308488
19720|0|25887|02/01/2024 23:04:17||943|186381600|218256648
17410|0|27570|02/01/2024 06:34:50||60310|898249816|908168664
17411|0|34200|02/01/2024 06:30:44||60556|2968253952|3572295744
19370|0|52044|02/01/2024 20:30:17||10183|11599759288|27818049256
17721|0|29712|02/01/2024 08:44:10||52550|1622823472|1974276024
19595|0|98149|02/01/2024 22:12:05||4075|359950432|414279688
19542|0|64106|02/01/2024 21:53:31||5189|661850464|819393696
19543|0|72615|02/01/2024 21:51:38||5302|1095292624|1155466688
17934|0|21926|02/01/2024 10:17:42||46938|14709458104|20789374592
18577|0|22507|02/01/2024 14:50:22||30578|1790003944|2271688912
19268|0|80719|02/01/2024 19:52:36||12444|1120081352|1163263128
17463|0|67557|02/01/2024 06:55:17||59083|15788744848|15992324640
18481|0|7575|02/01/2024 14:10:51||32949|25133822728|28902423344
19228|0|27975|02/01/2024 19:31:04||13736|950735448|1210690040
17744|0|82986|02/01/2024 08:54:07||51953|662191456|807065232
19114|0|24334|02/01/2024 18:56:54||15786|4978576528|5648861640
18525|0|66658|02/01/2024 14:37:59||31321|4519542568|5329143648
19677|0|5939|02/01/2024 22:49:28||1832|451223224|604066336
18409|0|17504|02/01/2024 13:45:06||34494|46519788008|101652000416
18982|0|69372|02/01/2024 17:58:06||19314|6489063640|8341216224
18620|0|47819|02/01/2024 15:16:16||29024|51635804032|139049426400
19426|0|61217|02/01/2024 20:52:43||8837|2480827384|2553698768
19642|0|87153|02/01/2024 22:31:27||2913|1285900592|1463576960
19622|0|56210|02/01/2024 22:20:05||3595|10938754944|22700605840
18526|0|43543|02/01/2024 14:35:30||31470|3676888768|5267664096
19086|0|93664|02/01/2024 18:45:09||16491|3788159336|5168446552
19249|0|87571|02/01/2024 19:47:58||12722|203928192|216588784
19229|0|8816|02/01/2024 19:36:29||13411|1113711120|1619331024
19371|0|64143|02/01/2024 20:39:56||9604|3077980552|3499493224
19403|0|72469|02/01/2024 20:47:57||9123|1750511528|1938524640
19341|0|41429|02/01/2024 20:25:44||10456|537650512|605985720
17057|0|53398|02/01/2024 04:15:29||68671|13770035256|16282505472
18818|0|63848|02/01/2024 16:36:22||24218|30515190336|89350610376
18655|0|49120|02/01/2024 15:25:12||28488|71892142072|149333811216
19145|0|54200|02/01/2024 19:09:10||15050|698524368|1022846696
19087|0|10654|02/01/2024 18:41:09||16731|9011931432|12116324280
18925|0|79722|02/01/2024 17:29:04||21056|38505585616|106277012128
18753|0|44762|02/01/2024 16:00:36||26364|915231512|1280070040
17217|0|61139|02/01/2024 05:16:12||65028|9029359408|10818357000
18502|0|52225|02/01/2024 14:24:10||32150|2925338456|3104484104
17888|0|23803|02/01/2024 09:53:32||48388|1251724872|1289228792
19575|0|25125|02/01/2024 22:04:38||4522|111336264|135502320
18904|0|33909|02/01/2024 17:17:06||21774|50962024008|115985445136
19460|0|26093|02/01/2024 21:14:41||7519|622097904|816842728
18131|0|90076|02/01/2024 11:44:00||41760|2077634184|3098847008
19544|0|69214|02/01/2024 21:59:14||4846|9754506224|27770407328
18339|0|30835|02/01/2024 13:18:21||36099|358604552|525280720
18578|0|28124|02/01/2024 14:50:16||30584|58106995704|125317181056
18656|0|56866|02/01/2024 15:23:01||28619|5054180584|7124284968
19701|0|53612|02/01/2024 22:54:18||1542|675932832|773441336
17388|0|80236|02/01/2024 06:26:55||60785|14546890992|20617145296
18132|0|30667|02/01/2024 11:47:58||41522|2138131288|3065167568
19008|0|77148|02/01/2024 18:07:27||18753|7964562072|11074514072
19009|0|91598|02/01/2024 18:04:28||18932|5480687288|6542663576
19461|0|34047|02/01/2024 21:19:42||7218|966098424|1123225672
18926|0|48874|02/01/2024 17:27:40||21140|87489962400|244014095776
17630|0|59145|02/01/2024 08:06:47||54793|30673382688|32133676264
19462|0|8839|02/01/2024 21:15:07||7493|689556608|994588736
17366|0|18055|02/01/2024 06:15:18|02/01/2024 23:10:05|60887|17587059000|18948485472
19481|0|63103|02/01/2024 21:28:10||6710|2138216192|2336704152
19482|0|83597|02/01/2024 21:21:17||7123|266554616|299245672
19545|0|70629|02/01/2024 21:51:08||5332|294626992|312026264
19179|0|28927|02/01/2024 19:14:34||14726|4126269360|4815017184
18865|0|39739|02/01/2024 16:51:19||23321|811302416|843645992
18657|0|42893|02/01/2024 15:21:11||28729|3427226472|3797586768
19546|0|20525|02/01/2024 21:55:59||5041|613522088|690560224
19088|0|90512|02/01/2024 18:44:01||16559|12797707528|12903199296
18622|0|71041|02/01/2024 15:19:52||28808|22705279296|23886125024
19743|0|43248|02/01/2024 23:12:00||480|44139408|44655592
19499|0|26199|02/01/2024 21:34:30||6330|3678587680|3895737968
19702|0|99476|02/01/2024 22:56:38||1402|405709608|531038216
19295|0|56736|02/01/2024 20:00:10||11990|4730081336|5400613840
19314|0|6073|02/01/2024 20:19:14||10846|7460159672|7848907680
19703|0|47971|02/01/2024 22:52:33||1647|97345464|122809104
19547|0|69707|02/01/2024 21:50:12||5388|230091064|264991848
18229|0|29306|02/01/2024 12:22:24||39456|5976183288|6994220584
19521|0|93311|02/01/2024 21:48:20||5500|885070648|937923088
18983|0|27416|02/01/2024 17:51:46||19694|5719919296|7779817992
19483|0|23962|02/01/2024 21:21:10||7130|1724928712|1756332080
18592|0|48946|02/01/2024 15:08:21||29499|3893205608|4049923488
18838|0|47902|02/01/2024 16:44:18||23742|7176009784|8388028472
17860|0|53676|02/01/2024 09:42:48||49032|5996475360|6783382000
18593|0|38060|02/01/2024 15:00:10||29990|6360041200|7047224680
19146|0|24903|02/01/2024 19:01:22||15518|4259879840|4288245736
18682|0|28652|02/01/2024 15:31:17||28123|1223267384|1552798280
19404|0|19759|02/01/2024 20:45:52||9248|1401792008|1725805888
17435|0|34442|02/01/2024 06:40:58||59942|3599419192|5206596368
17122|0|97470|02/01/2024 04:31:22||67718|4310327056|5482228936
18133|0|74503|02/01/2024 11:49:37||41423|11469485736|14733534360
18255|0|26209|02/01/2024 12:30:22||38978|20898328888|24133792400
17605|0|24245|02/01/2024 07:56:57||55383|12393326448|13417759584
18819|0|66447|02/01/2024 16:32:48||24432|10640014016|14526763512
19623|0|27001|02/01/2024 22:28:39||3081|1672778056|2135525360
18623|0|63750|02/01/2024 15:15:22||29078|1888107384|1995009144
18436|0|14122|02/01/2024 13:51:52||34088|4207916280|5915339824
19624|0|39569|02/01/2024 22:23:54||3366|1809823152|1853843664
17745|0|54183|02/01/2024 08:58:14||51706|21872955496|23582568552
18340|0|73781|02/01/2024 13:11:29||36511|3868053424|3921407912
18779|0|30363|02/01/2024 16:16:52||25388|2709544624|3621683824
19441|0|98196|02/01/2024 21:09:21||7839|2519338256|3221130272
19596|0|21518|02/01/2024 22:18:21||3699|998785616|1344628776
19744|0|83416|02/01/2024 23:10:47||553|177887728|261013048
18944|0|15205|02/01/2024 17:35:14||20686|4228013152|5093689808
18927|0|27772|02/01/2024 17:25:15||21285|8649669008|8682558072
18315|0|81876|02/01/2024 13:07:36||36744|117274718984|304948851328
17889|0|60347|02/01/2024 09:59:46||48014|1468965448|1582128376
17890|0|43761|02/01/2024 09:52:00||48480|9733373600|12980885952
19090|0|49047|02/01/2024 18:40:53||16747|30761490064|73447157792
19427|0|29679|02/01/2024 20:52:59||8821|1824365016|2234053488
19405|0|63259|02/01/2024 20:40:51||9549|65542808|66544504
18504|0|16277|02/01/2024 14:29:37||31823|886903128|1294625112
18256|0|63116|02/01/2024 12:37:19||38561|5075139672|5834872600
18105|0|54489|02/01/2024 11:34:59||42301|9484618856|9898674496
17141|0|70204|02/01/2024 04:45:19||66881|16124104448|19919260696
18274|0|96216|02/01/2024 12:44:14||38146|20585496744|24223071792
19597|0|19796|02/01/2024 22:16:11||3829|1259556176|1770958472
17512|0|46329|02/01/2024 07:13:50||57970|13969097336|20709139608
19548|0|86855|02/01/2024 21:52:05||5275|1630636376|2184530280
19250|0|49631|02/01/2024 19:42:12||13068|408488576|587920872
19372|0|54532|02/01/2024 20:34:57||9903|2060549704|2261787232
18959|0|51088|02/01/2024 17:46:41||19999|71866206144|153063447944
19745|0|66727|02/01/2024 23:15:42||258|32880032|46987528
18458|0|70058|02/01/2024 14:06:25||33215|1912816384|2335786032
17467|0|81847|02/01/2024 06:52:06||59274|28682302784|35303455048
19204|0|35516|02/01/2024 19:20:15||14385|941301248|1298484336
19428|0|12710|02/01/2024 20:58:25||8495|5870366480|6264113760
17237|0|31906|02/01/2024 05:20:10||64790|6644997800|7724679416
18928|0|18957|02/01/2024 17:27:10||21170|3175790376|3549114896
19678|0|34330|02/01/2024 22:46:05||2035|544238664|767167600
17340|0|70169|02/01/2024 06:03:37||62183|24736653664|32721559048
19048|0|23505|02/01/2024 18:29:37||17423|12714842824|18273170064
18658|0|76590|02/01/2024 15:29:00||28260|2496760048|3239204160
17040|0|12303|02/01/2024 04:08:24||69096|21856136584|29858803280
19030|0|21997|02/01/2024 18:14:50||18310|4865762248|6290608056
17892|0|50207|02/01/2024 09:57:52||48128|9898272328|13162191872
18839|0|44745|02/01/2024 16:46:14||23626|1793548784|2392106808
18159|0|88803|02/01/2024 11:52:51||41229|159086896|222447024
18781|0|85856|02/01/2024 16:16:43||25397|12871589272|13941365224
19522|0|74749|02/01/2024 21:46:07||5633|223183704|245133368
17746|0|6306|02/01/2024 08:52:22||52058|2306716272|2426854176
19484|0|41001|02/01/2024 21:29:43||6617|50214920|67507328
19230|0|87252|02/01/2024 19:30:36||13764|1926100304|2787615272
18354|0|8726|02/01/2024 13:23:35||35785|15576237264|18371826960
19116|0|36663|02/01/2024 18:51:00||16140|6831578632|9751148784
18782|0|89070|02/01/2024 16:16:15||25425|15025063456|17078406880
19406|0|66095|02/01/2024 20:46:54||9186|2343611128|2691959464
19205|0|41383|02/01/2024 19:20:38||14362|2694977384|3282642024
19679|0|80746|02/01/2024 22:40:40||2360|532487376|795829312
17672|0|99799|02/01/2024 08:28:04||53516|15281218240|21417282280
19598|0|96534|02/01/2024 22:10:19||4181|1533086416|2048565712
17912|0|5989|02/01/2024 10:09:57||47403|2661082672|2936116584
19147|0|27952|02/01/2024 19:08:19||15101|1457205152|2054828792
18032|0|18724|02/01/2024 10:51:17||44923|14957270168|18307919736
19721|0|90014|02/01/2024 23:07:52||728|163633528|228132968
19296|0|90493|02/01/2024 20:06:06||11634|3529134352|3671979144
19523|0|85391|02/01/2024 21:49:02||5458|830620600|880544608
17765|0|91923|02/01/2024 09:06:50||51190|762187280|938807680
18206|0|31308|02/01/2024 12:14:25||39935|2884470952|3615954888
18230|0|90408|02/01/2024 12:23:22||39398|7440018920|11115179352
18960|0|58177|02/01/2024 17:47:18||19962|37214188008|78188654904
19049|0|89984|02/01/2024 18:22:08||17872|7570892352|9242056504
17786|0|96283|02/01/2024 09:17:41||50539|117017107864|225826432784
17632|0|31214|02/01/2024 08:01:15||55125|17002128280|21333374624
18820|0|26547|02/01/2024 16:31:19||24521|1083055888|1108325296
18107|0|40014|02/01/2024 11:39:39||42021|656711680|917103336
18459|0|15432|02/01/2024 14:06:08||33232|5295097552|5387915432
19576|0|26780|02/01/2024 22:00:07||4793|576061448|756572512
18961|0|65810|02/01/2024 17:46:57||19983|2673620688|3858586544
18482|0|73491|02/01/2024 14:12:58||32822|363603096|528038496
17490|0|38718|02/01/2024 07:08:57||58263|106940137424|238321952704
19297|0|99462|02/01/2024 20:06:23||11617|2623618552|3882448800
18945|0|9840|02/01/2024 17:35:06||20694|4260291176|4589548968
18556|0|65638|02/01/2024 14:44:24||30936|4819824696|6815143552
17863|0|86640|02/01/2024 09:41:13||49127|12216868112|12813385872
19463|0|87848|02/01/2024 21:13:11||7609|5087131760|7214831128
19500|0|47552|02/01/2024 21:33:26||6394|14132071024|28303448216
19206|0|52010|02/01/2024 19:23:35||14185|1760238520|2227084880
17724|0|78509|02/01/2024 08:41:48||52692|3470218200|4381903488
18800|0|15798|02/01/2024 16:24:45||24915|7076319672|10610422992
19722|0|37770|02/01/2024 23:06:04||836|369902048|553627800
19117|0|38222|02/01/2024 18:51:30||16110|5780635168|6612831368
18706|0|21763|02/01/2024 15:45:31||27269|2068652952|2776575152
19091|0|54220|02/01/2024 18:46:40||16400|37169832256|101280436312
19407|0|4569|02/01/2024 20:46:06||9234|3660906456|5001262400
18258|0|28387|02/01/2024 12:35:02||38698|102431426768|256898485968
18985|0|64081|02/01/2024 17:54:54||19506|8943310352|11136543464
19031|0|79493|02/01/2024 18:14:20||18340|4958372328|6326170928
18527|0|23876|02/01/2024 14:34:49||31511|19024160952|12915468840
18067|0|66619|02/01/2024 11:15:04||43496|31920756216|95031246872
18596|0|31694|02/01/2024 15:05:26||29674|5547856432|8084269592
19643|0|88255|02/01/2024 22:35:38||2662|323241480|346397240
18906|0|34127|02/01/2024 17:14:36||21924|23910635384|18429509824
19501|0|6802|02/01/2024 21:37:10||6170|14203189200|28767942568
18380|0|90297|02/01/2024 13:30:24||35376|124178130240|367005426480
19270|0|22839|02/01/2024 19:59:56||12004|3260350112|3517923760
19180|0|62492|02/01/2024 19:10:28||14972|3024407752|3357693368
19148|0|35296|02/01/2024 19:09:45||15015|545212672|726980528
18161|0|60248|02/01/2024 11:56:55||40985|86356772112|163281192872
18707|0|80695|02/01/2024 15:45:56||27244|16514483952|17228447368
19251|0|78104|02/01/2024 19:43:13||13007|2150055392|2834784320
19010|0|60821|02/01/2024 18:02:19||19061|2293541168|3130189920
19599|0|31508|02/01/2024 22:12:09||4071|1223389472|1361839344
19011|0|72515|02/01/2024 18:03:27||18993|462254336|467433832
18437|0|41700|02/01/2024 13:56:54||33786|7434418888|7577173688
18528|0|66307|02/01/2024 14:34:37||31523|4489309976|4737702320
17834|0|91475|02/01/2024 09:30:53||49747|9061374648|9483776280
19231|0|78636|02/01/2024 19:30:29||13771|1164605680|1388307984
19723|0|41167|02/01/2024 23:03:43||977|220567704|319645168
18579|0|46705|02/01/2024 14:54:37||30323|14671229760|21630178688
17806|0|69769|02/01/2024 09:29:15||49845|15455549432|15718631024
19524|0|97111|02/01/2024 21:41:18||5922|1864167400|2188138192
17061|0|62937|02/01/2024 04:10:51||68949|21434681704|31311509024
17634|0|67311|02/01/2024 08:01:35||55105|15622744168|20890751528
18557|0|86487|02/01/2024 14:43:47||30973|1230453672|1311807272
18087|0|97656|02/01/2024 11:20:33||43167|19792981216|22091081904
18137|0|51364|02/01/2024 11:48:53||41467|10484257592|10558789872
18295|0|42829|02/01/2024 12:55:06||37494|5142704408|6788766000
18625|0|52747|02/01/2024 15:11:43||29297|1006192408|1071337888
17469|0|20046|02/01/2024 06:53:51||59169|20247708264|23309146736
18275|0|52466|02/01/2024 12:40:05||38395|167650977712|329758011952
19746|0|54993|02/01/2024 23:19:57||3|0|0
19577|0|88863|02/01/2024 22:09:59||4201|160201808|190638120
19464|0|73198|02/01/2024 21:13:55||7565|1473281536|1534542424
19069|0|23399|02/01/2024 18:33:20||17200|15466873600|18618432328
19502|0|73499|02/01/2024 21:32:22||6458|129383480|152262472
18881|0|56307|02/01/2024 17:06:57||22383|513989560|699956936
19181|0|14893|02/01/2024 19:16:40||14600|332019776|439129216
19503|0|18927|02/01/2024 21:32:42||6438|4022125648|4705617896
19271|0|44714|02/01/2024 19:59:15||12045|3436806992|3880467776
19485|0|71703|02/01/2024 21:22:06||7074|4320923416|4862918200
19119|0|82867|02/01/2024 18:57:56||15724|16555929576|33843821288
19120|0|48402|02/01/2024 18:50:34||16166|445636328|533488248
18139|0|34760|02/01/2024 11:43:21||41799|5647764816|7508349912
19747|0|77934|02/01/2024 23:10:51||549|152981984|170855688
18626|0|43410|02/01/2024 15:17:58||28922|7428575624|9864647456
17766|0|5312|02/01/2024 09:09:38||51022|7919669616|8674560656
18439|0|95066|02/01/2024 13:54:49||33911|568981152|669210072
18659|0|13803|02/01/2024 15:23:22||28598|478124496|623479464
18580|0|49783|02/01/2024 14:52:28||30452|4113868072|5829597352
17470|0|67595|02/01/2024 06:58:19||58901|70171534600|162816109792
18410|0|47241|02/01/2024 13:42:08||34672|3443400200|3736931488
18317|0|16122|02/01/2024 13:03:29||36991|9545218264|11993746448
19408|0|22300|02/01/2024 20:42:29||9451|4050103984|4151015256
18597|0|38214|02/01/2024 15:05:50||29650|3991239096|4777806672
19525|0|15073|02/01/2024 21:41:20||5920|105292408|136190024
18411|0|79509|02/01/2024 13:48:11||34309|5540222576|6385050224
18276|0|24213|02/01/2024 12:46:23||38017|75124957912|156365036536
19600|0|80240|02/01/2024 22:11:04||4136|268832136|352258584
18181|0|67106|02/01/2024 12:02:59||40621|5785620232|8284363888
19050|0|89014|02/01/2024 18:23:53||17767|12847819064|9824567856
19724|0|22301|02/01/2024 23:08:26||694|241101984|352533576
18801|0|65611|02/01/2024 16:21:19||25121|1398209816|1694327568
19012|0|59817|02/01/2024 18:09:57||18603|19035558568|20121272360
17218|0|21901|02/01/2024 05:17:08||64972|10081586304|12003649704
18412|0|87742|02/01/2024 13:44:21||34539|12222485480|17209707200
19601|0|90141|02/01/2024 22:19:42||3618|142112192|192884896
19680|0|63065|02/01/2024 22:45:59||2041|1114082312|1122154672
19051|0|57679|02/01/2024 18:29:48||17412|9746777584|12243045888
18598|0|64666|02/01/2024 15:05:33||29667|2383266776|2739764216
18211|0|36128|02/01/2024 12:14:15||39945|13848820880|16086831264
18381|0|42069|02/01/2024 13:34:51||35109|4841688632|5580931488
18318|0|50537|02/01/2024 13:09:34||36626|41781354008|43771651608
18883|0|90354|02/01/2024 17:01:57||22683|591660880|675085144
17606|0|58712|02/01/2024 07:57:50||55330|33377461032|33593244528
18558|0|51005|02/01/2024 14:44:47||30913|2602454904|2982767944
19343|0|96554|02/01/2024 20:29:27||10233|1768255032|2348391856
19182|0|93514|02/01/2024 19:18:34||14486|1381402784|1802023888
18089|0|21691|02/01/2024 11:24:52||42908|426982472|625552464
19208|0|82469|02/01/2024 19:23:26||14194|1625773208|2158230456
19272|0|59271|02/01/2024 19:55:09||12291|1140685408|1365056200
19298|0|65046|02/01/2024 20:01:41||11899|27440435264|72492151680
19299|0|75318|02/01/2024 20:04:25||11735|2113693824|2652406120
19681|0|70352|02/01/2024 22:45:42||2058|837887672|1009781184
17440|0|64617|02/01/2024 06:49:20||59440|113896177856|296573518384
19704|0|58220|02/01/2024 22:51:16||1724|470251584|621188824
19032|0|76632|02/01/2024 18:18:39||18081|13223906824|17679358728
19465|0|58272|02/01/2024 21:13:41||7579|5176460664|7277072496
19625|0|91313|02/01/2024 22:24:49||3311|1204031632|1554866776
17913|0|75307|02/01/2024 10:05:17||47683|1244502680|1436170864
18414|0|89998|02/01/2024 13:44:59||34501|17688367288|17970581520
17583|0|59792|02/01/2024 07:44:10||56150|139321338632|365522397864
18232|0|99038|02/01/2024 12:28:02||39118|11406783800|15626923728
19409|0|16128|02/01/2024 20:42:47||9433|1252768216|1656079120
18485|0|58156|02/01/2024 14:14:55||32705|4314960120|6128925320
18783|0|72497|02/01/2024 16:13:48||25572|13525372944|16091734176
19121|0|15233|02/01/2024 18:56:14||15826|1802452696|1975585408
18213|0|75256|02/01/2024 12:17:26||39754|12408880104|16283529136
18531|0|82975|02/01/2024 14:37:15||31365|2442127608|2927127120
18233|0|61892|02/01/2024 12:28:35||39085|10721386328|15244754592
19578|0|89308|02/01/2024 22:08:11||4309|427899184|441605032
19209|0|77070|02/01/2024 19:22:10||14270|2144057464|2355901912
19373|0|13878|02/01/2024 20:34:09||9951|23693706072|49508373952
19602|0|67178|02/01/2024 22:10:02|02/01/2024 23:18:40|4118|5952396232|15672870776
19644|0|26625|02/01/2024 22:33:56||2764|8804678176|22451602080
19210|0|52355|02/01/2024 19:28:40||13880|765972352|996953752
19183|0|24054|02/01/2024 19:13:58||14762|5341902992|7515281344
19070|0|94806|02/01/2024 18:39:10||16850|5423538568|6119157088
19466|0|91548|02/01/2024 21:15:02||7498|2791031264|4026696616
18182|0|42697|02/01/2024 12:09:45||40215|13707295536|20210109952
19626|0|5777|02/01/2024 22:29:19||3041|1745124760|2000928000
18383|0|37898|02/01/2024 13:39:59||34801|5531772336|5784748272
18462|0|25002|02/01/2024 14:09:37||33023|2662132352|3241341792
18053|0|91721|02/01/2024 11:00:04||44396|25312860328|29383189424
17895|0|58622|02/01/2024 09:59:04||48056|14394590392|15918205360
19603|0|68298|02/01/2024 22:13:45||3975|210079456|294340848
18277|0|35607|02/01/2024 12:49:23||37837|11293528856|12085794616
18356|0|30399|02/01/2024 13:24:12||35748|46762248664|99656191688
19645|0|12192|02/01/2024 22:37:38||2542|273571744|389204864
18319|0|50807|02/01/2024 13:05:36||36864|75201480240|161639025440
19646|0|55387|02/01/2024 22:38:08||2512|2560472|2841096
19052|0|83277|02/01/2024 18:22:38||17842|3739270600|5062821936
19092|0|28713|02/01/2024 18:40:54||16746|3503162840|4460648536
19093|0|67103|02/01/2024 18:47:49||16331|62311137552|132025109624
19467|0|35810|02/01/2024 21:17:09||7371|1453159352|1465427416
18090|0|99225|02/01/2024 11:28:12||42708|5398281408|5958513816
19486|0|17300|02/01/2024 21:25:19||6881|2883030968|3041707144
17124|0|57145|02/01/2024 04:38:48||67272|14268259032|20766521904
18109|0|11403|02/01/2024 11:37:41||42139|503777000|678877648
18842|0|39723|02/01/2024 16:47:41||23539|937144696|941867448
17959|0|13136|02/01/2024 10:24:55||46505|72709084648|58080274192
18802|0|41690|02/01/2024 16:21:38||25102|685773664|975438592
19549|0|36401|02/01/2024 21:51:21||5319|542245688|739872272
18962|0|26795|02/01/2024 17:49:08||19852|2528374480|3144179648
17093|0|31381|02/01/2024 04:27:17||67963|14745121216|16911449696
19550|0|43205|02/01/2024 21:52:14||5266|931472952|1135655432
19315|0|38286|02/01/2024 20:18:53||10867|1764954048|1931570560
18756|0|21827|02/01/2024 16:07:46||25934|5021747608|5062512544
19033|0|79687|02/01/2024 18:14:46||18314|8397014408|10228096992
18627|0|69686|02/01/2024 15:18:54||28866|7697371992|8435241656
18963|0|4266|02/01/2024 17:49:48||19812|1942588192|2798814888
19072|0|30505|02/01/2024 18:38:06||16914|10493389400|11147517360
18843|0|63794|02/01/2024 16:42:23||23857|1003149936|1132572008
19526|0|82821|02/01/2024 21:40:58||5942|323433528|422251992
19468|0|61975|02/01/2024 21:15:37||7463|2905468200|3305677776
18234|0|90370|02/01/2024 12:23:31||39389|5557613136|7664911680
18628|0|66645|02/01/2024 15:14:28||29132|3836232488|5688210936
19232|0|39927|02/01/2024 19:30:08||13792|29944165032|62029612816
19233|0|20016|02/01/2024 19:30:57||13743|42181608|56996552
18930|0|32294|02/01/2024 17:24:34||21326|2505192032|3114312560
17370|0|83926|02/01/2024 06:14:44||61516|26449160792|33958147984
17516|0|90910|02/01/2024 07:12:08||58072|19686426560|23187350432
18803|0|54549|02/01/2024 16:28:18||24702|2904016192|3172802352
18384|0|85555|02/01/2024 13:30:36||35364|78110244976|161012177384
18600|0|97084|02/01/2024 15:02:50||29830|10291153656|14969008616
19184|0|22859|02/01/2024 19:14:01||14759|396568272|404882512
19273|0|97830|02/01/2024 19:52:51||12429|1503385632|1637658552
19682|0|88502|02/01/2024 22:45:17||2083|9192859584|20114479952
19316|0|87020|02/01/2024 20:12:13||11267|2301595080|2316760832
17866|0|81151|02/01/2024 09:41:07||49133|7742612528|9679460464
19035|0|52373|02/01/2024 18:15:20||18280|20967104288|12081801800
18987|0|54120|02/01/2024 17:59:02||19258|7667380496|8264806656
19579|0|80781|02/01/2024 22:04:37||4523|283258840|336749512
18507|0|24393|02/01/2024 14:29:29||31831|6745489520|9433061144
19374|0|80798|02/01/2024 20:37:27||9753|2161830488|2966887744
19317|0|45845|02/01/2024 20:18:29||10891|822269872|1019713816
19375|0|7176|02/01/2024 20:32:30||10050|1413052320|1635927280
18685|0|13029|02/01/2024 15:36:39||27801|5075676304|5562949224
19013|0|36934|02/01/2024 18:02:59|02/01/2024 23:19:18|18979|7432907336|9154581008
18844|0|14069|02/01/2024 16:40:27||23973|87630012288|167748566632
18629|0|41862|02/01/2024 15:14:01||29159|6679171912|8730279944
19725|0|44497|02/01/2024 23:08:36||684|933011720|936282536
18757|0|4405|02/01/2024 16:02:11||26269|5113002464|7285271976
17790|0|45389|02/01/2024 09:14:45||50715|6840694856|6940375272
18867|0|93343|02/01/2024 16:59:43||22817|36979162816|85935620712
19429|0|83702|02/01/2024 20:59:07||8453|3784535904|5280480304
19580|0|60671|02/01/2024 22:06:51||4389|9822541280|28267595208
19036|0|94556|02/01/2024 18:10:26||18574|4186367648|5570597736
19344|0|88205|02/01/2024 20:26:10||10430|3386589184|3497002464
17960|0|67368|02/01/2024 10:25:51||46449|20138939368|23092105104
19053|0|77259|02/01/2024 18:20:29||17971|1395373192|1774463936
19487|0|96661|02/01/2024 21:23:42||6978|530063800|687045016
19581|0|86178|02/01/2024 22:06:11||4429|254198248|338249488
18708|0|89519|02/01/2024 15:49:03||27057|73056938904|189040264344
18734|0|77651|02/01/2024 15:53:49||26771|2243783680|2987968952
18845|0|11325|02/01/2024 16:43:06||23814|31129820568|74511038632
19504|0|55642|02/01/2024 21:33:32||6388|132810280|135401640
19376|0|10559|02/01/2024 20:36:04||9836|2954515216|4344074280
18988|0|38624|02/01/2024 17:57:15||19365|52470973040|107741726152
19627|0|98651|02/01/2024 22:21:48||3492|156121496|205842624
18261|0|39921|02/01/2024 12:30:44||38956|19423363448|23156969696
18561|0|36429|02/01/2024 14:43:24||30996|6689764392|8237022672
17770|0|91782|02/01/2024 09:04:57||51303|10584799640|10888904656
19094|0|9731|02/01/2024 18:43:39||16581|29085099984|78741835560
19274|0|40702|02/01/2024 19:51:04||12536|827931288|1034510336
19683|0|57772|02/01/2024 22:46:04||2036|172417040|225971664
17473|0|86096|02/01/2024 06:59:28||58832|184673443200|542038390936
19551|0|10021|02/01/2024 21:50:30||5370|98864048|141411664
19095|0|15671|02/01/2024 18:44:14||16546|11349373832|11703056800
19185|0|80900|02/01/2024 19:12:17||14863|1821614584|2340009248
17474|0|55313|02/01/2024 06:50:43|02/01/2024 23:16:31|59148|15711767152|18762321904
19748|0|55313|02/01/2024 23:18:11||109|71686864|81839712
18297|0|18593|02/01/2024 12:58:02||37318|20759659360|27156970104
17868|0|60247|02/01/2024 09:47:32||48748|7816642136|11335705816
18804|0|25586|02/01/2024 16:29:18||24642|1164864632|1570973888
18415|0|29693|02/01/2024 13:48:32||34288|11285664|15510792
19469|0|45528|02/01/2024 21:10:16||7784|21749292640|44802605776
19527|0|12799|02/01/2024 21:41:30||5910|2546176992|3457724904
18035|0|66920|02/01/2024 10:55:12||44688|26754208208|39370790848
17545|0|55731|02/01/2024 07:28:22||57098|2562240624|2882950464
19442|0|8522|02/01/2024 21:09:13||7847|126427552|185913896
19552|0|16861|02/01/2024 21:52:04||5276|149570432|172429856
18298|0|76584|02/01/2024 12:57:59||37321|19210515776|21630284568
18184|0|5632|02/01/2024 12:08:37||40283|7493664728|10525534440
19123|0|93398|02/01/2024 18:52:08||16072|6041862960|8894834864
19726|0|21544|02/01/2024 23:00:11||1189|566356880|589760424
18581|0|25742|02/01/2024 14:57:20||30160|5817228408|7271629192
18735|0|5573|02/01/2024 15:58:36||26484|4972920992|7002517512
18140|0|78455|02/01/2024 11:48:50||41470|16026478480|21100796600
19252|0|12626|02/01/2024 19:46:45||12795|767719776|771338040
18012|0|21856|02/01/2024 10:42:18||45462|21489107280|22975907376
17148|0|48466|02/01/2024 04:40:04||67196|8913911728|13312029456
19253|0|42379|02/01/2024 19:45:41||12859|357122560|385904832
18071|0|54035|02/01/2024 11:10:10||43790|2733350960|3401168632
18562|0|37232|02/01/2024 14:44:03||30957|5162200440|5994678568
19582|0|36505|02/01/2024 22:06:33||4407|7654835560|17611594312
17771|0|33434|02/01/2024 09:03:01||51419|2982217416|3292485040
19528|0|89878|02/01/2024 21:48:54||5466|1547371144|2183601688
19430|0|71826|02/01/2024 20:55:36||8664|1671393672|1815156640
17303|0|78405|02/01/2024 05:45:40||63260|219458615744|576816316048
19037|0|95715|02/01/2024 18:14:51||18309|989376904|1419972728
18907|0|97549|02/01/2024 17:18:05||21715|4401210464|5045689360
19684|0|54072|02/01/2024 22:45:03||2097|339633048|447021472
19727|0|13012|02/01/2024 23:07:07||773|2323976368|4403975616
18736|0|80903|02/01/2024 15:50:27||26973|30357921776|60544125160
18805|0|20461|02/01/2024 16:24:46||24914|1274358696|1897659768
19553|0|86957|02/01/2024 21:50:32||5368|35347144|50553624
17608|0|62538|02/01/2024 07:54:43||55517|2937239992|3980712464
19300|0|7155|02/01/2024 20:08:15||11505|103555176|106441656
19345|0|47480|02/01/2024 20:28:44||10276|3192368496|3441082928
18215|0|56779|02/01/2024 12:12:57||40023|4221735632|5226625384
18846|0|84557|02/01/2024 16:47:46||23534|60742599272|138854307064
18322|0|66334|02/01/2024 13:08:56||36664|91776577880|241211150960
18278|0|12099|02/01/2024 12:44:40||38120|5805469672|6243150784
17609|0|73017|02/01/2024 07:59:03||55257|101789619704|284274683144
19301|0|38351|02/01/2024 20:01:39||11901|1355871272|1596595296
18185|0|6918|02/01/2024 12:04:21||40539|12345666184|14672340288
18785|0|87312|02/01/2024 16:17:44||25336|5876784072|7616736920
18463|0|6302|02/01/2024 14:03:42||33378|5497497312|5607905424
19275|0|87788|02/01/2024 19:51:49||12491|1090700504|1117272816
19554|0|30325|02/01/2024 21:58:32||4888|763004344|877681760
19073|0|58758|02/01/2024 18:37:10||16970|996212904|1397981104
18806|0|11392|02/01/2024 16:25:39||24861|14341697936|15949478176
19470|0|72869|02/01/2024 21:12:57||7623|652321760|973903712
17546|0|45814|02/01/2024 07:27:20||57160|816504296|1027039504
18344|0|97683|02/01/2024 13:14:52||36308|1979428112|2129285864
18533|0|15140|02/01/2024 14:30:01||31799|6160888600|7038835640
18964|0|8691|02/01/2024 17:40:13||20387|687795648|769236376
19014|0|41487|02/01/2024 18:05:37||18863|9067806712|10311486184
18323|0|36156|02/01/2024 13:06:11||36829|53634250256|37157803992
18884|0|91770|02/01/2024 17:06:26||22414|5002790920|5280738648
19705|0|81865|02/01/2024 22:58:32||1288|987608728|1094552696
19647|0|69227|02/01/2024 22:38:40||2480|215924856|304270848
19555|0|9699|02/01/2024 21:54:18||5142|237742776|327813296
18632|0|78053|02/01/2024 15:10:06||29394|913539112|1299308072
17727|0|10022|02/01/2024 08:40:08||52792|8686349040|9197081776
17547|0|33659|02/01/2024 07:27:18||57162|7482456448|8471650808
19186|0|36613|02/01/2024 19:13:44||14776|1369299976|1466355144
19604|0|81175|02/01/2024 22:14:19||3941|120709800|159031584
19211|0|61780|02/01/2024 19:24:59||14101|1586709416|1844497488
18324|0|23997|02/01/2024 13:07:25||36755|9178467864|10814494312
19150|0|65242|02/01/2024 19:03:57||15363|1856769256|2126441256
18989|0|83574|02/01/2024 17:58:44||19276|84017487480|218192813440
17937|0|89409|02/01/2024 10:16:44||46996|55372506336|109457483864
19749|0|98621|02/01/2024 23:12:57||423|92148616|124728944
17938|0|68529|02/01/2024 10:18:28||46892|25556401424|33344799456
18602|0|5584|02/01/2024 15:01:20||29920|16308351112|23025629584
19124|0|11094|02/01/2024 18:53:33||15987|4134346184|5225157728
18661|0|52873|02/01/2024 15:23:59||28561|7949771568|11400561152
19685|0|95063|02/01/2024 22:49:29||1831|149685376|216603248
18141|0|22626|02/01/2024 11:46:19||41621|1445678688|1655418784
19505|0|7018|02/01/2024 21:38:45||6075|199479816|227661480
18633|0|37512|02/01/2024 15:18:38||28882|15239539872|15341207832
19318|0|35844|02/01/2024 20:19:54||10806|3895936688|3959792488
19254|0|40236|02/01/2024 19:49:23||12637|11042553184|7269877136
19628|0|36211|02/01/2024 22:20:24||3576|120892440|155124632
19471|0|72885|02/01/2024 21:17:56||7324|842428192|878489440
17125|0|96899|02/01/2024 04:36:13||67427|593064328|611230128
19151|0|50061|02/01/2024 19:09:40||15020|551490672|761666392
19583|0|71110|02/01/2024 22:09:13||4247|1645260272|2102705512
19015|0|55562|02/01/2024 18:07:59||18721|1576415688|1750445984
19629|0|7418|02/01/2024 22:21:01||3539|188729184|199719208
17939|0|45519|02/01/2024 10:13:22||47198|12393043144|12624410960
19488|0|86299|02/01/2024 21:21:45||7095|525353256|596692832
19686|0|19965|02/01/2024 22:48:45||1875|412185976|538050912
18821|0|40161|02/01/2024 16:39:06||24054|2529653424|2583872088
19605|0|98472|02/01/2024 22:10:18||4182|248958824|324024216
19346|0|68194|02/01/2024 20:24:07||10553|969920488|979792520
19187|0|49854|02/01/2024 19:10:20||14980|1396140824|2085052256
19443|0|81674|02/01/2024 21:07:39||7941|428348816|635560272
17149|0|82539|02/01/2024 04:40:46||67154|3604238232|4625981280
18236|0|47910|02/01/2024 12:28:32||39088|4666654032|6117124680
19235|0|85726|02/01/2024 19:31:21||13719|26083963392|74878286344
18387|0|3957|02/01/2024 13:31:40||35300|5304377504|5713998056
18947|0|44695|02/01/2024 17:33:26||20794|3813998832|5212861712
19188|0|13619|02/01/2024 19:14:38||14722|1125750160|1432690152
19255|0|42042|02/01/2024 19:40:05||13195|556943624|706648864
18465|0|17133|02/01/2024 14:07:13||33167|122773197608|270536032368
18416|0|81440|02/01/2024 13:42:27||34653|21669731832|25601584824
17896|0|75508|02/01/2024 09:56:23||48217|9947472312|11556981712
19074|0|60063|02/01/2024 18:38:09||16911|5399129584|7503977240
17517|0|31666|02/01/2024 07:14:27||57933|2699050928|3058854024
19276|0|39548|02/01/2024 19:54:40||12320|3075010096|3486730776
19236|0|56510|02/01/2024 19:31:10||13730|7277048856|10885075112
19506|0|75915|02/01/2024 21:32:07||6473|245309168|286214984
18013|0|45148|02/01/2024 10:49:30||45030|14777239264|19989759144
18868|0|91442|02/01/2024 16:59:54||22806|673384872|974148848
18759|0|20792|02/01/2024 16:00:57||26343|6405252552|12690684928
19648|0|77834|02/01/2024 22:37:19||2561|239103752|338492680
19319|0|37121|02/01/2024 20:15:35||11065|215992504|246143488
19347|0|79657|02/01/2024 20:25:53||10447|9124626600|13489456280
18948|0|82781|02/01/2024 17:34:58||20702|3474213224|3755719704
17730|0|55293|02/01/2024 08:43:31||52589|6928935688|10002813408
18164|0|89206|02/01/2024 11:57:16||40964|18008381816|19243876888
19687|0|27590|02/01/2024 22:40:28||2372|548737304|725015104
18388|0|92253|02/01/2024 13:35:31||35069|5950194040|8567408768
19489|0|11466|02/01/2024 21:28:48||6672|745186384|868912432
19630|0|11799|02/01/2024 22:24:44||3316|82786760|111981568
19688|0|91531|02/01/2024 22:40:13||2387|143214152|190641208
18325|0|42501|02/01/2024 13:05:30||36870|2648985872|3553532360
17870|0|95722|02/01/2024 09:47:34||48746|6291423392|8429192320
18822|0|89316|02/01/2024 16:30:30||24570|8763411376|13011535504
19256|0|68416|02/01/2024 19:49:19||12641|2432607992|2661937864
17962|0|47261|02/01/2024 10:28:28||46292|4015784176|5020674304
18534|0|90723|02/01/2024 14:39:11||31249|559691112|631742536
17812|0|19747|02/01/2024 09:25:17||50083|3364391800|3903958784
18932|0|35936|02/01/2024 17:29:26||21034|5220136160|6900248248
19750|0|54507|02/01/2024 23:17:20||160|4058640|4526472
17378|0|49346|02/01/2024 06:11:25||61715|7881030368|10915758712
18391|0|21026|02/01/2024 13:33:30||35190|7428290472|8444284024
18112|0|22037|02/01/2024 11:35:26||42274|2147772560|2331713656
17017|0|4441|02/01/2024 03:53:12||70008|37441540824|43825179936
17940|0|33554|02/01/2024 10:13:52||47168|80350716008|193575782664
18966|0|15632|02/01/2024 17:47:22||19958|7891625856|10175095416
19212|0|86647|02/01/2024 19:24:15||14145|3273366264|3732225016
18967|0|41871|02/01/2024 17:48:43||19877|7654204320|9691075880
18968|0|7207|02/01/2024 17:41:02||20338|4366575064|5202549728
18869|0|14734|02/01/2024 16:54:32||23128|3987479104|4189355488
19606|0|30801|02/01/2024 22:14:46||3914|235002872|290795552
18848|0|18827|02/01/2024 16:49:57||23403|1374970768|1553065800
17844|0|93551|02/01/2024 09:32:45||49635|20930385424|21510953064
19377|0|34171|02/01/2024 20:39:27||9633|1177404344|1515886320
19472|0|80671|02/01/2024 21:10:01||7799|3220657680|3692643688
18603|0|89289|02/01/2024 15:03:26||29794|8952182160|10573366944
19490|0|30802|02/01/2024 21:23:44||6976|771890768|837656120
18712|0|59591|02/01/2024 15:41:37||27503|7976923840|10244172120
18418|0|53609|02/01/2024 13:45:18||34482|3857601696|4568812136
18364|0|7346|02/01/2024 13:22:32||35848|4528259488|6136283408
19473|0|23643|02/01/2024 21:19:13||7247|262647152|269430576
17680|0|4571|02/01/2024 08:26:42||53598|4513336424|5933618320
18885|0|97195|02/01/2024 17:03:57||22563|1268064872|1565388192
19189|0|77547|02/01/2024 19:17:08||14572|444290408|581057176
18823|0|84629|02/01/2024 16:32:24||24456|1130852648|1628890600
18563|0|97014|02/01/2024 14:45:14||30886|77138091216|150630464720
19152|0|31637|02/01/2024 19:06:36||15204|619486280|650883656
19378|0|85054|02/01/2024 20:30:00||10200|3957126056|3975521048
19529|0|12382|02/01/2024 21:46:46||5594|1528421480|2276256688
18113|0|35300|02/01/2024 11:39:34||42026|1840808128|2464403352
19410|0|32359|02/01/2024 20:41:30||9510|1825430944|2693364712
18037|0|7108|02/01/2024 10:55:31||44669|14368853296|15215404608
19213|0|46049|02/01/2024 19:26:04||14036|1662054624|2393202320
19631|0|43357|02/01/2024 22:28:42||3078|292899400|388505168
18713|0|64565|02/01/2024 15:40:00||27600|8807189744|10284536344
19075|0|34436|02/01/2024 18:31:45||17295|6208039320|6486051464
17990|0|94877|02/01/2024 10:33:32||45988|5946479592|7157809712
19214|0|57313|02/01/2024 19:25:47||14053|1593780400|1637745856
19348|0|51793|02/01/2024 20:28:40||10280|8672592728|8878657664
19689|0|87765|02/01/2024 22:40:44||2356|125860296|156738912
18786|0|42420|02/01/2024 16:13:02||25618|24142447536|13508204600
19444|0|72076|02/01/2024 21:05:48||8052|16444534696|42041092216
17496|0|71414|02/01/2024 07:07:50||58330|17540121984|18738208352
18662|0|66574|02/01/2024 15:26:31||28409|77324847600|172724269544
18824|0|32519|02/01/2024 16:34:15||24345|4050155160|4612080632
18345|0|55774|02/01/2024 13:11:07||36533|10404312344|11025824312
19237|0|30269|02/01/2024 19:35:23||13477|526559104|594140328
18990|0|64809|02/01/2024 17:52:44||19636|13764969176|15688744560
18186|0|5293|02/01/2024 12:08:45||40275|3480245384|3953223304
17395|0|82164|02/01/2024 06:21:55||61085|20759453376|30957254776
19706|0|23279|02/01/2024 22:55:41||1459|458802552|546851032
18509|0|94231|02/01/2024 14:22:30||32250|9685452120|10563897216
19257|0|30128|02/01/2024 19:48:08||12712|1229898880|1399150256
19349|0|97245|02/01/2024 20:29:50||10210|2263897192|2527394432
18075|0|66723|02/01/2024 11:18:03||43317|6350743880|6513769264
18238|0|38245|02/01/2024 12:21:04||39536|7424655536|11061220528
19431|0|99013|02/01/2024 20:55:51||8649|3497456296|4961707064
18807|0|33117|02/01/2024 16:23:24||24996|1902234184|2672521248
19038|0|25214|02/01/2024 18:14:49||18311|7203905928|8419490432
19153|0|60261|02/01/2024 19:09:19||15041|2051397928|2463306640
19530|0|39694|02/01/2024 21:43:44||5776|1126261592|1289692992
17640|0|32313|02/01/2024 08:06:24||54816|26543684680|31876953376
18564|0|51683|02/01/2024 14:46:46||30794|479304792|650617544
19411|0|96840|02/01/2024 20:43:50||9370|3264478560|4410764592
18076|0|76706|02/01/2024 11:15:29||43471|1935785000|2505079944
18421|0|64939|02/01/2024 13:40:40||34760|2284062392|2733489960
18714|0|34656|02/01/2024 15:46:12||27228|10014503344|12622368728
19277|0|86308|02/01/2024 19:52:51||12429|29731509608|56370465720
17380|0|66039|02/01/2024 06:13:56||61564|15690103320|22137942320
19258|0|22415|02/01/2024 19:45:21||12879|3108311184|3344174584
18366|0|57831|02/01/2024 13:28:00||35520|11123938432|12009320680
18604|0|82438|02/01/2024 15:03:06||29814|7670101584|7994492752
18441|0|12734|02/01/2024 13:51:50||34090|4863120128|7027651504
18760|0|42706|02/01/2024 16:07:01||25979|2309830808|2704290672
19320|0|81922|02/01/2024 20:17:03||10977|2499827336|2781577576
18933|0|37455|02/01/2024 17:24:48||21312|1433817928|1665838680
19445|0|41100|02/01/2024 21:08:02||7918|2007132824|2055821120
18279|0|78649|02/01/2024 12:44:01||38159|18938987976|19382317232
19259|0|72116|02/01/2024 19:48:24||12696|4685184352|4731563800
18969|0|96328|02/01/2024 17:45:54||20046|3600654752|5269984024
18443|0|21834|02/01/2024 13:58:30||33690|3064757088|3664454608
18510|0|90329|02/01/2024 14:27:54||31926|64269281472|191075001672
18566|0|33283|02/01/2024 14:44:17||30943|2860801440|3082223208
18567|0|26103|02/01/2024 14:47:23||30757|1015222784|1111544888
18825|0|71547|02/01/2024 16:36:11||24229|1500089528|1510547016
19097|0|12623|02/01/2024 18:49:38||16222|4151218408|5640545528
19379|0|70023|02/01/2024 20:32:16||10064|2812780192|4039115016
18116|0|42392|02/01/2024 11:31:26||42514|4269771880|5315703096
18535|0|15492|02/01/2024 14:31:12||31728|106410106840|233886622640
18217|0|8672|02/01/2024 12:13:34||39986|6819813192|7996555064
17685|0|32980|02/01/2024 08:23:47||53773|61935485448|145462660472
19321|0|75783|02/01/2024 20:11:46||11294|2409852616|2796019336
19322|0|48155|02/01/2024 20:14:19||11141|632785672|718116120
19728|0|48473|02/01/2024 23:07:36||744|313690080|317323120
18606|0|80768|02/01/2024 15:08:22||29498|11736536576|13348200616
19154|0|94454|02/01/2024 19:01:19||15521|1823270608|2605995784
17686|0|6895|02/01/2024 08:23:55||53765|39236640976|44260408696
18738|0|77975|02/01/2024 15:55:27||26673|6783750624|7872990680
19260|0|95545|02/01/2024 19:45:23||12877|2278586472|2748007464
18607|0|36440|02/01/2024 15:07:49||29531|15527637216|17214237752
19304|0|8196|02/01/2024 20:02:50||11830|2374482256|2499231952
19531|0|24307|02/01/2024 21:40:29||5971|354297000|518409056
17899|0|16254|02/01/2024 09:55:14||48286|46395871752|121289303248
18536|0|24285|02/01/2024 14:38:42||31278|104199568192|242152740496
19707|0|68801|02/01/2024 22:51:40||1700|258294024|367444960
18537|0|7806|02/01/2024 14:31:10||31730|8978310536|9707688000
19039|0|52231|02/01/2024 18:14:45||18315|5694390184|6814786144
19215|0|4374|02/01/2024 19:20:52||14348|3930855608|4635930112
19507|0|85181|02/01/2024 21:36:26||6214|117974968|128199224
19532|0|25349|02/01/2024 21:44:45||5715|18735613760|35780513752
19018|0|98757|02/01/2024 18:04:31||18929|7095302008|7143616384
18739|0|50729|02/01/2024 15:50:23||26977|22546775648|26244658888
19216|0|20749|02/01/2024 19:26:03||14037|1238974912|1250332448
18608|0|44614|02/01/2024 15:07:01||29579|5608471304|6526863696
19126|0|97815|02/01/2024 18:55:37||15863|2160858424|3168813792
18908|0|35317|02/01/2024 17:14:27||21933|1036661496|1130508384
18142|0|24262|02/01/2024 11:46:02||41638|10403164248|13401242480
17662|0|83607|02/01/2024 08:13:00||54420|24845498320|26741708488
18188|0|25907|02/01/2024 12:06:17||40423|1537562040|1831386592
19649|0|14713|02/01/2024 22:37:26||2554|2268110392|3314607704
18511|0|83499|02/01/2024 14:27:11||31969|2140606256|2428492344
19729|0|35150|02/01/2024 23:00:45||1155|324442720|416139536
18488|0|41122|02/01/2024 14:11:12||32928|1773312600|2279659456
19380|0|68955|02/01/2024 20:39:54||9606|207169856|282719656
18808|0|59429|02/01/2024 16:29:00||24660|494270016|632658384
18761|0|44559|02/01/2024 16:07:01||25979|13521773464|15051091592
19650|0|49018|02/01/2024 22:35:20||2680|842954280|1037832216
17444|0|56861|02/01/2024 06:47:44||59536|5500325496|8107990128
18689|0|43993|02/01/2024 15:30:40||28160|18952956312|20756146344
19040|0|58268|02/01/2024 18:18:15||18105|1424533840|1996252152
18039|0|27338|02/01/2024 10:56:26||44614|7373461696|8882591504
18367|0|85851|02/01/2024 13:20:36||35964|1608233352|2375416544
19127|0|85349|02/01/2024 18:58:10||15710|757378216|1092520280
19651|0|81075|02/01/2024 22:31:23||2917|158679024|182454128
17281|0|64648|02/01/2024 05:32:20||64060|32793768768|45005687304
18468|0|91369|02/01/2024 14:03:17||33403|7604413856|10402262880
19238|0|11122|02/01/2024 19:37:07||13373|881649432|992996624
18582|0|78438|02/01/2024 14:52:32||30448|5817228072|6175352184
18887|0|73115|02/01/2024 17:08:26||22294|59201818032|112847559736
17963|0|49770|02/01/2024 10:21:55||46685|6956993472|9446645152
19098|0|84206|02/01/2024 18:45:39||16461|11215705120|12801068976
18971|0|41631|02/01/2024 17:49:54||19806|2057333680|2061298312
17688|0|85153|02/01/2024 08:29:32||53428|236462065800|503695618064
19056|0|36055|02/01/2024 18:22:58||17822|7775141704|8159056024
17497|0|31918|02/01/2024 07:09:11||58249|12457544472|16120742000
19190|0|13249|02/01/2024 19:11:26||14914|60955704|63300976
18787|0|70289|02/01/2024 16:16:42||25398|3561697488|3569524224
17445|0|16086|02/01/2024 06:45:29||59671|14782785544|20249718552
18489|0|56301|02/01/2024 14:14:51||32709|451258152|666593592
19381|0|87107|02/01/2024 20:39:13||9647|178955184|187730112
19556|0|6153|02/01/2024 21:50:53||5347|295465920|351518168
18168|0|73857|02/01/2024 11:53:16||41204|115222615808|304390014120
17615|0|65778|02/01/2024 07:55:28||55472|109650129720|207518869384
18788|0|21019|02/01/2024 16:19:13||25247|666193184|865447744
19751|0|29612|02/01/2024 23:14:26||334|79362360|81906112
19690|0|37027|02/01/2024 22:41:34||2306|264918224|335986904
19239|0|46855|02/01/2024 19:31:58||13682|221515064|302963792
19474|0|13064|02/01/2024 21:11:18||7722|1116679096|1142270816
19057|0|6776|02/01/2024 18:27:54||17526|6445387200|9348115136
17816|0|54720|02/01/2024 09:29:25||49835|7766124384|10371547144
19632|0|50750|02/01/2024 22:23:25||3395|724305824|976985792
18665|0|16280|02/01/2024 15:23:27||28593|12550199584|15660849248
18280|0|18658|02/01/2024 12:41:09||38331|3092627032|4463225952
18636|0|85960|02/01/2024 15:19:07||28853|33712496768|88924361912
19475|0|59724|02/01/2024 21:12:33||7647|2431842384|2983562848
17873|0|50288|02/01/2024 09:46:14|02/01/2024 23:15:33|48559|9742641048|9780330216
17522|0|97249|02/01/2024 07:11:18||58122|12582116176|14435560832
19557|0|81508|02/01/2024 21:58:24||4896|19308179128|39386964304
19099|0|4995|02/01/2024 18:43:12||16608|716832840|873660336
19350|0|49181|02/01/2024 20:25:32||10468|379593936|518280784
18189|0|37382|02/01/2024 12:08:00||40320|61223312848|36995746776
19652|0|16510|02/01/2024 22:32:25||2855|34020184|41771592
17731|0|57918|02/01/2024 08:41:31||52709|16100755344|16278683312
19476|0|79624|02/01/2024 21:16:08||7432|3403869312|3510528896
17689|0|42719|02/01/2024 08:29:44||53416|20692236312|21676014568
19653|0|94252|02/01/2024 22:37:19||2561|679321200|868473960
19432|0|73530|02/01/2024 20:50:26||8974|2781011032|2851418560
19128|0|25062|02/01/2024 18:51:38||16102|6403347912|9316331440
18240|0|92645|02/01/2024 12:29:13||39047|48512939968|144332855944
18281|0|12085|02/01/2024 12:48:45||37875|6021587136|6942743384
18395|0|38527|02/01/2024 13:31:52||35288|55981169640|164467882944
19155|0|56679|02/01/2024 19:02:03||15477|10550438136|14475046488
19019|0|46835|02/01/2024 18:03:27||18993|1344587816|1482012488
17752|0|48645|02/01/2024 08:54:30||51930|9793362624|10649102024
18715|0|61372|02/01/2024 15:44:58||27302|3292851616|3346528104
19508|0|17802|02/01/2024 21:34:34||6326|359724040|427938888
19129|0|6144|02/01/2024 18:54:58||15902|3223683368|3341975312
19305|0|59731|02/01/2024 20:06:45||11595|930513792|1057987376
19156|0|29486|02/01/2024 19:08:34||15086|6254055792|9100061592
19446|0|54905|02/01/2024 21:01:27||8313|6560457272|8725871384
19262|0|92449|02/01/2024 19:49:27||12633|1941492240|2597749264
17900|0|74606|02/01/2024 09:54:33||48327|1388621032|1856764368
19382|0|76991|02/01/2024 20:39:53||9607|1299673344|1503521416
17251|0|99981|02/01/2024 05:23:49||64571|15048280608|18791210952
18972|0|10919|02/01/2024 17:42:25||20255|1203388920|1745779536
18369|0|83555|02/01/2024 13:29:16||35444|519556152|746991264
19306|0|63988|02/01/2024 20:07:23||11557|6292919336|8186706488
18016|0|78954|02/01/2024 10:46:03||45237|8916684688|9930298056
18910|0|86831|02/01/2024 17:16:24||21816|3313095752|4531509872
18973|0|16612|02/01/2024 17:48:27||19893|9016048992|9289190848
17992|0|74187|02/01/2024 10:31:57||46083|1619790464|1722985184
19691|0|66099|02/01/2024 22:46:12||2028|111204848|157037984
19351|0|67317|02/01/2024 20:26:51||10389|1687738800|2307687960
18934|0|78514|02/01/2024 17:26:03||21237|1945069296|2618206776
19323|0|18073|02/01/2024 20:17:18||10962|10344428520|19858843848
17818|0|63004|02/01/2024 09:21:07||50333|11831422408|12300997280
18444|0|99591|02/01/2024 13:50:03||34197|16799502448|18231112840
18423|0|37896|02/01/2024 13:46:46||34394|108084373072|216355992088
19607|0|13874|02/01/2024 22:13:26||3994|336181936|471259528
19307|0|86624|02/01/2024 20:08:17||11503|4453307744|5705397960
18852|0|71602|02/01/2024 16:49:50||23410|920092536|1112522928
19708|0|85680|02/01/2024 22:56:17||1423|2935056296|8568447960
19352|0|5171|02/01/2024 20:23:07||10613|1076960960|1487120984
18789|0|13040|02/01/2024 16:14:11||25549|31964153552|84416540928
18305|0|6034|02/01/2024 12:52:17||37663|58794250440|153227633728
18716|0|7887|02/01/2024 15:43:13||27407|21045016288|22012058808
19709|0|79889|02/01/2024 22:52:56||1624|1276030600|1356302848
18950|0|47736|02/01/2024 17:36:33||20607|83157365824|178656223752
18093|0|5765|02/01/2024 11:20:23||43177|8883377600|11444758624
18040|0|17337|02/01/2024 10:56:42||44598|117063103688|311788919664
19353|0|31368|02/01/2024 20:22:09||10671|5440439920|7325096808
19076|0|51345|02/01/2024 18:35:59||17041|65020871888|145234473000
19278|0|81962|02/01/2024 19:57:47||12133|215326120|252387248
18790|0|42103|02/01/2024 16:12:06||25674|19562366504|28308991840
18974|0|24130|02/01/2024 17:40:54||20346|2246984760|3044734696
19584|0|93153|02/01/2024 22:00:07||4793|310429264|424838952
19217|0|79354|02/01/2024 19:26:42||13998|1303968944|1919855976
19585|0|79205|02/01/2024 22:02:06||4674|498504744|535889600
18513|0|61026|02/01/2024 14:24:14||32146|3546113008|3929630312
19383|0|58580|02/01/2024 20:38:31||9689|1817300784|2390788640
19654|0|94374|02/01/2024 22:39:46||2414|16975576|21778592
19710|0|43064|02/01/2024 22:56:57||1383|240662112|295710992
18809|0|48487|02/01/2024 16:20:33||25167|8722483408|9157190280
19509|0|29115|02/01/2024 21:31:06||6534|201051224|245693664
18912|0|67192|02/01/2024 17:11:41||22099|5768326800|8547649656
19241|0|13858|02/01/2024 19:32:54||13626|1996237456|2152323376
19633|0|87860|02/01/2024 22:22:55||3425|855599752|1206285872
18568|0|6009|02/01/2024 14:47:47||30733|6230797752|8046911768
19533|0|10483|02/01/2024 21:40:01||5999|340955144|437251280
18937|0|90250|02/01/2024 17:21:13||21527|3721026136|5334829960
18692|0|13155|02/01/2024 15:36:33||27807|3704508488|5251004816
19491|0|41686|02/01/2024 21:21:47||7093|2852047384|4061588168
19384|0|40447|02/01/2024 20:34:56||9904|1603733600|2159267728
18283|0|20961|02/01/2024 12:40:52||38348|23758061200|30032569192
19279|0|75227|02/01/2024 19:53:47||12373|91913344|124737912
18764|0|42629|02/01/2024 16:02:46||26234|12652623176|14230058496
18741|0|70346|02/01/2024 15:59:42||26418|3652587304|5329368504
19586|0|70569|02/01/2024 22:07:22||4358|106941352|140117752
18306|0|84422|02/01/2024 12:53:47||37573|18116629400|20860604384
19447|0|57299|02/01/2024 21:00:43||8357|683162744|735884872
19655|0|56614|02/01/2024 22:35:12||2688|497939512|501951256
18041|0|72304|02/01/2024 10:54:01||44759|19622865248|26149071000
17965|0|72445|02/01/2024 10:22:30||46650|5907375072|8182614064
19264|0|77182|02/01/2024 19:45:13||12887|4232800944|4880891280
19354|0|15301|02/01/2024 20:21:09||10731|1125228720|1619488160
19355|0|46825|02/01/2024 20:22:50||10630|7728683632|7974732312
18169|0|56312|02/01/2024 11:58:38||40882|3826145672|3968153288
18490|0|41285|02/01/2024 14:17:48||32532|2959108496|4215220200
17966|0|15873|02/01/2024 10:20:59||46741|23167958112|30300709528
19608|0|56825|02/01/2024 22:19:08||3652|185670768|239376720
19510|0|10797|02/01/2024 21:35:09||6291|9271542144|22093071824
17995|0|45755|02/01/2024 10:31:05||46135|3616614160|5406971224
17551|0|59905|02/01/2024 07:21:53||57487|23399925896|25743328592
19100|0|98961|02/01/2024 18:44:48||16512|4442931528|6131425416
19434|0|77390|02/01/2024 20:57:57||8523|3148941632|4677245760
18445|0|9063|02/01/2024 13:59:22||33638|63913591336|144037856376
18765|0|26265|02/01/2024 16:07:50||25930|7329337568|10069544912
19412|0|70496|02/01/2024 20:48:37||9083|4507696560|5140067088
19325|0|54206|02/01/2024 20:10:18||11382|27323091216|58362176776
18742|0|87900|02/01/2024 15:53:35||26785|49011106288|122062187328
19656|0|52498|02/01/2024 22:37:30||2550|448075136|539152064
18307|0|17617|02/01/2024 12:57:56||37324|23383144904|23708538992
19558|0|29622|02/01/2024 21:55:20||5080|4275936080|9645634008
17712|0|64031|02/01/2024 08:33:13||53207|30773184624|40886504920
19101|0|69277|02/01/2024 18:49:11||16249|5086218736|6180810952
18470|0|53041|02/01/2024 14:04:52||33308|40849627952|120743713280
18609|0|94004|02/01/2024 15:05:27||29673|9971662448|12417309344
17381|0|89561|02/01/2024 06:18:40||61280|19130535344|26578249072
18266|0|51411|02/01/2024 12:35:25||38675|3345081904|3488413760
18144|0|39563|02/01/2024 11:45:20||41680|5447415576|5469463544
18308|0|7740|02/01/2024 12:51:07||37733|17130773280|17485270096
17527|0|95245|02/01/2024 07:19:32||57628|56463882528|122052744432
18218|0|87562|02/01/2024 12:10:01||40199|9122302736|12855918704
19218|0|32447|02/01/2024 19:22:41||14239|29330958448|64936407848
18871|0|68258|02/01/2024 16:59:18||22842|687867856|754314184
18743|0|88441|02/01/2024 15:55:08||26692|13550361624|18699551128
18018|0|36306|02/01/2024 10:40:17||45583|9922905504|10783225976
17570|0|51234|02/01/2024 07:33:10||56810|9989177496|10276575720
19711|0|54967|02/01/2024 22:53:13||1607|209844448|262929272
19130|0|54041|02/01/2024 18:54:19||15941|1812039136|2054133680
19219|0|55135|02/01/2024 19:25:04||14096|3499078728|3609794416
18610|0|81191|02/01/2024 15:01:31||29909|9809532792|10199740056
19131|0|22160|02/01/2024 18:54:05||15955|7896458440|11428410872
18346|0|5554|02/01/2024 13:19:03||36057|3443183056|5127124096
19448|0|80716|02/01/2024 21:07:19||7961|1365226880|1428186560
18193|0|21659|02/01/2024 12:05:12||40488|3836148688|3880789112
18328|0|55659|02/01/2024 13:09:44||36616|501640888|548385992
19280|0|26980|02/01/2024 19:50:56||12544|3118006064|3261239504
19609|0|15875|02/01/2024 22:10:55||4145|376253608|438930720
19308|0|78184|02/01/2024 20:02:39||11841|4576224048|6279344720
19309|0|96811|02/01/2024 20:09:32||11428|133308680|149874624
19477|0|73330|02/01/2024 21:12:15||7665|676558960|916486136
18424|0|7739|02/01/2024 13:42:21||34659|2185607136|2617773800
19449|0|95455|02/01/2024 21:06:05||8035|5202044312|6271232496
18446|0|29468|02/01/2024 13:51:37||34103|2921518392|4104546064
19587|0|60664|02/01/2024 22:04:02||4558|277414856|351002400
19634|0|86252|02/01/2024 22:24:19||3341|198807056|264249200
18019|0|22215|02/01/2024 10:47:59||45121|16528253600|20573677024
17108|0|33840|02/01/2024 04:26:49||67991|5177325232|6925212384
19356|0|67139|02/01/2024 20:20:22|02/01/2024 23:16:24|10562|23384832912|55163014712
19413|0|77387|02/01/2024 20:43:05||9415|126770568|163666992
18241|0|53716|02/01/2024 12:28:35||39085|13130142288|18431084344
19730|0|15403|02/01/2024 23:05:57||843|58912640|60335688
17846|0|9025|02/01/2024 09:33:36||49584|39931997808|110510014928
19326|0|76199|02/01/2024 20:11:59||11281|34069531792|79185797440
19281|0|55717|02/01/2024 19:55:18||12282|62579352|86574208
19157|0|84376|02/01/2024 19:05:53||15247|639069744|925924320
19657|0|80480|02/01/2024 22:34:17||2743|9654689968|20353801320
18425|0|68489|02/01/2024 13:46:20||34420|14121825208|15741670608
19450|0|26294|02/01/2024 21:03:11||8209|3220313696|3369420104
17919|0|50578|02/01/2024 10:00:54||47946|6325225392|6503617224
19191|0|52658|02/01/2024 19:18:10||14510|1515122432|2052767160
18539|0|79522|02/01/2024 14:35:06||31494|2979575568|3104566304
18792|0|59647|02/01/2024 16:13:46||25574|3269159344|3686699296
18426|0|32116|02/01/2024 13:41:49||34691|79618704800|168715360136
19058|0|63187|02/01/2024 18:26:23||17617|526295224|557709552
18766|0|82732|02/01/2024 16:06:23||26017|996713024|1009405856
18951|0|16512|02/01/2024 17:35:34||20666|10386791384|12795844168
19242|0|40439|02/01/2024 19:37:02||13378|567901952|660010648
19192|0|46547|02/01/2024 19:12:38||14842|2024575152|2489645240
19193|0|88311|02/01/2024 19:15:56|02/01/2024 23:18:29|14553|767666096|1071379232
19752|0|88311|02/01/2024 23:18:54||66|2739784|3366952
19658|0|63083|02/01/2024 22:36:45||2595|82707960|123812328
19712|0|47912|02/01/2024 22:54:42||1518|542806280|717688144
19385|0|39715|02/01/2024 20:35:31||9869|1002860176|1302836344
19414|0|37917|02/01/2024 20:49:07||9053|926983600|1134532144
17616|0|15250|02/01/2024 07:55:13||55487|6790020416|6827776600
18992|0|84445|02/01/2024 17:54:01||19559|3159070928|3213877768
18330|0|94344|02/01/2024 13:08:58||36662|8020184952|9772627616
18121|0|97600|02/01/2024 11:34:45||42315|6129430376|7478340376
18719|0|64944|02/01/2024 15:46:28||27212|8614613880|12373298704
19559|0|46691|02/01/2024 21:55:29||5071|743041664|826343704
17775|0|80812|02/01/2024 09:03:25||51395|14983950720|15560319648
18889|0|97429|02/01/2024 17:00:13||22787|209860760|251413240
18309|0|8653|02/01/2024 12:58:00||37320|5519517864|7294051872
19492|0|54164|02/01/2024 21:20:42||7158|1492757384|1710714648
18514|0|41071|02/01/2024 14:28:41||31879|73488776488|139799528992
18042|0|67972|02/01/2024 10:58:29||44491|17157029488|25438988376
18693|0|8643|02/01/2024 15:33:13||28007|5673817880|6091293784
19132|0|75579|02/01/2024 18:58:01||15719|21232057328|53078026424
19282|0|40650|02/01/2024 19:58:22||12098|2647377280|3106463496
17876|0|67649|02/01/2024 09:40:48||49152|15995629304|17755501536
19220|0|24707|02/01/2024 19:21:11||14329|759796224|1101736848
16926|0|86567|02/01/2024 03:16:17|02/01/2024 23:15:29|71952|27620389648|34087661296
19753|0|86567|02/01/2024 23:16:52||188|43409080|55968592
19659|0|84441|02/01/2024 22:36:12||2628|766322760|827944152
19731|0|56819|02/01/2024 23:05:40||860|42961792|54671120
18993|0|9574|02/01/2024 17:59:18||19242|4797065056|5154011152
18584|0|29642|02/01/2024 14:58:31||30089|6953658968|9002098616
18637|0|51131|02/01/2024 15:10:44||29356|1030720888|1342325688
19386|0|55840|02/01/2024 20:38:13||9707|37129428808|96445698208
18094|0|84893|02/01/2024 11:27:52||42728|8781465632|12083137296
19560|0|94526|02/01/2024 21:53:57||5163|14145815280|30899259424
18540|0|44974|02/01/2024 14:31:49||31691|57268118144|127716872104
17398|0|14688|02/01/2024 06:21:05||61135|21937761696|31647941656
18872|0|73265|02/01/2024 16:52:16||23264|64191202264|141933081152
18854|0|11468|02/01/2024 16:45:45||23655|2757767464|3842871136
17714|0|61384|02/01/2024 08:37:27||52953|12335362504|15206370248
19732|0|29937|02/01/2024 23:03:59||961|591010304|613474360
17877|0|14573|02/01/2024 09:48:57||48663|4261104152|4996135816
18471|0|71253|02/01/2024 14:01:33||33507|2044595136|2600869168
18695|0|12030|02/01/2024 15:36:51||27789|9040202024|11181421744
18638|0|95438|02/01/2024 15:15:14||29086|10063656232|10249429184
18427|0|92744|02/01/2024 13:49:49|02/01/2024 23:12:26|33757|13467224376|17388437424
18491|0|78367|02/01/2024 14:10:33||32967|10197150600|11164027216
19610|0|40836|02/01/2024 22:10:02||4198|875752864|979357192
19134|0|72360|02/01/2024 18:56:14||15826|4872178968|6606760136
17645|0|54152|02/01/2024 08:05:41||54859|42497619952|50523411144
18244|0|67240|02/01/2024 12:21:35||39505|7857806368|9106998760
19327|0|81933|02/01/2024 20:12:32||11248|2215435392|3074832168
18696|0|13502|02/01/2024 15:35:13||27887|8459319120|9813366208
18639|0|56662|02/01/2024 15:10:38||29362|2421736552|3030601984
18828|0|40530|02/01/2024 16:35:24||24276|1645799480|1711174328
18720|0|15270|02/01/2024 15:46:58||27182|14669423784|18651501048
19243|0|26784|02/01/2024 19:36:01||13439|2188230072|2488902128
19611|0|77550|02/01/2024 22:17:31||3749|1191826000|1278960048
19660|0|16454|02/01/2024 22:36:32||2608|236116960|317212912
18914|0|30436|02/01/2024 17:14:17||21943|408886208|504783456
19661|0|87710|02/01/2024 22:31:48||2892|211586712|219140240
18994|0|36241|02/01/2024 17:55:32||19468|6219740304|7079267472
18767|0|57944|02/01/2024 16:04:25||26135|8989838096|10031468744
19387|0|50985|02/01/2024 20:37:32||9748|3889130160|4603649064
19415|0|9476|02/01/2024 20:44:23||9337|1894682848|2018330616
19754|0|64665|02/01/2024 23:17:42||138|53769504|58266264
18915|0|67711|02/01/2024 17:13:36||21984|48226633840|103840828008
19662|0|87332|02/01/2024 22:33:07||2813|1013687944|1048100128
17922|0|64641|02/01/2024 10:03:41||47779|22043092968|29239476040
18245|0|54452|02/01/2024 12:29:30||39030|3441113912|4438757688
19059|0|78895|02/01/2024 18:21:29||17911|2792388128|3082118728
18953|0|86888|02/01/2024 17:39:58||20402|8058413232|8771588872
18721|0|41678|02/01/2024 15:41:12||27528|3299355392|4249459080
19588|0|34339|02/01/2024 22:05:22||4478|3300201152|7994489400
18096|0|30094|02/01/2024 11:26:28||42812|8996216488|11499522024
17620|0|7952|02/01/2024 07:52:14||55666|57049317224|108977026968
19077|0|51101|02/01/2024 18:31:14||17326|3206736728|3723126504
19388|0|81927|02/01/2024 20:34:21||9939|4450192488|5764635936
19733|0|67642|02/01/2024 23:08:54||666|253032672|290358872
17283|0|83599|02/01/2024 05:36:26||63814|12741569264|17066794248
19021|0|75426|02/01/2024 18:07:36||18744|3582977104|4252228096
19511|0|67078|02/01/2024 21:32:05||6475|655270440|834453808
18855|0|39764|02/01/2024 16:42:14||23866|12324641984|14762197112
17450|0|24758|02/01/2024 06:43:12||59808|4179456840|4274744976
19512|0|13836|02/01/2024 21:38:27||6093|8815616104|18305779704
19416|0|46427|02/01/2024 20:41:50||9490|735625944|769921984
19635|0|62287|02/01/2024 22:25:19||3281|645206528|779558552
18668|0|80629|02/01/2024 15:24:22||28538|6478730752|7586970576
19103|0|67622|02/01/2024 18:49:00||16260|2676912832|1558069400
18058|0|98576|02/01/2024 11:01:47||44293|87786046264|188177141936
19535|0|71024|02/01/2024 21:43:31||5789|253910536|347539792
18722|0|70524|02/01/2024 15:43:02||27418|11417746120|12152837376
19078|0|46046|02/01/2024 18:39:36||16824|1317325800|1926562904
19451|0|34517|02/01/2024 21:08:13||7907|1851765040|2767768848
19283|0|25825|02/01/2024 19:51:24||12516|5034559648|6032524936
18669|0|45196|02/01/2024 15:20:32||28768|2839477016|2911562016
19536|0|12661|02/01/2024 21:41:16||5924|594909344|685490480
19357|0|64584|02/01/2024 20:24:38||10522|5380596992|5926743096
19328|0|67531|02/01/2024 20:18:23||10897|329605280|403292968
18349|0|52880|02/01/2024 13:13:53||36367|14673141696|18744982160
19663|0|36475|02/01/2024 22:38:11||2509|47356016|69362200
18569|0|38360|02/01/2024 14:48:21||30699|51330405248|105685208784
19755|0|34544|02/01/2024 23:19:58||2|0|0
19135|0|5960|02/01/2024 18:55:57||15843|2995181696|3773388472
19329|0|46741|02/01/2024 20:17:26||10954|1804990296|1818578256
17646|0|46420|02/01/2024 08:07:11||54769|18806878216|21395112128
18724|0|91756|02/01/2024 15:42:44||27436|6486104240|8378632992
19493|0|85010|02/01/2024 21:27:54||6726|806698240|917261448
18830|0|49336|02/01/2024 16:32:22||24458|4434165848|6313819144
18890|0|95669|02/01/2024 17:02:53||22627|620378280|841332792
19104|0|98481|02/01/2024 18:41:47||16693|25188185096|47566969568
18938|0|87755|02/01/2024 17:28:42||21078|654149728|873914928
18793|0|16851|02/01/2024 16:15:18||25482|998074504|1291123360
17999|0|17883|02/01/2024 10:32:24||46056|1106781744|1481816616
18492|0|59776|02/01/2024 14:15:48||32652|4220575920|4538595784
19734|0|36910|02/01/2024 23:07:57||723|2303521832|5025849008
18350|0|4388|02/01/2024 13:17:34||36146|5131585016|6595723344
17850|0|53922|02/01/2024 09:37:10||49370|11337652936|12342262632
17693|0|93076|02/01/2024 08:29:34||53426|21738444904|57464203448
17451|0|4039|02/01/2024 06:40:50||59950|119695723800|222724434192
17821|0|30711|02/01/2024 09:24:19||50141|15987135272|20317201992
19561|0|83742|02/01/2024 21:51:08||5332|1478679352|1646171024
18670|0|29976|02/01/2024 15:28:31||28289|8302433384|9694497240
19692|0|70727|02/01/2024 22:47:26||1954|194484784|216182816
18448|0|98324|02/01/2024 13:58:41||33679|10173586424|11757709416
17947|0|51824|02/01/2024 10:18:55||46865|9980377960|14375953816
19612|0|45083|02/01/2024 22:11:46||4094|759520656|830011064
18768|0|30705|02/01/2024 16:04:21||26139|12126747592|15808522856
19636|0|27218|02/01/2024 22:23:53||3367|221310200|297966920
18269|0|82121|02/01/2024 12:30:46||38954|17992721016|34826739608
19022|0|18146|02/01/2024 18:09:55||18605|1991062640|2727333416
18570|0|86390|02/01/2024 14:44:49||30911|9623572696|10633606328
19159|0|83232|02/01/2024 19:08:58||15062|2061997848|2169995640
19562|0|53872|02/01/2024 21:59:34||4826|354235616|410910184
18285|0|4860|02/01/2024 12:47:54||37926|6703956688|6782722744
17735|0|58021|02/01/2024 08:48:35||52285|4968278768|6389157640
17972|0|97500|02/01/2024 10:28:34||46286|14187485792|14997853872
18976|0|43612|02/01/2024 17:41:05||20335|5196465176|6434672104
17575|0|57039|02/01/2024 07:37:42|02/01/2024 23:12:41|56099|17315989584|21028510248
17532|0|26901|02/01/2024 07:17:39||57741|5940500864|6981075592
17694|0|31701|02/01/2024 08:24:59||53701|7714208016|8917355672
18044|0|7953|02/01/2024 10:58:39||44481|13344794416|19189974112
18429|0|84397|02/01/2024 13:45:51||34449|4637437632|6264589760
18769|0|50701|02/01/2024 16:04:08||26152|5065833408|5824575816
18811|0|28864|02/01/2024 16:27:42||24738|56448474712|166270691600
18060|0|35201|02/01/2024 11:05:42||44058|19228067552|25728026136
18286|0|31309|02/01/2024 12:43:04|02/01/2024 23:16:34|38010|1961266672|2024831696
19637|0|89071|02/01/2024 22:20:32||3568|519473728|745038688
18061|0|42113|02/01/2024 11:03:05||44215|13869099208|20554878832
19244|0|28838|02/01/2024 19:33:05||13615|21810325920|53124687552
19735|0|47404|02/01/2024 23:09:21||639|106993544|120552112
18585|0|26809|02/01/2024 14:58:50||30070|14401385112|17081466416
18612|0|8108|02/01/2024 15:06:06||29634|6741301864|9016037952
17879|0|15694|02/01/2024 09:44:34||48926|6352128176|8222137744
18770|0|52881|02/01/2024 16:05:56||26044|10572433576|13285384096
19713|0|12413|02/01/2024 22:52:29||1651|139699808|158774944
19736|0|54260|02/01/2024 23:06:15||825|149500448|204013472
18995|0|5710|02/01/2024 17:58:17||19303|5136054944|6231653968
17533|0|24600|02/01/2024 07:12:01||58079|11566693984|15670944984
18698|0|4204|02/01/2024 15:38:48||27672|6059774256|6888005208
18097|0|8950|02/01/2024 11:22:26||43054|116692729088|306743210752
19664|0|5407|02/01/2024 22:33:28||2792|965269552|739709144
18771|0|93380|02/01/2024 16:06:00||26040|6199217856|6488478136
19494|0|35530|02/01/2024 21:28:15||6705|968944088|1141754776
19563|0|40197|02/01/2024 21:58:41||4879|197596688|276670056
19160|0|75676|02/01/2024 19:02:10||15470|4524124120|5298804584
18640|0|11079|02/01/2024 15:15:00||29100|4423552936|4927766120
19284|0|24608|02/01/2024 19:54:32||12328|45139360504|86922035400
18699|0|94745|02/01/2024 15:35:28||27872|13953957376|16197047944
19060|0|28591|02/01/2024 18:26:35||17605|22851157920|43937735160
18062|0|56295|02/01/2024 11:07:24||43956|11006020688|15963713208
17973|0|91538|02/01/2024 10:29:58||46202|6023007008|8099160136
18939|0|98584|02/01/2024 17:20:14||21586|1993635472|2567987464
18725|0|68641|02/01/2024 15:49:08||27052|44790174360|130137544568
19665|0|29541|02/01/2024 22:39:32||2428|330930800|485365008
18270|0|71810|02/01/2024 12:31:57||38883|9390184040|9501795240
18494|0|22019|02/01/2024 14:10:17||32983|1765281480|1917281736
18671|0|22663|02/01/2024 15:28:36||28284|56978203760|117611018248
19195|0|71126|02/01/2024 19:17:49||14531|5487685528|7389723216
19079|0|7288|02/01/2024 18:32:50||17230|13546529256|14173398544
18518|0|76738|02/01/2024 14:25:59||32041|95402272288|231538898800
19564|0|68988|02/01/2024 21:51:52||5288|7893969688|20248014552
18399|0|5411|02/01/2024 13:36:16||35024|4066439320|4434926640
18063|0|85978|02/01/2024 11:09:06||43854|83391192192|206375501120
17777|0|83806|02/01/2024 09:09:18||51042|33746922640|39002096976
18873|0|90901|02/01/2024 16:57:57||22923|1672897560|2059885328
18977|0|69165|02/01/2024 17:41:19||20321|2854663256|3103968168
18744|0|85330|02/01/2024 15:52:07||26873|1660576784|2040810928
18874|0|10055|02/01/2024 16:54:35||23125|3571135016|4183393864
19041|0|5686|02/01/2024 18:12:02||18478|9784919304|9851698352
19042|0|98509|02/01/2024 18:18:56||18064|6372471224|7881598888
18893|0|30678|02/01/2024 17:09:24||22236|10953956160|13837704640
19023|0|34559|02/01/2024 18:03:37||18983|9532376456|14142031616
18334|0|77006|02/01/2024 13:07:26||36754|3877867840|4472570168
19161|0|69086|02/01/2024 19:01:13||15527|4606058096|6592950304
19737|0|24679|02/01/2024 23:04:41||919|298245504|399825008
18641|0|82233|02/01/2024 15:18:31||28889|2211193408|2988202816
19162|0|62577|02/01/2024 19:05:23||15277|1259177232|1413510520
18246|0|84504|02/01/2024 12:21:58||39482|11495109104|11749980296
18978|0|99657|02/01/2024 17:46:02||20038|13632291392|13734403816
19245|0|34115|02/01/2024 19:37:21||13359|365432960|387210448
19738|0|28052|02/01/2024 23:07:20||760|125298024|159627096
18541|0|45996|02/01/2024 14:34:05||31555|92374725848|186477652016
18856|0|7300|02/01/2024 16:47:42||23538|4108392000|4923677992
18613|0|82486|02/01/2024 15:06:39||29601|3891503920|5059452536
18614|0|5867|02/01/2024 15:03:31||29789|15281080|18328304
19136|0|72291|02/01/2024 18:56:39||15801|157585024|211579792
18894|0|86139|02/01/2024 17:04:59||22501|1614334296|2084261352
18916|0|17166|02/01/2024 17:15:11||21889|3960907488|5247433552
18148|0|75847|02/01/2024 11:42:54||41826|6728265864|6830920928
17696|0|41951|02/01/2024 08:25:16||53684|24626177416|27910870048
19061|0|16435|02/01/2024 18:26:49||17591|1340663064|1361891000
17923|0|54435|02/01/2024 10:05:38||47662|1069865808|1239002072
19565|0|47423|02/01/2024 21:51:19||5321|1012354816|1158141096
19714|0|66168|02/01/2024 22:58:27||1293|859390104|1019924096
19138|0|39733|02/01/2024 18:55:34||15866|2742285976|2915307600
19358|0|52399|02/01/2024 20:22:51||10629|3501482016|4735222032
18122|0|66019|02/01/2024 11:38:30||42090|1644341856|2384773184
18895|0|51702|02/01/2024 17:03:34||22586|13497035552|14809496840
19478|0|38904|02/01/2024 21:12:57||7623|2854687528|3087379256
19537|0|15981|02/01/2024 21:45:00||5700|63287928|78702736
18247|0|8079|02/01/2024 12:28:51||39069|8011126008|11048016672
18917|0|95288|02/01/2024 17:19:27||21633|2055940312|2500524536
19715|0|10292|02/01/2024 22:55:20||1480|175220880|178680472
18149|0|47706|02/01/2024 11:47:06||41574|1829037824|2133721944
17949|0|36037|02/01/2024 10:13:00||47220|85758443544|198635804336
18831|0|54757|02/01/2024 16:37:24||24156|2313673568|3074683656
18542|0|11886|02/01/2024 14:38:10||31310|10140384920|10962416064
19359|0|26244|02/01/2024 20:20:24||10776|4001364176|4308325680
18896|0|65452|02/01/2024 17:00:25||22775|6430651960|8378831520
