IdSession|IdPSX|IdSubscriber|StartSession|EndSession|Duartion|UpTx|DownTx
7421|0|37974|01/01/2024 06:09:44||14416|8039777528|10457850808
14397|0|74301|31/12/2023 12:26:24||78216|12210888472|12884977072
7299|0|87799|01/01/2024 05:10:52||17948|1741507752|2093574112
7706|0|85070|01/01/2024 07:54:41||8119|689532704|705095608
7277|0|62355|01/01/2024 05:06:14||18226|21732487576|57348022408
7733|0|49346|01/01/2024 08:01:44||7696|1091062904|1546259816
8082|0|53666|01/01/2024 09:56:47||793|2933193728|6272497792
7734|0|80501|01/01/2024 08:02:21|01/01/2024 10:05:24|7383|1350762904|1418875368
8121|0|80501|01/01/2024 10:06:54||186|4346920|4446136
5119|0|74669|31/12/2023 18:08:53||57667|3991846816|5207382480
8083|0|24528|01/01/2024 09:57:11||769|116787592|140638024
6801|0|85519|01/01/2024 01:49:13||30047|12652870144|14897361352
7327|0|82652|01/01/2024 05:27:30||16950|4181486928|4455992600
7442|0|59125|01/01/2024 06:15:55||14045|79269528|101053280
1794|0|86264|31/12/2023 19:59:48||51012|7857980008|8071054328
6890|0|96559|01/01/2024 02:26:08||27832|5703498832|6919068160
7892|0|77661|01/01/2024 08:52:31||4649|695808216|706876120
7467|0|25839|01/01/2024 06:23:35||13585|8787369928|11041354008
6711|0|21645|01/01/2024 01:02:16||32864|4764679784|6580605888
7557|0|53028|01/01/2024 07:03:05||11215|2970660696|3684511784
8052|0|38260|01/01/2024 09:41:18||1722|381914040|390929688
6644|0|54570|01/01/2024 00:38:11||34309|83897779184|189697051608
7558|0|59994|01/01/2024 07:07:29||10951|876155752|994930520
7422|0|8960|01/01/2024 06:03:52||14768|2205313072|2543207472
6912|0|59205|01/01/2024 02:36:50||27190|78857512120|166160924280
14429|0|83585|31/12/2023 22:17:03||42777|24205077616|30428514464
7278|0|4732|01/01/2024 05:06:12||18228|2296566368|2794159376
7328|0|45057|01/01/2024 05:21:34||17306|562962720|715409728
7223|0|59414|01/01/2024 04:48:00||19320|6074504408|6164677232
6988|0|25097|01/01/2024 03:00:08||25792|11375225680|13913246904
6937|0|65857|01/01/2024 02:47:24||26556|8412517584|8414632296
6989|0|60741|01/01/2024 03:06:51||25389|2029838392|3042757336
7300|0|47789|01/01/2024 05:14:00||17760|1370623952|1433942024
7537|0|45696|01/01/2024 06:54:43||11717|890501632|997000936
7773|0|17166|01/01/2024 08:16:04||6836|12978562968|36419626952
7122|0|9319|01/01/2024 04:07:52||21728|13541896360|17815015984
8053|0|27076|01/01/2024 09:45:58||1442|105857112|125588144
7952|0|63329|01/01/2024 09:19:44||3016|745101944|1076059792
7101|0|24952|01/01/2024 03:52:17||22663|9052183808|10935768624
7645|0|33912|01/01/2024 07:31:57||9483|1321108024|1610241960
7329|0|86402|01/01/2024 05:26:00||17040|33808558120|70768225712
7502|0|93219|01/01/2024 06:38:55||12665|1554496984|1768784648
7931|0|75263|01/01/2024 09:05:19||3881|1182181624|1189097336
8017|0|69235|01/01/2024 09:31:01||2339|17924688|25870872
7980|0|11366|01/01/2024 09:26:37||2603|1023122600|1460821240
8084|0|57595|01/01/2024 09:59:08||652|7462072|10822992
7538|0|30336|01/01/2024 06:56:10||11630|2730724432|3063826464
7590|0|54404|01/01/2024 07:14:09||10551|1436621072|1598621856
7350|0|92628|01/01/2024 05:36:06||16434|7743075160|9493611560
7539|0|37317|01/01/2024 06:59:29||11431|1337740688|1408335472
7735|0|83176|01/01/2024 08:06:44||7396|705661848|710236080
7072|0|68624|01/01/2024 03:47:39||22941|11544519336|12482394976
7503|0|50884|01/01/2024 06:39:07||12653|751731416|905692776
7618|0|71658|01/01/2024 07:20:56||10144|207913264|302172064
14454|0|66423|31/12/2023 13:06:07||75833|26992589576|35222158560
7893|0|42806|01/01/2024 08:54:37||4523|856255152|870836312
8054|0|25093|01/01/2024 09:44:20||1540|186754728|201337024
7707|0|61794|01/01/2024 07:50:47||8353|773834816|1150479096
14458|0|11120|31/12/2023 21:44:02||44758|9677793712|13836658616
6990|0|71383|01/01/2024 03:09:21||25239|3438768384|4254701080
7774|0|23638|01/01/2024 08:10:21||7179|438270432|569261800
14463|0|35546|31/12/2023 13:32:16||74264|1985761872|2531504336
7591|0|76483|01/01/2024 07:11:21||10719|223944528|318362112
7559|0|65812|01/01/2024 07:07:13||10967|2141753328|2413385952
7073|0|30881|01/01/2024 03:48:56||22864|16245487536|21899044808
7894|0|96132|01/01/2024 08:55:35||4465|537141312|553351448
6712|0|41896|01/01/2024 01:09:49||32411|14934339312|21278729400
7102|0|43101|01/01/2024 03:56:26||22414|7172880904|8107447176
7800|0|47660|01/01/2024 08:20:27||6573|3151477416|3355875960
7932|0|5259|01/01/2024 09:06:54||3786|209835712|268637128
7560|0|16048|01/01/2024 07:06:40||11000|1075250120|1420237448
14479|0|38204|31/12/2023 12:03:12||79608|12530344632|17677471320
7504|0|39037|01/01/2024 06:39:31||12629|2285871240|3276094808
8018|0|20682|01/01/2024 09:36:05||2035|23101256|28630584
6891|0|82492|01/01/2024 02:25:40||27860|3284066424|4509781208
7736|0|85076|01/01/2024 08:05:41||7459|2035149712|2513151984
6631|0|58783|01/01/2024 00:22:01||35279|3503205744|4995895376
6865|0|78898|01/01/2024 02:13:15||28605|610542256|659884432
5183|0|99136|31/12/2023 23:17:39||39141|13809564600|14520504224
7737|0|87164|01/01/2024 08:02:53||7627|3338941680|3573141408
7561|0|99739|01/01/2024 07:00:15||11385|17649156088|52008846968
8085|0|81147|01/01/2024 09:50:23||1177|74694520|99130576
7708|0|11390|01/01/2024 07:59:40||7820|1085034744|1534433640
6753|0|89313|01/01/2024 01:27:44||31336|6894852432|8095395960
7619|0|14175|01/01/2024 07:29:20||9640|633970840|715702232
7225|0|60137|01/01/2024 04:40:44||19756|18083783696|53319530104
5190|0|63873|31/12/2023 20:52:46||47834|12656019584|14337440096
14499|0|89902|31/12/2023 23:29:06||38454|7211532120|9989125128
6939|0|4719|01/01/2024 02:45:53||26647|56834168|63251616
7801|0|55333|01/01/2024 08:28:32||6088|1739107328|1911455224
14502|0|20349|31/12/2023 13:23:47||74773|8304174640|8938096304
7523|0|17160|01/01/2024 06:41:34||12506|3948537624|4614424976
7646|0|59576|01/01/2024 07:35:05||9295|521700832|693062272
6632|0|25130|01/01/2024 00:28:25||34895|4503102856|6201556904
7468|0|51885|01/01/2024 06:25:14||13486|2860428176|2882749280
7673|0|59735|01/01/2024 07:45:48||8652|21975866512|58561229664
7394|0|51212|01/01/2024 05:57:21||15159|2253892712|2669425016
7505|0|28628|01/01/2024 06:36:09||12831|2261122336|2348596648
6645|0|38258|01/01/2024 00:33:02||34618|79824348368|209468119400
1900|0|81488|31/12/2023 22:26:35||42205|101269342496|261130426832
7674|0|64295|01/01/2024 07:43:18||8802|535914456|705201288
7395|0|25275|01/01/2024 05:55:08||15292|49355805896|105409405248
7775|0|8347|01/01/2024 08:12:46||7034|479448680|561571192
5205|0|51526|31/12/2023 15:25:13||67487|7149391888|8861782880
14513|0|84546|31/12/2023 16:28:24||63696|2669289368|3248568704
7592|0|70042|01/01/2024 07:17:01||10379|288913192|421106984
6687|0|11287|01/01/2024 00:59:39||33021|8016021808|11135939280
7200|0|81133|01/01/2024 04:36:32||20008|3510229064|4960286168
14517|0|60049|31/12/2023 17:19:08||60652|38611379320|44637211832
7279|0|59631|01/01/2024 05:05:22||18278|3280740800|3434664112
1906|0|13992|31/12/2023 16:36:36||63204|9959512456|10158554976
7469|0|98839|01/01/2024 06:22:06||13674|18652703296|45213904688
7301|0|69853|01/01/2024 05:16:32||17608|1313450352|1434205416
7470|0|82791|01/01/2024 06:29:24||13236|9942884480|12465659960
6866|0|14428|01/01/2024 02:11:55||28685|4357559136|4794494888
7123|0|60031|01/01/2024 04:03:42||21978|10999580312|13296248152
7834|0|11546|01/01/2024 08:36:55||5585|1488530576|1922166192
7443|0|68039|01/01/2024 06:17:48||13932|9503269256|10319508248
7981|0|9432|01/01/2024 09:25:48||2652|791318176|1175290880
7330|0|61684|01/01/2024 05:22:05||17275|3576732960|3663333440
8019|0|67555|01/01/2024 09:30:16||2384|65246384|70833232
7423|0|44041|01/01/2024 06:03:47||14773|11047742560|11778166872
7444|0|35621|01/01/2024 06:15:40||14060|27907885120|55181379440
6779|0|71416|01/01/2024 01:37:26||30754|9674373728|11170171424
14535|0|57697|31/12/2023 22:39:42||41418|5735695416|8228461192
7246|0|49043|01/01/2024 04:54:28||18932|944512960|1031622512
7802|0|6758|01/01/2024 08:29:06||6054|2888338704|3981175904
6940|0|5281|01/01/2024 02:43:47||26773|4756133056|5388874624
8086|0|82843|01/01/2024 09:59:00||660|110161112|130416280
7835|0|10721|01/01/2024 08:36:58||5582|3450298848|4403987912
6941|0|47510|01/01/2024 02:44:47||26713|58714006648|125354653032
7124|0|91314|01/01/2024 04:06:45||21795|4272627576|4883623264
6611|0|23672|01/01/2024 00:15:17||35683|68553227152|154394104240
7647|0|96669|01/01/2024 07:31:52||9488|552116736|813592096
6633|0|95998|01/01/2024 00:27:34||34946|8708268448|9886970592
7226|0|48614|01/01/2024 04:40:39||19761|5270571192|5560992848
7709|0|73049|01/01/2024 07:59:13||7847|21117736096|51803729944
7227|0|86051|01/01/2024 04:48:05||19315|1560610576|1959417840
6956|0|24662|01/01/2024 02:54:18||26142|14517261576|15477864024
7074|0|34585|01/01/2024 03:46:41||22999|7726766136|9238614920
7506|0|23331|01/01/2024 06:35:25||12875|39110376|42780352
14556|0|36494|31/12/2023 21:19:26||46234|9343862904|13700824344
7675|0|29747|01/01/2024 07:40:24||8976|559447880|635831480
6646|0|16928|01/01/2024 00:32:19||34661|8004365576|9046837840
6688|0|78240|01/01/2024 00:50:36||33564|22855166328|25413800096
7139|0|32410|01/01/2024 04:17:17||21163|1441317560|2025708488
6780|0|58718|01/01/2024 01:30:25||31175|6400948832|9010598280
7165|0|14653|01/01/2024 04:28:26||20494|3329888576|3597953664
14565|0|85151|31/12/2023 13:52:02||73078|39711791968|43521622080
6728|0|57785|01/01/2024 01:17:09||31971|9814683360|13061152192
7302|0|93506|01/01/2024 05:18:10||17510|3724680784|4593558736
7676|0|75383|01/01/2024 07:48:27||8493|744070352|874767784
7524|0|64718|01/01/2024 06:46:46||12194|3671495176|3745180064
7351|0|10105|01/01/2024 05:37:47||16333|7667181576|11090058560
5253|0|92558|31/12/2023 19:20:11||53389|23286282312|30016804648
6647|0|78522|01/01/2024 00:32:43||34637|2144283296|2207711024
7803|0|98900|01/01/2024 08:22:40||6440|2848800640|3914452784
7051|0|72641|01/01/2024 03:34:13||23747|9728373728|13374618592
7247|0|41384|01/01/2024 04:51:17||19123|620238144|873479472
7012|0|47184|01/01/2024 03:15:57||24843|4361073696|4532158816
5258|0|31782|31/12/2023 16:58:19||61901|200950211456|560007261008
7445|0|36231|01/01/2024 06:14:25||14135|23654798848|58358459352
7075|0|31020|01/01/2024 03:48:02||22918|5885523256|8657875224
7052|0|37938|01/01/2024 03:35:39||23661|2865185136|3105177784
6612|0|36991|01/01/2024 00:11:21||35919|6899418792|7321532744
7166|0|26935|01/01/2024 04:29:22||20438|8135870200|9606585464
14584|0|40573|31/12/2023 20:51:50|01/01/2024 10:05:32|47622|3584591480|5224708408
7331|0|92118|01/01/2024 05:28:33||16887|3935851728|4258497408
7836|0|93818|01/01/2024 08:36:23||5617|1648666984|2267574840
7804|0|82453|01/01/2024 08:21:03||6537|473886472|672493680
7525|0|66047|01/01/2024 06:44:25||12335|3202216544|4638129688
5270|0|33231|31/12/2023 22:18:44||42676|9588378608|12438930568
8122|0|73845|01/01/2024 10:01:29||511|26506168|30503176
7982|0|14516|01/01/2024 09:24:40||2720|174870144|215508400
6729|0|50415|01/01/2024 01:12:52||32228|15879699728|18318006776
7013|0|94663|01/01/2024 03:13:21||24999|5692487648|5891392072
7167|0|10326|01/01/2024 04:29:53||20407|49198837928|113947793280
6781|0|46454|01/01/2024 01:34:43||30917|3966057816|4846417072
7837|0|27764|01/01/2024 08:36:51||5589|476468120|688771856
7953|0|77364|01/01/2024 09:16:15||3225|821309560|873052808
6754|0|79621|01/01/2024 01:21:57||31683|2292237568|2593609488
7620|0|74615|01/01/2024 07:29:22||9638|550924928|664535784
14598|0|6884|31/12/2023 23:39:50|01/01/2024 10:02:36|37366|6214393712|6244817528
7446|0|16276|01/01/2024 06:13:54||14166|2335767568|2660997320
6755|0|94862|01/01/2024 01:24:49|01/01/2024 10:05:55|31266|1077695624|1551985392
8020|0|77556|01/01/2024 09:31:47||2293|71426168|78195120
7621|0|28712|01/01/2024 07:25:28||9872|212858512|247136528
5283|0|76675|31/12/2023 22:45:34||41066|1860252368|2132827776
7595|0|5586|01/01/2024 07:12:56||10624|13443703712|29106484912
14610|0|31271|31/12/2023 23:15:47||39253|41283858672|49627480960
6802|0|60295|01/01/2024 01:49:28||30032|17993764336|21404499544
8087|0|25576|01/01/2024 09:58:31||689|10953368|12854032
5288|0|74337|31/12/2023 18:38:33||55887|16235042720|17560208640
6756|0|35340|01/01/2024 01:20:34||31766|2917789160|4055312552
14618|0|90836|31/12/2023 18:59:28||54632|15301746968|19385957112
7776|0|88799|01/01/2024 08:11:34||7106|1181810728|1289563384
6991|0|16548|01/01/2024 03:05:17||25483|6941136720|7626644984
8088|0|28599|01/01/2024 09:50:40||1160|30826584|38458856
6689|0|92612|01/01/2024 00:58:48||33072|12768402288|15780698296
7424|0|34312|01/01/2024 06:03:56||14764|7134765664|7175714008
7352|0|30933|01/01/2024 05:37:04||16376|1902511408|2357443640
6914|0|83343|01/01/2024 02:34:10||27350|4473766256|4869091424
7838|0|54478|01/01/2024 08:33:57||5763|1957940728|2169377448
14637|0|37157|31/12/2023 12:01:11||79729|25185717760|26402588368
6957|0|55584|01/01/2024 02:58:29||25891|4780907608|7093845752
7303|0|17145|01/01/2024 05:16:53||17587|3389881152|3547176496
8089|0|99295|01/01/2024 09:57:30||750|75082584|82830624
7076|0|10493|01/01/2024 03:40:06||23394|3744819000|5406239624
7103|0|67316|01/01/2024 03:50:37||22763|4489401288|4660904688
7622|0|15500|01/01/2024 07:20:37||10163|1105415512|1190399528
8055|0|70269|01/01/2024 09:40:20||1780|2918867496|8321131816
14661|0|59111|31/12/2023 17:43:27||59193|23937542752|29706247488
14662|0|91247|31/12/2023 19:15:22||53678|13021780360|16663856136
6667|0|92469|01/01/2024 00:43:15||34005|5226923144|6363068288
7031|0|89665|01/01/2024 03:21:18||24522|8041592576|11742515408
5311|0|40379|31/12/2023 23:46:38|01/01/2024 10:06:45|37207|2939792224|3724746424
8123|0|40379|01/01/2024 10:06:56||184|1685032|1862448
7353|0|38820|01/01/2024 05:37:12||16368|6553128192|9686905056
8124|0|57855|01/01/2024 10:03:01||419|10871560|14826488
7169|0|6957|01/01/2024 04:23:29||20791|78835877704|147988153248
6613|0|59348|01/01/2024 00:12:01||35879|3131141904|3699237688
6668|0|24430|01/01/2024 00:42:16||34064|8964685392|11084496032
2026|0|24261|31/12/2023 23:34:40||38120|48998433200|36295897136
7861|0|4122|01/01/2024 08:47:43||4937|20600776776|45065912808
7983|0|99654|01/01/2024 09:28:07||2513|623248824|835221144
7862|0|50055|01/01/2024 08:44:52||5108|1534184816|1846085344
7201|0|55411|01/01/2024 04:38:13||19907|959882448|1198009528
7170|0|93165|01/01/2024 04:23:13||20807|1135718936|1314907392
7648|0|87720|01/01/2024 07:33:45||9375|656891712|908615352
7077|0|70699|01/01/2024 03:41:59||23281|834999064|1072808944
7140|0|75232|01/01/2024 04:10:23||21577|7416121720|10646811352
8056|0|64821|01/01/2024 09:44:25||1535|147969112|165269712
7304|0|85082|01/01/2024 05:12:54||17826|577027848|680253592
6867|0|29923|01/01/2024 02:14:16||28544|1466844440|1877478560
5326|0|88644|31/12/2023 19:02:55||54425|12258223576|17492972360
7280|0|41962|01/01/2024 05:02:54||18426|1241927320|1603848656
7171|0|84833|01/01/2024 04:21:24||20916|6433274880|7425607672
6892|0|40282|01/01/2024 02:21:10||28130|49143420232|133534037000
7202|0|44361|01/01/2024 04:39:49||19811|1676995584|1682846424
14687|0|8712|31/12/2023 17:14:48||60912|10039109896|10779394976
5332|0|10027|31/12/2023 15:02:05||68875|3924645304|4344332360
7078|0|68721|01/01/2024 03:45:21||23079|15756037112|20753743768
7053|0|29280|01/01/2024 03:33:19||23801|10708007384|12409652328
14692|0|37519|31/12/2023 18:15:24|01/01/2024 10:07:35|57131|30649373000|32114212936
7738|0|94737|01/01/2024 08:02:09||7671|6735625848|7161762144
6868|0|96649|01/01/2024 02:19:01||28259|1814426128|2618545640
7104|0|26220|01/01/2024 03:52:58||22622|8837040432|11060508128
6916|0|73573|01/01/2024 02:35:20||27280|1385501016|1652546304
7954|0|91117|01/01/2024 09:17:19||3161|111653184|148281584
14701|0|70850|31/12/2023 21:39:16||45044|5607193472|7231072456
7933|0|48207|01/01/2024 09:03:34||3986|2481293968|3696156144
7934|0|91375|01/01/2024 09:06:23||3817|1148116648|1163371760
7623|0|60347|01/01/2024 07:23:57||9963|485017024|635095288
7281|0|75481|01/01/2024 05:02:41||18439|2391653048|2639075192
7739|0|47727|01/01/2024 08:07:07||7373|1461390552|2031813200
7984|0|66665|01/01/2024 09:24:37||2723|661157600|771591968
6731|0|15640|01/01/2024 01:12:26||32254|1037316672|1522735240
14708|0|97929|31/12/2023 23:15:43||39257|1903279896|2580162008
7805|0|93246|01/01/2024 08:20:14||6586|1721957832|1803667624
8021|0|47090|01/01/2024 09:37:18||1962|117428632|139812824
14718|0|86419|31/12/2023 23:19:23||39037|301350104|410844152
7895|0|86414|01/01/2024 08:59:25||4235|1072237456|1227756376
6869|0|6280|01/01/2024 02:10:32||28768|1967633648|2467184864
7839|0|46819|01/01/2024 08:39:48||5412|216113640|238494104
6992|0|17534|01/01/2024 03:02:30||25650|6704315504|9886154880
7282|0|54065|01/01/2024 05:01:41||18499|925953736|946180792
7985|0|86974|01/01/2024 09:20:45||2955|1336365432|1791469888
7624|0|49349|01/01/2024 07:21:43||10097|753578576|756544840
7305|0|89997|01/01/2024 05:15:29||17671|37306230936|85523133840
7840|0|39735|01/01/2024 08:33:25||5795|1146984536|1184669592
7710|0|91907|01/01/2024 07:56:49||7991|835089048|1069822600
7711|0|53819|01/01/2024 07:54:27||8133|16818868800|34537534808
6870|0|67772|01/01/2024 02:17:18||28362|4040372792|4323810392
14731|0|43289|31/12/2023 23:50:07||37193|1673910784|2069162656
7986|0|17109|01/01/2024 09:28:55||2465|121192752|123379184
6917|0|96145|01/01/2024 02:36:43||27197|219764712|236462488
8125|0|47180|01/01/2024 10:02:18||462|77206600|96620112
8022|0|35497|01/01/2024 09:33:50||2170|179826488|238393680
7396|0|34910|01/01/2024 05:58:16||15104|1709422544|2465870360
8126|0|33806|01/01/2024 10:07:46||134|36081944|51793992
7397|0|43637|01/01/2024 05:57:08||15172|3494984288|4641856648
7863|0|70485|01/01/2024 08:40:42||5358|875584520|935430368
7987|0|18173|01/01/2024 09:24:58||2702|3330092928|9955730616
14745|0|70576|31/12/2023 13:33:42||74178|11864546208|12054978320
6759|0|21573|01/01/2024 01:21:44||31696|7167511544|10550677600
7988|0|42861|01/01/2024 09:27:38||2542|147195232|204703248
6634|0|93139|01/01/2024 00:27:21||34959|159813848|168054664
6592|0|69571|01/01/2024 00:04:09||36351|940468368|1310587056
14753|0|97429|31/12/2023 14:29:33||70827|11329977464|14033245568
7740|0|64769|01/01/2024 08:03:28||7592|57983400|81249768
7741|0|96461|01/01/2024 08:04:23||7537|17893891688|43106856024
7896|0|98665|01/01/2024 08:54:05||4555|2294393944|2327541272
5384|0|73673|31/12/2023 18:15:37||57263|72031205736|152546576288
8090|0|74557|01/01/2024 09:55:13||887|32482848|33537184
5386|0|7301|31/12/2023 18:27:50||56530|3760965952|3916006096
7141|0|26593|01/01/2024 04:10:33||21567|13722783384|19584027032
7778|0|83536|01/01/2024 08:18:40||6680|2613038504|3069231864
7173|0|4513|01/01/2024 04:22:13||20867|2674022712|3102893040
7806|0|21733|01/01/2024 08:21:23||6517|10172869624|23759358760
7712|0|89274|01/01/2024 07:58:04||7916|1199662328|1357957616
7935|0|85876|01/01/2024 09:00:09||4191|644759888|675074552
7540|0|81050|01/01/2024 06:54:25||11735|628000456|733756280
7713|0|78922|01/01/2024 07:53:44||8176|131511688|189851664
6918|0|86917|01/01/2024 02:36:50||27190|609538352|765450704
7142|0|81151|01/01/2024 04:12:31||21449|41262148984|112013093448
7779|0|91653|01/01/2024 08:17:17||6763|2556653544|2775327304
6804|0|31001|01/01/2024 01:41:07||30533|21247032472|21623504912
7448|0|82926|01/01/2024 06:19:15||13845|834716456|915815008
7203|0|32908|01/01/2024 04:31:15||20325|3901076304|4400512488
7143|0|36817|01/01/2024 04:12:17||21463|11226064120|14850637240
8057|0|54327|01/01/2024 09:44:05||1555|792684024|899195800
8091|0|63427|01/01/2024 09:51:55||1085|72176016|73844552
2112|0|66378|31/12/2023 18:11:14||57526|4735839576|5312369984
7841|0|71810|01/01/2024 08:33:49||5771|805563512|1099405112
8092|0|50202|01/01/2024 09:54:20||940|27217832|29882296
7033|0|41825|01/01/2024 03:26:05||24235|15314219256|21839316480
7714|0|92737|01/01/2024 07:54:20||8140|15367254496|32416405632
7677|0|61911|01/01/2024 07:43:40||8780|247135544|247220568
6871|0|26405|01/01/2024 02:17:45||28335|6489474752|7764415144
7204|0|3894|01/01/2024 04:30:25||20375|8324188240|9023520984
7989|0|97358|01/01/2024 09:27:15||2565|902893976|982569776
7990|0|43846|01/01/2024 09:20:03||2997|641826688|881848224
14802|0|42803|31/12/2023 14:28:18||70902|10496709488|12961406864
7125|0|57579|01/01/2024 04:05:59||21841|35469517952|91012161368
2124|0|31738|31/12/2023 12:08:00||79320|11848245784|13439463144
6919|0|16738|01/01/2024 02:33:52||27368|700943632|861990608
5415|0|28470|31/12/2023 12:12:32||79048|9742705992|13665415968
7897|0|64019|01/01/2024 08:56:14||4426|369644184|501262480
6636|0|30099|01/01/2024 00:26:26||35014|1787966384|2176623688
14825|0|19792|31/12/2023 17:43:27||59193|28984778712|32225939056
8058|0|93774|01/01/2024 09:42:43||1637|489542480|712926912
8127|0|48678|01/01/2024 10:08:40||80|19930576|26462048
5420|0|40487|31/12/2023 21:43:25||44795|8013471832|9426770880
7174|0|11123|01/01/2024 04:20:26||20974|694837744|846145480
7898|0|9790|01/01/2024 08:54:59||4501|2479762880|2755302520
7542|0|12808|01/01/2024 06:53:51||11769|3587760232|3983467568
6827|0|42522|01/01/2024 01:59:37||29423|2258626608|2454643232
7144|0|56994|01/01/2024 04:12:52||21428|1964927584|2044011920
7842|0|34817|01/01/2024 08:33:11||5809|2201936648|3019940888
7307|0|26763|01/01/2024 05:14:50||17710|2411241464|2950477608
6617|0|95397|01/01/2024 00:19:30||35430|5737825584|6281182344
5431|0|50925|31/12/2023 15:12:37||68243|108760975688|225442846048
7354|0|74214|01/01/2024 05:39:32||16228|1554739744|2135274616
14843|0|69971|31/12/2023 19:57:54||51126|1617660624|2374457416
7355|0|91337|01/01/2024 05:35:38||16462|7663722992|8635897600
6893|0|76903|01/01/2024 02:23:15||28005|7945701128|9274137872
8059|0|21299|01/01/2024 09:40:59||1741|119497016|147442960
7864|0|99802|01/01/2024 08:48:16||4904|730108288|763262504
7425|0|35952|01/01/2024 06:00:06||14994|1945843536|2615865064
7016|0|20340|01/01/2024 03:18:38||24682|8550894576|8881909608
7375|0|97176|01/01/2024 05:45:28||15872|4939279160|7017293040
8128|0|66642|01/01/2024 10:01:51||489|21464120|28294832
7991|0|86893|01/01/2024 09:28:11||2509|241958760|347277048
7055|0|64535|01/01/2024 03:38:24||23496|2939037600|3965126592
7936|0|90151|01/01/2024 09:00:01||4199|3225614072|4516936544
7899|0|96448|01/01/2024 08:54:52||4508|2856436808|4074038304
2166|0|96996|31/12/2023 12:50:54||76746|17455957784|24264025640
7679|0|77865|01/01/2024 07:46:42||8598|859174104|1279801464
6733|0|10821|01/01/2024 01:18:18||31902|15707925880|22532437688
6872|0|56399|01/01/2024 02:12:24||28656|21577741048|24203630216
2170|0|81524|31/12/2023 17:58:57||58263|160248595520|384802650152
7715|0|79735|01/01/2024 07:57:52||7928|5242048|5746648
5451|0|93857|31/12/2023 19:02:17||54463|10505903224|12813315384
6807|0|98032|01/01/2024 01:47:10||30170|16895826696|23150333080
7563|0|69728|01/01/2024 07:09:49||10811|202717560|244667800
6692|0|65972|01/01/2024 00:54:42||33318|5778525336|8161162832
7807|0|59898|01/01/2024 08:24:45||6315|22496718304|55460854600
7955|0|26450|01/01/2024 09:13:06||3414|795164568|891288744
7426|0|88869|01/01/2024 06:04:48||14712|1915720888|1915772536
8023|0|48843|01/01/2024 09:30:40||2360|516574064|588944792
6873|0|31822|01/01/2024 02:15:03||28497|7553702560|8651278352
7333|0|92390|01/01/2024 05:24:29||17131|269197304|398869136
8093|0|77299|01/01/2024 09:51:09||1131|36412744|46869048
8024|0|86916|01/01/2024 09:36:25||2015|755614440|847370000
5465|0|25685|31/12/2023 21:34:54||45306|5151260776|6926133048
7780|0|67864|01/01/2024 08:14:51||6909|38011320|46565640
7564|0|89996|01/01/2024 07:01:37||11303|1189208024|1336007848
7334|0|70053|01/01/2024 05:24:55||17105|2578594640|2774602592
7956|0|51410|01/01/2024 09:10:54||3546|219201232|298716768
7231|0|72819|01/01/2024 04:42:50||19630|267932256|310848568
6874|0|85419|01/01/2024 02:16:16||28424|282715096|366351960
14894|0|21591|31/12/2023 15:56:40||65600|16550403616|20662575368
7449|0|69724|01/01/2024 06:16:50||13990|1651707344|2331518568
7992|0|54673|01/01/2024 09:25:57||2643|448180536|461750472
2192|0|82161|31/12/2023 14:11:12||71928|32612453048|42990630104
5479|0|97428|31/12/2023 23:01:06||40134|9669746680|14109230792
7808|0|76536|01/01/2024 08:26:43||6197|840304600|951790104
7596|0|4076|01/01/2024 07:11:34||10706|29493628096|57179424640
7471|0|86912|01/01/2024 06:21:38||13702|3356786904|3466381296
6942|0|61002|01/01/2024 02:49:10||26450|61039547456|142280652224
6808|0|95892|01/01/2024 01:41:58||30482|8328736168|11631772944
8060|0|14216|01/01/2024 09:42:19||1661|199323776|243736568
6649|0|94244|01/01/2024 00:33:35||34585|5315286696|6220944392
7283|0|50648|01/01/2024 05:09:21||18039|46173476368|109224662416
6783|0|65854|01/01/2024 01:38:59||30661|14171845456|19565473904
7356|0|59647|01/01/2024 05:30:55||16745|1989951008|2822107640
7681|0|69690|01/01/2024 07:47:54||8526|782144592|1131964360
14923|0|44230|31/12/2023 16:21:51||64089|8297567520|9425141072
5491|0|35479|31/12/2023 16:27:37||63743|27017175176|29442670120
7649|0|75757|01/01/2024 07:35:28||9272|1325055736|1398518464
7565|0|46140|01/01/2024 07:01:52||11288|2082206480|2709591808
7398|0|63740|01/01/2024 05:55:11||15289|7155843832|8741626136
7284|0|7309|01/01/2024 05:04:42||18318|55800366928|108781690304
7566|0|67432|01/01/2024 07:07:04|01/01/2024 10:03:20|10576|1277525976|1479491760
6875|0|65020|01/01/2024 02:13:13||28607|8908152064|9277173784
7232|0|90478|01/01/2024 04:43:14||19606|9427336128|9812562880
8094|0|62835|01/01/2024 09:59:54||606|11388568|15402264
6618|0|80460|01/01/2024 00:18:10||35510|12589000392|16933112200
8061|0|60476|01/01/2024 09:49:17||1243|371169064|395376968
14941|0|63560|31/12/2023 23:59:23||36637|5747836472|6312294824
7233|0|24713|01/01/2024 04:46:19||19421|1035641272|1275302896
7106|0|25048|01/01/2024 03:50:38||22762|7383693376|8427928656
7900|0|27227|01/01/2024 08:58:32||4288|339283848|362891016
14942|0|53087|31/12/2023 12:58:51||76269|32192098824|33173968392
8025|0|70487|01/01/2024 09:31:31||2309|256938456|259854960
8095|0|6879|01/01/2024 09:54:59||901|542904080|548809008
5505|0|80258|31/12/2023 18:15:12||57288|10957749136|12358081872
7597|0|70323|01/01/2024 07:15:07||10493|944506984|1150972752
7399|0|76076|01/01/2024 05:55:54||15246|3569815896|4415887840
7285|0|47934|01/01/2024 05:07:59||18121|3423433176|4508152208
7626|0|75947|01/01/2024 07:20:17||10183|163266320|234481424
7781|0|29227|01/01/2024 08:11:58||7082|9429712|13527280
7682|0|57621|01/01/2024 07:46:19||8621|114609784|115064640
6809|0|21811|01/01/2024 01:47:50||30130|421137664|610559400
7742|0|11099|01/01/2024 08:03:28||7592|123038080|174260176
7743|0|6911|01/01/2024 08:02:44||7636|468779696|657537056
7993|0|42847|01/01/2024 09:27:43||2537|761203120|883328872
7472|0|97624|01/01/2024 06:24:27||13533|2856445480|2869565296
7250|0|73867|01/01/2024 04:58:09||18711|1048813128|1189367440
8096|0|89298|01/01/2024 09:58:59||661|13715400|13846776
6959|0|14240|01/01/2024 02:55:36||26064|7800190032|9709819408
7107|0|87556|01/01/2024 03:56:12||22428|2645678152|3518176096
6693|0|71946|01/01/2024 00:51:07||33533|6016161192|6244226088
7035|0|11854|01/01/2024 03:24:59||24301|4422331952|6610875280
14967|0|48705|31/12/2023 13:01:20||76120|46887799400|62367508632
7598|0|47566|01/01/2024 07:11:48||10692|1645976920|2179496360
6694|0|93935|01/01/2024 00:59:16||33044|18436092128|20805592648
2270|0|70819|31/12/2023 21:20:22||46178|3542668928|3947394664
6669|0|75798|01/01/2024 00:45:33||33867|7497207648|8314278536
7508|0|88888|01/01/2024 06:30:45||13155|277777520|401593152
14972|0|53853|31/12/2023 16:32:54||63426|11070500216|11174027192
7809|0|97660|01/01/2024 08:25:05||6295|357040616|403090032
6762|0|57415|01/01/2024 01:24:55||31505|7554326504|11110196920
7865|0|70417|01/01/2024 08:41:50||5290|5341215112|15597952816
2285|0|49032|31/12/2023 18:37:20||55960|13342060128|15855099208
7627|0|3992|01/01/2024 07:29:46||9614|953339360|1062016464
6637|0|72308|01/01/2024 00:28:24||34896|89844763056|211416452096
8062|0|57089|01/01/2024 09:45:39||1461|62392400|73070104
8063|0|50307|01/01/2024 09:42:22||1658|216103448|289501680
7251|0|36401|01/01/2024 04:51:49||19091|2215243936|2965870368
7145|0|17546|01/01/2024 04:17:51||21129|1109207864|1499377472
7146|0|22879|01/01/2024 04:14:44||21316|3765989656|5424233392
7082|0|13835|01/01/2024 03:41:46|01/01/2024 10:01:47|22801|3171636080|4066091032
8129|0|13835|01/01/2024 10:02:46||434|13052200|15556240
7126|0|52676|01/01/2024 04:07:57||21723|3924992416|4502654160
14989|0|24183|31/12/2023 19:03:58||54362|13595875264|17401309728
7782|0|93921|01/01/2024 08:14:20||6940|7345202936|9456665184
7683|0|13972|01/01/2024 07:47:47||8533|48851960|71963744
7994|0|73294|01/01/2024 09:26:01||2639|597237040|692586576
7234|0|45025|01/01/2024 04:48:20||19300|523108344|623798496
7357|0|74976|01/01/2024 05:32:59||16621|5399429064|7170669632
7995|0|73120|01/01/2024 09:28:24||2496|571968056|838788832
7475|0|5401|01/01/2024 06:21:45||13695|15614352280|43199174160
15001|0|51065|31/12/2023 14:30:58||70742|39344826440|40956382040
7866|0|97025|01/01/2024 08:48:05||4915|1782691720|2441497344
7286|0|57478|01/01/2024 05:09:10||18050|7183065736|8021715968
7937|0|69752|01/01/2024 09:03:54||3966|4320191408|5357821952
7901|0|41512|01/01/2024 08:53:48|01/01/2024 10:04:30|4242|2935986464|3094353096
5558|0|82698|31/12/2023 18:23:20||56800|3123029424|3826021904
6944|0|26199|01/01/2024 02:45:58||26642|60641626352|129530012552
7843|0|64290|01/01/2024 08:32:33||5847|1416958968|1893523792
8064|0|82079|01/01/2024 09:47:20||1360|1195808704|1334622312
7509|0|99286|01/01/2024 06:31:41||13099|5970194264|7731794152
7783|0|92674|01/01/2024 08:12:17||7063|2551530776|2616990000
7957|0|82437|01/01/2024 09:13:30||3390|848396448|909751792
7083|0|77855|01/01/2024 03:44:33||23127|11523221864|13437616976
6620|0|84162|01/01/2024 00:12:44||35836|1084653848|1219454448
7844|0|6812|01/01/2024 08:35:39||5661|1281336608|1303929472
7902|0|94644|01/01/2024 08:57:41||4339|995390472|1284778200
7401|0|98465|01/01/2024 05:58:25||15095|13933970576|14699850448
7036|0|82855|01/01/2024 03:28:49||24071|9049477704|13234955056
7235|0|5372|01/01/2024 04:43:06||19614|4313308520|5191706128
7175|0|37387|01/01/2024 04:22:56||20824|670185408|701491320
7958|0|42095|01/01/2024 09:16:30||3210|1454697736|2126061240
6621|0|25393|01/01/2024 00:19:07||35453|13889874456|16898720544
7938|0|32548|01/01/2024 09:09:18||3642|742798968|1062248744
7599|0|95133|01/01/2024 07:10:41||10759|200775656|263673704
7903|0|46481|01/01/2024 08:52:08||4672|3108174152|4333158464
15020|0|62682|31/12/2023 20:27:20||49360|4196061528|5069520416
7402|0|18337|01/01/2024 05:52:21||15459|11299528856|14557196000
7904|0|49972|01/01/2024 08:51:40||4700|1552832904|1573849296
6848|0|13402|01/01/2024 02:09:43||28817|2789836056|2825923456
7427|0|38043|01/01/2024 06:00:38||14962|4639586784|5205987760
5584|0|92526|31/12/2023 23:53:07||37013|75184594328|157275516672
2324|0|64851|31/12/2023 17:06:06||61434|4239760432|4353153448
7811|0|64318|01/01/2024 08:24:30||6330|15886381312|35124260936
7308|0|79969|01/01/2024 05:12:15||17865|1867293544|2144281944
7376|0|9408|01/01/2024 05:47:55||15725|3530149536|4837168040
15027|0|80972|31/12/2023 15:12:08||68272|16690398592|20514405384
6596|0|34584|01/01/2024 00:03:25||36395|2216934048|2631630640
8130|0|61298|01/01/2024 10:09:07||53|3924792|4249744
8065|0|15558|01/01/2024 09:43:33||1587|547125392|714701784
7939|0|32304|01/01/2024 09:06:45||3795|1447894720|1580388360
7109|0|23312|01/01/2024 03:55:26||22474|37619581744|79279392736
6810|0|19240|01/01/2024 01:47:21||30159|11220821712|12818464016
7335|0|20031|01/01/2024 05:23:33||17187|1158773400|1687006296
2339|0|58846|31/12/2023 15:38:57||66663|28916676104|41074540056
15040|0|84421|31/12/2023 23:18:01||39119|2483764616|3043191088
8097|0|18018|01/01/2024 09:57:45||735|1015567032|2393912128
8026|0|16393|01/01/2024 09:37:37||1943|116608728|138840080
7959|0|44799|01/01/2024 09:13:31||3389|2332701216|3228130384
7744|0|98692|01/01/2024 08:05:28||7472|442415304|562841968
7377|0|54462|01/01/2024 05:41:36||16104|629428688|738732824
5605|0|66705|31/12/2023 15:53:37|01/01/2024 10:05:35|65518|22813201200|32125363760
8131|0|66705|01/01/2024 10:06:46||194|18120296|26295632
7358|0|14136|01/01/2024 05:37:45||16335|4065344216|4636903536
6597|0|73988|01/01/2024 00:01:44||36496|95602640384|187643476952
7206|0|75523|01/01/2024 04:33:45||20175|57559712|85678664
7567|0|52232|01/01/2024 07:00:23||11377|21576179632|48848271136
6993|0|82514|01/01/2024 03:09:11||25249|3252045520|3596017416
8132|0|53397|01/01/2024 10:06:23||217|3987624|5709264
6830|0|11651|01/01/2024 01:52:31||29849|2443018488|3404349600
5614|0|20167|31/12/2023 15:59:35||65425|25569491880|35989286272
15055|0|93252|31/12/2023 22:36:59||41581|21200655888|23826982208
15056|0|87489|31/12/2023 14:18:03||71517|34479840112|39138583040
7600|0|36550|01/01/2024 07:17:53||10327|3533476376|4409327152
7601|0|94561|01/01/2024 07:17:00||10380|689821936|835241080
6895|0|71680|01/01/2024 02:29:09||27651|5149092848|5439801176
7403|0|7726|01/01/2024 05:59:31||15029|1206241872|1313741088
6921|0|22979|01/01/2024 02:33:20||27400|141792856|183700584
5621|0|93283|31/12/2023 20:10:41|01/01/2024 10:06:08|50127|725473504|932120808
8133|0|93283|01/01/2024 10:06:21||219|22509936|25536920
7650|0|37181|01/01/2024 07:32:00||9480|397667864|490661064
7845|0|87833|01/01/2024 08:33:08||5812|3192789104|3948724232
7940|0|83858|01/01/2024 09:04:48||3912|273265296|339711144
15084|0|24050|31/12/2023 22:25:39||42261|127558014352|270940967472
7148|0|52485|01/01/2024 04:11:53||21487|2843818928|3688686368
7628|0|52091|01/01/2024 07:27:26||9754|306259072|340259096
6831|0|57543|01/01/2024 01:56:27||29613|33439707088|33942846840
8134|0|54758|01/01/2024 10:00:25||575|104967840|140615392
7568|0|37695|01/01/2024 07:00:02||11398|1686325232|1721173360
6671|0|88082|01/01/2024 00:47:32||33748|4124449664|4640433832
15090|0|95089|31/12/2023 22:49:28||40832|24335333616|28585573464
7253|0|35424|01/01/2024 04:54:31||18929|373917064|412275544
6598|0|15843|01/01/2024 00:00:41||36559|2108404960|2441269072
7905|0|69994|01/01/2024 08:57:01||4379|283160136|299742968
15092|0|51800|31/12/2023 16:44:22||62738|4188827448|5970922224
7476|0|53942|01/01/2024 06:29:54||13206|7852805624|7888034728
5635|0|38360|31/12/2023 14:56:25||69215|329574098808|639924496080
7378|0|23710|01/01/2024 05:47:26||15754|4224195904|5785689672
7110|0|60799|01/01/2024 03:58:36||22284|54877187000|146330223736
7428|0|89187|01/01/2024 06:06:42||14598|555648816|767356320
6811|0|73332|01/01/2024 01:47:02||30178|8201279784|10188910216
15099|0|62677|31/12/2023 23:25:52||38648|2674809656|3501904336
5639|0|58879|31/12/2023 15:19:54||67806|25425198776|29614842120
6850|0|58524|01/01/2024 02:00:21||29379|1700200944|1995974560
15102|0|58730|31/12/2023 14:10:48||71952|5875423856|7184508504
7111|0|63108|01/01/2024 03:56:09||22431|3573276432|5067920216
7960|0|13049|01/01/2024 09:14:10||3350|2062717688|2457918488
7784|0|77305|01/01/2024 08:11:48||7092|3368973496|4221878448
7429|0|57589|01/01/2024 06:06:55||14585|2364348128|2883454696
6672|0|15805|01/01/2024 00:43:26||33994|9736422120|12774131176
7812|0|12466|01/01/2024 08:21:48||6492|791738736|896799008
7477|0|41832|01/01/2024 06:26:20||13420|3801767224|4780379920
5650|0|34384|31/12/2023 22:04:20||43540|1079598488|1280147272
7287|0|67879|01/01/2024 05:02:12||18468|3822079912|4486720864
7179|0|85296|01/01/2024 04:28:45||20475|6829388048|8584006216
7813|0|43267|01/01/2024 08:23:18||6402|162158952|208820672
7084|0|57108|01/01/2024 03:45:25||23075|9502861520|13689260672
15123|0|88911|31/12/2023 13:46:40||73400|248847730456|482203996888
7309|0|50993|01/01/2024 05:14:56||17704|2159528552|2559222592
7254|0|79156|01/01/2024 04:56:55||18785|1315178832|1532862504
7867|0|77493|01/01/2024 08:42:11||5269|1988952528|2158650704
7785|0|15261|01/01/2024 08:14:39||6921|1381239424|1454059248
5658|0|86623|31/12/2023 12:58:59||76261|17699360408|25935351552
6763|0|79681|01/01/2024 01:25:34||31466|5116957432|7548679904
7941|0|36627|01/01/2024 09:03:57||3963|5085462664|9511053088
8098|0|45750|01/01/2024 09:51:41||1099|548848984|642746896
7651|0|19829|01/01/2024 07:32:24||9456|400542888|422865280
7717|0|33153|01/01/2024 07:54:07||8153|1742794912|2393629496
7961|0|86597|01/01/2024 09:12:29||3451|806209056|1059573632
8027|0|77343|01/01/2024 09:34:35||2125|488395504|687885736
15140|0|51755|31/12/2023 19:50:17||51583|192425928632|393536508848
7404|0|93848|01/01/2024 05:54:23||15337|381995928|465346032
7846|0|60463|01/01/2024 08:36:04||5636|4328552312|4619403640
7745|0|74013|01/01/2024 08:02:39||7641|921020680|1290394440
8066|0|29100|01/01/2024 09:46:59||1381|287329552|428087632
5671|0|79305|31/12/2023 19:33:28||52592|9530547952|11097813064
7962|0|39380|01/01/2024 09:10:40||3560|487908152|494956712
6851|0|91634|01/01/2024 02:05:32||29068|1620265768|1926866920
7814|0|53568|01/01/2024 08:24:44||6316|5269270744|6159487560
6673|0|93907|01/01/2024 00:46:02||33838|639299448|705363136
7815|0|47014|01/01/2024 08:22:33||6447|506752040|689591744
7255|0|28624|01/01/2024 04:54:33||18927|1114476808|1637331768
8067|0|14742|01/01/2024 09:47:37||1343|419071856|615418424
6852|0|89377|01/01/2024 02:08:24||28896|2006469600|2640187176
6833|0|72586|01/01/2024 01:57:41||29539|109282863376|203345100984
7127|0|13717|01/01/2024 04:03:56||21964|1956765360|2709991472
7037|0|39251|01/01/2024 03:24:08||24352|2581011112|3272228160
8068|0|49359|01/01/2024 09:44:14||1546|1012721904|1084759576
5687|0|13627|31/12/2023 15:03:42||68778|4297142552|5808506448
7478|0|90729|01/01/2024 06:21:45||13695|4346000232|5664641832
7288|0|49985|01/01/2024 05:05:27||18273|17118508256|37694951712
5690|0|33239|31/12/2023 18:20:44||56956|14378601960|21046787616
6622|0|32575|01/01/2024 00:19:04||35456|1560623264|2020650504
7652|0|10817|01/01/2024 07:32:52||9428|1677960984|2069426368
7359|0|4296|01/01/2024 05:31:09||16731|5369650072|5718793848
8135|0|5238|01/01/2024 10:07:56||124|62339992|67837336
15189|0|82474|31/12/2023 17:57:59||58321|85442003608|204959957352
6653|0|48037|01/01/2024 00:35:31||34469|2738907464|4100403520
7039|0|36071|01/01/2024 03:20:31||24569|8809407192|10272619016
7544|0|22758|01/01/2024 06:50:27||11973|1562053128|1643304720
8069|0|64117|01/01/2024 09:43:29||1591|41503928|44807456
7545|0|66806|01/01/2024 06:52:18||11862|4529017008|6714621312
2460|0|16310|31/12/2023 20:08:54||50466|17267068872|19932734936
7684|0|66209|01/01/2024 07:40:37||8963|276065752|379848056
7685|0|27134|01/01/2024 07:49:03||8457|4231090344|4821567984
7479|0|93577|01/01/2024 06:24:59||13501|6124867472|7471030568
7379|0|83444|01/01/2024 05:47:42||15738|2140319208|2324694208
8136|0|20158|01/01/2024 10:04:05||355|77447720|97626800
7746|0|5526|01/01/2024 08:09:18||7242|1562763768|2190170120
15202|0|7096|31/12/2023 19:42:00||52080|19917853840|22071697728
7569|0|3879|01/01/2024 07:02:40||11240|5726815256|6429778168
7816|0|61527|01/01/2024 08:25:38||6262|1057142800|1083804736
15210|0|67176|31/12/2023 19:30:14||52786|18953689192|21126580008
7718|0|84700|01/01/2024 07:52:18||8262|2315399488|2897553512
7405|0|38992|01/01/2024 05:59:06||15054|5863239232|7169762760
2480|0|3804|31/12/2023 12:54:25||76535|20091181848|21638797568
7256|0|99055|01/01/2024 04:50:04||19196|6129221488|7744898552
7510|0|15530|01/01/2024 06:38:33|01/01/2024 10:04:56|12383|312610608|339154216
15223|0|52740|31/12/2023 15:30:04||67196|8238212352|10466871504
7847|0|86599|01/01/2024 08:39:26||5434|826299920|982655472
7310|0|37082|01/01/2024 05:10:00||18000|1395365352|1694808248
6962|0|93545|01/01/2024 02:51:18||26322|7362856808|9775908952
5717|0|84155|31/12/2023 13:07:13||75767|1215332768|1465413864
7237|0|60316|01/01/2024 04:43:08||19612|6084661288|7698531200
7848|0|84826|01/01/2024 08:38:59||5461|1112607880|1662611568
7208|0|77115|01/01/2024 04:33:05||20215|1340309504|1642514464
7209|0|30851|01/01/2024 04:32:01||20279|452733912|670891544
6963|0|40845|01/01/2024 02:54:28||26132|4233739416|4872002728
7430|0|40655|01/01/2024 06:08:03||14517|2299763672|2630271432
2495|0|50506|31/12/2023 14:28:39|01/01/2024 10:07:21|70722|8081380584|10907108152
6695|0|94648|01/01/2024 00:52:50||33430|9664966784|11223224848
7906|0|7824|01/01/2024 08:50:36||4764|1904741120|2806753688
7210|0|75468|01/01/2024 04:30:20||20380|1794498552|2564639848
7570|0|37427|01/01/2024 07:05:14||11086|258765456|293828576
7996|0|71821|01/01/2024 09:21:24||2916|101324216|142891000
7406|0|67505|01/01/2024 05:54:57||15303|8358392280|19339909472
7527|0|36103|01/01/2024 06:40:14||12586|8380457592|8740704296
7238|0|18851|01/01/2024 04:45:11||19489|573714640|761437280
6812|0|74918|01/01/2024 01:43:39||30381|21167941384|23197320128
7719|0|64751|01/01/2024 07:59:50||7810|707971480|800508312
7360|0|97603|01/01/2024 05:32:28||16652|1062538672|1169732912
15264|0|8097|31/12/2023 15:38:20||66700|24070492752|33240498024
5731|0|38989|31/12/2023 14:10:08||71992|8672376472|10008674040
8099|0|85185|01/01/2024 09:55:51||849|61867320|65573144
6764|0|57109|01/01/2024 01:22:48||31632|7976704536|8715341368
15266|0|87346|31/12/2023 18:55:50||54850|3750847648|3773657120
15270|0|73504|31/12/2023 20:37:36||48744|143231528448|312803253416
7997|0|26361|01/01/2024 09:24:25||2735|605223760|852204240
15276|0|74728|31/12/2023 18:16:01||57239|20379645120|25451562696
7511|0|77675|01/01/2024 06:34:11||12949|1164711496|1625090224
15277|0|9006|31/12/2023 16:24:44||63916|7991860736|11401937960
6696|0|14526|01/01/2024 00:57:34||33146|8816664880|9671660320
7546|0|90068|01/01/2024 06:57:46||11534|3972858208|5319304680
7211|0|41286|01/01/2024 04:37:25||19955|7937145264|11378874784
7868|0|46783|01/01/2024 08:44:01||5159|1230135056|1474498800
7057|0|37021|01/01/2024 03:37:23||23557|3665327552|4032499896
15285|0|74143|31/12/2023 13:50:30||73170|14716366328|20247349304
6995|0|15140|01/01/2024 03:02:11||25669|12524562616|13626790808
6877|0|81360|01/01/2024 02:10:20||28780|38095555120|96433183216
5745|0|64326|31/12/2023 22:33:10||41810|10016890808|12403113264
6996|0|32456|01/01/2024 03:06:32||25408|6007828072|6387192320
7817|0|52587|01/01/2024 08:26:40||6200|3872459832|9967664848
7653|0|72622|01/01/2024 07:30:11||9589|894454792|1053029928
5750|0|91944|31/12/2023 15:11:16||68324|12462306200|15003822208
6945|0|89679|01/01/2024 02:48:32||26488|1336643336|1940403040
7654|0|72403|01/01/2024 07:33:08||9412|442220728|507040408
6965|0|19178|01/01/2024 02:55:34||26066|139156384|164921984
6736|0|10537|01/01/2024 01:18:35||31885|2888566360|3259286616
7512|0|40603|01/01/2024 06:39:35||12625|2314782248|3130291960
7017|0|86607|01/01/2024 03:13:26||24994|72952154160|169180228768
7818|0|26748|01/01/2024 08:22:25||6455|2399298856|3180541264
7528|0|61221|01/01/2024 06:45:38||12262|1790510296|2079124584
7720|0|89958|01/01/2024 07:53:04||8216|521336424|524681200
7747|0|74715|01/01/2024 08:02:11||7669|838734776|962430808
7869|0|53347|01/01/2024 08:41:08||5332|715551944|741932808
8028|0|82959|01/01/2024 09:36:20||2020|794637712|914761288
6835|0|53452|01/01/2024 01:53:38||29782|4201298336|5977563272
7480|0|4867|01/01/2024 06:22:56||13624|948540768|1108041752
5768|0|95449|31/12/2023 13:19:40||75020|16663738400|22870425192
7380|0|13398|01/01/2024 05:49:39||15621|3260893888|4874514280
6997|0|33874|01/01/2024 03:01:10||25730|3730591832|4207189112
7040|0|83628|01/01/2024 03:24:50||24310|7903773352|10083645032
7149|0|51188|01/01/2024 04:15:11||21289|1459891744|2001549784
6836|0|93708|01/01/2024 01:50:37||29963|5300060144|5720540288
5773|0|66448|31/12/2023 21:09:49||46811|15082863424|20280774656
6697|0|95931|01/01/2024 00:54:39||33321|827634584|874912560
7547|0|40723|01/01/2024 06:51:43||11897|207201264|276174680
7998|0|72619|01/01/2024 09:20:15||2985|5674948496|12030245352
7529|0|45898|01/01/2024 06:40:01||12599|2049231296|2877897616
7571|0|37992|01/01/2024 07:00:17||11383|3367646576|4648021936
6966|0|55162|01/01/2024 02:58:48||25872|48398703240|92906333424
7819|0|62081|01/01/2024 08:25:24||6276|5468498272|7721206880
7572|0|8183|01/01/2024 07:05:08||11092|5351430888|6560940680
7870|0|64866|01/01/2024 08:44:38||5122|804385920|959600176
7259|0|95348|01/01/2024 04:58:16||18704|9900418360|10505490608
7999|0|73062|01/01/2024 09:26:09||2631|1296828256|1333747920
6896|0|4636|01/01/2024 02:22:26||28054|5878792992|7150890664
6878|0|26752|01/01/2024 02:18:01||28319|4538198168|6163645488
6837|0|34760|01/01/2024 01:55:30||29670|9003333312|11665458672
7451|0|39264|01/01/2024 06:18:13||13907|48022295688|114480422704
7289|0|93332|01/01/2024 05:06:30||18210|2316137408|3425951320
7087|0|15993|01/01/2024 03:43:15||23205|19715915536|21485312176
7871|0|21135|01/01/2024 08:41:43||5297|470638112|633813760
8137|0|58204|01/01/2024 10:05:25||275|62474416|73277224
7181|0|80078|01/01/2024 04:25:20||20680|3225044744|3643996984
7112|0|30506|01/01/2024 03:50:04||22796|6909945184|8963025056
15368|0|46180|31/12/2023 14:29:51||70809|20298936440|27498584616
8100|0|36498|01/01/2024 09:57:21||759|10766504|14034816
7655|0|36976|01/01/2024 07:34:56||9304|710947192|886907368
5809|0|64889|31/12/2023 17:28:56||60064|21920398464|25292683312
15381|0|25313|31/12/2023 17:54:40||58520|47862052880|58190183960
2603|0|39989|31/12/2023 20:40:11||48589|6214200368|7950895488
7748|0|13437|01/01/2024 08:02:39||7641|16696197176|31199558312
7088|0|39330|01/01/2024 03:48:52||22868|4488907560|5377610704
7452|0|7520|01/01/2024 06:12:18||14262|517911128|562099112
7656|0|78553|01/01/2024 07:38:27||9093|352773520|426614560
7059|0|85187|01/01/2024 03:33:11||23809|2204215832|4303511888
7721|0|33929|01/01/2024 07:50:55||8345|1700834888|1833285624
6968|0|80530|01/01/2024 02:55:34||26066|1428481712|2015094816
7872|0|39615|01/01/2024 08:45:33||5067|1719715960|1778441024
7686|0|92076|01/01/2024 07:45:43||8657|3540200576|5213331560
7907|0|26853|01/01/2024 08:50:13||4787|587788840|880560576
7942|0|71600|01/01/2024 09:08:54||3666|4446487216|4925216064
7481|0|72960|01/01/2024 06:27:56||13324|1975585704|2477494656
6923|0|47991|01/01/2024 02:35:37||27263|87911899528|179620061896
7849|0|12077|01/01/2024 08:33:49||5771|353169928|427970048
7602|0|23508|01/01/2024 07:18:01||10319|21739965952|49375967872
7290|0|81599|01/01/2024 05:01:32||18508|2027340376|2281455752
7408|0|90524|01/01/2024 05:54:33||15327|75968840|110441904
7548|0|58345|01/01/2024 06:50:24||11976|3875019760|4873910104
6838|0|63519|01/01/2024 01:51:35||29905|10649014752|14995729624
7722|0|39760|01/01/2024 07:55:53||8047|578956408|658413624
5831|0|53913|31/12/2023 20:28:26||49294|30471052840|42391712512
8029|0|27053|01/01/2024 09:33:11||2209|412157864|431750016
6785|0|9829|01/01/2024 01:33:24||30996|6155676056|6178990336
7723|0|82153|01/01/2024 07:57:54||7926|2085199960|2841442648
7060|0|56154|01/01/2024 03:36:05||23635|3573667304|4810809416
8101|0|18965|01/01/2024 09:51:21||1119|62763304|63413720
8070|0|87016|01/01/2024 09:44:48||1512|222975224|229013712
5838|0|56152|31/12/2023 19:59:46||51014|23885554928|29531372232
6897|0|98182|01/01/2024 02:22:58||28022|11382761584|14450532864
6786|0|55547|01/01/2024 01:36:21||30819|2627411992|3030485560
7963|0|93018|01/01/2024 09:14:38||3322|506321000|680698288
7151|0|66591|01/01/2024 04:18:27||21093|7619026088|10767642928
7629|0|77560|01/01/2024 07:24:20||9940|602441008|691823776
7212|0|16071|01/01/2024 04:33:54||20166|8664576456|12269899960
7381|0|16175|01/01/2024 05:46:10||15830|2665512136|3552770376
8102|0|56321|01/01/2024 09:53:53||967|165878704|174459088
7183|0|33949|01/01/2024 04:21:18||20922|1713990280|2545802880
7657|0|18551|01/01/2024 07:37:28||9152|455898792|495130664
8030|0|49345|01/01/2024 09:39:03||1857|53969144|77299280
7018|0|74222|01/01/2024 03:17:44||24736|74247738072|173279253416
7786|0|16914|01/01/2024 08:17:47||6733|1552707312|1911263904
6787|0|25872|01/01/2024 01:37:58||30722|13904433096|16977804664
6738|0|74794|01/01/2024 01:12:49||32231|79675571752|166132591544
6623|0|95843|01/01/2024 00:16:28||35612|3971885976|4441833624
7943|0|47501|01/01/2024 09:00:17||4183|1902373488|2432280840
7944|0|98824|01/01/2024 09:06:51||3789|2096230656|2385190200
7908|0|55895|01/01/2024 08:54:24||4536|2596775760|3747902472
7909|0|71522|01/01/2024 08:54:49||4511|1158987176|1336386208
2649|0|38215|31/12/2023 20:06:19||50621|34734837144|35480676608
15431|0|46123|31/12/2023 23:01:50||40090|895406800|1261307528
5862|0|78328|31/12/2023 22:01:15||43725|120439721432|264389085008
7336|0|74259|01/01/2024 05:20:57||17343|220697400|261025584
7291|0|10110|01/01/2024 05:04:56||18304|5688436184|7766136384
7603|0|52004|01/01/2024 07:19:24||10236|5257372944|10221070712
5865|0|55258|31/12/2023 21:18:19||46301|1177482224|1500130520
7687|0|12441|01/01/2024 07:46:35||8605|17056528768|43001337872
6624|0|30630|01/01/2024 00:18:37||35483|9471607584|13692222456
5868|0|73835|31/12/2023 19:23:47||53173|936750376|1186010496
6813|0|78433|01/01/2024 01:43:36||30384|8006405280|8791961104
7019|0|75025|01/01/2024 03:19:06||24654|8055625784|10546827776
6625|0|72204|01/01/2024 00:16:21||35619|12189366160|14425425816
6898|0|95706|01/01/2024 02:23:30||27990|256966128|369398688
7482|0|14275|01/01/2024 06:22:54||13626|360541800|463336432
6925|0|43904|01/01/2024 02:38:40||27080|8627895536|11591458024
6739|0|29712|01/01/2024 01:13:45||32175|6112377712|8165204280
7113|0|39364|01/01/2024 03:54:37||22523|4351992808|5071092064
8138|0|99645|01/01/2024 10:09:19||41|4838664|5261888
2673|0|48746|31/12/2023 17:58:15||58305|8084269544|11322834336
15453|0|12922|31/12/2023 14:10:28||71972|4614999728|5680552048
7945|0|6171|01/01/2024 09:00:06||4194|205202968|221529328
7787|0|17759|01/01/2024 08:13:35||6985|1330981952|1639777008
8031|0|95893|01/01/2024 09:39:05||1855|9064896|9200024
5881|0|84865|31/12/2023 16:49:25||62435|13261947080|18816950776
6814|0|48767|01/01/2024 01:47:20||30160|3371211096|4156489112
6815|0|10465|01/01/2024 01:43:32||30388|31603377984|31681834136
7337|0|38388|01/01/2024 05:22:09||17271|3671157312|4057714376
6657|0|39302|01/01/2024 00:32:34||34646|113141262888|300089359848
6969|0|25702|01/01/2024 02:59:30||25830|7479019880|10580455744
7184|0|48296|01/01/2024 04:20:02||20998|9942799584|10079366528
2682|0|73922|31/12/2023 23:17:46||39134|2436483528|2756623416
15466|0|14554|31/12/2023 18:52:15||55065|6924367320|9368340040
2685|0|81411|31/12/2023 22:53:06||40614|27211144160|80349842848
7873|0|99359|01/01/2024 08:46:05||5035|1309622936|1760809168
8103|0|90367|01/01/2024 09:56:22||818|181802680|198996536
7910|0|26390|01/01/2024 08:53:51||4569|928375136|1109459888
6880|0|83370|01/01/2024 02:17:06||28374|73094925808|218379378488
6740|0|22544|01/01/2024 01:14:38||32122|3253562760|3446165168
7239|0|26628|01/01/2024 04:49:18||19242|2504518896|3483827704
6970|0|65677|01/01/2024 02:54:59||26101|1671493784|2379170720
15483|0|28393|31/12/2023 21:18:22||46298|155823922984|306424410568
7000|0|16695|01/01/2024 03:06:51||25389|6050763920|7727528408
6899|0|67214|01/01/2024 02:21:52||28088|65710240792|158625998056
7114|0|90732|01/01/2024 03:50:51||22749|2407943768|2655094656
8104|0|15557|01/01/2024 09:52:29||1051|61088392|77102128
7454|0|40511|01/01/2024 06:16:29||14011|7763160624|7805772264
7483|0|86192|01/01/2024 06:23:09||13611|5956500144|7754262544
8139|0|34412|01/01/2024 10:00:33||567|20776536|21854192
7630|0|78500|01/01/2024 07:24:27||9933|1563175128|2271124584
15499|0|23436|31/12/2023 17:22:22||60458|12114678024|15529292328
7312|0|48911|01/01/2024 05:18:05||17515|826201216|979570448
6678|0|58536|01/01/2024 00:40:22||34178|9928450544|14317776784
6853|0|73069|01/01/2024 02:04:26||29134|1819672040|1923050168
7964|0|50002|01/01/2024 09:13:09||3411|429806992|505575312
7152|0|27884|01/01/2024 04:19:44||21016|418269584|438383968
7484|0|32952|01/01/2024 06:24:33||13527|6400467792|8212885256
5915|0|15102|31/12/2023 15:08:12||68508|202376244576|425619217232
2719|0|87730|31/12/2023 18:42:36||55644|4094506768|4304226976
8071|0|78689|01/01/2024 09:45:33||1467|273832688|281164024
7788|0|74346|01/01/2024 08:10:01||7199|490690360|727374000
7631|0|98973|01/01/2024 07:27:08||9772|291119904|318469352
8032|0|60433|01/01/2024 09:36:54||1986|118256272|134015136
7574|0|65491|01/01/2024 07:06:33||11007|20914001688|42128859016
8072|0|78709|01/01/2024 09:48:21||1299|94728320|96838496
7089|0|48741|01/01/2024 03:43:30||23190|6022971024|7705778360
6900|0|64434|01/01/2024 02:21:44||28096|3181066000|4610012176
15511|0|6662|31/12/2023 20:45:36||48264|23506782048|34275520144
15512|0|16812|31/12/2023 14:49:26||69634|5786875584|7629000568
8033|0|71562|01/01/2024 09:32:48||2232|5036575632|9480216584
2732|0|84330|31/12/2023 20:12:30|01/01/2024 10:08:12|50142|12982646616|15640698888
7820|0|41706|01/01/2024 08:26:02||6238|140150608|205811616
7001|0|55644|01/01/2024 03:02:23||25657|4175443296|5001984912
5929|0|50061|31/12/2023 17:21:36||60504|17838708488|20280925832
7261|0|83758|01/01/2024 04:52:12||19068|5822165936|8239199112
15525|0|75667|31/12/2023 22:24:35|01/01/2024 10:02:46|41891|58904253864|152510962808
8140|0|38313|01/01/2024 10:05:23||277|38974912|48025856
7965|0|88332|01/01/2024 09:14:57||3303|233965808|255550176
6854|0|73136|01/01/2024 02:05:50||29050|330005224|373084872
7549|0|95901|01/01/2024 06:50:45||11955|121963360|176610544
7338|0|96892|01/01/2024 05:25:56||17044|6961613800|7486929640
5936|0|9945|31/12/2023 12:36:24||77616|37400259336|39986553344
7688|0|87026|01/01/2024 07:45:46||8654|30103210728|65125770784
7749|0|79887|01/01/2024 08:00:21||7779|630835544|893735064
7513|0|31000|01/01/2024 06:34:53||12907|18136779640|36649721672
7339|0|71511|01/01/2024 05:26:25||17015|2254437992|2656026928
7485|0|47965|01/01/2024 06:20:52||13748|2966959864|4146211080
7789|0|83405|01/01/2024 08:19:21||6639|1147400760|1606803592
7340|0|39011|01/01/2024 05:21:31||17309|812625976|856926160
7486|0|4972|01/01/2024 06:26:04||13436|5741517808|6400834792
15563|0|92212|31/12/2023 12:19:29|01/01/2024 10:06:41|78432|16770783376|17205694240
7043|0|79268|01/01/2024 03:28:59||24061|11465370104|14242012224
7115|0|62744|01/01/2024 03:58:37||22283|5141764528|7595185856
7790|0|85291|01/01/2024 08:16:29||6811|868531344|1054564456
7946|0|17728|01/01/2024 09:01:38||4102|577803352|797891904
2776|0|32920|31/12/2023 23:04:14||39946|8912779064|11431754992
7240|0|65088|01/01/2024 04:40:27||19773|2117701832|2819302904
7313|0|4535|01/01/2024 05:14:48||17712|29398696384|81543734176
6626|0|89551|01/01/2024 00:14:31||35729|6307083512|9222004072
15573|0|48714|31/12/2023 14:47:14||69766|8760659536|8840780832
8000|0|73483|01/01/2024 09:26:18||2622|39513296|48948064
7487|0|66299|01/01/2024 06:27:08||13372|39094730080|79500540624
7604|0|64998|01/01/2024 07:19:09||10251|3817155592|4392575832
7153|0|65987|01/01/2024 04:16:03||21237|14731672680|40549450584
7128|0|94873|01/01/2024 04:03:13||22007|22121665752|23072135600
15578|0|76428|31/12/2023 12:14:49||78911|17668099336|26211819648
7455|0|50225|01/01/2024 06:19:32||13828|38978029664|100708148472
7575|0|99134|01/01/2024 07:02:53||11227|1992341368|2778628368
7241|0|65370|01/01/2024 04:43:35||19585|1789686440|2055408928
7821|0|93244|01/01/2024 08:25:44||6256|3569130904|3899395832
15591|0|46086|31/12/2023 19:08:36|01/01/2024 10:07:16|53920|1906724744|2150717608
5961|0|25673|31/12/2023 20:58:20||47500|13000517304|13186638824
7431|0|64610|01/01/2024 06:05:58||14642|2521074312|2754092616
8001|0|48483|01/01/2024 09:28:34||2486|201304|218152
5964|0|43934|31/12/2023 12:55:23||76477|33790005072|50052971560
6971|0|6966|01/01/2024 02:57:36||25944|68576496352|169234874880
7689|0|38932|01/01/2024 07:41:31||8909|12421504848|26706054336
7090|0|44017|01/01/2024 03:44:00||23160|10078736568|14854297656
7634|0|4685|01/01/2024 07:25:49||9851|348161440|413614176
7966|0|17172|01/01/2024 09:19:36||3024|484331352|506353056
7292|0|47698|01/01/2024 05:07:38||18142|1635104344|2204445472
7658|0|99120|01/01/2024 07:37:52||9128|870144224|1208604640
7750|0|64838|01/01/2024 08:09:08||7252|14696736088|33588447576
8034|0|14009|01/01/2024 09:36:24||2016|78807744|81426168
7659|0|49278|01/01/2024 07:33:23||9397|1221876760|1822528192
7383|0|14238|01/01/2024 05:48:56||15664|3014154288|3708082864
7967|0|12956|01/01/2024 09:13:56||3364|613684336|831663576
6766|0|81020|01/01/2024 01:28:13||31307|8286749432|11975530880
7690|0|97158|01/01/2024 07:41:37||8903|3099647960|4004376584
6790|0|54461|01/01/2024 01:33:11||31009|11756768600|15014446328
8105|0|75069|01/01/2024 09:54:06||954|3563608|4179864
8106|0|92593|01/01/2024 09:50:19||1181|80953592|83282448
7635|0|39893|01/01/2024 07:23:29||9991|5750631120|15056709184
8035|0|60185|01/01/2024 09:38:55||1865|473261656|509164872
7116|0|97433|01/01/2024 03:52:33||22647|16478462096|17222667568
7003|0|98573|01/01/2024 03:00:24||25776|4619078008|5674902984
5989|0|39654|31/12/2023 16:08:44||64876|18127168976|24595582192
8036|0|5442|01/01/2024 09:38:36||1884|3063598312|9162698840
7004|0|56024|01/01/2024 03:03:09||25611|5373458128|5681885336
7968|0|11860|01/01/2024 09:12:30||3450|676631272|685703056
6628|0|80150|01/01/2024 00:19:12||35448|39238303536|100146351368
7605|0|35826|01/01/2024 07:16:33||10407|383420296|474996256
7091|0|10803|01/01/2024 03:49:54||22806|526918496|572882008
15649|0|31448|31/12/2023 19:29:15||52845|15156014096|16141581904
8073|0|19015|01/01/2024 09:42:47||1633|1212086144|1296315184
15650|0|50746|31/12/2023 13:01:52||76088|11880467176|12910463544
8037|0|4734|01/01/2024 09:33:41||2179|1093495728|1392345808
7911|0|27679|01/01/2024 08:57:28||4352|2325031032|3038765488
7912|0|27556|01/01/2024 08:53:09||4611|1482934416|1699167928
6741|0|93403|01/01/2024 01:17:10||31970|1778800992|2574467288
7092|0|36625|01/01/2024 03:41:31||23309|10838909144|13732002616
7822|0|62869|01/01/2024 08:25:25||6275|297972752|339728080
6659|0|98794|01/01/2024 00:38:33||34287|4318175184|5117349200
7488|0|78679|01/01/2024 06:21:56||13684|8809030128|9402672888
2863|0|34950|31/12/2023 16:13:30||64590|16957486152|21145403088
6881|0|27810|01/01/2024 02:13:48||28572|3082167976|4200818608
7514|0|95103|01/01/2024 06:34:54||12906|20013301192|58538287272
8074|0|78096|01/01/2024 09:49:14||1246|187864128|203171856
7093|0|98179|01/01/2024 03:43:09||23211|1308566120|1660830864
7456|0|59970|01/01/2024 06:15:26||14074|1801255960|1905504784
15663|0|68984|31/12/2023 19:20:49||53351|158016850504|410020407152
7752|0|44360|01/01/2024 08:09:04|01/01/2024 10:06:06|7022|2372450952|2489577240
8141|0|44360|01/01/2024 10:07:48||132|20425072|23226464
8002|0|61060|01/01/2024 09:24:19||2741|578403776|660088736
7530|0|6154|01/01/2024 06:45:39||12261|1527162304|1736485224
7636|0|34596|01/01/2024 07:20:12||10188|3069884296|3556771888
7913|0|7412|01/01/2024 08:55:12||4488|470538776|590719848
7361|0|22156|01/01/2024 05:35:04||16496|45689548176|95032037056
15673|0|4803|31/12/2023 20:43:11||48409|93490492080|193348730936
7550|0|29749|01/01/2024 06:55:31||11669|27629710392|70434960448
7341|0|8206|01/01/2024 05:25:27||17073|5351180696|5495051952
7691|0|44865|01/01/2024 07:44:19||8741|732058056|1051627352
7293|0|87579|01/01/2024 05:03:06||18414|444582072|608772224
7185|0|56631|01/01/2024 04:29:12||20448|7048141032|8234562648
7384|0|89760|01/01/2024 05:45:49||15851|3884969360|4545757688
7314|0|36839|01/01/2024 05:19:37||17423|1141227712|1311049392
7515|0|33855|01/01/2024 06:39:03||12657|9436156176|11108047552
7006|0|86335|01/01/2024 03:06:19||25421|3702547720|5174755944
8075|0|51521|01/01/2024 09:44:40||1520|67168080|90911360
7724|0|75669|01/01/2024 07:59:05||7855|12823915136|25665371328
7186|0|4484|01/01/2024 04:29:29||20431|1559675232|2188711784
7692|0|3904|01/01/2024 07:45:32||8668|1300839072|1309844744
6033|0|55005|31/12/2023 15:36:44||66796|9934503184|13983577920
6791|0|52380|01/01/2024 01:31:51||31089|9809716336|12358965016
7095|0|28106|01/01/2024 03:46:20||23020|51102286600|106498185544
15712|0|61191|31/12/2023 21:52:47||44233|4711180024|7064903008
7457|0|53326|01/01/2024 06:12:37||14243|1564184424|2031299672
7753|0|84453|01/01/2024 08:07:52||7328|2003404528|2609539344
7214|0|13013|01/01/2024 04:38:45||19875|2076733688|2600960456
7023|0|45059|01/01/2024 03:19:16||24644|1841487176|2134064264
15720|0|66081|31/12/2023 20:07:03||50577|114908670224|327816736112
7531|0|54119|01/01/2024 06:48:17||12103|3063052656|4120592976
7007|0|71697|01/01/2024 03:08:16||25304|14495892576|19295420640
7914|0|9336|01/01/2024 08:59:05||4255|4867876896|5091644736
8003|0|85692|01/01/2024 09:26:17||2623|744309080|1007004176
6660|0|14517|01/01/2024 00:34:52||34508|3764073112|4738076408
7874|0|41963|01/01/2024 08:46:34||5006|166789920|184335688
7693|0|84541|01/01/2024 07:45:12||8688|537515056|557603576
8038|0|72481|01/01/2024 09:32:36||2244|22839272|31270792
15748|0|17619|31/12/2023 20:03:48||50772|2825269000|4050752992
6901|0|68948|01/01/2024 02:24:00||27960|2166565096|2186630792
7532|0|84564|01/01/2024 06:45:45||12255|1202460080|1539947928
6947|0|67169|01/01/2024 02:41:24||26916|4315846888|6345661008
7823|0|27999|01/01/2024 08:21:47||6493|2102346720|2551286496
6902|0|31189|01/01/2024 02:25:13||27887|3066307440|3641676192
6054|0|47248|31/12/2023 18:25:45||56655|27591182696|40007937184
7551|0|91279|01/01/2024 06:56:45||11595|4132315008|6164429280
6767|0|41267|01/01/2024 01:24:25||31535|704624904|992263656
7489|0|21667|01/01/2024 06:29:09||13251|1444423664|1477236488
7187|0|12379|01/01/2024 04:22:18||20862|450323968|466506120
6061|0|53468|31/12/2023 13:13:20||75400|187215197288|390979424704
7362|0|43993|01/01/2024 05:32:01||16679|7599218304|9599959736
7850|0|97311|01/01/2024 08:30:29||5971|10330289056|21161001328
15763|0|42553|31/12/2023 22:39:35||41425|32071456400|33860118952
15765|0|85267|31/12/2023 14:22:33||71247|12316810864|12562968808
6065|0|34072|31/12/2023 18:42:40|01/01/2024 10:00:09|55049|7406626856|8983382488
8142|0|34072|01/01/2024 10:01:47||493|43389808|56609104
7754|0|90419|01/01/2024 08:00:52||7748|190549400|235045688
7490|0|18158|01/01/2024 06:21:47||13693|4650332296|5713605208
7791|0|83108|01/01/2024 08:19:49||6611|2459502872|3121413328
7851|0|52807|01/01/2024 08:37:35||5545|979769888|1205227464
8107|0|73600|01/01/2024 09:55:12||888|49756528|70180520
7063|0|23425|01/01/2024 03:36:49||23591|29837748280|85226644840
7491|0|92726|01/01/2024 06:22:45||13635|9027277360|10913865872
7410|0|33275|01/01/2024 05:55:50||15250|1170526584|1378580312
7552|0|77345|01/01/2024 06:52:15||11865|4274453488|4301679232
7694|0|35459|01/01/2024 07:44:18||8742|890971288|1206272320
6768|0|44099|01/01/2024 01:29:51||31209|455674560|537438928
6839|0|55148|01/01/2024 01:54:15||29745|4417830432|6240749672
15782|0|51319|31/12/2023 21:07:00||46980|28096431760|29405662672
7242|0|10213|01/01/2024 04:43:42||19578|3568581240|4481176304
7792|0|89917|01/01/2024 08:19:56||6604|552963304|750925672
15783|0|41890|31/12/2023 21:46:22||44618|729543920|992499544
6640|0|52904|01/01/2024 00:24:55||35105|7443994824|11090336296
7577|0|96236|01/01/2024 07:04:13||11147|3017132600|3481635056
7492|0|93717|01/01/2024 06:26:41||13399|5340602424|5368871584
7695|0|54913|01/01/2024 07:42:41||8839|775078440|985580216
8039|0|5416|01/01/2024 09:32:27||2253|283900416|425721464
7755|0|8613|01/01/2024 08:05:57||7443|1178977248|1324462688
7493|0|86562|01/01/2024 06:29:18||13242|1333742040|1638432696
7725|0|56019|01/01/2024 07:59:20||7840|418771960|568808296
7215|0|89489|01/01/2024 04:36:02||20038|2675973936|3303776808
7915|0|37264|01/01/2024 08:53:24||4596|1694967200|2010880128
6948|0|62527|01/01/2024 02:43:24||26796|41512217304|97985410000
7875|0|48108|01/01/2024 08:47:57||4923|2272725656|2420439352
7458|0|49117|01/01/2024 06:13:33||14187|1973254608|2323895000
7726|0|55177|01/01/2024 07:56:44||7996|1050101376|1177175456
7852|0|84127|01/01/2024 08:31:27||5913|2006790744|2266784184
6099|0|72601|31/12/2023 12:52:57||76623|7940684128|9936522752
7824|0|13824|01/01/2024 08:28:01|01/01/2024 10:00:07|5526|3293142728|4299814192
8143|0|13824|01/01/2024 10:01:55||485|64907568|78129736
7264|0|95675|01/01/2024 04:52:01||19079|1005197656|1297483880
7727|0|48931|01/01/2024 07:51:49||8291|253485944|277698536
6717|0|67407|01/01/2024 01:08:09||32511|4829124320|5295834240
7024|0|98663|01/01/2024 03:11:55||25085|7139914288|10492557776
7916|0|41578|01/01/2024 08:53:35||4585|552940400|817904056
7793|0|39181|01/01/2024 08:11:31||7109|1484064184|1810266856
6718|0|16468|01/01/2024 01:03:18||32802|2724319304|3660083544
15835|0|89323|31/12/2023 23:45:59||37441|2181657984|3129071608
7853|0|42723|01/01/2024 08:36:27||5613|476552520|602962896
6110|0|21906|31/12/2023 15:44:42||66318|5319027368|6979231312
7188|0|72301|01/01/2024 04:20:23||20977|93136632|134734464
7433|0|35567|01/01/2024 06:01:42||14898|5554319192|8177544808
6973|0|28380|01/01/2024 02:56:29||26011|6373769240|6677648120
7606|0|93069|01/01/2024 07:13:31||10589|220140704|226096200
7363|0|57132|01/01/2024 05:32:37||16643|67085637032|133709914056
6793|0|70292|01/01/2024 01:37:08||30772|7525104408|7533827920
7854|0|50446|01/01/2024 08:38:44||5476|1050757000|1575826848
7876|0|8328|01/01/2024 08:49:52||4808|1305519640|1809563048
6769|0|18394|01/01/2024 01:25:24||31476|6162504184|6163221296
7459|0|27239|01/01/2024 06:10:55||14345|6025221264|6682154256
7266|0|89808|01/01/2024 04:51:07||19133|1300670440|1594074840
7756|0|96247|01/01/2024 08:07:23||7357|701117496|954835144
7494|0|62292|01/01/2024 06:27:49||13331|91593888|100510120
7434|0|88518|01/01/2024 06:02:17||14863|2524078008|3721983256
7969|0|35329|01/01/2024 09:12:27||3453|2296788808|3279445864
6131|0|59834|31/12/2023 16:51:30||62310|19986822128|23460333984
7970|0|11043|01/01/2024 09:10:38||3562|436060760|445974072
6719|0|32108|01/01/2024 01:00:54||32946|6253731664|7651009528
7386|0|84545|01/01/2024 05:42:46||16034|7736116512|10188350576
6903|0|68986|01/01/2024 02:25:05||27895|40340218696|84946453136
7364|0|71648|01/01/2024 05:35:28||16472|2737956264|3555133200
7971|0|40431|01/01/2024 09:13:18||3402|884499376|1088258952
7343|0|63445|01/01/2024 05:25:04||17096|2112909680|2638968984
8040|0|16348|01/01/2024 09:39:51||1809|483172936|571431560
7579|0|46611|01/01/2024 07:09:20||10840|1537272472|1677495936
7917|0|39968|01/01/2024 08:59:03||4257|531523720|771979344
6143|0|37225|31/12/2023 14:25:45||71055|36843901208|46839809976
7189|0|85434|01/01/2024 04:28:44||20476|1683297464|1812757168
7190|0|88937|01/01/2024 04:23:10||20810|5715336496|6385000432
7918|0|68634|01/01/2024 08:53:48||4572|516096752|738530184
7825|0|95683|01/01/2024 08:26:48||6192|51577120|70058592
7460|0|9520|01/01/2024 06:15:13||14087|3985665328|4253031840
7216|0|19376|01/01/2024 04:36:49||19991|1743614960|2534746792
7365|0|82940|01/01/2024 05:30:07||16793|2877365504|3481341696
6770|0|41207|01/01/2024 01:25:54||31446|7434449976|8918289216
6720|0|17947|01/01/2024 01:06:14||32626|3039562040|3651966216
7637|0|44755|01/01/2024 07:28:30||9690|53377888|79666936
7366|0|43370|01/01/2024 05:38:52||16268|1627760544|2047274904
6156|0|12359|31/12/2023 18:37:08||55972|21413499880|31598979560
7757|0|47033|01/01/2024 08:01:19||7721|4043586912|4487864152
6159|0|92104|31/12/2023 20:38:52||48668|491930984|734252424
7129|0|88450|01/01/2024 04:03:58||21962|3201016856|4389184432
6841|0|90225|01/01/2024 01:58:10||29510|3756824976|3879393304
15889|0|11534|31/12/2023 23:13:03|01/01/2024 10:09:22|39379|18359651312|26123811496
7607|0|30265|01/01/2024 07:19:39||10221|445358528|629556736
15898|0|31543|31/12/2023 22:56:06||40434|9123404712|11187553984
8108|0|6248|01/01/2024 09:59:18||642|17500552|24256088
7972|0|39025|01/01/2024 09:14:28||3332|1407239008|1846240168
8109|0|67859|01/01/2024 09:57:26||754|27067280|29070432
7826|0|13774|01/01/2024 08:20:12||6588|1140435672|1216239376
6842|0|85410|01/01/2024 01:58:42||29478|1541118760|2273537304
7919|0|99156|01/01/2024 08:55:23||4477|228089792|268215040
15912|0|98210|31/12/2023 19:36:26||52414|4342391576|5418476080
7758|0|80363|01/01/2024 08:01:07||7733|159794792|204911680
6855|0|34278|01/01/2024 02:08:20||28900|12159436984|15758660752
7877|0|82385|01/01/2024 08:43:53||5167|2050128600|2199856872
8110|0|83497|01/01/2024 09:56:32||808|32581600|38068720
6721|0|77491|01/01/2024 01:07:44||32536|2238701024|2565036176
7495|0|21392|01/01/2024 06:25:18||13482|518709168|568412520
6175|0|35733|31/12/2023 13:44:40||73520|1059492368|1531653032
6702|0|98856|01/01/2024 00:56:34||33206|14631671840|19003499696
6703|0|44658|01/01/2024 00:56:10||33230|3236025048|3437165808
6704|0|26828|01/01/2024 00:56:11||33229|10335657080|11133803704
7130|0|89721|01/01/2024 04:05:21||21879|1559438776|1691128800
7879|0|37861|01/01/2024 08:41:58||5282|1037505920|1070602280
7947|0|65772|01/01/2024 09:05:35||3865|654558600|887321944
7662|0|54961|01/01/2024 07:32:01||9479|15274221856|37939858288
7580|0|85011|01/01/2024 07:06:32||11008|1072934384|1202747640
6771|0|4256|01/01/2024 01:29:33||31227|13827883672|18797043904
6187|0|78128|31/12/2023 17:31:17|01/01/2024 10:04:56|59619|16520016104|17475971064
8144|0|78128|01/01/2024 10:06:02||238|2348408|3501296
7435|0|41364|01/01/2024 06:04:02||14758|4350933056|6264926568
7973|0|95872|01/01/2024 09:18:07||3113|1572869936|2105608136
6191|0|13764|31/12/2023 23:46:02|01/01/2024 10:03:57|37075|11406916632|13051108328
8145|0|13764|01/01/2024 10:05:08||292|41276176|49353040
6794|0|44731|01/01/2024 01:37:25||30755|920509024|1028432728
7387|0|58029|01/01/2024 05:46:56||15784|1404466424|1520811176
7554|0|29554|01/01/2024 06:56:58||11582|139396144|171753456
15939|0|26572|31/12/2023 22:31:56||41884|7253501024|8794566504
7119|0|13737|01/01/2024 03:58:36||22284|10900542480|15699576088
7855|0|94461|01/01/2024 08:38:41||5479|3199833504|3805542248
6927|0|26277|01/01/2024 02:31:16||27524|853218424|924019544
8041|0|58222|01/01/2024 09:34:28||2132|1356825272|1431392408
6772|0|72764|01/01/2024 01:25:14||31486|103869299152|268158369400
6201|0|98621|31/12/2023 16:26:31||63809|9032557736|13490178920
15946|0|89278|31/12/2023 12:33:01||77819|33677813656|37817576136
7663|0|8632|01/01/2024 07:36:10||9230|1753881128|2280528680
7974|0|7199|01/01/2024 09:11:28||3512|1750330960|1842842440
6928|0|33062|01/01/2024 02:32:56||27424|59326188872|159703137176
8111|0|22188|01/01/2024 09:52:26||1054|92751216|109849072
6818|0|27279|01/01/2024 01:41:18||30522|13670230656|17742511984
7880|0|27422|01/01/2024 08:43:34||5186|1048244928|1380054592
8112|0|90653|01/01/2024 09:53:53||967|35521240|43758304
7131|0|30292|01/01/2024 04:03:19||22001|47056952312|127431093056
7461|0|17943|01/01/2024 06:18:11||13909|3261557784|3400437984
8042|0|43678|01/01/2024 09:31:32||2308|1200196880|1775666840
7345|0|27019|01/01/2024 05:29:04||16856|990403480|1406187336
8004|0|11066|01/01/2024 09:24:59||2701|152974224|154701552
6819|0|21964|01/01/2024 01:46:42||30198|31792886160|92951589864
6974|0|79350|01/01/2024 02:54:14||26146|4093375448|5840306480
7191|0|45092|01/01/2024 04:22:22||20858|6373843240|6735821272
7132|0|65483|01/01/2024 04:04:17||21943|372570216|454205648
8005|0|90190|01/01/2024 09:24:42||2718|1264124008|1380584944
7120|0|69929|01/01/2024 03:58:30||22290|12577766728|15827357736
6664|0|39905|01/01/2024 00:32:17||34663|15576598200|21192937080
7533|0|97039|01/01/2024 06:42:16||12464|1398184272|1527466752
6742|0|88489|01/01/2024 01:10:55||32345|21103306520|28459505856
7881|0|56025|01/01/2024 08:47:38||4942|2719763456|3411250592
6975|0|60223|01/01/2024 02:50:37||26363|47320688|60757848
8006|0|21100|01/01/2024 09:29:36||2424|47593992|52009768
7975|0|38265|01/01/2024 09:14:02||3358|460467648|632144048
8043|0|14794|01/01/2024 09:35:42||2058|79846896|84475616
7192|0|93911|01/01/2024 04:28:54||20466|14638409864|21345070752
6905|0|58552|01/01/2024 02:29:46|01/01/2024 10:03:18|27212|271541176|279179432
8146|0|58552|01/01/2024 10:04:48||312|2278056|2681360
8044|0|9532|01/01/2024 09:37:39||1941|428357360|431631936
6820|0|83741|01/01/2024 01:41:03||30537|3667854544|3994573264
16004|0|69897|31/12/2023 13:21:23||74917|6329922528|6430836920
7316|0|56666|01/01/2024 05:17:51||17529|62289398816|129276813152
7025|0|63625|01/01/2024 03:17:52||24728|20536629520|40834614240
7193|0|52885|01/01/2024 04:23:03||20817|507696360|539758864
8045|0|58379|01/01/2024 09:35:40||2060|54922648|59152800
16019|0|33681|31/12/2023 13:12:06||75474|27141320696|31259867816
6743|0|91832|01/01/2024 01:12:28||32252|3976216400|4932808344
8076|0|64323|01/01/2024 09:46:03||1437|40597184|50159512
7920|0|8523|01/01/2024 08:55:14||4486|203538872|298592240
7664|0|90727|01/01/2024 07:30:48||9552|1031401480|1390536216
7065|0|88561|01/01/2024 03:39:06||23454|1002132160|1081714704
7794|0|68764|01/01/2024 08:12:24||7056|3827873872|5247019664
16029|0|85454|31/12/2023 20:09:48||50412|21895468488|22216744968
8007|0|53519|01/01/2024 09:29:47||2413|70988880|96226880
7436|0|94015|01/01/2024 06:06:12||14628|27429643656|72156173984
7269|0|40656|01/01/2024 04:50:41||19159|2541772768|2951097160
7346|0|8061|01/01/2024 05:24:45||17115|2962326256|3239656640
8077|0|9807|01/01/2024 09:45:41||1459|751336000|833739344
7516|0|62164|01/01/2024 06:36:15||12825|606605752|692081472
7388|0|86790|01/01/2024 05:48:04||15716|1929807312|2814211520
3198|0|82616|31/12/2023 13:12:24||75456|7562571392|10947736880
7317|0|67632|01/01/2024 05:15:56||17644|1944897320|2579919072
7157|0|42430|01/01/2024 04:14:06||21354|3279487296|3821613736
6976|0|15996|01/01/2024 02:55:52||26048|4559600368|5225863272
16047|0|65288|31/12/2023 16:46:12||62628|12931000496|16497735312
6642|0|76833|01/01/2024 00:25:41||35059|15500274968|20879581208
7347|0|61352|01/01/2024 05:22:37||17243|2685538352|3456264928
7121|0|86732|01/01/2024 03:52:59||22621|5601424064|6880858848
7976|0|72404|01/01/2024 09:11:43||3497|388519368|486946752
7882|0|74822|01/01/2024 08:47:45||4935|1657817368|2288727432
7795|0|27751|01/01/2024 08:19:35||6625|866916280|1271131352
6665|0|35686|01/01/2024 00:38:07||34313|12185162800|14310597520
8046|0|35235|01/01/2024 09:35:46||2054|143416504|184785096
6843|0|22801|01/01/2024 01:54:07||29753|7873433136|10415111080
7948|0|80336|01/01/2024 09:07:13||3767|1986062768|2910911536
7581|0|43917|01/01/2024 07:09:13||10847|686425840|918622584
6884|0|19157|01/01/2024 02:17:38||28342|148437856|162250720
7219|0|94627|01/01/2024 04:34:13||20147|573892128|840600656
16060|0|12454|31/12/2023 15:41:04||66536|17594654416|21965281864
7067|0|10401|01/01/2024 03:35:59||23641|15183911328|17259675896
7414|0|65470|01/01/2024 05:51:15||15525|3914250792|4189852344
7665|0|35937|01/01/2024 07:39:46||9014|1633234960|1867031712
8008|0|4273|01/01/2024 09:21:09||2931|870133008|1160001360
6684|0|14050|01/01/2024 00:43:58||33962|5473778744|6669385424
7883|0|43170|01/01/2024 08:42:18||5262|575342160|793130784
7827|0|65423|01/01/2024 08:24:47||6313|1667465728|2353481216
7582|0|70953|01/01/2024 07:07:11||10969|599587720|837226440
7759|0|94290|01/01/2024 08:05:00||7500|1419750800|1887128392
7318|0|80310|01/01/2024 05:11:22||17918|3555666128|5168201696
7884|0|53841|01/01/2024 08:46:36||5004|5824350408|8542445912
6744|0|83641|01/01/2024 01:15:15||32085|106971120480|224149009816
7921|0|91060|01/01/2024 08:51:16||4724|1221524984|1780118496
16080|0|25240|31/12/2023 18:20:43||56957|1153257952|1544099872
7638|0|8563|01/01/2024 07:29:34||9626|110438456|140064528
7243|0|51236|01/01/2024 04:48:30||19290|3368064328|3617618736
7760|0|72067|01/01/2024 08:08:30||7290|21774519000|44224222344
7828|0|98437|01/01/2024 08:26:48||6192|4099290072|9364877160
6723|0|32098|01/01/2024 01:09:14||32446|2822060176|3890528064
7496|0|43380|01/01/2024 06:27:56||13324|3804405912|5314630896
6294|0|66006|31/12/2023 12:16:51||78789|11005580240|12769246616
6296|0|61584|31/12/2023 17:59:58||58202|79430040920|169491948872
7462|0|90491|01/01/2024 06:16:40||14000|1517260480|1544914976
6298|0|94482|31/12/2023 17:42:47||59233|7613601792|10475599944
6299|0|10910|31/12/2023 12:16:08||78832|23723505064|28109990376
7158|0|29694|01/01/2024 04:10:13||21587|10397711016|12655724960
6951|0|24553|01/01/2024 02:49:54||26406|7337988296|7908216136
8047|0|58591|01/01/2024 09:32:15||2265|145780968|192452056
6978|0|79396|01/01/2024 02:57:06||25974|6981874704|8225964592
6629|0|53027|01/01/2024 00:14:36||35724|3171990040|3342770800
8009|0|30620|01/01/2024 09:25:00||2700|476987192|563038048
7829|0|84025|01/01/2024 08:21:48||6492|4532286184|4641218480
6309|0|59158|31/12/2023 14:06:21||72219|192462211224|421755286784
7009|0|81657|01/01/2024 03:04:48||25512|50122714880|103104978632
7555|0|94733|01/01/2024 06:57:23||11557|1068499696|1553843576
7415|0|43877|01/01/2024 05:51:29||15511|1340586872|1841325904
16108|0|78144|31/12/2023 15:26:53||67387|19246074496|26090725024
8010|0|58798|01/01/2024 09:25:43||2657|759531024|1082896072
7856|0|50805|01/01/2024 08:36:38||5602|1504580568|1540695976
7297|0|94727|01/01/2024 05:03:23||18397|5019299024|5312963944
8113|0|78465|01/01/2024 09:50:24||1176|70297216|94661136
7830|0|18283|01/01/2024 08:23:11||6409|814353160|931420800
7417|0|12302|01/01/2024 05:50:56||15544|2348688240|2934906936
7761|0|74530|01/01/2024 08:08:05||7315|1574200248|1802352152
7857|0|84612|01/01/2024 08:35:53||5647|46384480|61729512
7922|0|64643|01/01/2024 08:54:15||4545|124654168|143773064
6325|0|29307|31/12/2023 20:09:26||50434|4508903280|5876287992
8011|0|39721|01/01/2024 09:26:13||2627|702573408|884878232
3283|0|72760|31/12/2023 12:39:46||77414|27115416928|38563458720
7885|0|59210|01/01/2024 08:49:11||4849|909679472|1362697728
8114|0|30812|01/01/2024 09:50:53||1147|269853448|345856344
16130|0|80075|31/12/2023 19:27:32||52948|553322368|685357944
7923|0|43549|01/01/2024 08:53:17||4603|831920864|1233250440
8078|0|97623|01/01/2024 09:44:42||1518|703231288|930104312
7244|0|60631|01/01/2024 04:40:30||19770|10388891912|14824069440
6979|0|11020|01/01/2024 02:59:28||25832|36214606776|87343989872
16135|0|35573|31/12/2023 13:09:19||75641|8667890616|10793953144
6337|0|6217|31/12/2023 23:02:54||40026|7605422016|9474574208
7389|0|40914|01/01/2024 05:43:22||15998|821470912|989316056
3300|0|72343|31/12/2023 17:50:30|01/01/2024 10:01:13|58243|74474281136|196331278592
7762|0|75281|01/01/2024 08:02:57||7623|4179539112|4238209888
7797|0|79245|01/01/2024 08:11:10||7130|1378833600|1808266248
7696|0|61969|01/01/2024 07:43:00||8820|415589816|549409096
7798|0|84925|01/01/2024 08:10:53||7147|1181728512|1636529752
6980|0|62224|01/01/2024 02:51:16||26324|2557772472|2614324912
7831|0|98714|01/01/2024 08:23:26||6394|841621712|1058209880
8115|0|49186|01/01/2024 09:57:58||722|7370440|10395800
7609|0|33559|01/01/2024 07:15:38||10462|10145323928|12676575136
8012|0|68101|01/01/2024 09:28:23||2497|310415720|354851928
7160|0|70705|01/01/2024 04:16:53||21187|10866980048|11009072448
8013|0|23518|01/01/2024 09:23:37||2783|873778176|1158528464
7026|0|39214|01/01/2024 03:19:35||24625|4111777944|5192057232
7583|0|7357|01/01/2024 07:02:55||11225|1170370456|1235070664
7068|0|63285|01/01/2024 03:33:08||23812|5588515856|8350921880
7763|0|46401|01/01/2024 08:07:09||7371|4570919456|5531560688
7368|0|82203|01/01/2024 05:35:31||16469|619577696|629547792
3315|0|50590|31/12/2023 15:02:09||68871|16549843864|24351460856
7518|0|6525|01/01/2024 06:35:27||12873|2245541872|2576348656
6724|0|23557|01/01/2024 01:06:11||32629|8132818816|10728021792
7610|0|99227|01/01/2024 07:16:47||10393|1424332008|1781996536
7666|0|80536|01/01/2024 07:35:36||9264|119860048|138012240
7298|0|46233|01/01/2024 05:04:40||18320|1967343432|2729426088
7272|0|35795|01/01/2024 04:54:04||18956|693314504|928507280
7418|0|59358|01/01/2024 05:57:09||15171|9649739216|27157233912
6371|0|57378|31/12/2023 20:34:36||48924|6092684144|7301981400
7437|0|43844|01/01/2024 06:01:00||14940|6055516280|8023724496
7070|0|65049|01/01/2024 03:38:59||23461|9802467112|13650464640
6822|0|35013|01/01/2024 01:45:59||30241|5570857160|6079129576
7667|0|95342|01/01/2024 07:37:14||9166|2849000128|3832039104
6376|0|97160|31/12/2023 18:24:41||56719|625518728|873579216
7799|0|10481|01/01/2024 08:15:55||6845|2610075968|3506347728
7924|0|30382|01/01/2024 08:55:30||4470|1119539112|1528249712
3350|0|19385|31/12/2023 17:53:05||58615|32961020480|37255016392
7611|0|81412|01/01/2024 07:10:04||10796|2327353608|2755069144
8079|0|21007|01/01/2024 09:41:10||1730|859731192|1040162328
7027|0|29388|01/01/2024 03:16:29||24811|6381653256|6928638312
7390|0|48385|01/01/2024 05:48:42||15678|11403380824|14994191192
3355|0|15792|31/12/2023 22:40:18||41382|68322053176|152951851816
7439|0|76673|01/01/2024 06:02:03||14877|7037506456|8413287312
7925|0|15877|01/01/2024 08:59:41||4219|1504804744|1721622432
7348|0|45615|01/01/2024 05:22:04||17276|1138561848|1689538528
7858|0|6576|01/01/2024 08:38:03||5517|1028883384|1256737056
7639|0|5186|01/01/2024 07:23:44||9976|813419720|970578208
6823|0|27568|01/01/2024 01:44:10||30350|26003673360|27332337888
7926|0|10940|01/01/2024 08:55:32||4468|767688016|1062129744
7391|0|87104|01/01/2024 05:44:26||15934|3347779000|3503145472
7161|0|98002|01/01/2024 04:10:18||21582|281923064|366996808
7886|0|11827|01/01/2024 08:43:42||5178|9173988280|20038235512
16223|0|95338|31/12/2023 13:43:01||73619|5151701664|7014431424
6797|0|17325|01/01/2024 01:39:27||30633|83326558856|199234828784
6393|0|49136|31/12/2023 22:05:23||43477|2114793312|3131078488
7612|0|86861|01/01/2024 07:14:57||10503|185734816|267811888
6395|0|62763|31/12/2023 20:04:36||50724|3432851280|4290239160
16239|0|95778|31/12/2023 12:27:41||78139|9160571328|9680171440
7640|0|26577|01/01/2024 07:21:59||10081|412486256|442682424
6824|0|9151|01/01/2024 01:42:37||30443|8531022168|9392425464
6885|0|94159|01/01/2024 02:18:49||28271|9415050704|10960309216
7028|0|95768|01/01/2024 03:14:21||24939|48868237296|96835930752
8080|0|69320|01/01/2024 09:49:11||1249|96762304|115833680
8014|0|93094|01/01/2024 09:22:12||2868|777564408|1077871840
7320|0|13942|01/01/2024 05:12:30||17850|5880504576|7838706144
7668|0|51162|01/01/2024 07:39:42||9018|246079840|323958104
7697|0|73079|01/01/2024 07:40:28||8972|679227160|877733776
7045|0|18192|01/01/2024 03:23:09||24411|1521581336|2072816264
7698|0|81523|01/01/2024 07:47:05||8575|690175696|814221904
7699|0|94145|01/01/2024 07:43:15||8805|305835496|446671120
16265|0|18959|31/12/2023 20:44:06||48354|25968729080|27789586864
6725|0|74235|01/01/2024 01:01:06|01/01/2024 10:01:22|32416|1523728160|1843528904
7700|0|80746|01/01/2024 07:42:15||8865|18885399880|35669247712
7669|0|91768|01/01/2024 07:38:32||9088|190815968|193868992
7764|0|63732|01/01/2024 08:08:03||7317|2796510848|3240735264
7046|0|11739|01/01/2024 03:20:46||24554|2805001464|3715945752
7420|0|41299|01/01/2024 05:52:02||15478|498146456|579450648
7701|0|46516|01/01/2024 07:40:59||8941|2857284920|3258827016
7702|0|38175|01/01/2024 07:41:51||8889|853317912|1212456576
8048|0|79283|01/01/2024 09:34:51||2109|176144664|204018728
7098|0|23739|01/01/2024 03:45:17||23083|2049243984|2605263376
7322|0|72638|01/01/2024 05:16:53||17587|5905897952|6537854320
8147|0|62436|01/01/2024 10:09:58||2|0|0
7729|0|10095|01/01/2024 07:50:06||8394|1572453888|2049078728
16279|0|50267|31/12/2023 18:56:05|01/01/2024 10:00:01|54236|2713546080|4023011168
8148|0|73304|01/01/2024 10:00:51||549|809358840|2159312744
7194|0|91904|01/01/2024 04:27:57||20523|5139627424|5825828072
16287|0|15025|31/12/2023 17:23:47||60373|23907468184|30855402464
7949|0|14926|01/01/2024 09:08:42||3678|2176672008|3160772408
16295|0|87069|31/12/2023 23:43:30||37590|95706008792|257191541504
7440|0|99310|01/01/2024 06:08:44||14476|2713404264|3223062896
7010|0|47772|01/01/2024 03:09:16||25244|5719369176|7481153368
7535|0|17103|01/01/2024 06:46:45||12195|5765500680|7028017424
7950|0|50574|01/01/2024 09:04:35||3925|10196795656|24630540736
7642|0|20755|01/01/2024 07:24:26||9934|661078736|873313136
8049|0|66656|01/01/2024 09:35:17||2083|144161176|183035712
7643|0|36521|01/01/2024 07:28:33||9687|204390896|305610544
6774|0|48809|01/01/2024 01:21:38||31702|5633845208|7945158136
7977|0|11424|01/01/2024 09:12:03||3477|1101921320|1542741752
8116|0|96836|01/01/2024 09:56:46||794|29726888|31280632
6907|0|83954|01/01/2024 02:29:14||27646|705849688|854718984
6748|0|64251|01/01/2024 01:18:02||31918|1514455944|1517885248
7498|0|94384|01/01/2024 06:21:32||13708|6887271032|9574822264
7520|0|5299|01/01/2024 06:35:14||12886|315937344|340532760
8149|0|35685|01/01/2024 10:05:44||256|44668280|47933128
16321|0|37570|31/12/2023 17:17:36||60744|10073038640|10111593424
6630|0|8768|01/01/2024 00:12:55||35825|5983591464|7916497696
7499|0|30949|01/01/2024 06:26:47||13393|2408537320|2933294112
6858|0|99503|01/01/2024 02:09:00||28860|454650256|454739568
6859|0|20921|01/01/2024 02:00:58||29342|5559355616|7661903784
8117|0|19237|01/01/2024 09:57:03||777|17449648|19646984
7927|0|93546|01/01/2024 08:50:39||4761|1037436824|1086056464
8015|0|21312|01/01/2024 09:26:05||2635|737298528|774511024
7613|0|5886|01/01/2024 07:11:57||10683|2791128968|3654171608
7766|0|93513|01/01/2024 08:05:26||7474|22125434920|49880863304
7859|0|76056|01/01/2024 08:35:27||5673|2483419128|2857928896
16338|0|11945|31/12/2023 13:38:18||73902|16029786976|22601384032
7323|0|25749|01/01/2024 05:14:05||17755|1209957464|1719115648
6886|0|30427|01/01/2024 02:10:32||28768|975612808|1218602984
8016|0|73518|01/01/2024 09:26:31||2609|798405864|914955824
7887|0|85539|01/01/2024 08:42:25||5255|8130678192|22281315880
7275|0|13461|01/01/2024 04:52:43||19037|403710176|555432688
7500|0|86493|01/01/2024 06:22:06||13674|2435277472|2790551160
6454|0|65234|31/12/2023 20:25:08||49492|6844815344|9579988736
7585|0|81994|01/01/2024 07:00:38||11362|562679848|648955248
7614|0|96367|01/01/2024 07:12:36||10644|2961659632|3923150640
7195|0|95129|01/01/2024 04:21:19||20921|6510201904|9503542880
3449|0|46473|31/12/2023 12:48:56|01/01/2024 10:00:23|76287|26584269048|34811507864
6608|0|21475|01/01/2024 00:07:14||36166|3725975960|3767064392
7832|0|77620|01/01/2024 08:20:56||6544|2688060160|3773727272
7586|0|60771|01/01/2024 07:04:49||11111|601199424|864049032
3458|0|23311|31/12/2023 23:58:11||36709|30836236440|76832783016
7860|0|62245|01/01/2024 08:34:16||5744|1595585024|1979897064
6708|0|44465|01/01/2024 00:50:45||33555|16409406240|23779211240
7536|0|30846|01/01/2024 06:40:09||12591|7438790696|8023625152
8118|0|94286|01/01/2024 09:51:56||1084|411556200|509072232
7134|0|68117|01/01/2024 04:00:01||22199|5293642944|7468883424
7465|0|34328|01/01/2024 06:14:35||14125|36764413264|80815014912
6982|0|10616|01/01/2024 02:56:00||26040|9404957600|12634614656
7888|0|52206|01/01/2024 08:43:09||5211|1417626688|1561769576
7466|0|9203|01/01/2024 06:15:04||14096|1012669480|1499410008
7047|0|40206|01/01/2024 03:25:00||24300|6623159688|9667296696
6472|0|14620|31/12/2023 14:38:50||70270|15686093704|17545029000
16376|0|24209|31/12/2023 15:31:10||67130|44194517952|56205027552
7221|0|55356|01/01/2024 04:30:35|01/01/2024 10:04:55|20060|2651046608|3465299504
8150|0|55356|01/01/2024 10:05:49||251|44104656|44636880
7704|0|29905|01/01/2024 07:48:20||8500|824770984|1235486128
7670|0|26270|01/01/2024 07:32:31||9449|2455592200|3061137008
7556|0|65753|01/01/2024 06:53:31||11789|2909561912|3867814848
16379|0|25173|31/12/2023 23:23:18|01/01/2024 10:08:29|38711|2156528832|2824108216
7889|0|85501|01/01/2024 08:43:30||5190|7631808976|20922012456
6479|0|55392|31/12/2023 23:30:07||38393|1798899952|1967318576
16383|0|53891|31/12/2023 13:52:36||73044|1464424032|2033488912
6983|0|4084|01/01/2024 02:58:27||25893|9055401480|10309550888
7030|0|84646|01/01/2024 03:13:07||25013|7033225064|9106024152
7163|0|82966|01/01/2024 04:13:11||21409|9878749672|11428608552
6844|0|48804|01/01/2024 01:59:21||29439|5439509688|7163766368
6485|0|33801|31/12/2023 21:00:55||47345|12850120200|15037879064
6984|0|50742|01/01/2024 02:50:03||26397|8125559728|8946172752
7324|0|28133|01/01/2024 05:16:28||17612|1501722920|2230955264
7890|0|50959|01/01/2024 08:44:13||5147|8921793024|25284338520
6932|0|57257|01/01/2024 02:35:04||27296|1760817904|1958190056
7767|0|34397|01/01/2024 08:09:02||7258|1019209984|1491136968
6860|0|19793|01/01/2024 02:00:49||29351|307929960|337808560
7587|0|50033|01/01/2024 07:05:05||11095|408306392|608478032
6888|0|57110|01/01/2024 02:14:46||28514|7743779344|8451424832
6861|0|73390|01/01/2024 02:05:04||29096|152490325688|315440503904
7928|0|16239|01/01/2024 08:54:28||4532|1939235336|2559283984
6908|0|16033|01/01/2024 02:21:27||28113|2089541472|2233652096
6909|0|27011|01/01/2024 02:29:49||27611|2216974720|2931045896
7196|0|7874|01/01/2024 04:27:58||20522|961794168|1105977080
7325|0|44287|01/01/2024 05:13:13||17807|24965281408|51093371816
7100|0|31981|01/01/2024 03:44:06||23154|700378872|1006167760
7671|0|69532|01/01/2024 07:38:34||9086|672699440|705462680
16410|0|79714|31/12/2023 16:04:25||65135|3865756560|5219807960
6501|0|33279|31/12/2023 13:50:47|01/01/2024 10:03:39|72772|40090730264|45771049752
8151|0|33279|01/01/2024 10:04:19||341|7395008|9335880
7951|0|35120|01/01/2024 09:03:51||3969|10382986176|26026170048
7071|0|25105|01/01/2024 03:34:53||23707|6384529352|8210609160
7048|0|92044|01/01/2024 03:28:58||24062|12442128488|13231099464
8081|0|17848|01/01/2024 09:44:18||1542|116632264|142660208
6862|0|97924|01/01/2024 02:07:21||28959|6623520792|8535993904
7276|0|18712|01/01/2024 04:55:25||18875|1273684120|1883759784
16426|0|5591|31/12/2023 14:32:44||70636|2883175240|4039744008
7588|0|15363|01/01/2024 07:04:48||11112|257831008|334783816
7372|0|89490|01/01/2024 05:35:14||16486|2129671672|2498486192
7768|0|59260|01/01/2024 08:01:26||7714|1134869280|1211970272
16429|0|38818|31/12/2023 18:27:24||56556|3797290816|4386992776
8119|0|67654|01/01/2024 09:54:22||938|443942072|649965840
8152|0|76464|01/01/2024 10:08:24||96|11399496|15752848
7672|0|62004|01/01/2024 07:36:52||9188|7998128200|17537811192
7730|0|89959|01/01/2024 07:53:37||8183|17834771536|45522286800
7245|0|92467|01/01/2024 04:43:20||19600|151170048|207828768
7769|0|71418|01/01/2024 08:04:44||7516|33850800792|66486874464
8153|0|31249|01/01/2024 10:00:45||555|51543120|54378656
6985|0|62223|01/01/2024 02:56:35||26005|3057486600|4406006016
6910|0|33021|01/01/2024 02:23:04||28016|1088618512|1429199088
7392|0|3869|01/01/2024 05:41:29||16111|3596150624|4022934232
6521|0|24262|31/12/2023 19:49:57||51603|15686941192|18314749888
6609|0|82717|01/01/2024 00:05:36||36264|3217859192|3491054640
16443|0|75980|31/12/2023 12:04:39||79521|5462942480|7673195688
7222|0|81178|01/01/2024 04:33:56||20164|873295768|1035757272
7441|0|83766|01/01/2024 06:05:35||14665|74068549464|179810819296
7589|0|61605|01/01/2024 07:03:13||11207|2019683328|2543321752
6528|0|26412|31/12/2023 20:31:05|01/01/2024 10:00:48|48583|9571578920|12277093568
8154|0|26412|01/01/2024 10:01:54||486|69949984|92583464
6911|0|77991|01/01/2024 02:21:10||28130|10935711056|11185828064
6986|0|22920|01/01/2024 02:57:29||25951|8913002600|10868323072
3560|0|68011|31/12/2023 13:08:44||75676|4626525296|5209999952
8050|0|82808|01/01/2024 09:33:26||2194|240689936|285973360
6533|0|33809|31/12/2023 15:25:44||67456|33680417016|35195194720
7731|0|97715|01/01/2024 07:54:58||8102|108734960|118752856
6863|0|98159|01/01/2024 02:06:26||29014|15149355832|20879353472
7891|0|30827|01/01/2024 08:43:03||5217|166007096|221498416
7732|0|70909|01/01/2024 07:58:52||7868|570722384|729764704
7521|0|25324|01/01/2024 06:33:56||12964|2084951696|2295373872
6798|0|68685|01/01/2024 01:30:31||31169|3695654992|3986655624
6542|0|60607|31/12/2023 13:49:36||73224|35924723296|39816740696
6545|0|8203|31/12/2023 13:27:10||74570|3344705624|4184370184
6776|0|82011|01/01/2024 01:29:48||31212|438671632|439849432
16479|0|20072|31/12/2023 12:58:27||76293|13988083760|17558903152
7929|0|9616|01/01/2024 08:57:45||4335|580556648|827086520
7930|0|8083|01/01/2024 08:57:50||4330|267332256|320326128
7198|0|76728|01/01/2024 04:23:00||20820|9794114256|10737772920
8051|0|38309|01/01/2024 09:38:44||1876|17313640|19332936
6551|0|84637|31/12/2023 18:24:59||56701|1111924688|1391755392
7522|0|93182|01/01/2024 06:38:23||12697|2503866264|2881687032
7770|0|44564|01/01/2024 08:02:51||7629|4533114728|5096122592
6554|0|55259|31/12/2023 12:11:12||79128|2157484504|2446977496
7135|0|48086|01/01/2024 04:00:58||22142|61965556552|118754968056
6750|0|83760|01/01/2024 01:14:27||32133|16328848232|22425727264
6933|0|24702|01/01/2024 02:30:23||27577|11319137728|12613361408
6751|0|73157|01/01/2024 01:18:03||31917|7846083904|7851384936
8155|0|73225|01/01/2024 10:05:21||279|15340880|18179232
6934|0|48168|01/01/2024 02:37:41||27139|1407728784|1617817656
6562|0|96138|31/12/2023 19:13:41||53779|4398193368|6444819368
6563|0|63664|31/12/2023 15:09:53||68407|23559723616|25155131896
7978|0|24671|01/01/2024 09:10:53||3547|1583570416|1754690720
6710|0|20752|01/01/2024 00:52:18||33462|106471230560|226151855488
6935|0|40629|01/01/2024 02:33:17||27403|903741136|1226883000
8156|0|61063|01/01/2024 10:00:53||547|32775384|45487024
6752|0|41928|01/01/2024 01:14:51||32109|17192622808|20486209304
7833|0|79157|01/01/2024 08:27:52||6128|2181745456|2612361600
7771|0|92304|01/01/2024 08:02:41||7639|3326864088|3730535800
7373|0|82373|01/01/2024 05:37:46||16334|900221424|1329030664
6573|0|49479|31/12/2023 16:53:51||62169|8542140232|10785400368
16521|0|58841|31/12/2023 12:09:18||79242|100122269680|283139874504
6643|0|51341|01/01/2024 00:23:53||35167|5376320912|6530678656
6576|0|48178|31/12/2023 19:56:44||51196|12822907800|13992577160
7705|0|74521|01/01/2024 07:47:23||8557|495774888|510239648
16535|0|48187|31/12/2023 15:45:43||66257|5019016144|5374383688
16536|0|24789|31/12/2023 20:40:23||48577|1416750064|2000103080
7501|0|64828|01/01/2024 06:24:54||13506|7185561016|8017763616
7772|0|85389|01/01/2024 08:08:18||7302|2184696816|2582386216
7164|0|40241|01/01/2024 04:11:46||21494|26856057752|52647715208
6581|0|96482|31/12/2023 21:18:34||46286|5391105304|6135135320
6889|0|97466|01/01/2024 02:10:48||28752|1206385184|1361971464
7979|0|59435|01/01/2024 09:10:09||3591|161726296|217303104
7617|0|59657|01/01/2024 07:10:06||10794|835092968|845766560
6726|0|23350|01/01/2024 01:05:41||32659|2923076824|4367163560
8120|0|28409|01/01/2024 09:51:00||1140|13529400|15534320
6936|0|29872|01/01/2024 02:36:43||27197|8411079408|8889243784
