IdSession|IdPSX|IdSubscriber|StartSession|EndSession|Duartion|UpTx|DownTx
7421|0|37974|01/01/2024 06:09:44||6616|3339279456|4611484864
14397|0|74301|31/12/2023 12:26:24||70416|12285811984|14266561848
7299|0|87799|01/01/2024 05:10:52||10148|640610376|955453600
7706|0|85070|01/01/2024 07:54:41||319|34154912|36961304
7277|0|62355|01/01/2024 05:06:14||10426|12444372368|30371509216
5119|0|74669|31/12/2023 18:08:53||49867|3819418112|4698130272
6801|0|85519|01/01/2024 01:49:13||22247|8547832368|11883730312
7327|0|82652|01/01/2024 05:27:30||9150|2069401264|2095243712
7442|0|59125|01/01/2024 06:15:55||6245|44944824|57512568
1794|0|86264|31/12/2023 19:59:48||43212|5246857528|6532813392
6890|0|96559|01/01/2024 02:26:08||20032|5207395376|7318425592
7467|0|25839|01/01/2024 06:23:35||5785|2218155952|2371602128
6711|0|21645|01/01/2024 01:02:16||25064|4209708432|5311471952
7557|0|53028|01/01/2024 07:03:05||3415|748175496|932379992
7644|0|38260|01/01/2024 07:39:52||1208|148517296|177080680
6644|0|54570|01/01/2024 00:38:11||26509|63926364128|131240391752
6610|0|76237|01/01/2024 00:16:46||27794|3155162712|3264939584
7558|0|59994|01/01/2024 07:07:29||3151|1028542808|1034041872
7422|0|8960|01/01/2024 06:03:52||6968|1155802192|1729489320
6912|0|59205|01/01/2024 02:36:50||19390|50008741312|135006738944
14429|0|83585|31/12/2023 22:17:03||34977|21989766336|27022953480
7278|0|4732|01/01/2024 05:06:12||10428|1202585160|1436599040
7328|0|45057|01/01/2024 05:21:34||9506|137574336|157353656
7223|0|59414|01/01/2024 04:48:00||11520|3988186520|4746502472
6988|0|25097|01/01/2024 03:00:08||17992|7071652144|8468369992
6937|0|65857|01/01/2024 02:47:24||18756|4191168032|4952847256
6989|0|60741|01/01/2024 03:06:51||17589|2594049048|2969958832
7300|0|47789|01/01/2024 05:14:00||9960|685569128|715107288
7537|0|45696|01/01/2024 06:54:43||3917|469654128|565590824
5145|0|17166|31/12/2023 17:36:45||51795|112923523656|247870924696
1831|0|62627|31/12/2023 14:21:11||63529|31700554976|83944823584
7122|0|9319|01/01/2024 04:07:52||13928|11637210136|11771624120
5147|0|63329|31/12/2023 16:28:15||55905|8938269816|9505984432
7101|0|24952|01/01/2024 03:52:17||14863|4977709224|5676098624
7645|0|33912|01/01/2024 07:31:57||1683|179104656|234176872
7329|0|86402|01/01/2024 05:26:00||9240|12601658032|36991459872
14443|0|59587|31/12/2023 14:31:53||62887|4473776920|5345546640
7502|0|93219|01/01/2024 06:38:55||4865|593037256|694588232
7199|0|75263|01/01/2024 04:33:49||12371|2806373872|3546137640
7538|0|30336|01/01/2024 06:56:10||3830|1535398720|1692127648
7590|0|54404|01/01/2024 07:14:09||2751|245671096|325233128
7350|0|92628|01/01/2024 05:36:06||8634|3102251128|3893468520
7539|0|37317|01/01/2024 06:59:29||3631|722238192|921424576
7072|0|68624|01/01/2024 03:47:39||15141|5344870928|7463917056
7503|0|50884|01/01/2024 06:39:07||4853|319405192|433737400
1855|0|57230|31/12/2023 13:45:10||65690|26747216880|29404563240
7618|0|71658|01/01/2024 07:20:56||2344|94933288|115903952
14454|0|66423|31/12/2023 13:06:07||68033|27750839720|36039739120
14456|0|37529|31/12/2023 19:58:31||43289|75433595008|213930138776
6913|0|42806|01/01/2024 02:36:20||19420|3362042720|3377169792
7707|0|61794|01/01/2024 07:50:47||553|59752576|82316184
14458|0|11120|31/12/2023 21:44:02||36958|5081668952|7337167504
6990|0|71383|01/01/2024 03:09:21||17439|1908172944|2190040648
14462|0|73710|31/12/2023 22:09:53||35407|3537525424|5041977960
14463|0|35546|31/12/2023 13:32:16||66464|2290510776|3125932800
7591|0|76483|01/01/2024 07:11:21||2919|213941320|293301744
14464|0|23220|31/12/2023 14:57:11||61369|12598196176|13082428936
7559|0|65812|01/01/2024 07:07:13||3167|1009097632|1148057760
7073|0|30881|01/01/2024 03:48:56||15064|11842263056|14180244568
6845|0|96132|01/01/2024 02:09:46||21014|1751721888|2593584120
6712|0|41896|01/01/2024 01:09:49||24611|11146569632|13072941072
7102|0|43101|01/01/2024 03:56:26||14614|4662990704|4868865368
5174|0|5259|31/12/2023 13:02:02||68278|7660477632|9801909184
14473|0|59136|31/12/2023 21:30:45||37755|5959143848|6731500048
7560|0|16048|01/01/2024 07:06:40||3200|701382624|939666864
14479|0|38204|31/12/2023 12:03:12||71808|8819978272|11810918512
7504|0|39037|01/01/2024 06:39:31||4829|2345063432|2937347496
14483|0|20682|31/12/2023 16:38:09|01/01/2024 07:51:06|54777|3231702296|3795046376
6777|0|35155|01/01/2024 01:39:31||22829|1166025272|1598618104
6891|0|82492|01/01/2024 02:25:40||20060|2960005176|4217897648
6631|0|58783|01/01/2024 00:22:01||27479|4825080248|6033693360
6865|0|78898|01/01/2024 02:13:15||20805|1042277944|1269002520
5183|0|99136|31/12/2023 23:17:39||31341|14435106032|19615932352
7561|0|99739|01/01/2024 07:00:15||3585|6225130008|18403430928
7224|0|81147|01/01/2024 04:49:16||11444|1172149352|1557047840
7708|0|11390|01/01/2024 07:59:40||20|8640328|11049888
6753|0|89313|01/01/2024 01:27:44||23536|5719886408|6912998976
7619|0|14175|01/01/2024 07:29:20||1840|449648336|528659216
7225|0|60137|01/01/2024 04:40:44||11956|12910256624|33377326976
5190|0|63873|31/12/2023 20:52:46||40034|15621391784|17944009032
14497|0|56049|31/12/2023 16:38:04||55316|13911662216|18346815096
14499|0|89902|31/12/2023 23:29:06||30654|6487569688|7529817040
6939|0|4719|01/01/2024 02:45:53||18847|59855528|62276168
5192|0|55333|31/12/2023 13:42:01||65879|8973988640|9892045512
14502|0|20349|31/12/2023 13:23:47||66973|6873404144|7954528152
1893|0|34515|31/12/2023 18:08:08||49912|7831861944|8493349928
7523|0|17160|01/01/2024 06:41:34||4706|1653746056|1704964696
7646|0|59576|01/01/2024 07:35:05||1495|83716824|92473608
6632|0|25130|01/01/2024 00:28:25||27095|2957198616|3065209688
7468|0|51885|01/01/2024 06:25:14||5686|1226705304|1447823696
7673|0|59735|01/01/2024 07:45:48||852|2356177408|6319477368
7394|0|51212|01/01/2024 05:57:21||7359|1371892184|1410946480
14508|0|66732|31/12/2023 13:10:13|01/01/2024 07:56:57|67604|11793026152|13881965544
7505|0|28628|01/01/2024 06:36:09||5031|897203112|1331394496
14509|0|17452|31/12/2023 15:13:15||60405|14694347904|21380888016
6645|0|38258|01/01/2024 00:33:02||26818|60734693744|142095936816
1900|0|81488|31/12/2023 22:26:35||34405|80459938512|190315358496
7674|0|64295|01/01/2024 07:43:18||1002|67750352|75215608
7395|0|25275|01/01/2024 05:55:08||7492|22045290960|62773547416
5205|0|51526|31/12/2023 15:25:13||59687|6637272792|9093921184
14513|0|84546|31/12/2023 16:28:24||55896|3721552184|4538729520
7592|0|70042|01/01/2024 07:17:01||2579|256005488|328454280
6687|0|11287|01/01/2024 00:59:39||25221|5410938392|7693710696
1903|0|96155|31/12/2023 20:01:42||43098|2568256304|3640660896
7200|0|81133|01/01/2024 04:36:32||12208|3374823368|4394827800
14517|0|60049|31/12/2023 17:19:08||52852|39092100344|43745183824
7279|0|59631|01/01/2024 05:05:22||10478|2331894120|2719696864
1906|0|13992|31/12/2023 16:36:36||55404|7614018864|9784448648
7469|0|98839|01/01/2024 06:22:06||5874|6768333136|19955343936
7593|0|73246|01/01/2024 07:14:51||2709|1221694688|1632556544
7301|0|69853|01/01/2024 05:16:32||9808|563403736|685442992
7470|0|82791|01/01/2024 06:29:24||5436|3677022384|3783042696
6866|0|14428|01/01/2024 02:11:55||20885|2705413912|3101499616
7123|0|60031|01/01/2024 04:03:42||14178|6915056616|8087944016
7443|0|68039|01/01/2024 06:17:48||6132|1573992552|2026297304
5218|0|9432|31/12/2023 23:12:35||31645|11312344400|14219737896
7330|0|61684|01/01/2024 05:22:05||9475|1652904136|2454268224
5220|0|67555|31/12/2023 18:49:53||47407|1590823856|2112101760
14531|0|62190|31/12/2023 16:03:49||57371|12372425504|15864207056
7423|0|44041|01/01/2024 06:03:47||6973|4938822728|6852776048
7562|0|83091|01/01/2024 07:00:40||3560|23541080|30181920
7444|0|35621|01/01/2024 06:15:40||6260|9767316224|22746085160
6779|0|71416|01/01/2024 01:37:26||22954|10808644040|12006977008
14535|0|57697|31/12/2023 22:39:42||33618|5445042808|6189390784
7246|0|49043|01/01/2024 04:54:28||11132|238010144|350892720
1921|0|26831|31/12/2023 17:21:52||52688|86746515144|251150406008
6940|0|5281|01/01/2024 02:43:47||18973|533363480|613831904
6941|0|47510|01/01/2024 02:44:47||18913|30578572016|69383138816
7124|0|91314|01/01/2024 04:06:45||13995|1321412600|1632415248
6611|0|23672|01/01/2024 00:15:17||27883|38867201768|116520891744
7647|0|96669|01/01/2024 07:31:52||1688|17551912|22857336
14542|0|33410|31/12/2023 13:23:25||66995|254771000768|474741354016
6633|0|95998|01/01/2024 00:27:34||27146|7991180008|8726651520
7226|0|48614|01/01/2024 04:40:39||11961|2916657432|4064367776
7709|0|73049|01/01/2024 07:59:13||47|106463912|307215040
7227|0|86051|01/01/2024 04:48:05||11515|1336824744|1697219216
6956|0|24662|01/01/2024 02:54:18||18342|8827921672|10400459648
7074|0|34585|01/01/2024 03:46:41||15199|5191469472|6046874936
14553|0|31706|31/12/2023 17:59:54||50406|8509638696|10418019624
7506|0|23331|01/01/2024 06:35:25||5075|34730024|41196912
14556|0|36494|31/12/2023 21:19:26||38434|8627639312|10776033144
7675|0|29747|01/01/2024 07:40:24||1176|30064008|39931640
6646|0|16928|01/01/2024 00:32:19||26861|4898124160|6637617272
6688|0|78240|01/01/2024 00:50:36||25764|17735755256|23198690672
7139|0|32410|01/01/2024 04:17:17||13363|1071474208|1082793032
6780|0|58718|01/01/2024 01:30:25||23375|5537643128|7270316232
7165|0|14653|01/01/2024 04:28:26||12694|926656024|1141930448
7229|0|29371|01/01/2024 04:41:04||11936|424517928|630520440
14562|0|84110|31/12/2023 17:55:24||50676|8495933992|10605398848
14565|0|85151|31/12/2023 13:52:02||65278|31438680528|36703815184
6728|0|57785|01/01/2024 01:17:09||24171|8520111224|10415111064
7302|0|93506|01/01/2024 05:18:10||9710|1290801720|1844668640
7676|0|75383|01/01/2024 07:48:27||693|92501520|98395144
7524|0|64718|01/01/2024 06:46:46||4394|1131639280|1510628440
7351|0|10105|01/01/2024 05:37:47||8533|4666493176|4788223704
5253|0|92558|31/12/2023 19:20:11||45589|16548824824|18528431048
6647|0|78522|01/01/2024 00:32:43||26837|1243861168|1313235960
7594|0|98900|01/01/2024 07:15:28||2672|820878368|1172100104
7051|0|72641|01/01/2024 03:34:13||15947|5955475640|7785679280
7247|0|41384|01/01/2024 04:51:17||11323|232106368|271699800
7012|0|47184|01/01/2024 03:15:57||17043|2511141952|2541585672
5258|0|31782|31/12/2023 16:58:19||54101|166063891832|479394324904
7445|0|36231|01/01/2024 06:14:25||6335|9632579240|24586442416
7075|0|31020|01/01/2024 03:48:02||15118|5975520128|6091573304
7052|0|37938|01/01/2024 03:35:39||15861|1907849552|2500568512
6612|0|36991|01/01/2024 00:11:21||28119|7091300592|8291761576
7166|0|26935|01/01/2024 04:29:22||12638|4379696688|5088634704
14584|0|40573|31/12/2023 20:51:50||40090|5689717648|6611874192
7331|0|92118|01/01/2024 05:28:33||9087|2157022928|3000610392
7525|0|66047|01/01/2024 06:44:25||4535|1615969960|1641521864
7230|0|79751|01/01/2024 04:45:06||11694|17559724592|50430363864
5270|0|33231|31/12/2023 22:18:44||34876|6742689384|7985425344
7507|0|73845|01/01/2024 06:33:55||5165|1765703128|2423940768
7332|0|14516|01/01/2024 05:26:50||9190|1031764664|1500807496
6729|0|50415|01/01/2024 01:12:52||24428|10568435408|13813647896
7013|0|94663|01/01/2024 03:13:21||17199|2710908584|2844175920
14595|0|44729|31/12/2023 20:41:31||40709|16820057920|24510228120
7167|0|10326|01/01/2024 04:29:53||12607|25413648864|66544742000
6781|0|46454|01/01/2024 01:34:43||23117|2665856832|3191165984
6754|0|79621|01/01/2024 01:21:57||23883|1681781856|1855051520
7620|0|74615|01/01/2024 07:29:22||1838|434510768|461594368
14598|0|6884|31/12/2023 23:39:50||30010|4087301424|4678612752
7446|0|16276|01/01/2024 06:13:54||6366|1041047408|1509038000
6755|0|94862|01/01/2024 01:24:49||23711|772318648|1046263600
5281|0|77556|31/12/2023 22:17:51||34929|4441064592|4478930344
7621|0|28712|01/01/2024 07:25:28||2072|275352656|275860040
5283|0|76675|31/12/2023 22:45:34||33266|1282232600|1417371496
7595|0|5586|01/01/2024 07:12:56||2824|2929121864|6520754496
1977|0|88428|31/12/2023 19:16:45||45795|10680594256|11510252696
14610|0|31271|31/12/2023 23:15:47||31453|29901014320|35171014424
6802|0|60295|01/01/2024 01:49:28||22232|14851128928|15810587288
14612|0|19713|31/12/2023 20:54:29||39931|8204254576|8424429784
5287|0|25576|31/12/2023 12:53:04||68816|21535487816|22712366928
5288|0|74337|31/12/2023 18:38:33||48087|8787834736|9988718848
6756|0|35340|01/01/2024 01:20:34||23966|2875054232|2976911016
14618|0|90836|31/12/2023 18:59:28||46832|10725043024|14427719792
14620|0|92971|31/12/2023 12:12:47||71233|6760584096|9645579488
5292|0|88799|31/12/2023 14:11:33||64107|16478298984|19451633728
6991|0|16548|01/01/2024 03:05:17||17683|4785974320|6309785232
6689|0|92612|01/01/2024 00:58:48||25272|11092588456|13599271904
7424|0|34312|01/01/2024 06:03:56||6964|4833748320|5770454360
7352|0|30933|01/01/2024 05:37:04||8576|1239264496|1702517024
6914|0|83343|01/01/2024 02:34:10||19550|4108944232|4681928144
14637|0|37157|31/12/2023 12:01:11||71929|20583226144|30738390976
6957|0|55584|01/01/2024 02:58:29||18091|3407929336|4490883344
7303|0|17145|01/01/2024 05:16:53||9787|1077304752|1556705712
6757|0|99295|01/01/2024 01:21:09||23931|5038517048|7294986968
7076|0|10493|01/01/2024 03:40:06||15594|2122619560|2975546184
7103|0|67316|01/01/2024 03:50:37||14963|2865854032|4119629064
7622|0|15500|01/01/2024 07:20:37||2363|198043920|223605008
14661|0|59111|31/12/2023 17:43:27||51393|22022281224|28776666792
14662|0|91247|31/12/2023 19:15:22||45878|12027383008|17182369808
6667|0|92469|01/01/2024 00:43:15||26205|4348961216|5923178400
7168|0|34605|01/01/2024 04:27:44||12736|29736831368|82509939664
7031|0|89665|01/01/2024 03:21:18||16722|7318484992|7647939616
5311|0|40379|31/12/2023 23:46:38||29602|1106020640|1127841976
7353|0|38820|01/01/2024 05:37:12||8568|3624464880|4171088040
7169|0|6957|01/01/2024 04:23:29||12991|35108283824|93878467160
6613|0|59348|01/01/2024 00:12:01||28079|2217337144|2968520336
6668|0|24430|01/01/2024 00:42:16||26264|6788995104|10088836072
2026|0|24261|31/12/2023 23:34:40||30320|35326687352|25471982240
7201|0|55411|01/01/2024 04:38:13||12107|121502600|125099664
7170|0|93165|01/01/2024 04:23:13||13007|1294746776|1381782880
7648|0|87720|01/01/2024 07:33:45||1575|125425776|139287584
7077|0|70699|01/01/2024 03:41:59||15481|1456758000|1662874264
7140|0|75232|01/01/2024 04:10:23||13777|5970308896|6697519784
6614|0|64821|01/01/2024 00:18:20||27700|3766221240|4987997768
7304|0|85082|01/01/2024 05:12:54||10026|778320304|820539256
6867|0|29923|01/01/2024 02:14:16||20744|669056520|802279424
5326|0|88644|31/12/2023 19:02:55||46625|8338031984|9459441896
7280|0|41962|01/01/2024 05:02:54||10626|1467441048|2189865008
7171|0|84833|01/01/2024 04:21:24||13116|5604776888|5952789144
6892|0|40282|01/01/2024 02:21:10||20330|31376065728|88862205360
7202|0|44361|01/01/2024 04:39:49||12011|601457176|638012496
14687|0|8712|31/12/2023 17:14:48||53112|7868255752|8064813048
5332|0|10027|31/12/2023 15:02:05||61075|2209005168|2861026488
7078|0|68721|01/01/2024 03:45:21||15279|9914508432|14570926080
7053|0|29280|01/01/2024 03:33:19||16001|6335268168|8846705272
14692|0|37519|31/12/2023 18:15:24||49476|29596298128|35439149360
5335|0|94737|31/12/2023 18:42:53||47827|13198070000|16316187008
6868|0|96649|01/01/2024 02:19:01||20459|377566848|464523176
7104|0|26220|01/01/2024 03:52:58||14822|8777204376|8924551032
6916|0|73573|01/01/2024 02:35:20||19480|413192544|466054160
14701|0|70850|31/12/2023 21:39:16||37244|4438941488|6327234680
5342|0|91375|31/12/2023 12:42:10||69470|9793358672|12167360512
7623|0|60347|01/01/2024 07:23:57||2163|30390992|33917032
7281|0|75481|01/01/2024 05:02:41||10639|280575448|287228040
6731|0|15640|01/01/2024 01:12:26||24454|704358248|777308784
14708|0|97929|31/12/2023 23:15:43||31457|2146318640|2452354752
14712|0|55223|31/12/2023 21:16:53||38587|17919113304|18196338096
14713|0|56756|31/12/2023 12:51:24||68916|3044516560|3206891912
14718|0|86419|31/12/2023 23:19:23||31237|85182616|101273040
2065|0|85231|31/12/2023 22:32:04||34076|10547654416|12401026632
6869|0|6280|01/01/2024 02:10:32||20968|2485769744|2633133944
6992|0|17534|01/01/2024 03:02:30||17850|3425582536|4808470656
7282|0|54065|01/01/2024 05:01:41||10699|579226632|715524424
7624|0|49349|01/01/2024 07:21:43||2297|114899304|156899008
7305|0|89997|01/01/2024 05:15:29||9871|28381686608|59849897392
7249|0|29503|01/01/2024 04:59:20||10840|13428024960|37452046496
5360|0|91907|31/12/2023 18:50:07|01/01/2024 07:56:13|47166|1135412512|1367966992
7710|0|91907|01/01/2024 07:56:49||191|25864600|30055968
7711|0|53819|01/01/2024 07:54:27||333|541335152|1348716144
6870|0|67772|01/01/2024 02:17:18||20562|2113823248|2994012528
14731|0|43289|31/12/2023 23:50:07||29393|2691507696|2705169824
14734|0|66998|31/12/2023 21:24:40||38120|7268271408|9544503952
5363|0|17109|31/12/2023 20:34:59||41101|3560228032|3716180184
6917|0|96145|01/01/2024 02:36:43||19397|215669496|248103144
7014|0|35497|01/01/2024 03:19:39||16821|10213682880|10699752840
7396|0|34910|01/01/2024 05:58:16||7304|778727208|832653384
7397|0|43637|01/01/2024 05:57:08||7372|1855386432|2444810992
14745|0|70576|31/12/2023 13:33:42||66378|11455558424|11727816296
6759|0|21573|01/01/2024 01:21:44||23896|9159712280|10551156544
5375|0|42861|31/12/2023 17:19:12||52848|3336263784|4783692600
6634|0|93139|01/01/2024 00:27:21||27159|124913720|168205888
6592|0|69571|01/01/2024 00:04:09||28551|1233415208|1730371944
14753|0|97429|31/12/2023 14:29:33||63027|11270974920|15114120368
6732|0|84827|01/01/2024 01:17:41||24139|201125510080|112647038064
5382|0|96461|31/12/2023 22:46:00||33240|48759342448|136525943672
5383|0|98665|31/12/2023 21:51:56||36484|8634552120|10273944984
5384|0|73673|31/12/2023 18:15:37||49463|59381293024|135447083560
5385|0|74557|31/12/2023 22:56:14||32626|5664658736|7249933432
5386|0|7301|31/12/2023 18:27:50||48730|5342135800|6884214072
7141|0|26593|01/01/2024 04:10:33||13767|10701720768|15722699568
14760|0|58236|31/12/2023 22:27:03||34377|9777234464|12067126256
14762|0|92901|31/12/2023 17:26:58||52382|14887054408|18813041368
7625|0|98838|01/01/2024 07:21:39||2301|1313054392|1817936448
7173|0|4513|01/01/2024 04:22:13||13067|2673396896|2986278824
7015|0|55477|01/01/2024 03:12:06||17274|4801631048|5310984464
5392|0|21733|31/12/2023 16:58:37||54083|120486124816|256939829048
7712|0|89274|01/01/2024 07:58:04||116|6486176|7447664
5393|0|85876|31/12/2023 17:04:24||53736|9946260384|11207001800
7540|0|81050|01/01/2024 06:54:25||3935|141948904|206142752
7713|0|78922|01/01/2024 07:53:44||376|5691712|8527128
6918|0|86917|01/01/2024 02:36:50||19390|1316620144|1715824432
7142|0|81151|01/01/2024 04:12:31||13649|27743538616|63057617808
5398|0|91653|31/12/2023 15:34:07||59153|13481758936|16230801288
14773|0|77862|31/12/2023 20:37:09||40971|16824587864|17238763088
6804|0|31001|01/01/2024 01:41:07||22733|20175694840|20445427848
7448|0|82926|01/01/2024 06:19:15||6045|186626856|253004016
2104|0|34512|31/12/2023 22:12:56||35224|18279312504|20445997248
7203|0|32908|01/01/2024 04:31:15||12525|2730911584|2891109616
7143|0|36817|01/01/2024 04:12:17||13663|11504153688|12657843048
7541|0|54327|01/01/2024 06:56:22||3818|1869768352|2385086952
2112|0|66378|31/12/2023 18:11:14||49726|7977732040|8442340968
14789|0|25089|31/12/2023 17:56:38||50602|28839376160|36387199008
7033|0|41825|01/01/2024 03:26:05||16435|11770228624|12157009248
7079|0|92737|01/01/2024 03:43:05|01/01/2024 07:52:41|14976|21255545944|40562188704
7714|0|92737|01/01/2024 07:54:20||340|520532752|1343704032
7677|0|61911|01/01/2024 07:43:40||980|7617800|9119304
6871|0|26405|01/01/2024 02:17:45||20535|1339263536|1343821496
7204|0|3894|01/01/2024 04:30:25||12575|4742117136|4800155944
14802|0|42803|31/12/2023 14:28:18||63102|4656756000|6374807456
7125|0|57579|01/01/2024 04:05:59||14041|27331512792|60750090864
7678|0|18352|01/01/2024 07:41:16||1124|1465786048|3992669656
14803|0|40130|31/12/2023 16:59:44||54016|2200067784|2251457224
2124|0|31738|31/12/2023 12:08:00||71520|12709233264|14180984760
6919|0|16738|01/01/2024 02:33:52||19568|1411532144|1710042848
14814|0|79796|31/12/2023 17:30:50||52150|10438340480|11235832032
5415|0|28470|31/12/2023 12:12:32||71248|7959998816|8896161992
14823|0|12313|31/12/2023 17:37:23||51757|45279984712|54461863256
5416|0|64019|31/12/2023 21:30:14||37786|2761246160|4031129920
6636|0|30099|01/01/2024 00:26:26||27214|1704245224|2441777304
14825|0|19792|31/12/2023 17:43:27||51393|30002063016|38431206416
5420|0|40487|31/12/2023 21:43:25||36995|7731070848|9362162456
7174|0|11123|01/01/2024 04:20:26||13174|434441088|638592544
14830|0|85395|31/12/2023 23:19:21||31239|582140592|588535280
6806|0|36677|01/01/2024 01:41:56||22684|2335220376|3401887808
7542|0|12808|01/01/2024 06:53:51||3969|1483106152|2065789056
6827|0|42522|01/01/2024 01:59:37||21623|2827672152|4192997432
7144|0|56994|01/01/2024 04:12:52||13628|975976968|1269646128
14838|0|68857|31/12/2023 22:34:20||33940|67133291416|158289422920
7307|0|26763|01/01/2024 05:14:50||9910|1421006440|1600401248
6617|0|95397|01/01/2024 00:19:30||27630|6356396408|7077189264
5431|0|50925|31/12/2023 15:12:37||60443|91280178384|200415562816
7354|0|74214|01/01/2024 05:39:32||8428|699946408|966506688
14843|0|69971|31/12/2023 19:57:54||43326|1644513480|2387703776
7355|0|91337|01/01/2024 05:35:38||8662|3833485952|4143996936
6893|0|76903|01/01/2024 02:23:15||20205|7333488968|10572179192
14853|0|57316|31/12/2023 12:22:14||70666|17241683712|23363969032
5438|0|99802|31/12/2023 23:34:38||30322|1595422008|1961102552
7425|0|35952|01/01/2024 06:00:06||7194|1099034640|1566821000
7016|0|20340|01/01/2024 03:18:38||16882|4090191360|5931285000
7375|0|97176|01/01/2024 05:45:28||8072|2277674280|2381305616
7055|0|64535|01/01/2024 03:38:24||15696|1269192176|1802620928
7543|0|90151|01/01/2024 06:54:37||3923|2911119752|3571855840
5446|0|96448|31/12/2023 19:24:37||45323|14243611032|15785699752
2166|0|96996|31/12/2023 12:50:54||68946|22386785496|28987515832
7679|0|77865|01/01/2024 07:46:42||798|67014416|85574896
6733|0|10821|01/01/2024 01:18:18||24102|9750902336|13169420728
6872|0|56399|01/01/2024 02:12:24||20856|18048651056|23259534864
2170|0|81524|31/12/2023 17:58:57||50463|121563196432|357740819016
7715|0|79735|01/01/2024 07:57:52||128|121472|134136
5451|0|93857|31/12/2023 19:02:17||46663|6230840096|6585736016
6807|0|98032|01/01/2024 01:47:10||22370|14666236216|21170863792
7563|0|69728|01/01/2024 07:09:49||3011|143125928|159946344
14877|0|8331|31/12/2023 19:19:05||45655|1179864136|1464764328
6691|0|44972|01/01/2024 00:59:55||25205|4644090096|6939911176
6692|0|65972|01/01/2024 00:54:42||25518|6461938720|6610579976
5458|0|26450|31/12/2023 17:43:47||51373|8817330480|9723849056
7426|0|88869|01/01/2024 06:04:48||6912|840256600|882515368
6873|0|31822|01/01/2024 02:15:03||20697|5969700736|6909631552
2179|0|14425|31/12/2023 22:02:05||35875|10206256112|13616592064
7333|0|92390|01/01/2024 05:24:29||9331|232954184|296732624
6593|0|77299|01/01/2024 00:01:53||28687|322901784|413132624
5464|0|86916|31/12/2023 15:11:47||60493|21511034824|29417685032
5465|0|25685|31/12/2023 21:34:54||37506|1953578224|2663804744
7564|0|89996|01/01/2024 07:01:37||3503|358503128|458615504
7680|0|57917|01/01/2024 07:45:19||881|158941008|204719920
7334|0|70053|01/01/2024 05:24:55||9305|757557312|994498256
7231|0|72819|01/01/2024 04:42:50||11830|267869520|392768488
6874|0|85419|01/01/2024 02:16:16||20624|1347166096|1453844544
14894|0|21591|31/12/2023 15:56:40||57800|14873362408|18561376808
7449|0|69724|01/01/2024 06:16:50||6190|1115968856|1610638248
2192|0|82161|31/12/2023 14:11:12||64128|29975412320|35607590408
5479|0|97428|31/12/2023 23:01:06||32334|10792601864|13900807904
7596|0|4076|01/01/2024 07:11:34||2906|9066907984|17087626184
7471|0|86912|01/01/2024 06:21:38||5902|964885200|1446770664
6942|0|61002|01/01/2024 02:49:10||18650|42258564024|90348795664
6808|0|95892|01/01/2024 01:41:58||22682|6723203640|8446791312
6943|0|14216|01/01/2024 02:43:23||18997|6321032520|7322394496
6649|0|94244|01/01/2024 00:33:35||26785|4058343416|5907098000
7283|0|50648|01/01/2024 05:09:21||10239|17881084592|48234355560
6783|0|65854|01/01/2024 01:38:59||22861|12273093320|13132657072
7356|0|59647|01/01/2024 05:30:55||8945|595901872|724231656
7681|0|69690|01/01/2024 07:47:54||726|101550536|113410128
14923|0|44230|31/12/2023 16:21:51||56289|6268528472|7291049192
14925|0|95327|31/12/2023 19:12:24||46056|2017992776|2336258064
5491|0|35479|31/12/2023 16:27:37||55943|18572037224|19214549112
7649|0|75757|01/01/2024 07:35:28||1472|94370760|119047416
14926|0|59525|31/12/2023 17:55:22||50678|15619632776|22755158224
7565|0|46140|01/01/2024 07:01:52||3488|676658792|746927808
7398|0|63740|01/01/2024 05:55:11||7489|3179247136|3572896264
7284|0|7309|01/01/2024 05:04:42||10518|29810051568|71702363576
7566|0|67432|01/01/2024 07:07:04||3176|104412960|137278960
14930|0|91417|31/12/2023 19:48:37||43883|17356096216|21721006304
6875|0|65020|01/01/2024 02:13:13||20807|3928329648|4355550512
7232|0|90478|01/01/2024 04:43:14||11806|4008377992|4921005856
6618|0|80460|01/01/2024 00:18:10||27710|6815664880|9183226352
7056|0|60476|01/01/2024 03:38:45||15675|5941433544|6337313760
14941|0|63560|31/12/2023 23:59:23||28837|3674706840|4892283584
7233|0|24713|01/01/2024 04:46:19||11621|833301440|855968216
7106|0|25048|01/01/2024 03:50:38||14962|3371908120|3524669120
14942|0|53087|31/12/2023 12:58:51||68469|26109364080|35463340392
7716|0|6879|01/01/2024 07:59:43||17|702760|797896
5505|0|80258|31/12/2023 18:15:12||49488|6559636512|6999995440
7081|0|87313|01/01/2024 03:46:20||15220|9414831904|9894367544
7597|0|70323|01/01/2024 07:15:07||2693|606232160|629341472
7399|0|76076|01/01/2024 05:55:54||7446|2164073208|2586687032
7285|0|47934|01/01/2024 05:07:59||10321|2733504208|3404506592
7626|0|75947|01/01/2024 07:20:17||2383|91884120|100715912
14950|0|88959|31/12/2023 17:02:11||53869|3888269384|4841930896
7682|0|57621|01/01/2024 07:46:19||821|6370184|8736680
6809|0|21811|01/01/2024 01:47:50||22330|2385378168|3420742512
7526|0|11099|01/01/2024 06:49:01||4259|477342200|642658776
14952|0|34470|31/12/2023 14:46:23||62017|16318476848|18062800208
7472|0|97624|01/01/2024 06:24:27||5733|680427496|879250536
7250|0|73867|01/01/2024 04:58:09||10911|694116016|803278400
6959|0|14240|01/01/2024 02:55:36||18264|4767179048|5392776184
7107|0|87556|01/01/2024 03:56:12||14628|1549824648|1818950576
6693|0|71946|01/01/2024 00:51:07||25733|3192110376|4242764352
7473|0|62011|01/01/2024 06:21:03||5937|10529769848|28186662752
7035|0|11854|01/01/2024 03:24:59||16501|3388779976|4717788200
14967|0|48705|31/12/2023 13:01:20||68320|49166122528|51461499784
7598|0|47566|01/01/2024 07:11:48||2892|344909328|461704824
6694|0|93935|01/01/2024 00:59:16||25244|8785971800|9104596624
2270|0|70819|31/12/2023 21:20:22||38378|684169936|886518768
6669|0|75798|01/01/2024 00:45:33||26067|6748303584|8702873256
7508|0|88888|01/01/2024 06:30:45||5355|123332840|159119360
14972|0|53853|31/12/2023 16:32:54||55626|8968690208|12951110200
7474|0|97660|01/01/2024 06:28:55||5465|175139424|211752648
6762|0|57415|01/01/2024 01:24:55||23705|5762480576|7811435600
2285|0|49032|31/12/2023 18:37:20||48160|10017426528|13217897264
7627|0|3992|01/01/2024 07:29:46||1814|158745848|168191168
6637|0|72308|01/01/2024 00:28:24||27096|75571354984|164077446600
7108|0|57089|01/01/2024 03:54:00||14760|6175599176|7618869136
7251|0|36401|01/01/2024 04:51:49||11291|836911304|1120222600
6651|0|83725|01/01/2024 00:32:58||26822|3448600352|4405573296
7145|0|17546|01/01/2024 04:17:51||13329|263450184|319165968
7146|0|22879|01/01/2024 04:14:44||13516|3862975944|4260901544
14987|0|76155|31/12/2023 12:04:21||71739|2742539264|2999520384
7082|0|13835|01/01/2024 03:41:46||15494|504868952|720335576
7126|0|52676|01/01/2024 04:07:57||13923|2297173568|3134665600
14989|0|24183|31/12/2023 19:03:58||46562|13141584024|13285904496
14991|0|41731|31/12/2023 23:09:15||31845|1604152096|1679125024
7252|0|61155|01/01/2024 04:52:14||11266|22478537456|47747410056
7683|0|13972|01/01/2024 07:47:47||733|3270400|4633424
7234|0|45025|01/01/2024 04:48:20||11500|772133680|997168600
7357|0|74976|01/01/2024 05:32:59||8821|2651992936|2950006208
7475|0|5401|01/01/2024 06:21:45||5895|7097287232|14430455288
15001|0|51065|31/12/2023 14:30:58||62942|26079161240|27867756032
6595|0|28135|01/01/2024 00:07:01||28379|11274554432|12979060576
7286|0|57478|01/01/2024 05:09:10||10250|2988240800|4013039296
5556|0|69752|31/12/2023 18:47:29||47551|19713577032|20301753640
5558|0|82698|31/12/2023 18:23:20||49000|2028648648|2728093304
6944|0|26199|01/01/2024 02:45:58||18842|38009227664|86656291720
5560|0|64290|31/12/2023 14:30:52||62948|9930036568|14376807904
6734|0|82079|01/01/2024 01:11:39||24501|9196124808|13269780936
7509|0|99286|01/01/2024 06:31:41||5299|2930850208|3271415544
7400|0|41389|01/01/2024 05:56:55||7385|13582579456|26479287448
5564|0|92674|31/12/2023 18:04:49||50111|7614752208|9236128680
7083|0|77855|01/01/2024 03:44:33||15327|4787069208|7001587280
15014|0|35393|31/12/2023 13:34:20||66340|29487951632|37411631696
6620|0|84162|01/01/2024 00:12:44||28036|270050752|291964312
7401|0|98465|01/01/2024 05:58:25||7295|7191815096|9407165944
7036|0|82855|01/01/2024 03:28:49||16271|5926895168|6922369368
7235|0|5372|01/01/2024 04:43:06||11814|2069526128|2445593832
7175|0|37387|01/01/2024 04:22:56||13024|1439546360|1468288136
6621|0|25393|01/01/2024 00:19:07||27653|6330362000|8914400392
7599|0|95133|01/01/2024 07:10:41||2959|34698320|49157224
15020|0|62682|31/12/2023 20:27:20||41560|4991078408|5602852456
7402|0|18337|01/01/2024 05:52:21||7659|6553673952|8850544792
6848|0|13402|01/01/2024 02:09:43||21017|2489759192|2954791480
7427|0|38043|01/01/2024 06:00:38||7162|913613504|1360969200
5584|0|92526|31/12/2023 23:53:07||29213|53087027568|133907977320
15025|0|14885|31/12/2023 17:00:51||53949|9531537816|9727930440
2324|0|64851|31/12/2023 17:06:06||53634|3980953824|5016759944
5585|0|64318|31/12/2023 14:53:55||61565|146160776176|280394171416
7308|0|79969|01/01/2024 05:12:15||10065|815839080|1044480432
7376|0|9408|01/01/2024 05:47:55||7925|1304818136|1745571072
15027|0|80972|31/12/2023 15:12:08||60472|11921159968|17814049392
6596|0|34584|01/01/2024 00:03:25||28595|790034928|880976152
6849|0|32304|01/01/2024 02:02:53||21427|2987745520|3148988624
7109|0|23312|01/01/2024 03:55:26||14674|19467918104|57548269224
15038|0|86936|31/12/2023 12:50:24||68976|172018230544|383214629816
6810|0|19240|01/01/2024 01:47:21||22359|10744276928|14119823256
7335|0|20031|01/01/2024 05:23:33||9387|363312600|406531992
2339|0|58846|31/12/2023 15:38:57||58863|32890451104|32892689912
15040|0|84421|31/12/2023 23:18:01||31319|3190059008|4405332840
6960|0|16393|01/01/2024 02:59:08||18052|1695853448|2072678816
7377|0|54462|01/01/2024 05:41:36||8304|291279184|418604912
7178|0|88067|01/01/2024 04:29:21||12639|752889432|1011711080
5605|0|66705|31/12/2023 15:53:37||57983|32271053240|35171117048
7358|0|14136|01/01/2024 05:37:45||8535|2151926312|2153138912
6597|0|73988|01/01/2024 00:01:44||28696|61967435040|167443474912
7206|0|75523|01/01/2024 04:33:45||12375|30069552|33288552
7567|0|52232|01/01/2024 07:00:23||3577|7060151064|20820106848
6993|0|82514|01/01/2024 03:09:11||17449|1708364312|2311485912
6830|0|11651|01/01/2024 01:52:31||22049|1993900616|2289480528
5614|0|20167|31/12/2023 15:59:35||57625|26702915856|28224394056
15055|0|93252|31/12/2023 22:36:59||33781|15979695336|17129153128
15056|0|87489|31/12/2023 14:18:03||63717|29435112904|38827357128
15057|0|9194|31/12/2023 23:18:51||31269|2058732128|2894067912
15058|0|74631|31/12/2023 12:46:18||69222|170477994520|423467049488
7600|0|36550|01/01/2024 07:17:53||2527|737587528|889501880
7601|0|94561|01/01/2024 07:17:00||2580|272799640|400886728
6895|0|71680|01/01/2024 02:29:09||19851|2567440696|2996675144
7403|0|7726|01/01/2024 05:59:31||7229|351142368|481664472
6921|0|22979|01/01/2024 02:33:20||19600|68775032|95365432
5621|0|93283|31/12/2023 20:10:41||42559|1360841880|1399500312
7650|0|37181|01/01/2024 07:32:00||1680|136638368|157594680
5622|0|87833|31/12/2023 22:57:24||32556|18997081808|21009789520
15084|0|24050|31/12/2023 22:25:39||34461|124237096648|252105932776
7147|0|7716|01/01/2024 04:13:15||13605|3338231808|4721245040
7148|0|52485|01/01/2024 04:11:53||13687|3426106600|3445809552
7628|0|52091|01/01/2024 07:27:26||1954|7796416|9866584
6831|0|57543|01/01/2024 01:56:27||21813|21271345472|21895845000
5629|0|54758|31/12/2023 12:49:56||69004|18199189872|19555646608
7568|0|37695|01/01/2024 07:00:02||3598|540711904|726977240
6671|0|88082|01/01/2024 00:47:32||25948|3541324744|4896661320
15090|0|95089|31/12/2023 22:49:28||33032|21695585384|22397210984
7253|0|35424|01/01/2024 04:54:31||11129|433117960|525450608
6598|0|15843|01/01/2024 00:00:41||28759|1023735472|1195896304
15092|0|51800|31/12/2023 16:44:22||54938|4492126288|5126479488
7476|0|53942|01/01/2024 06:29:54||5406|3063448008|3510745472
5635|0|38360|31/12/2023 14:56:25||61415|264647523408|615404784120
7378|0|23710|01/01/2024 05:47:26||7954|1503626896|1980661448
7110|0|60799|01/01/2024 03:58:36||14484|36004319752|98845527880
7428|0|89187|01/01/2024 06:06:42||6798|206323048|308909472
6811|0|73332|01/01/2024 01:47:02||22378|3815923040|5037308040
15099|0|62677|31/12/2023 23:25:52||30848|2165841096|2558735664
5639|0|58879|31/12/2023 15:19:54||60006|18866652264|27283807384
6850|0|58524|01/01/2024 02:00:21||21579|1004237680|1419768344
15102|0|58730|31/12/2023 14:10:48||64152|5366033448|6478826856
15103|0|26214|31/12/2023 16:27:11||55969|128845498560|273412761752
7111|0|63108|01/01/2024 03:56:09||14631|2093185480|3130944184
5643|0|77305|31/12/2023 12:29:54||70206|22003687584|28942886800
7429|0|57589|01/01/2024 06:06:55||6785|1245072584|1320792064
6832|0|51746|01/01/2024 01:53:31||21989|1065649344|1123189416
6672|0|15805|01/01/2024 00:43:26||26194|6432520248|7468291472
7477|0|41832|01/01/2024 06:26:20||5620|999530048|1372589296
5650|0|34384|31/12/2023 22:04:20||35740|966145848|1153302384
15117|0|6143|31/12/2023 13:35:44||66256|13769767240|16086641256
7287|0|67879|01/01/2024 05:02:12||10668|3637238368|3888732680
15118|0|93065|31/12/2023 21:24:22||38138|133280277264|250281820488
7179|0|85296|01/01/2024 04:28:45||12675|4602577024|6249295336
7084|0|57108|01/01/2024 03:45:25||15275|7794268848|8909238208
15123|0|88911|31/12/2023 13:46:40||65600|168282398048|416477029584
7309|0|50993|01/01/2024 05:14:56||9904|558453864|827430752
7254|0|79156|01/01/2024 04:56:55||10985|885161912|1044077048
6599|0|15261|01/01/2024 00:09:07||28253|2122328208|3164825496
5658|0|86623|31/12/2023 12:58:59||68461|17071468624|24316125320
6763|0|79681|01/01/2024 01:25:34||23666|4639249440|5109731096
5660|0|36627|31/12/2023 13:27:20||66760|57582343744|172588318328
7450|0|45750|01/01/2024 06:14:56||6304|1960128520|2715537272
15136|0|99181|31/12/2023 14:24:31||63329|4593130648|6758577696
7651|0|19829|01/01/2024 07:32:24||1656|6073792|6959504
7717|0|33153|01/01/2024 07:54:07||353|27318512|36198840
15140|0|51755|31/12/2023 19:50:17||43783|142463305688|367643268352
7404|0|93848|01/01/2024 05:54:23||7537|192380312|229814928
5667|0|60463|31/12/2023 14:03:56||64564|29790263432|35572570184
5669|0|74013|31/12/2023 15:14:34||60326|10726520560|15996348960
5671|0|79305|31/12/2023 19:33:28||44792|7293519520|10078729712
15153|0|23636|31/12/2023 20:24:28||41732|3739201104|4274152656
6851|0|91634|01/01/2024 02:05:32||21268|658802240|730063464
15158|0|86178|31/12/2023 17:11:18|01/01/2024 07:58:47|53249|13705366368|19594891656
6673|0|93907|01/01/2024 00:46:02||26038|401012912|516952672
7236|0|47014|01/01/2024 04:49:37||11423|1502114344|1906041216
15164|0|71985|31/12/2023 21:17:03||38577|6008226160|6376719624
7255|0|28624|01/01/2024 04:54:33||11127|185334592|262661856
5678|0|14742|31/12/2023 16:12:13||56867|16005495432|20478149064
6852|0|89377|01/01/2024 02:08:24||21096|2114817864|2434825912
6833|0|72586|01/01/2024 01:57:41||21739|59558518096|157645976520
7127|0|13717|01/01/2024 04:03:56||14164|2285307624|3201381648
7037|0|39251|01/01/2024 03:24:08||16552|733971944|942568568
5687|0|13627|31/12/2023 15:03:42||60978|3649410904|5393563720
7478|0|90729|01/01/2024 06:21:45||5895|1706420904|2442044256
7288|0|49985|01/01/2024 05:05:27||10473|11431806368|27814023592
5690|0|33239|31/12/2023 18:20:44||49156|13419753376|16628953352
6622|0|32575|01/01/2024 00:19:04||27656|543529032|663886312
7652|0|10817|01/01/2024 07:32:52||1628|58997816|66122088
7359|0|4296|01/01/2024 05:31:09||8931|2732595600|3246426680
15185|0|51087|31/12/2023 15:26:40||59600|15110566232|19979918792
15189|0|82474|31/12/2023 17:57:59||50521|89730951008|172031269864
6653|0|48037|01/01/2024 00:35:31||26669|2882462280|2941449008
7039|0|36071|01/01/2024 03:20:31||16769|4523284168|5967998496
7544|0|22758|01/01/2024 06:50:27||4173|539502856|748485040
5700|0|64117|31/12/2023 18:36:01||48239|839170000|1150987992
7545|0|66806|01/01/2024 06:52:18||4062|1674506824|1845101664
2460|0|16310|31/12/2023 20:08:54||42666|10574106136|12659572568
7684|0|66209|01/01/2024 07:40:37||1163|42623944|62137096
7685|0|27134|01/01/2024 07:49:03||657|303601504|451897744
7479|0|93577|01/01/2024 06:24:59||5701|2461389056|3093715760
7379|0|83444|01/01/2024 05:47:42||7938|1115241432|1445932024
2464|0|57000|31/12/2023 12:54:36||68724|20880806648|23953495016
15202|0|7096|31/12/2023 19:42:00||44280|15794500760|21937051728
7569|0|3879|01/01/2024 07:02:40||3440|1408553288|1726145208
15208|0|51709|31/12/2023 12:14:01||71159|4019197408|5415419216
15210|0|67176|31/12/2023 19:30:14||44986|15980212664|19474508808
7718|0|84700|01/01/2024 07:52:18||462|59937688|79919704
7405|0|38992|01/01/2024 05:59:06||7254|3185527640|3534456328
2478|0|48358|31/12/2023 13:12:46||67634|11391272944|11671437656
2480|0|3804|31/12/2023 12:54:25||68735|18763937184|19630768648
7256|0|99055|01/01/2024 04:50:04||11396|4556698856|6059705248
7510|0|15530|01/01/2024 06:38:33||4887|165342288|229309992
15223|0|52740|31/12/2023 15:30:04||59396|9913057936|10877495104
6654|0|56085|01/01/2024 00:39:04||26456|3537724528|4968056984
15229|0|19006|31/12/2023 18:14:56||49504|8679056192|12923365744
7310|0|37082|01/01/2024 05:10:00||10200|224466208|253022488
6962|0|93545|01/01/2024 02:51:18||18522|3291703232|3295452648
5717|0|84155|31/12/2023 13:07:13||67967|711608128|806088664
7237|0|60316|01/01/2024 04:43:08||11812|3802563056|3871985192
5719|0|84826|31/12/2023 21:38:45||37275|7367826888|7974762752
7208|0|77115|01/01/2024 04:33:05||12415|739848320|1036712240
7209|0|30851|01/01/2024 04:32:01||12479|622194000|910846576
6963|0|40845|01/01/2024 02:54:28||18332|3680527816|3707994928
2494|0|69735|31/12/2023 21:17:57||38523|9160798864|11794202968
7430|0|40655|01/01/2024 06:08:03||6717|1336322552|1412800952
2495|0|50506|31/12/2023 14:28:39||63081|11657957520|12000469104
6695|0|94648|01/01/2024 00:52:50||25630|6653769336|9143214552
5725|0|7824|31/12/2023 13:00:03||68397|28799620128|38997300504
7210|0|75468|01/01/2024 04:30:20||12580|1096171208|1310535704
7570|0|37427|01/01/2024 07:05:14||3286|342565208|354302096
2500|0|69790|31/12/2023 18:37:06||48174|11802248680|17100386464
7406|0|67505|01/01/2024 05:54:57||7503|3848060264|11432476392
7527|0|36103|01/01/2024 06:40:14||4786|3133515488|3381740712
7238|0|18851|01/01/2024 04:45:11||11689|1170957104|1253124232
6812|0|74918|01/01/2024 01:43:39||22581|16304434768|17597338032
7719|0|64751|01/01/2024 07:59:50||10|1058416|1312944
7360|0|97603|01/01/2024 05:32:28||8852|214033176|223817600
15263|0|10372|31/12/2023 15:06:42||60798|16407626112|21293927704
15264|0|8097|31/12/2023 15:38:20||58900|24236697704|34471540264
5731|0|38989|31/12/2023 14:10:08||64192|5929844256|6880706328
5733|0|85185|31/12/2023 19:26:16||45224|10959311688|15302891984
6764|0|57109|01/01/2024 01:22:48||23832|6359379512|9262270056
7257|0|85899|01/01/2024 04:54:54||11106|817090000|914323432
15266|0|87346|31/12/2023 18:55:50||47050|2606989048|3365456864
15270|0|73504|31/12/2023 20:37:36||40944|141349558464|309001110256
7407|0|81219|01/01/2024 05:52:51||7629|626143656|862570776
2534|0|8075|31/12/2023 21:01:24||39516|1359547896|1443525360
15276|0|74728|31/12/2023 18:16:01||49439|24805336984|28894385448
7511|0|77675|01/01/2024 06:34:11||5149|209847504|233566864
15277|0|9006|31/12/2023 16:24:44||56116|10129812976|11949698336
6696|0|14526|01/01/2024 00:57:34||25346|5425002128|5934005448
15278|0|16532|31/12/2023 12:13:40||71180|27181329592|33472596856
7546|0|90068|01/01/2024 06:57:46||3734|724555096|936986904
7211|0|41286|01/01/2024 04:37:25||12155|6374109264|9447802760
7057|0|37021|01/01/2024 03:37:23||15757|1697339144|2500500400
15285|0|74143|31/12/2023 13:50:30||65370|11123892568|15280886088
6995|0|15140|01/01/2024 03:02:11||17869|6298922064|9098000448
6877|0|81360|01/01/2024 02:10:20||20980|28675033496|74571481376
5745|0|64326|31/12/2023 22:33:10||34010|6333727528|9496320136
6996|0|32456|01/01/2024 03:06:32||17608|3606448704|5097398312
7653|0|72622|01/01/2024 07:30:11||1789|178047880|227972944
5750|0|91944|31/12/2023 15:11:16||60524|13738063232|15785741776
6945|0|89679|01/01/2024 02:48:32||18688|660780864|688419744
7654|0|72403|01/01/2024 07:33:08||1612|282552680|333584184
15292|0|60110|31/12/2023 17:44:46||51314|13841096576|18111969256
15293|0|61819|31/12/2023 15:56:30||57810|6299018192|7239163080
6965|0|19178|01/01/2024 02:55:34||18266|106673680|141390608
6736|0|10537|01/01/2024 01:18:35||24085|2207531984|2775326568
7512|0|40603|01/01/2024 06:39:35||4825|452107416|465932368
7017|0|86607|01/01/2024 03:13:26||17194|58416151848|125246565072
5758|0|26748|31/12/2023 17:25:28||52472|14591554328|17371377312
7528|0|61221|01/01/2024 06:45:38||4462|1174653288|1428176128
7085|0|89958|01/01/2024 03:48:45|01/01/2024 07:52:37|14632|758304352|1128124240
7720|0|89958|01/01/2024 07:53:04||416|35142944|35470144
5761|0|74715|31/12/2023 22:56:22||32618|961006240|1277721968
5762|0|53347|31/12/2023 23:59:23||28837|712700728|960041544
7086|0|4106|01/01/2024 03:42:07||15473|44025068840|87537416960
5764|0|82959|31/12/2023 17:17:23||52957|8537508752|11742512912
6835|0|53452|01/01/2024 01:53:38||21982|5375740288|6914820736
7480|0|4867|01/01/2024 06:22:56||5824|564383008|619479976
5768|0|95449|31/12/2023 13:19:40||67220|15657737048|21177028576
2566|0|14558|31/12/2023 19:32:59||44821|11992106600|13888253304
7380|0|13398|01/01/2024 05:49:39||7821|1173938560|1574481232
6997|0|33874|01/01/2024 03:01:10||17930|3188437424|4574080200
7040|0|83628|01/01/2024 03:24:50||16510|5364929032|7194975536
7149|0|51188|01/01/2024 04:15:11||13489|1087512968|1373697296
6836|0|93708|01/01/2024 01:50:37||22163|3921337472|4302362584
5773|0|66448|31/12/2023 21:09:49||39011|12327205872|12871968752
6697|0|95931|01/01/2024 00:54:39||25521|780049240|1134381104
7547|0|40723|01/01/2024 06:51:43||4097|765580200|857497672
7529|0|45898|01/01/2024 06:40:01||4799|767330944|1121913280
7571|0|37992|01/01/2024 07:00:17||3583|1895952936|2087286584
6966|0|55162|01/01/2024 02:58:48||18072|28667906048|61328322424
5782|0|62081|31/12/2023 22:55:01||32699|29400130640|36710599688
7572|0|8183|01/01/2024 07:05:08||3292|731056112|965946904
6967|0|21420|01/01/2024 02:53:43||18377|3604361480|4924369080
7150|0|55807|01/01/2024 04:16:51|01/01/2024 07:52:17|12926|12397313376|12468420128
5785|0|64866|31/12/2023 18:05:39||50061|3885771848|4761519384
15340|0|98312|31/12/2023 17:54:26||50734|11116150792|11933735984
7259|0|95348|01/01/2024 04:58:16||10904|4077418040|5572343560
15346|0|81649|31/12/2023 13:57:35||64945|13126700840|14198955720
6896|0|4636|01/01/2024 02:22:26||20254|6301160928|9325357120
6878|0|26752|01/01/2024 02:18:01||20519|2238719240|2531238784
7180|0|45454|01/01/2024 04:24:20||12940|30777245880|75593013304
6837|0|34760|01/01/2024 01:55:30||21870|10216993768|10930339936
7451|0|39264|01/01/2024 06:18:13||6107|22219926040|52696002248
7289|0|93332|01/01/2024 05:06:30||10410|1180866456|1656251024
7087|0|15993|01/01/2024 03:43:15||15405|9313481104|12014484320
5797|0|21135|31/12/2023 16:48:49||54671|9389691272|9865289248
7573|0|62772|01/01/2024 07:01:57||3483|550724648|621862736
7181|0|80078|01/01/2024 04:25:20||12880|2443815944|2538621568
7112|0|30506|01/01/2024 03:50:04||14996|5578817200|5856074000
7311|0|80717|01/01/2024 05:12:05||10075|16285557608|39229374784
15367|0|55039|31/12/2023 12:35:17||69883|31133315896|35651764632
15368|0|46180|31/12/2023 14:29:51||63009|18662986912|21900126328
15372|0|22040|31/12/2023 20:44:39||40521|7925900152|9030851984
2597|0|56618|31/12/2023 19:18:23|01/01/2024 07:56:16|45473|6213658448|9164887368
5807|0|36498|31/12/2023 20:09:27||42633|9079267272|9281309736
7655|0|36976|01/01/2024 07:34:56||1504|51880672|60595552
5809|0|64889|31/12/2023 17:28:56||52264|17740306488|21892840296
15381|0|25313|31/12/2023 17:54:40||50720|48894224648|56302112328
2603|0|39989|31/12/2023 20:40:11||40789|4905538888|5930280448
5811|0|13437|31/12/2023 18:04:18||50142|99281118856|228581896536
7088|0|39330|01/01/2024 03:48:52||15068|3391608656|3703842680
7452|0|7520|01/01/2024 06:12:18||6462|219491752|283326600
7656|0|78553|01/01/2024 07:38:27||1293|178555784|263883968
7059|0|85187|01/01/2024 03:33:11||16009|1306495248|2723957512
7721|0|33929|01/01/2024 07:50:55||545|135894512|138024136
6968|0|80530|01/01/2024 02:55:34||18266|1353959040|1777381176
7686|0|92076|01/01/2024 07:45:43||857|216461360|267905872
5821|0|71600|31/12/2023 17:06:11||53629|20817462568|29022315648
7481|0|72960|01/01/2024 06:27:56||5524|609784704|811306944
6923|0|47991|01/01/2024 02:35:37||19463|48435413600|136899200520
5824|0|12077|31/12/2023 22:54:32||32728|2725242248|2733649088
7602|0|23508|01/01/2024 07:18:01||2519|5821472920|11519328208
7290|0|81599|01/01/2024 05:01:32||10708|1586293632|2273006776
7408|0|90524|01/01/2024 05:54:33||7527|40783216|49241312
7548|0|58345|01/01/2024 06:50:24||4176|2039959680|2772918488
6838|0|63519|01/01/2024 01:51:35||22105|8581563944|10905659112
5830|0|39760|31/12/2023 16:14:21|01/01/2024 07:54:56|56435|4291688592|6357443328
7722|0|39760|01/01/2024 07:55:53||247|12894552|15674360
5831|0|53913|31/12/2023 20:28:26||41494|29088953496|35422333272
7182|0|27053|01/01/2024 04:22:38||13042|1667861296|2086219568
6785|0|9829|01/01/2024 01:33:24||23196|4916777856|5181653216
5835|0|82153|31/12/2023 14:10:33|01/01/2024 07:57:46|64033|16000365216|21584997872
7723|0|82153|01/01/2024 07:57:54||126|9327632|12371800
7060|0|56154|01/01/2024 03:36:05||15835|3122372928|4354463968
7453|0|87016|01/01/2024 06:10:49||6551|2478638560|3235286232
5838|0|56152|31/12/2023 19:59:46||43214|19974095120|25709043632
6897|0|98182|01/01/2024 02:22:58||20222|9954404176|10265054472
6786|0|55547|01/01/2024 01:36:21||23019|1096701352|1562057288
15412|0|8416|31/12/2023 23:24:20||30940|14107450144|18458209728
7151|0|66591|01/01/2024 04:18:27||13293|7294653080|8013529720
7629|0|77560|01/01/2024 07:24:20||2140|155816336|213894048
7212|0|16071|01/01/2024 04:33:54||12366|5544756648|7867180808
7381|0|16175|01/01/2024 05:46:10||8030|1284033880|1670357448
5847|0|56321|31/12/2023 20:58:30||39690|12041765608|12901656096
7183|0|33949|01/01/2024 04:21:18||13122|1761289464|1957941680
7657|0|18551|01/01/2024 07:37:28||1352|20785112|28764448
7018|0|74222|01/01/2024 03:17:44||16936|48096130472|100413814400
6787|0|25872|01/01/2024 01:37:58||22922|13838320352|16919674136
6738|0|74794|01/01/2024 01:12:49||24431|53933204872|142326556120
6623|0|95843|01/01/2024 00:16:28||27812|1835154400|2246988088
5860|0|71522|31/12/2023 18:53:52||47168|3370450048|4760920608
2649|0|38215|31/12/2023 20:06:19||42821|24551335680|29063935536
15431|0|46123|31/12/2023 23:01:50||32290|987737688|1347788512
5862|0|78328|31/12/2023 22:01:15||35925|107217139664|218509887128
7336|0|74259|01/01/2024 05:20:57||9543|759057744|940775992
7291|0|10110|01/01/2024 05:04:56||10504|2405719432|3251073344
7603|0|52004|01/01/2024 07:19:24||2436|1007758608|2996251248
5865|0|55258|31/12/2023 21:18:19||38501|1631837264|1856149088
7687|0|12441|01/01/2024 07:46:35||805|1242428248|3600385424
6624|0|30630|01/01/2024 00:18:37||27683|8291476552|8624252216
5868|0|73835|31/12/2023 19:23:47||45373|1616543256|2031126072
15444|0|64768|31/12/2023 17:53:12||50808|11027037032|13791258136
6813|0|78433|01/01/2024 01:43:36||22584|5943751728|8258796344
7019|0|75025|01/01/2024 03:19:06||16854|7154755488|7400220328
6625|0|72204|01/01/2024 00:16:21||27819|12189619120|13707805584
6898|0|95706|01/01/2024 02:23:30||20190|153550896|214782800
7482|0|14275|01/01/2024 06:22:54||5826|289137400|297751416
6925|0|43904|01/01/2024 02:38:40||19280|4827401856|5512516824
6739|0|29712|01/01/2024 01:13:45||24375|3804505232|5083491464
7113|0|39364|01/01/2024 03:54:37||14723|3634227984|4973365536
2673|0|48746|31/12/2023 17:58:15||50505|11010759928|13542293808
15453|0|12922|31/12/2023 14:10:28||64172|2751322112|3832586920
5879|0|17759|31/12/2023 22:03:32||35788|6672700424|6790927032
15459|0|81939|31/12/2023 21:47:52||36728|1705479664|2283905472
5880|0|95893|31/12/2023 14:20:27||63573|4201071560|4638950016
5881|0|84865|31/12/2023 16:49:25||54635|12652989248|14461693624
6879|0|89120|01/01/2024 02:12:48||20832|2589419648|3056711896
6814|0|48767|01/01/2024 01:47:20||22360|2224268440|2631418784
6815|0|10465|01/01/2024 01:43:32||22588|21131318416|29055485296
7337|0|38388|01/01/2024 05:22:09||9471|2433782048|2799656720
6657|0|39302|01/01/2024 00:32:34||26846|113162650256|230061747056
6969|0|25702|01/01/2024 02:59:30||18030|5269216896|5983509424
7184|0|48296|01/01/2024 04:20:02||13198|7203856328|8918258088
2682|0|73922|31/12/2023 23:17:46||31334|2297257056|3008304488
15466|0|14554|31/12/2023 18:52:15||47265|3306824952|4479091168
15468|0|61330|31/12/2023 19:58:37||43283|536633496|693190768
2685|0|81411|31/12/2023 22:53:06||32814|26807439496|63887305896
2687|0|55146|31/12/2023 20:59:14||39646|2335560752|2555238000
5891|0|99359|31/12/2023 19:45:49||44051|11109464128|11140320544
5892|0|90367|31/12/2023 12:00:42||71958|19734306120|22021476264
7020|0|30767|01/01/2024 03:11:51||17289|312624096|449931216
6880|0|83370|01/01/2024 02:17:06||20574|65690882944|129464281536
6740|0|22544|01/01/2024 01:14:38||24322|2113977864|2282128272
7239|0|26628|01/01/2024 04:49:18||11442|2124053080|2558663600
6970|0|65677|01/01/2024 02:54:59||18301|1330239480|1723826528
15480|0|22916|31/12/2023 14:07:51||64329|1285784520|1797676720
15481|0|16674|31/12/2023 12:33:35||69985|11174955752|13804754840
15483|0|28393|31/12/2023 21:18:22||38498|105658139832|254873201584
7000|0|16695|01/01/2024 03:06:51||17589|1770161736|2408973808
6899|0|67214|01/01/2024 02:21:52||20288|40138013264|108692299312
7114|0|90732|01/01/2024 03:50:51||14949|1592547864|1706236496
15493|0|90301|31/12/2023 17:39:17||51643|13987133064|16974051664
7454|0|40511|01/01/2024 06:16:29||6211|1622762288|2377216976
7483|0|86192|01/01/2024 06:23:09||5811|1510027496|1647858640
6716|0|34412|01/01/2024 01:02:02||25078|1550298448|1623415096
7630|0|78500|01/01/2024 07:24:27||2133|346189328|372001040
15499|0|23436|31/12/2023 17:22:22||52658|8870142160|10764866472
7312|0|48911|01/01/2024 05:18:05||9715|175525512|181183760
6678|0|58536|01/01/2024 00:40:22||26378|9159709560|10706191472
6853|0|73069|01/01/2024 02:04:26||21334|1270196008|1674002184
5912|0|50002|31/12/2023 19:51:19||43721|10760799136|14801386392
7152|0|27884|01/01/2024 04:19:44||13216|220386856|281150328
7484|0|32952|01/01/2024 06:24:33||5727|2170975104|2209453520
5915|0|15102|31/12/2023 15:08:12||60708|153737122760|440201731696
2719|0|87730|31/12/2023 18:42:36||47844|1844620536|2688670416
15504|0|78689|31/12/2023 17:12:42||53238|32646060248|42287224176
7631|0|98973|01/01/2024 07:27:08||1972|8542096|9003128
7213|0|60433|01/01/2024 04:38:15||12105|472978536|517739312
7574|0|65491|01/01/2024 07:06:33||3207|5553970704|12203483208
7042|0|78709|01/01/2024 03:21:10||16730|2273507064|2995859640
7089|0|48741|01/01/2024 03:43:30||15390|3317020536|3973756240
6900|0|64434|01/01/2024 02:21:44||20296|1752685824|2627447720
6788|0|3892|01/01/2024 01:30:18||23382|20331630112|51841708752
15511|0|6662|31/12/2023 20:45:36||40464|24457240392|25767889232
15512|0|16812|31/12/2023 14:49:26||61834|5475672856|7728618608
6946|0|78684|01/01/2024 02:46:21||18819|2931273240|4235547672
2732|0|84330|31/12/2023 20:12:30||42450|15434038384|20141747224
7632|0|95702|01/01/2024 07:27:52||1928|4515043408|11560351456
2734|0|56872|31/12/2023 15:21:22||59918|92710107064|213042015512
7001|0|55644|01/01/2024 03:02:23||17857|2591181184|3611643352
15521|0|40283|31/12/2023 16:53:24||54396|6724879856|7041320512
5929|0|50061|31/12/2023 17:21:36||52704|16311008272|20007030008
7261|0|83758|01/01/2024 04:52:12||11268|3977144744|5751968808
15525|0|75667|31/12/2023 22:24:35||34525|43946621816|127729155208
6854|0|73136|01/01/2024 02:05:50||21250|261884520|364825312
7549|0|95901|01/01/2024 06:50:45||4155|112066744|156706696
15537|0|81789|31/12/2023 19:22:07||45473|1077474072|1279409240
7338|0|96892|01/01/2024 05:25:56||9244|3113294480|3790563136
5936|0|9945|31/12/2023 12:36:24||69816|39568467616|45133549888
7688|0|87026|01/01/2024 07:45:46||854|2355565336|5381005240
15543|0|93168|31/12/2023 17:18:59|01/01/2024 07:50:56|52317|24810461248|33928821008
5938|0|79887|31/12/2023 18:38:45||48075|12733338384|17837877792
15547|0|46995|31/12/2023 13:57:23||64957|6025453712|8002122944
15549|0|90959|31/12/2023 17:17:04||52976|15234656808|19006625480
7513|0|31000|01/01/2024 06:34:53||5107|7892655848|17813517552
7339|0|71511|01/01/2024 05:26:25||9215|989063728|1119804656
7485|0|47965|01/01/2024 06:20:52||5948|1134460920|1185257968
7340|0|39011|01/01/2024 05:21:31||9509|552440824|584996592
7486|0|4972|01/01/2024 06:26:04||5636|2219224592|2761042952
15563|0|92212|31/12/2023 12:19:29||70831|10514662216|13618397864
7043|0|79268|01/01/2024 03:28:59||16261|7226914704|9593045264
7115|0|62744|01/01/2024 03:58:37||14483|3802096176|4514251880
7409|0|17728|01/01/2024 05:52:43||7637|491867008|708708944
2776|0|32920|31/12/2023 23:04:14||32146|7658132856|8343846680
7240|0|65088|01/01/2024 04:40:27||11973|2161706800|2927993360
7313|0|4535|01/01/2024 05:14:48||9912|13600113176|38354353632
6626|0|89551|01/01/2024 00:14:31||27929|5435542688|6547799768
15573|0|48714|31/12/2023 14:47:14||61966|7090007824|9594595536
5950|0|73483|31/12/2023 18:44:15||47745|1953559912|2916528800
7487|0|66299|01/01/2024 06:27:08||5572|18423558032|41798854136
7604|0|64998|01/01/2024 07:19:09||2451|775974328|1158282808
7153|0|65987|01/01/2024 04:16:03||13437|10798037656|25492143720
7128|0|94873|01/01/2024 04:03:13||14207|14438976312|16673602488
15578|0|76428|31/12/2023 12:14:49||71111|18293495464|23913355368
7455|0|50225|01/01/2024 06:19:32||6028|14293925008|34975638832
7575|0|99134|01/01/2024 07:02:53||3427|610218736|872976336
7241|0|65370|01/01/2024 04:43:35||11785|3459592152|3608853376
15591|0|46086|31/12/2023 19:08:36||46284|1959527264|2651988528
5961|0|25673|31/12/2023 20:58:20||39700|12167208064|12738307592
7431|0|64610|01/01/2024 06:05:58||6842|1354922936|1513797984
5964|0|43934|31/12/2023 12:55:23||68677|39950678344|44126833984
6971|0|6966|01/01/2024 02:57:36||18144|59468662128|113490484464
7633|0|42383|01/01/2024 07:21:43||2297|1522941888|1637091336
7689|0|38932|01/01/2024 07:41:31||1109|1385245840|4062336704
7090|0|44017|01/01/2024 03:44:00||15360|7064003888|8109902720
7634|0|4685|01/01/2024 07:25:49||2051|66496400|84032088
6679|0|17172|01/01/2024 00:46:50||25990|9739660832|10280883992
7292|0|47698|01/01/2024 05:07:38||10342|190059656|262024616
15602|0|77465|31/12/2023 17:53:16||50804|42938313240|44981507072
15606|0|61132|31/12/2023 23:21:34||31106|4498772192|6293674000
7262|0|39988|01/01/2024 04:54:05||11155|13900258864|29470586632
7658|0|99120|01/01/2024 07:37:52||1328|119323120|143561056
5975|0|14009|31/12/2023 12:50:22||68978|10883774168|12490611800
7659|0|49278|01/01/2024 07:33:23||1597|191449536|239230992
7383|0|14238|01/01/2024 05:48:56||7864|1378895544|1901650584
5978|0|12956|31/12/2023 14:07:20||64360|17491965032|19014574256
6766|0|81020|01/01/2024 01:28:13||23507|5576995088|7922582504
7690|0|97158|01/01/2024 07:41:37||1103|410567064|488722936
6790|0|54461|01/01/2024 01:33:11||23209|7393029656|8933657248
5983|0|75069|31/12/2023 19:51:41||43699|3091361040|4278448712
5984|0|92593|31/12/2023 22:50:27||32973|9290600480|12496761208
15624|0|35495|31/12/2023 22:06:11||35629|1747416896|2192944096
7635|0|39893|01/01/2024 07:23:29||2191|1228858592|3350017720
5986|0|60185|31/12/2023 22:44:19||33341|24324319296|33582670904
7116|0|97433|01/01/2024 03:52:33||14847|9375812752|12224937128
7003|0|98573|01/01/2024 03:00:24||17976|2118906816|3062352568
15635|0|45060|31/12/2023 12:17:59||70921|16386840200|24483139440
5989|0|39654|31/12/2023 16:08:44||57076|18124058984|20835893632
7004|0|56024|01/01/2024 03:03:09||17811|2913096048|3110897520
7660|0|24447|01/01/2024 07:38:57||1263|2921698240|6582491088
6628|0|80150|01/01/2024 00:19:12||27648|31050802872|69031334272
7605|0|35826|01/01/2024 07:16:33||2607|106915544|110235216
7091|0|10803|01/01/2024 03:49:54||15006|1583126720|2157695016
15649|0|31448|31/12/2023 19:29:15||45045|8538283840|10571892592
5998|0|19015|31/12/2023 19:47:47||43933|14173089128|15866875040
15650|0|50746|31/12/2023 13:01:52||68288|10455740856|15618205520
6741|0|93403|01/01/2024 01:17:10||24170|723022600|878861064
15656|0|72187|31/12/2023 23:00:10||32390|85905144|124223312
7092|0|36625|01/01/2024 03:41:31||15509|8185708336|9886506992
6659|0|98794|01/01/2024 00:38:33||26487|3118775008|4118334568
7488|0|78679|01/01/2024 06:21:56||5884|2374126760|2375399088
2863|0|34950|31/12/2023 16:13:30||56790|21375586360|27714344448
6881|0|27810|01/01/2024 02:13:48||20772|2238738944|2535391128
7514|0|95103|01/01/2024 06:34:54||5106|6771610608|20053425744
7661|0|78096|01/01/2024 07:34:08||1552|95214264|128496360
7093|0|98179|01/01/2024 03:43:09||15411|1412468472|1944252152
7456|0|59970|01/01/2024 06:15:26||6274|1076010512|1283712064
15663|0|68984|31/12/2023 19:20:49||45551|114856742144|303296404408
6013|0|44360|31/12/2023 20:42:57||40623|18061492288|21408231152
7021|0|61060|01/01/2024 03:11:28||17312|10364746016|10563571352
7530|0|6154|01/01/2024 06:45:39||4461|822901496|975175272
7636|0|34596|01/01/2024 07:20:12||2388|558708456|651240144
7361|0|22156|01/01/2024 05:35:04||8696|19711762808|41999221536
15673|0|4803|31/12/2023 20:43:11||40609|79133940664|188849606968
7550|0|29749|01/01/2024 06:55:31||3869|11381873480|24171817520
7341|0|8206|01/01/2024 05:25:27||9273|3935615656|4990847776
7691|0|44865|01/01/2024 07:44:19||941|35018048|35129888
7293|0|87579|01/01/2024 05:03:06||10614|456817992|675331136
7185|0|56631|01/01/2024 04:29:12||12648|4440909200|6176440568
2887|0|60600|31/12/2023 13:55:59||65041|7188560064|8458096856
7384|0|89760|01/01/2024 05:45:49||8051|2406072216|2657636952
7314|0|36839|01/01/2024 05:19:37||9623|2247054152|3209734336
7515|0|33855|01/01/2024 06:39:03||4857|3227583720|4555750600
7006|0|86335|01/01/2024 03:06:19||17621|3035451168|4222355544
6030|0|51521|31/12/2023 14:28:46||63074|19147499984|24945349016
7724|0|75669|01/01/2024 07:59:05||55|65915352|170627280
7186|0|4484|01/01/2024 04:29:29||12631|907936320|990495272
7692|0|3904|01/01/2024 07:45:32||868|47515512|51684376
6033|0|55005|31/12/2023 15:36:44||58996|10226000912|12566161528
6791|0|52380|01/01/2024 01:31:51||23289|6186981000|7035956760
15710|0|91127|31/12/2023 14:52:01||61679|13529497256|16574437704
7095|0|28106|01/01/2024 03:46:20||15220|33841548128|83011820296
15712|0|61191|31/12/2023 21:52:47||36433|5364034704|7331954080
7457|0|53326|01/01/2024 06:12:37||6443|734878992|1069254032
7214|0|13013|01/01/2024 04:38:45||12075|2688313496|2876266696
7023|0|45059|01/01/2024 03:19:16||16844|1246450496|1504097920
15719|0|7998|31/12/2023 22:04:47||35713|7372181792|9227931792
15720|0|66081|31/12/2023 20:07:03||42777|116541106384|279500849440
7531|0|54119|01/01/2024 06:48:17||4303|1293011912|1593657208
7007|0|71697|01/01/2024 03:08:16||17504|7687422704|10100943456
2920|0|91976|31/12/2023 14:26:19||63221|8825228944|9705439824
15728|0|24453|31/12/2023 19:03:32||46588|3794645592|4376906632
15731|0|27698|31/12/2023 23:19:00||31260|3155022912|4517056624
6660|0|14517|01/01/2024 00:34:52||26708|2553336720|3688637248
15740|0|29228|31/12/2023 13:44:49|01/01/2024 07:57:21|65552|11187268320|11300224272
7693|0|84541|01/01/2024 07:45:12||888|141484792|158837952
15744|0|8169|31/12/2023 17:56:11||50629|30550349816|38138401472
6048|0|72481|31/12/2023 22:56:39||32601|7719273424|9900987280
15747|0|44585|31/12/2023 13:23:10||67010|20034290488|26466182960
15748|0|17619|31/12/2023 20:03:48||42972|1093354200|1265450088
6901|0|68948|01/01/2024 02:24:00||20160|1747225472|2403469480
7532|0|84564|01/01/2024 06:45:45||4455|697510040|942217624
6947|0|67169|01/01/2024 02:41:24||19116|1379795688|1454163912
6902|0|31189|01/01/2024 02:25:13||20087|1441696504|2097060512
6054|0|47248|31/12/2023 18:25:45||48855|23456894584|24348209688
7551|0|91279|01/01/2024 06:56:45||3795|2354255960|2427966432
6767|0|41267|01/01/2024 01:24:25||23735|1255063240|1574028280
7489|0|21667|01/01/2024 06:29:09||5451|756165416|957930616
7576|0|11701|01/01/2024 07:07:39||3141|359600488|512205408
7187|0|12379|01/01/2024 04:22:18||13062|412956928|557589504
2933|0|7382|31/12/2023 17:34:12|01/01/2024 07:57:54|51822|12133543112|18163520360
6061|0|53468|31/12/2023 13:13:20||67600|187648867192|349254801248
2935|0|79809|31/12/2023 19:23:29||45391|23434836880|27478290328
7362|0|43993|01/01/2024 05:32:01||8879|2508032560|3086478600
15763|0|42553|31/12/2023 22:39:35||33625|22033778808|31001698456
15765|0|85267|31/12/2023 14:22:33||63447|2473278296|3490534752
6065|0|34072|31/12/2023 18:42:40||47840|5980905232|8088928688
6682|0|90419|01/01/2024 00:49:20|01/01/2024 07:59:39|25819|704761536|813158656
7490|0|18158|01/01/2024 06:21:47||5893|1146879248|1468056248
6068|0|83108|31/12/2023 14:26:55||63185|16392692232|23203045856
6069|0|52807|31/12/2023 19:09:52||46208|9059285704|10319447248
7063|0|23425|01/01/2024 03:36:49||15791|17997128568|47947286976
7491|0|92726|01/01/2024 06:22:45||5835|2209832304|2812462392
7410|0|33275|01/01/2024 05:55:50||7450|365614960|525996896
7552|0|77345|01/01/2024 06:52:15||4065|2194061640|2879034376
7694|0|35459|01/01/2024 07:44:18||942|98094816|135027448
6768|0|44099|01/01/2024 01:29:51||23409|1223540560|1559141848
6882|0|63807|01/01/2024 02:10:38||20962|13044422856|18873211896
15779|0|22701|31/12/2023 17:23:35||52585|12337361184|15459408936
6839|0|55148|01/01/2024 01:54:15||21945|3067322736|4480844808
15782|0|51319|31/12/2023 21:07:00||39180|20670961640|23971823760
7242|0|10213|01/01/2024 04:43:42||11778|3353151048|3440609312
15783|0|41890|31/12/2023 21:46:22||36818|592849304|846146128
6640|0|52904|01/01/2024 00:24:55||27305|2984424664|4349484712
7577|0|96236|01/01/2024 07:04:13||3347|978066544|1011449280
7492|0|93717|01/01/2024 06:26:41||5599|1227934664|1564510312
7695|0|54913|01/01/2024 07:42:41||1039|27843872|34370560
6088|0|8613|31/12/2023 17:17:17||52963|6493097328|8427621296
7493|0|86562|01/01/2024 06:29:18||5442|712437432|788100104
7725|0|56019|01/01/2024 07:59:20||40|4293688|5452192
7215|0|89489|01/01/2024 04:36:02||12238|3003061432|3096963312
6091|0|37264|31/12/2023 23:06:19||32021|10512406080|13176208232
15810|0|49081|31/12/2023 17:39:13||51647|26202076472|29282834848
6948|0|62527|01/01/2024 02:43:24||18996|24828162120|51341989696
7008|0|6376|01/01/2024 03:08:37||17483|2428979312|2441819000
7458|0|49117|01/01/2024 06:13:33||6387|894269184|1326148400
6096|0|55177|31/12/2023 18:19:39|01/01/2024 07:56:00|48981|6936562584|9005697136
7726|0|55177|01/01/2024 07:56:44||196|9849552|11920968
6792|0|87607|01/01/2024 01:34:01||23159|13261556208|19074840448
6099|0|72601|31/12/2023 12:52:57||68823|8889290448|10980262136
6100|0|13824|31/12/2023 14:14:10||63950|15911692816|19428217064
7264|0|95675|01/01/2024 04:52:01||11279|980321104|1334791584
7727|0|48931|01/01/2024 07:51:49||491|17507120|20310384
6717|0|67407|01/01/2024 01:08:09||24711|2498186160|3008730448
7024|0|98663|01/01/2024 03:11:55||17285|3190301488|3384028784
7265|0|83148|01/01/2024 04:58:07||10913|1736257424|2129309184
6107|0|39181|31/12/2023 12:44:13||69347|8663294976|8795888016
6718|0|16468|01/01/2024 01:03:18||25002|2396196888|2591647296
15835|0|89323|31/12/2023 23:45:59||29641|300560624|324120696
7385|0|35705|01/01/2024 05:47:08||7972|4185218888|4751898704
6110|0|21906|31/12/2023 15:44:42||58518|6123081960|8000246648
7188|0|72301|01/01/2024 04:20:23||13177|81070608|115906080
7578|0|30346|01/01/2024 07:05:56||3244|9287656768|23905969232
7433|0|35567|01/01/2024 06:01:42||7098|4037978496|4985387752
6973|0|28380|01/01/2024 02:56:29||18211|3633357944|4311156160
7606|0|93069|01/01/2024 07:13:31||2789|33147096|46721120
7363|0|57132|01/01/2024 05:32:37||8843|32766511216|70861771360
15841|0|15806|31/12/2023 13:12:36||67644|24685933744|27669824280
3004|0|85221|31/12/2023 19:37:45||44535|7647268232|10818607400
6793|0|70292|01/01/2024 01:37:08||22972|4425155392|6350591592
6120|0|50446|31/12/2023 17:14:43||53117|8491467312|11958858536
15846|0|25604|31/12/2023 20:43:41||40579|87329489040|211572754440
6641|0|19601|01/01/2024 00:29:07||27053|6169620200|7459115584
6769|0|18394|01/01/2024 01:25:24||23676|3395759520|3798698072
7459|0|27239|01/01/2024 06:10:55||6545|2981969432|3018818408
7266|0|89808|01/01/2024 04:51:07||11333|252401176|321336520
6126|0|96247|31/12/2023 19:39:17||44443|3638365832|4071826640
7494|0|62292|01/01/2024 06:27:49||5531|36967048|52417384
7434|0|88518|01/01/2024 06:02:17||7063|1452128232|2081913424
6603|0|17356|01/01/2024 00:03:42|01/01/2024 07:55:55|28333|1570573936|2283258720
6131|0|59834|31/12/2023 16:51:30||54510|13542457984|17526860624
6132|0|11043|31/12/2023 12:40:13||69587|5514060656|6076798856
6719|0|32108|01/01/2024 01:00:54||25146|3799921472|5408866976
7386|0|84545|01/01/2024 05:42:46||8234|4474278560|6264534848
15856|0|76017|31/12/2023 12:43:16||69404|34947381168|43374140144
6903|0|68986|01/01/2024 02:25:05||20095|29723930976|62586497656
3019|0|90800|31/12/2023 14:31:17||62923|15066370920|19295515640
7364|0|71648|01/01/2024 05:35:28||8672|1289273736|1834323328
7553|0|40431|01/01/2024 06:54:49||3911|809832872|1109457624
7343|0|63445|01/01/2024 05:25:04||9296|581670400|865613456
7579|0|46611|01/01/2024 07:09:20||3040|739443856|894168768
6142|0|39968|31/12/2023 19:31:56||44884|1903048544|2657661808
6143|0|37225|31/12/2023 14:25:45||63255|25057471752|36620561496
7189|0|85434|01/01/2024 04:28:44||12676|657170648|767795800
3030|0|45237|31/12/2023 18:08:46||49874|3938761384|4954720872
7190|0|88937|01/01/2024 04:23:10||13010|4786563512|6559486544
7294|0|64101|01/01/2024 05:02:38|01/01/2024 07:54:19|10301|324501232|362690208
6148|0|95683|31/12/2023 12:52:08||68872|2193771872|2952402568
7460|0|9520|01/01/2024 06:15:13||6287|1542670000|1833255048
7216|0|19376|01/01/2024 04:36:49||12191|2004020088|2044017344
7365|0|82940|01/01/2024 05:30:07||8993|1766900648|1779447024
6770|0|41207|01/01/2024 01:25:54||23646|5478383488|7197231040
6720|0|17947|01/01/2024 01:06:14||24826|3143619560|3244937720
7637|0|44755|01/01/2024 07:28:30||1890|10050888|14112864
7366|0|43370|01/01/2024 05:38:52||8468|835669016|1158665656
6156|0|12359|31/12/2023 18:37:08||48172|20156622808|23900450832
7156|0|28498|01/01/2024 04:12:35||13645|23648270304|47261342784
6159|0|92104|31/12/2023 20:38:52||40868|515918032|581250000
7129|0|88450|01/01/2024 04:03:58||14162|3419779544|3707974848
6841|0|90225|01/01/2024 01:58:10||21710|2479098072|3413784224
15889|0|11534|31/12/2023 23:13:03||31617|17198099728|22515940488
3061|0|28176|31/12/2023 15:49:03||58257|107962409088|310358987920
7607|0|30265|01/01/2024 07:19:39||2421|109366280|139856800
15895|0|95237|31/12/2023 15:00:14||61186|11491238928|17185187488
15898|0|31543|31/12/2023 22:56:06||32634|6864692056|7067743928
7367|0|57247|01/01/2024 05:33:17||8803|19351123496|57593597904
6842|0|85410|01/01/2024 01:58:42||21678|1046482888|1179228536
15912|0|98210|31/12/2023 19:36:26||44614|4918555368|5227399488
6855|0|34278|01/01/2024 02:08:20||21100|8502770608|11973302520
6171|0|82385|31/12/2023 22:20:23||34777|12890185912|14129434672
6721|0|77491|01/01/2024 01:07:44||24736|2781073528|3029733840
7495|0|21392|01/01/2024 06:25:18||5682|118900456|161469192
6175|0|35733|31/12/2023 13:44:40||65720|759941240|852316856
6702|0|98856|01/01/2024 00:56:34||25406|10706926984|14974082608
6703|0|44658|01/01/2024 00:56:10||25430|1905720488|2826247192
3084|0|80125|31/12/2023 17:00:28||53972|8931567176|9046701968
3094|0|59526|31/12/2023 23:01:56||32284|19126329608|21363002424
6704|0|26828|01/01/2024 00:56:11||25429|6847363400|10222862128
7130|0|89721|01/01/2024 04:05:21||14079|1188225592|1292654704
6183|0|37861|31/12/2023 17:37:38||51742|5988826096|7043672280
6184|0|65772|31/12/2023 16:08:50||57070|8898500568|11507779824
7662|0|54961|01/01/2024 07:32:01||1679|3236959280|6543836800
7580|0|85011|01/01/2024 07:06:32||3208|1023227888|1245662264
6771|0|4256|01/01/2024 01:29:33||23427|10859180800|10889700752
6187|0|78128|31/12/2023 17:31:17||52123|14841025680|16057285144
7435|0|41364|01/01/2024 06:04:02||6958|2267253840|2455426816
7217|0|95872|01/01/2024 04:35:50||12250|2358330792|2809815992
6191|0|13764|31/12/2023 23:46:02||29638|6162551712|6860741472
6794|0|44731|01/01/2024 01:37:25||22955|1474797296|1669081656
7387|0|58029|01/01/2024 05:46:56||7984|915377448|1270324480
7554|0|29554|01/01/2024 06:56:58||3782|11399936|12381656
15939|0|26572|31/12/2023 22:31:56||34084|5179618776|6343356280
7064|0|9349|01/01/2024 03:33:58||15962|3161252280|4194462640
15940|0|79990|31/12/2023 18:55:14||47086|19614944944|22596182248
7119|0|13737|01/01/2024 03:58:36||14484|6375018192|9059910048
6817|0|19087|01/01/2024 01:44:07||22553|33030968496|76458918240
6927|0|26277|01/01/2024 02:31:16||19724|482403480|638071480
6199|0|58222|31/12/2023 17:10:41||53359|26453245112|31293561648
6772|0|72764|01/01/2024 01:25:14||23686|80574601488|210775598488
6201|0|98621|31/12/2023 16:26:31||56009|4693702656|5304762024
15946|0|89278|31/12/2023 12:33:01||70019|33244297520|37525634800
7663|0|8632|01/01/2024 07:36:10||1430|89979152|92139616
6203|0|7199|31/12/2023 15:15:26||60274|16718214056|23224674192
6928|0|33062|01/01/2024 02:32:56||19624|49469011768|93903138912
6818|0|27279|01/01/2024 01:41:18||22722|12637381384|13336111176
7344|0|90653|01/01/2024 05:22:23||9457|450794264|587646328
7131|0|30292|01/01/2024 04:03:19||14201|37514413672|81274061192
7461|0|17943|01/01/2024 06:18:11||6109|762384704|1092688032
7268|0|43678|01/01/2024 04:50:24||11376|4566752544|6212776664
7345|0|27019|01/01/2024 05:29:04||9056|1078130952|1115535592
7412|0|11066|01/01/2024 05:57:54||7326|478223048|518632264
6819|0|21964|01/01/2024 01:46:42||22398|24631631576|71101920840
6795|0|57080|01/01/2024 01:30:02||23398|12827136112|18153875216
15969|0|10338|31/12/2023 17:33:11||52009|5799156968|7123551688
6974|0|79350|01/01/2024 02:54:14||18346|3339173384|3761274712
7191|0|45092|01/01/2024 04:22:22||13058|3563079104|4487466392
7132|0|65483|01/01/2024 04:04:17||14143|551587328|557321248
7120|0|69929|01/01/2024 03:58:30||14490|9990922736|12002012960
6664|0|39905|01/01/2024 00:32:17||26863|12636202728|13269205976
7533|0|97039|01/01/2024 06:42:16||4664|523376816|731163744
6742|0|88489|01/01/2024 01:10:55||24545|18520361128|19015508160
6975|0|60223|01/01/2024 02:50:37||18563|76436944|87299000
7218|0|70536|01/01/2024 04:37:10||12170|1892347320|2788756640
6231|0|38265|31/12/2023 16:01:05||57535|3640487776|4386496200
7413|0|22671|01/01/2024 05:52:16|01/01/2024 07:50:55|7119|24983325808|52556302400
6705|0|14794|01/01/2024 00:50:27||25773|4666758608|5552596920
7192|0|93911|01/01/2024 04:28:54||12666|11048971904|11549655632
6905|0|58552|01/01/2024 02:29:46||19814|188857992|261532944
6238|0|9532|31/12/2023 23:43:59||29761|4893569664|7324321704
6820|0|83741|01/01/2024 01:41:03||22737|3621759328|4911419912
16004|0|69897|31/12/2023 13:21:23||67117|3965111496|5513976032
7316|0|56666|01/01/2024 05:17:51||9729|28535004568|67572254464
7025|0|63625|01/01/2024 03:17:52||16928|12914186800|28014928728
7193|0|52885|01/01/2024 04:23:03||13017|401568304|487376656
16017|0|70337|31/12/2023 16:29:55||55805|66470171448|134044352536
16019|0|33681|31/12/2023 13:12:06||67674|32031670176|37606530592
6743|0|91832|01/01/2024 01:12:28||24452|2537353952|3110559448
7664|0|90727|01/01/2024 07:30:48||1752|1013260600|1110160344
3184|0|47866|31/12/2023 21:34:12||37548|4518033128|5699597960
7065|0|88561|01/01/2024 03:39:06||15654|601260528|622568776
16029|0|85454|31/12/2023 20:09:48||42612|20448967872|22825642016
6247|0|53519|31/12/2023 13:21:32||67108|2739076616|3515469048
7436|0|94015|01/01/2024 06:06:12||6828|13882809880|36876443048
7269|0|40656|01/01/2024 04:50:41||11359|237307968|267763728
7346|0|8061|01/01/2024 05:24:45||9315|673018576|990838264
6906|0|9807|01/01/2024 02:24:36||20124|7496874576|8551959128
7516|0|62164|01/01/2024 06:36:15||5025|282899464|287595744
7388|0|86790|01/01/2024 05:48:04||7916|424264920|554721240
3198|0|82616|31/12/2023 13:12:24||67656|6445197312|8275941160
7317|0|67632|01/01/2024 05:15:56||9844|569181088|767593784
7157|0|42430|01/01/2024 04:14:06||13554|2054045856|2325398936
6976|0|15996|01/01/2024 02:55:52||18248|3198136752|4765040592
16047|0|65288|31/12/2023 16:46:12||54828|16867533000|18525392792
6642|0|76833|01/01/2024 00:25:41||27259|8924247304|10613062240
3206|0|69206|31/12/2023 14:35:24||62676|138119096|199452952
7347|0|61352|01/01/2024 05:22:37||9443|1615786496|2169990208
7121|0|86732|01/01/2024 03:52:59||14821|2225965104|3308667968
6977|0|72404|01/01/2024 02:50:24||18576|1697349928|2320403144
6665|0|35686|01/01/2024 00:38:07||26513|6800573568|10125919272
16055|0|95653|31/12/2023 14:33:21||62799|10351122872|11342762464
16056|0|43698|31/12/2023 23:49:24||29436|1007658872|1038109576
7066|0|51334|01/01/2024 03:36:44|01/01/2024 07:53:39|15415|6421051784|6426039944
6843|0|22801|01/01/2024 01:54:07||21953|6979253008|7545612272
6270|0|80336|31/12/2023 19:44:38||44122|11610954576|15064199984
7581|0|43917|01/01/2024 07:09:13||3047|134185032|196168056
6884|0|19157|01/01/2024 02:17:38||20542|65795568|90941280
7219|0|94627|01/01/2024 04:34:13||12347|263590912|302217312
16060|0|12454|31/12/2023 15:41:04||58736|17986731016|20224201608
7067|0|10401|01/01/2024 03:35:59||15841|9900200824|12124256560
7414|0|65470|01/01/2024 05:51:15||7725|2028649840|2441944624
6821|0|32872|01/01/2024 01:41:32|01/01/2024 07:56:11|22479|67715557960|202063312216
7665|0|35937|01/01/2024 07:39:46||1214|248442344|286179384
7133|0|54314|01/01/2024 04:02:10||14270|2266593696|2857328144
6280|0|4273|31/12/2023 21:57:58||36122|11376458000|12221143352
7295|0|86941|01/01/2024 05:01:26||10714|126164616|169455552
6684|0|14050|01/01/2024 00:43:58||26162|3453999536|4899919232
16071|0|58921|31/12/2023 23:27:39||30741|13457194376|17486979144
7582|0|70953|01/01/2024 07:07:11||3169|199629056|250406944
6284|0|94290|31/12/2023 17:19:25||52835|7954540056|8326543200
7318|0|80310|01/01/2024 05:11:22||10118|2676307336|3324468920
6744|0|83641|01/01/2024 01:15:15||24285|81920223160|160220485448
7517|0|91060|01/01/2024 06:39:33||4827|964002296|1022953840
16080|0|25240|31/12/2023 18:20:43||49157|1085094296|1157513848
7638|0|8563|01/01/2024 07:29:34||1826|51658592|61835328
7243|0|51236|01/01/2024 04:48:30||11490|1626211336|2164645024
6605|0|72067|01/01/2024 00:06:26||28414|56846758864|152456336624
7296|0|98437|01/01/2024 05:09:53||10207|9425047584|23797642536
6723|0|32098|01/01/2024 01:09:14||24646|2494598232|2757484760
7496|0|43380|01/01/2024 06:27:56||5524|1428162640|1482616160
6294|0|66006|31/12/2023 12:16:51||70989|8790830672|9233186344
6296|0|61584|31/12/2023 17:59:58||50402|75069436784|149521190800
16088|0|3865|31/12/2023 22:59:19||32441|18825198912|24083431928
7462|0|90491|01/01/2024 06:16:40||6200|156470704|181339376
6298|0|94482|31/12/2023 17:42:47||51433|7093938296|8969453336
16092|0|21276|31/12/2023 23:49:06||29454|8149833160|10519188080
16093|0|51323|31/12/2023 18:34:04||48356|3971065728|4282610856
6299|0|10910|31/12/2023 12:16:08||71032|17976515824|20934175096
7158|0|29694|01/01/2024 04:10:13||13787|6872798720|6928346768
6951|0|24553|01/01/2024 02:49:54||18606|2920788424|2932020792
6978|0|79396|01/01/2024 02:57:06||18174|4610565536|4783134304
6629|0|53027|01/01/2024 00:14:36||27924|2379952888|2998827480
6305|0|30620|31/12/2023 19:03:23||46597|12622635096|17810419256
7608|0|6761|01/01/2024 07:14:05||2755|212832648|250777640
6952|0|51043|01/01/2024 02:46:12|01/01/2024 07:57:27|18675|1592157728|1849646960
6309|0|59158|31/12/2023 14:06:21||64419|150333392816|292153900712
7009|0|81657|01/01/2024 03:04:48||17712|40478387192|87599354128
7555|0|94733|01/01/2024 06:57:23||3757|77608456|86668024
7415|0|43877|01/01/2024 05:51:29||7711|665759400|897405744
16108|0|78144|31/12/2023 15:26:53||59587|18220396112|20011566992
6314|0|50805|31/12/2023 16:38:29||55291|10620815032|11696949448
7297|0|94727|01/01/2024 05:03:23||10597|2575050048|2966379512
16118|0|74470|31/12/2023 14:10:38||64162|11963097696|14079237216
3275|0|26143|31/12/2023 20:13:03||42417|26271336208|35751564952
7416|0|18283|01/01/2024 05:54:23||7537|291592304|338410448
16120|0|13857|31/12/2023 15:11:39||60501|1060043712|1558871072
7417|0|12302|01/01/2024 05:50:56||7744|1144714760|1478102576
6322|0|84612|31/12/2023 12:23:55||70565|359932296|507719008
6324|0|64643|31/12/2023 20:17:57||42123|3627267752|3957435624
3281|0|4869|31/12/2023 20:25:11||41689|5191316024|5596779344
6325|0|29307|31/12/2023 20:09:26||42634|1723888504|1850095952
16126|0|4384|31/12/2023 22:34:37||33923|5835299120|7213869936
3283|0|72760|31/12/2023 12:39:46||69614|39960566384|41925177936
6327|0|59210|31/12/2023 13:42:52||65828|7143336648|9717935400
7319|0|30142|01/01/2024 05:12:45||10035|2411574760|3270399920
6328|0|30812|31/12/2023 16:19:36||56424|15047188920|18923085032
16130|0|80075|31/12/2023 19:27:32||45148|1482999424|1966115432
6330|0|97623|31/12/2023 12:27:57||70323|17175781792|22660122712
7244|0|60631|01/01/2024 04:40:30||11970|7791412968|10263637576
6979|0|11020|01/01/2024 02:59:28||18032|22853012136|63751111496
6931|0|76358|01/01/2024 02:32:41||19639|5737711352|7659090416
16135|0|35573|31/12/2023 13:09:19||67841|13377376976|17413941408
6337|0|6217|31/12/2023 23:02:54||32226|5507427456|8085223584
7389|0|40914|01/01/2024 05:43:22||8198|611278272|694657488
3300|0|72343|31/12/2023 17:50:30||50970|90424601224|174179041168
6340|0|79245|31/12/2023 23:01:58||32282|7252084048|8493542144
7696|0|61969|01/01/2024 07:43:00||1020|65089768|79978720
6980|0|62224|01/01/2024 02:51:16||18524|1314304088|1587124088
16153|0|5505|31/12/2023 23:31:57||30483|7966682320|11568393936
7220|0|49186|01/01/2024 04:39:05||12055|1293243312|1352371368
7609|0|33559|01/01/2024 07:15:38||2662|2314047824|2493121272
6349|0|68101|31/12/2023 19:45:53||44047|8419185568|10333769328
7160|0|70705|01/01/2024 04:16:53||13387|8910465864|10958999656
7026|0|39214|01/01/2024 03:19:35||16825|2732354000|3274123136
7583|0|7357|01/01/2024 07:02:55||3425|759784608|958864136
7068|0|63285|01/01/2024 03:33:08||16012|2953986472|3459624352
7368|0|82203|01/01/2024 05:35:31||8669|61155776|82204560
3315|0|50590|31/12/2023 15:02:09||61071|15027520744|21137633272
7518|0|6525|01/01/2024 06:35:27||5073|1109332960|1167139032
16172|0|30945|31/12/2023 22:45:58||33242|25811543624|33002161064
6724|0|23557|01/01/2024 01:06:11||24829|5763479304|7122977112
7610|0|99227|01/01/2024 07:16:47||2593|116777736|158614200
7666|0|80536|01/01/2024 07:35:36||1464|138409192|150398000
7298|0|46233|01/01/2024 05:04:40||10520|597803928|785011192
7272|0|35795|01/01/2024 04:54:04||11156|86174760|89164440
7418|0|59358|01/01/2024 05:57:09||7371|6671229400|12640910000
7584|0|63548|01/01/2024 07:07:09||3171|626210440|677921384
6371|0|57378|31/12/2023 20:34:36||41124|6797527616|8900989280
7437|0|43844|01/01/2024 06:01:00||7140|3352762040|4133507848
7070|0|65049|01/01/2024 03:38:59||15661|8081992600|8932680736
6822|0|35013|01/01/2024 01:45:59||22441|5401688552|6615952960
7667|0|95342|01/01/2024 07:37:14||1366|423466744|544543736
6376|0|97160|31/12/2023 18:24:41||48919|496028408|624994248
3348|0|60703|31/12/2023 14:46:35||62005|144125127872|371412327024
7438|0|89189|01/01/2024 06:01:21||7119|319926960|477087056
3350|0|19385|31/12/2023 17:53:05||50815|33464824728|36495999064
7611|0|81412|01/01/2024 07:10:04||2996|497953208|570314392
6380|0|21007|31/12/2023 14:44:52||62108|14962953784|21387627232
3353|0|30309|31/12/2023 15:06:32||60808|2728065592|2743626800
7027|0|29388|01/01/2024 03:16:29||17011|4191383048|5387442544
7390|0|48385|01/01/2024 05:48:42||7878|6052074784|6492955432
3355|0|15792|31/12/2023 22:40:18||33582|48261266240|136229500200
7439|0|76673|01/01/2024 06:02:03||7077|4019255328|4389362056
7348|0|45615|01/01/2024 05:22:04||9476|735427520|760187200
3358|0|21702|31/12/2023 14:17:42||63738|10562998296|12539505912
7639|0|5186|01/01/2024 07:23:44||2176|94339640|115982416
6823|0|27568|01/01/2024 01:44:10||22550|21530171624|30203678096
6388|0|10940|31/12/2023 17:30:45|01/01/2024 07:51:59|51674|9904717904|11781298920
7728|0|10940|01/01/2024 07:53:37||383|42113288|53585184
7391|0|87104|01/01/2024 05:44:26||8134|1195268616|1503760584
7161|0|98002|01/01/2024 04:10:18||13782|183537216|205596208
16221|0|60691|31/12/2023 17:57:05||50575|8170081032|12149240152
7273|0|11827|01/01/2024 04:54:39||11121|15044232832|31507444416
16223|0|95338|31/12/2023 13:43:01||65819|7703593560|9183149960
6797|0|17325|01/01/2024 01:39:27||22833|59040068904|139174382512
7463|0|87441|01/01/2024 06:11:20||6520|6973527824|7194541192
6393|0|49136|31/12/2023 22:05:23||35677|2041081408|2684130312
7612|0|86861|01/01/2024 07:14:57||2703|38056864|52743392
6395|0|62763|31/12/2023 20:04:36||42924|1593011848|1946111832
16239|0|95778|31/12/2023 12:27:41||70339|11668132392|12499690384
7640|0|26577|01/01/2024 07:21:59||2281|164192968|166395944
6824|0|9151|01/01/2024 01:42:37||22643|7010612640|7219000656
6885|0|94159|01/01/2024 02:18:49||20471|9030826392|11103623368
7028|0|95768|01/01/2024 03:14:21||17139|32706845168|65898771640
16240|0|54623|31/12/2023 16:51:24||54516|8865896728|10394944232
16242|0|78200|31/12/2023 16:29:36||55824|18225184648|18853213272
7641|0|48966|01/01/2024 07:28:25||1895|547044808|648038872
6606|0|69320|01/01/2024 00:09:20||28240|5358136240|5984885480
7320|0|13942|01/01/2024 05:12:30||10050|3473839896|4546972928
6856|0|92518|01/01/2024 02:02:04||21476|5238879800|5478591336
7668|0|51162|01/01/2024 07:39:42||1218|10981192|15905104
7697|0|73079|01/01/2024 07:40:28||1172|50094872|65428080
7045|0|18192|01/01/2024 03:23:09||16611|1422580072|1748467832
7698|0|81523|01/01/2024 07:47:05||775|31717320|36289352
7699|0|94145|01/01/2024 07:43:15||1005|80274000|110103248
16265|0|18959|31/12/2023 20:44:06||40554|19967342192|28281307072
6725|0|74235|01/01/2024 01:01:06||25134|1346764424|1958255864
7700|0|80746|01/01/2024 07:42:15||1065|1256267736|3734051768
3393|0|20625|31/12/2023 16:14:53||56707|16751603952|17441546952
7669|0|91768|01/01/2024 07:38:32||1288|20314032|24812848
6607|0|63732|01/01/2024 00:06:35||28405|8280621416|11863587784
7046|0|11739|01/01/2024 03:20:46||16754|2364222112|2499857096
7420|0|41299|01/01/2024 05:52:02||7678|622660152|919280352
7701|0|46516|01/01/2024 07:40:59||1141|517122064|658201736
7702|0|38175|01/01/2024 07:41:51||1089|20655216|30028000
16273|0|45049|31/12/2023 22:03:02||35818|14171019496|16340739640
7098|0|23739|01/01/2024 03:45:17||15283|3769095072|4060321520
7322|0|72638|01/01/2024 05:16:53||9787|4937082648|5281015984
7729|0|10095|01/01/2024 07:50:06||594|38521384|45993696
16279|0|50267|31/12/2023 18:56:05||47035|2585486032|3527854320
16280|0|99379|31/12/2023 18:24:14||48946|800019688|849430312
7194|0|91904|01/01/2024 04:27:57||12723|3757474192|5193417480
16287|0|15025|31/12/2023 17:23:47||52573|25108396464|26251360848
16295|0|87069|31/12/2023 23:43:30||29790|71420195704|213221819568
7440|0|99310|01/01/2024 06:08:44||6676|1233689784|1307496032
7010|0|47772|01/01/2024 03:09:16||17444|4584706136|5106145232
7535|0|17103|01/01/2024 06:46:45||4395|2180125944|2207659600
7519|0|36939|01/01/2024 06:36:17||5023|594015992|610157824
7642|0|20755|01/01/2024 07:24:26||2134|93975800|103448584
7497|0|88155|01/01/2024 06:25:31||5669|1379211648|1401928456
16308|0|52703|31/12/2023 18:01:27||50313|4963218792|6532485576
7643|0|36521|01/01/2024 07:28:33||1887|76774992|100391352
6774|0|48809|01/01/2024 01:21:38||23902|4440883152|5162138216
6857|0|11424|01/01/2024 02:07:46||21134|2275951584|2987028760
7703|0|66456|01/01/2024 07:42:18||1062|73212200|84155400
16312|0|48062|31/12/2023 17:17:38||52942|13549533024|16909146672
6907|0|83954|01/01/2024 02:29:14||19846|730964080|988306216
6748|0|64251|01/01/2024 01:18:02||24118|3223253288|3679703296
7498|0|94384|01/01/2024 06:21:32||5908|1891563400|2266113992
7520|0|5299|01/01/2024 06:35:14||5086|83829968|94364616
16321|0|37570|31/12/2023 17:17:36||52944|12244698464|16869149224
6630|0|8768|01/01/2024 00:12:55||28025|4247237816|4288448288
7499|0|30949|01/01/2024 06:26:47||5593|1250529880|1400710312
6858|0|99503|01/01/2024 02:09:00||21060|370164616|483067384
6859|0|20921|01/01/2024 02:00:58||21542|5019164984|7240786840
7613|0|5886|01/01/2024 07:11:57||2883|735215720|785451936
6446|0|93513|31/12/2023 18:23:30||48990|224231574448|465553440384
16338|0|11945|31/12/2023 13:38:18||66102|16717733576|21957782904
7323|0|25749|01/01/2024 05:14:05||9955|726424704|854177064
6886|0|30427|01/01/2024 02:10:32||20968|1052949912|1493693464
6450|0|85539|31/12/2023 17:20:10||52790|106642204440|201613210704
7275|0|13461|01/01/2024 04:52:43||11237|47095248|55957512
7500|0|86493|01/01/2024 06:22:06||5874|574806208|796300608
6454|0|65234|31/12/2023 20:25:08||41692|7516058784|10733091024
7585|0|81994|01/01/2024 07:00:38||3562|89300752|100736344
7614|0|96367|01/01/2024 07:12:36||2844|773483344|967275144
3444|0|89454|31/12/2023 20:24:27||41733|14143506416|20941367048
7195|0|95129|01/01/2024 04:21:19||13121|6295642280|7961424416
7369|0|94111|01/01/2024 05:38:02||8518|1012643960|1150269896
3449|0|46473|31/12/2023 12:48:56||69064|31699057344|33814216128
6608|0|21475|01/01/2024 00:07:14||28366|2873720480|4260039952
7615|0|77620|01/01/2024 07:11:07||2933|829359848|969742408
7586|0|60771|01/01/2024 07:04:49||3311|129249392|175824944
3458|0|23311|31/12/2023 23:58:11||28909|22960553016|45720187752
6460|0|62245|31/12/2023 19:14:34||45926|5486442288|6759424024
6708|0|44465|01/01/2024 00:50:45||25755|14543855712|20669047160
7536|0|30846|01/01/2024 06:40:09||4791|2739515056|2757092848
6464|0|94286|31/12/2023 16:47:50||54730|18249825792|20557500840
7134|0|68117|01/01/2024 04:00:01||14399|6839956720|7451886752
7465|0|34328|01/01/2024 06:14:35||6325|17764141200|38929894608
6982|0|10616|01/01/2024 02:56:00||18240|6327945608|8554593752
6685|0|84226|01/01/2024 00:40:30||26370|2845517504|3597444224
7349|0|52206|01/01/2024 05:21:27||9513|3751582240|4289683784
7466|0|9203|01/01/2024 06:15:04||6296|1023416688|1355807328
16372|0|94043|31/12/2023 22:35:09||33891|1112279968|1554729376
7047|0|40206|01/01/2024 03:25:00||16500|4788429272|5062161456
6472|0|14620|31/12/2023 14:38:50||62470|10832498392|11589472344
16376|0|24209|31/12/2023 15:31:10||59330|49314128256|53095708104
7221|0|55356|01/01/2024 04:30:35||12565|1975006912|2443247432
7704|0|29905|01/01/2024 07:48:20||700|31939848|33125056
7670|0|26270|01/01/2024 07:32:31||1649|297314192|356513624
7556|0|65753|01/01/2024 06:53:31||3989|1591955160|1861229416
16379|0|25173|31/12/2023 23:23:18||31002|1932648328|1952767112
6478|0|85501|31/12/2023 17:14:15||53145|102193278904|262965217056
6479|0|55392|31/12/2023 23:30:07||30593|1351128264|1865102152
16381|0|58996|31/12/2023 20:49:23||40237|13225150680|16832009624
16383|0|53891|31/12/2023 13:52:36||65244|8155680936|11903155640
6983|0|4084|01/01/2024 02:58:27||18093|4294391344|4571781368
3483|0|25715|31/12/2023 12:17:09||70971|4059317928|4956294480
7030|0|84646|01/01/2024 03:13:07||17213|4618817544|4637715240
7163|0|82966|01/01/2024 04:13:11||13609|6653496880|8344441488
6844|0|48804|01/01/2024 01:59:21||21639|3330021832|3382680264
6485|0|33801|31/12/2023 21:00:55||39545|12546304408|12601603160
6984|0|50742|01/01/2024 02:50:03||18597|6992251296|7670126944
7324|0|28133|01/01/2024 05:16:28||9812|734120880|1035158464
16398|0|58407|31/12/2023 19:53:01||43619|8688919848|11607340688
6488|0|50959|31/12/2023 23:50:34||29366|56933526064|113277469864
6932|0|57257|01/01/2024 02:35:04||19496|1234325648|1449750600
3497|0|31063|31/12/2023 21:42:18|01/01/2024 07:57:42|36924|5123859232|6740758224
6860|0|19793|01/01/2024 02:00:49||21551|245509800|282517568
7587|0|50033|01/01/2024 07:05:05||3295|65929016|72907816
6888|0|57110|01/01/2024 02:14:46||20714|6890927160|6921978056
3502|0|86036|31/12/2023 14:22:54||63426|16697079800|17111493328
6861|0|73390|01/01/2024 02:05:04||21296|84080226152|212426915344
7370|0|16239|01/01/2024 05:36:00||8640|674400296|999530184
6908|0|16033|01/01/2024 02:21:27||20313|1384185792|1774681408
6909|0|27011|01/01/2024 02:29:49||19811|1257293624|1778232504
7196|0|7874|01/01/2024 04:27:58||12722|500700600|537065496
7325|0|44287|01/01/2024 05:13:13||10007|13165209592|32752445792
7100|0|31981|01/01/2024 03:44:06||15354|487214200|635841488
7671|0|69532|01/01/2024 07:38:34||1286|67149272|89072872
16410|0|79714|31/12/2023 16:04:25||57335|2138522176|2790739024
6501|0|33279|31/12/2023 13:50:47||65353|38065841664|41065474920
6502|0|35120|31/12/2023 16:01:32||57508|121238211592|288836367576
7071|0|25105|01/01/2024 03:34:53||15907|4239622312|5947379776
7048|0|92044|01/01/2024 03:28:58||16262|8294995160|8403903728
6862|0|97924|01/01/2024 02:07:21||21159|4013228336|4311400640
16424|0|15440|31/12/2023 16:18:58||56462|24619263592|30560793360
7276|0|18712|01/01/2024 04:55:25||11075|2246258792|3140753504
16425|0|57444|31/12/2023 15:09:08||60652|68822290160|169246391304
16426|0|5591|31/12/2023 14:32:44||62836|2488644368|3692931920
7588|0|15363|01/01/2024 07:04:48||3312|86171880|87344400
7372|0|89490|01/01/2024 05:35:14||8686|1372787880|1707369304
6511|0|59260|31/12/2023 22:24:39||34521|5294607432|5492641032
16429|0|38818|31/12/2023 18:27:24||48756|2174091296|2805947408
7672|0|62004|01/01/2024 07:36:52||1388|688206000|1942871280
7730|0|89959|01/01/2024 07:53:37||383|935025904|2112044984
7245|0|92467|01/01/2024 04:43:20||11800|197141848|229032712
16438|0|39703|31/12/2023 17:37:29||51751|7704509336|9315309424
6985|0|62223|01/01/2024 02:56:35||18205|1804464800|2697298328
6910|0|33021|01/01/2024 02:23:04||20216|935323136|990683120
7392|0|3869|01/01/2024 05:41:29||8311|2954929592|3349070152
6521|0|24262|31/12/2023 19:49:57||43803|12621036256|15775418408
6609|0|82717|01/01/2024 00:05:36||28464|3589194424|4975574600
16443|0|75980|31/12/2023 12:04:39||71721|4668660352|6293969784
7197|0|68160|01/01/2024 04:25:00||12900|9284404208|10341843096
7222|0|81178|01/01/2024 04:33:56||12364|1071288992|1196548704
7616|0|62952|01/01/2024 07:14:43||2717|46791128|55630096
7441|0|83766|01/01/2024 06:05:35||6865|26904575712|80150245816
7589|0|61605|01/01/2024 07:03:13||3407|806538488|829114896
16452|0|41602|31/12/2023 20:22:35|01/01/2024 07:53:34|41459|81138240312|234845375848
6528|0|26412|31/12/2023 20:31:05||41335|10087894848|13755138832
6911|0|77991|01/01/2024 02:21:10||20330|9180823216|11132788656
6986|0|22920|01/01/2024 02:57:29||18151|6567791200|6837831608
3560|0|68011|31/12/2023 13:08:44||67876|1404625320|1599128520
6532|0|82808|31/12/2023 16:43:58||54962|12791313776|17469551744
6533|0|33809|31/12/2023 15:25:44||59656|28024977128|36943279320
7731|0|97715|01/01/2024 07:54:58||302|11941184|13699872
6863|0|98159|01/01/2024 02:06:26||21214|11916622168|15231296728
6536|0|30827|31/12/2023 15:00:31||61169|2680721536|2684890432
6537|0|70909|31/12/2023 20:31:16|01/01/2024 07:57:26|41170|3601625280|4174240824
7732|0|70909|01/01/2024 07:58:52||68|3325760|4728272
7521|0|25324|01/01/2024 06:33:56||5164|603251984|663013088
6798|0|68685|01/01/2024 01:30:31||23369|3411826344|4328821960
16471|0|28826|31/12/2023 15:16:58||60182|106319535168|258300917968
6542|0|60607|31/12/2023 13:49:36||65424|23680095280|31503248168
6545|0|8203|31/12/2023 13:27:10||66770|5657793760|7437205984
6776|0|82011|01/01/2024 01:29:48||23412|199135632|245838432
16479|0|20072|31/12/2023 12:58:27||68493|12078695624|13470402904
3579|0|80712|31/12/2023 20:17:18||42162|18970071160|27345597928
7198|0|76728|01/01/2024 04:23:00||13020|10068443288|11404266864
16483|0|38309|31/12/2023 15:52:28||58052|954798760|1196032592
16484|0|34607|31/12/2023 17:26:40||52400|18422836936|25268845352
6551|0|84637|31/12/2023 18:24:59||48901|1204197608|1579521752
7522|0|93182|01/01/2024 06:38:23||4897|896080264|1082862640
6825|0|44564|01/01/2024 01:45:05||22495|8806488336|12237976248
6554|0|55259|31/12/2023 12:11:12||71328|5865374952|7930641840
6987|0|37345|01/01/2024 02:52:59||18421|2210864032|2269109432
7135|0|48086|01/01/2024 04:00:58||14342|47351684936|92943117816
6750|0|83760|01/01/2024 01:14:27||24333|13817921528|13829697920
6933|0|24702|01/01/2024 02:30:23||19777|9127643552|9921444872
6751|0|73157|01/01/2024 01:18:03||24117|4163370672|6064570312
6934|0|48168|01/01/2024 02:37:41||19339|349068888|397068368
6562|0|96138|31/12/2023 19:13:41||45979|4723768520|6466063744
6563|0|63664|31/12/2023 15:09:53||60607|26347642904|28772291904
6710|0|20752|01/01/2024 00:52:18||25662|92327981136|172650817064
6935|0|40629|01/01/2024 02:33:17||19603|2466952944|3378231464
6752|0|41928|01/01/2024 01:14:51||24309|14596984680|14835712168
6570|0|79157|31/12/2023 18:20:18||49182|13785308928|18272693864
7373|0|82373|01/01/2024 05:37:46||8534|664271648|862746480
6573|0|49479|31/12/2023 16:53:51||54369|6335901864|7943535664
16514|0|20567|31/12/2023 15:19:14||60046|17083142744|22767155376
16521|0|58841|31/12/2023 12:09:18||71442|94255083376|246634783560
6643|0|51341|01/01/2024 00:23:53||27367|4107847512|6106142776
6576|0|48178|31/12/2023 19:56:44||43396|7296499920|7375636976
16532|0|47955|31/12/2023 17:34:23||51937|1054671688|1553102856
7705|0|74521|01/01/2024 07:47:23||757|13363864|13458136
16535|0|48187|31/12/2023 15:45:43||58457|1975224560|2167626312
16536|0|24789|31/12/2023 20:40:23||40777|1618720216|1948359048
7501|0|64828|01/01/2024 06:24:54||5706|2196096792|2703741424
7164|0|40241|01/01/2024 04:11:46||13694|13583257616|38486776920
6581|0|96482|31/12/2023 21:18:34||38486|1781688448|2655237832
6889|0|97466|01/01/2024 02:10:48||20952|928551192|1129634496
7617|0|59657|01/01/2024 07:10:06||2994|115670216|157461664
6726|0|23350|01/01/2024 01:05:41||24859|2427933392|3513047968
7326|0|28409|01/01/2024 05:16:13||9827|492390152|587816256
6936|0|29872|01/01/2024 02:36:43||19397|1274414304|1710069872
