IdSession|IdPSX|IdSubscriber|StartSession|EndSession|Duartion|UpTx|DownTx
8369|0|89621|01/01/2024 11:17:38||28942|4504308416|6677185352
7421|0|37974|01/01/2024 06:09:44||47416|31288172536|31678891304
8813|0|33927|01/01/2024 14:35:19||17081|5048498504|5176070904
8442|0|80035|01/01/2024 11:37:02||27778|1304291680|1341412432
7299|0|87799|01/01/2024 05:10:52||50948|6398486312|6981020264
9027|0|85070|01/01/2024 16:11:33||11307|2321898504|2440933808
8600|0|85502|01/01/2024 12:36:09||24231|3297787200|3543882512
8960|0|62355|01/01/2024 15:49:28||12632|22691863704|42720398520
8293|0|49346|01/01/2024 10:51:07||30533|5528284488|8158864352
8121|0|80501|01/01/2024 10:06:54||33186|2324613704|2915648848
8689|0|74669|01/01/2024 13:20:44||21556|2017364808|3014867696
9357|0|55450|01/01/2024 18:57:59||1321|48707208|54187008
7442|0|59125|01/01/2024 06:15:55||47045|303694264|311423304
6890|0|96559|01/01/2024 02:26:08||60832|9481158144|11152455624
8776|0|77027|01/01/2024 14:17:53||18127|547226824|812620128
9336|0|77463|01/01/2024 18:41:10||2330|2405078560|2503425944
7557|0|53028|01/01/2024 07:03:05||44215|16024653232|20526342712
9157|0|38260|01/01/2024 17:14:11||7549|1004532032|1152125408
8268|0|87485|01/01/2024 10:47:00||30780|65224336688|172501608840
7558|0|59994|01/01/2024 07:07:29||43951|4611078472|6055593200
9259|0|36265|01/01/2024 18:09:39||4221|826269728|846213576
9131|0|8960|01/01/2024 17:00:29||8371|382967240|403700840
6912|0|59205|01/01/2024 02:36:50||60190|169911601136|330239798352
7278|0|4732|01/01/2024 05:06:12||51228|8735902184|8978926320
9132|0|59414|01/01/2024 17:06:18||8022|1895864496|2327942784
8861|0|25097|01/01/2024 14:58:17||15703|4318874928|5918626472
6937|0|65857|01/01/2024 02:47:24||59556|31897843448|44438667616
9225|0|56849|01/01/2024 17:47:41||5539|3509450552|4220916288
8862|0|60741|01/01/2024 14:51:40||16100|1235042688|1641604184
9028|0|47789|01/01/2024 16:11:43||11297|2771299640|3190523648
9291|0|45696|01/01/2024 18:20:14||3586|131799992|171355728
8814|0|17166|01/01/2024 14:38:19||16901|29944236136|66557607936
7122|0|9319|01/01/2024 04:07:52||54728|24978527312|33412429856
8053|0|27076|01/01/2024 09:45:58||34442|1769928688|2550626152
7645|0|33912|01/01/2024 07:31:57||42483|13521166864|16393044104
8791|0|86402|01/01/2024 14:29:55||17405|28108023720|61584233312
7502|0|93219|01/01/2024 06:38:55||45665|5950315816|6390727384
9358|0|70465|01/01/2024 18:50:48||1752|1552010256|1600198408
7931|0|75263|01/01/2024 09:05:19||36881|7129710616|9907681248
8017|0|69235|01/01/2024 09:31:01||35339|507130608|732164696
8084|0|57595|01/01/2024 09:59:08||33652|4772729488|5377538640
7538|0|30336|01/01/2024 06:56:10||44630|4996645648|5360737920
8404|0|71399|01/01/2024 11:27:46||28334|7865321520|10337325824
8987|0|54404|01/01/2024 15:56:28||12212|1183763488|1371092408
7350|0|92628|01/01/2024 05:36:06||49434|19279267704|23821290432
7072|0|68624|01/01/2024 03:47:39||55941|25061891336|28409802832
7503|0|50884|01/01/2024 06:39:07||45653|2640617792|3021569200
9107|0|71658|01/01/2024 16:54:59||8701|853014960|1145188672
8898|0|37529|01/01/2024 15:19:31||14429|33847160600|68483751688
7893|0|42806|01/01/2024 08:54:37||37523|6344833360|8691309776
8054|0|25093|01/01/2024 09:44:20||34540|5420260456|5926585096
6990|0|71383|01/01/2024 03:09:21||58239|13288770448|19324634120
7774|0|23638|01/01/2024 08:10:21||40179|4677427952|6012246584
7559|0|65812|01/01/2024 07:07:13||43967|8565416136|9528052368
8690|0|21813|01/01/2024 13:22:27||21453|26878844720|69603296512
8940|0|44839|01/01/2024 15:35:16||13484|3589022232|3736574608
7894|0|96132|01/01/2024 08:55:35||37465|3429743664|4640843704
6712|0|41896|01/01/2024 01:09:49||65411|25182340936|31501637280
9242|0|43101|01/01/2024 17:54:27|01/01/2024 19:10:18|4551|1335093064|1396286848
7800|0|47660|01/01/2024 08:20:27||39573|15371737816|18857006920
7932|0|5259|01/01/2024 09:06:54||36786|4502210872|6280588728
9359|0|97799|01/01/2024 18:58:16||1304|1134205624|1248845072
7560|0|16048|01/01/2024 07:06:40||44000|6398497672|6702507544
7504|0|39037|01/01/2024 06:39:31||45629|3922107424|4651808064
8018|0|20682|01/01/2024 09:36:05||35035|3725872504|4635026464
8370|0|82492|01/01/2024 11:11:42||29298|4100751504|5019544160
8863|0|5357|01/01/2024 14:55:21||15879|1929455208|2399184128
7736|0|85076|01/01/2024 08:05:41||40459|8355017616|9723634632
8733|0|58783|01/01/2024 13:53:27||19593|13515595928|20139302088
8158|0|5731|01/01/2024 10:15:48||32652|70779669552|150783910520
8815|0|78898|01/01/2024 14:38:43||16877|759348032|888808376
8988|0|99136|01/01/2024 15:57:25||12155|4131867936|5829983984
8085|0|81147|01/01/2024 09:50:23||34177|993916968|1356279256
9387|0|11390|01/01/2024 19:03:12||1008|451482632|463176728
7619|0|14175|01/01/2024 07:29:20||42640|2742414120|3201806104
7225|0|60137|01/01/2024 04:40:44||52756|44661758368|125043615280
8371|0|63873|01/01/2024 11:18:44||28876|10355651240|11943648680
9133|0|82031|01/01/2024 17:08:38||7882|645002280|809973208
9243|0|17160|01/01/2024 17:58:01||4919|867789208|1122645104
8792|0|59576|01/01/2024 14:24:15||17745|586181696|600329624
9388|0|43797|01/01/2024 19:00:53||1147|85725992|120441400
7673|0|59735|01/01/2024 07:45:48||41652|138755322040|302363228928
7394|0|51212|01/01/2024 05:57:21||48159|6517245112|8110838160
8754|0|38258|01/01/2024 14:07:10||18770|33675577344|76277633696
9360|0|64295|01/01/2024 18:54:09||1551|1249908192|1279117232
7775|0|8347|01/01/2024 08:12:46||40034|7948800288|8992329328
8548|0|51526|01/01/2024 12:00:23||26377|2662858568|3481892096
7592|0|70042|01/01/2024 07:17:01||43379|2422929528|3011950616
8915|0|11287|01/01/2024 15:21:29||14311|2939500952|3631024824
8838|0|81133|01/01/2024 14:49:48||16212|2555222128|3189095344
9244|0|61103|01/01/2024 17:55:46||5054|573025568|724116216
8638|0|80435|01/01/2024 12:56:36||23004|733007632|807131712
7470|0|82791|01/01/2024 06:29:24||46236|29796603008|36473747400
8691|0|14428|01/01/2024 13:25:42||21258|4175032800|5937846072
9180|0|60031|01/01/2024 17:22:45||7035|262304104|302802312
9226|0|48759|01/01/2024 17:41:50||5890|367721224|437672680
9201|0|31579|01/01/2024 17:39:57||6003|224621144|306634152
7981|0|9432|01/01/2024 09:25:48||35652|3448538000|4036751648
9029|0|61684|01/01/2024 16:16:28||11012|2899178104|3367764496
8620|0|96277|01/01/2024 12:43:41||23779|2458909304|3127810632
9227|0|67555|01/01/2024 17:43:10||5810|218479328|321640920
9109|0|23998|01/01/2024 16:58:25|01/01/2024 19:12:21|8036|1629300248|2251617552
7444|0|35621|01/01/2024 06:15:40||47060|90451881144|266608664768
8816|0|16015|01/01/2024 14:31:05||17335|1221145880|1783043784
7802|0|6758|01/01/2024 08:29:06||39054|23134048304|27580230576
8481|0|26831|01/01/2024 11:45:45||27255|37476228488|85710721032
9337|0|89833|01/01/2024 18:43:55||2165|1301677272|1550294792
8086|0|82843|01/01/2024 09:59:00||33660|1569004528|1901408544
7835|0|10721|01/01/2024 08:36:58||38582|19707642464|24081681056
6941|0|47510|01/01/2024 02:44:47|01/01/2024 19:11:15|59188|125904938432|241195179656
8657|0|85834|01/01/2024 13:05:54||22446|3848092392|4858845760
8755|0|96669|01/01/2024 14:02:53||19027|769866392|891583448
8692|0|79718|01/01/2024 13:29:39||21021|475841320|596372800
7226|0|48614|01/01/2024 04:40:39||52761|9788994368|10569053560
7709|0|73049|01/01/2024 07:59:13||40847|104950265104|215362848352
7227|0|86051|01/01/2024 04:48:05||52315|1401238672|1553718352
9134|0|34585|01/01/2024 17:04:27|01/01/2024 19:18:41|8054|821104536|848662216
7506|0|23331|01/01/2024 06:35:25||45875|460253368|561611200
8961|0|29747|01/01/2024 15:41:39||13101|1857455616|1900531296
9011|0|16928|01/01/2024 16:04:51||11709|5755162264|6962677072
7139|0|32410|01/01/2024 04:17:17||54163|2693357584|2939789024
9315|0|89332|01/01/2024 18:33:55||2765|1002696128|1274547952
6780|0|58718|01/01/2024 01:30:25||64175|12607730032|15065229216
8328|0|60709|01/01/2024 11:08:42||29478|3292904384|4416378192
9316|0|14653|01/01/2024 18:30:56||2944|732521368|942238488
9202|0|84110|01/01/2024 17:36:55||6185|510133328|512002160
8658|0|57785|01/01/2024 13:04:33||22527|8161365184|8721572536
7302|0|93506|01/01/2024 05:18:10||50510|9735203088|14499435096
9338|0|75383|01/01/2024 18:40:34||2366|1488849992|1584224168
8601|0|64718|01/01/2024 12:30:45||24555|3984844816|4061059112
7351|0|10105|01/01/2024 05:37:47||49333|31292999624|31385549432
7803|0|98900|01/01/2024 08:22:40||39440|16416030760|22575015632
9089|0|22043|01/01/2024 16:41:15||9525|12139847776|31302323128
7247|0|41384|01/01/2024 04:51:17||52123|16419405856|19965713128
8572|0|47184|01/01/2024 12:17:10||25370|1325903600|1898821000
7445|0|36231|01/01/2024 06:14:25||47135|58494487728|172612203368
9012|0|30969|01/01/2024 16:02:23||11857|1885985880|2716497584
9339|0|31020|01/01/2024 18:42:30||2250|587939568|623658840
8886|0|37938|01/01/2024 15:01:48||15492|1891566384|2054164920
9361|0|26935|01/01/2024 18:57:44||1336|729238480|798156064
7331|0|92118|01/01/2024 05:28:33||49887|19688459640|19841119456
7836|0|93818|01/01/2024 08:36:23||38617|9265811024|10874234824
8817|0|78745|01/01/2024 14:32:05||17275|647325496|912410256
7525|0|66047|01/01/2024 06:44:25||45335|8594776872|12432001496
9362|0|79751|01/01/2024 18:57:09||1371|2835248992|5341833368
9203|0|51146|01/01/2024 17:34:43||6317|856173216|1152823112
8122|0|73845|01/01/2024 10:01:29||33511|3367393336|4292677032
7982|0|14516|01/01/2024 09:24:40||35720|3069197536|3102677112
7013|0|94663|01/01/2024 03:13:21||57999|17154153272|20664377176
8941|0|77364|01/01/2024 15:33:43||13577|4884461984|6548153432
6754|0|79621|01/01/2024 01:21:57||64683|3559164336|5057904408
7620|0|74615|01/01/2024 07:29:22||42638|2157653472|2874557384
7446|0|16276|01/01/2024 06:13:54||47166|8044627072|9181331952
8942|0|11383|01/01/2024 15:30:37||13763|2630753776|2716141080
9363|0|29220|01/01/2024 18:53:27||1593|3430992584|8795612096
9049|0|68885|01/01/2024 16:25:08||10492|1179755208|1424345992
7621|0|28712|01/01/2024 07:25:28||42872|15627785168|19948652976
9340|0|66215|01/01/2024 18:45:59||2041|1549253624|1893799776
8330|0|60295|01/01/2024 11:00:41||29959|18239126400|21255461808
8087|0|25576|01/01/2024 09:58:31||33689|7586567104|8466373912
8197|0|74337|01/01/2024 10:27:58||31922|15584151008|21463256856
8407|0|57284|01/01/2024 11:23:29||28591|4279183672|5322594440
9389|0|35340|01/01/2024 19:00:34||1166|92226280|135979600
8989|0|92971|01/01/2024 15:53:52||12368|468966832|478615120
7776|0|88799|01/01/2024 08:11:34||40106|12977267048|15088804552
8963|0|25121|01/01/2024 15:40:04||13196|1527522696|1780977648
8777|0|83441|01/01/2024 14:16:43||18197|593351944|733204088
8899|0|54847|01/01/2024 15:15:53||14647|602384464|627550680
9317|0|34312|01/01/2024 18:36:14||2626|2359482384|2858842432
7352|0|30933|01/01/2024 05:37:04||49376|7139671584|10302083080
7838|0|54478|01/01/2024 08:33:57||38763|12164160736|13931330784
8793|0|43712|01/01/2024 14:21:51||17889|18646417872|36477744528
9364|0|65097|01/01/2024 18:57:10||1370|466830608|546893632
8840|0|29673|01/01/2024 14:43:44||16576|52675275752|110947061928
7303|0|17145|01/01/2024 05:16:53||50587|22978599488|25211146248
8089|0|99295|01/01/2024 09:57:30||33750|1858311632|2052842960
9341|0|77356|01/01/2024 18:45:49||2051|358870928|371426392
8588|0|14645|01/01/2024 12:28:42||24678|204071320|229510632
9390|0|81734|01/01/2024 19:06:45||795|169818360|174159960
8778|0|80004|01/01/2024 14:13:25||18395|3997334584|4092525808
7103|0|67316|01/01/2024 03:50:37||55763|8682775464|11036477560
8943|0|15500|01/01/2024 15:30:20||13780|2216644440|3147446024
8693|0|24242|01/01/2024 13:25:59||21241|5195492408|6905582296
9158|0|59111|01/01/2024 17:15:40||7460|943456344|1302661080
8294|0|92469|01/01/2024 10:52:41||30439|5358622576|7963580688
9292|0|89665|01/01/2024 18:22:36||3444|1120839984|1472844512
8123|0|40379|01/01/2024 10:06:56||33184|1394026056|1678037840
8756|0|22637|01/01/2024 14:02:01||19079|3941502840|4231163520
9260|0|6957|01/01/2024 18:06:38||4402|7862744688|16263207888
8818|0|59348|01/01/2024 14:31:23||17317|1236379776|1482882664
7861|0|4122|01/01/2024 08:47:43||37937|147055419688|279929853584
9391|0|99654|01/01/2024 19:07:02||778|180403608|266740816
9392|0|50055|01/01/2024 19:08:09||711|141305304|176941360
9074|0|55411|01/01/2024 16:36:54||9786|468342328|570899016
8659|0|93165|01/01/2024 13:05:12||22488|3043792936|3543018344
7648|0|87720|01/01/2024 07:33:45||42375|8821592912|9483012112
9110|0|75232|01/01/2024 16:51:08||8932|273812400|350058048
7304|0|85082|01/01/2024 05:12:54||50826|5695024800|5981848768
8842|0|29923|01/01/2024 14:40:31||16769|1278093432|1423078424
8233|0|33548|01/01/2024 10:34:11||31549|11689307960|13142815336
8512|0|88644|01/01/2024 11:56:30||26610|4389671880|6231808696
8990|0|84833|01/01/2024 15:56:17||12223|5803720304|7094551448
8295|0|40282|01/01/2024 10:52:56||30424|65320720640|151999930616
8198|0|44361|01/01/2024 10:28:43||31877|10506882408|14782950160
9393|0|23222|01/01/2024 19:01:52||1088|513541424|674412288
8758|0|59979|01/01/2024 14:01:44||19096|2722751064|3133309976
8660|0|10027|01/01/2024 13:04:26||22534|706111992|842278576
8661|0|29280|01/01/2024 13:08:23||22297|6265885672|9369229104
7738|0|94737|01/01/2024 08:02:09||40671|35800518048|41169493984
8735|0|96649|01/01/2024 13:58:45||19275|4445562608|5512512328
7104|0|26220|01/01/2024 03:52:58||55622|24582022808|25660573952
9013|0|38356|01/01/2024 16:03:56||11764|1562808920|1725168192
9293|0|38131|01/01/2024 18:21:26||3514|243973680|354410488
8964|0|88021|01/01/2024 15:41:55||13085|1751978992|2018223384
7933|0|48207|01/01/2024 09:03:34||36986|21343352912|22092743520
7934|0|91375|01/01/2024 09:06:23||36817|7764495880|10026712224
7623|0|60347|01/01/2024 07:23:57||42963|1765307856|2178905008
9159|0|75481|01/01/2024 17:15:14||7486|715986232|736166264
8589|0|66665|01/01/2024 12:29:31||24629|6710313744|8149547456
8445|0|15640|01/01/2024 11:32:14||28066|649486928|914851808
8759|0|93246|01/01/2024 14:06:37||18803|8605920632|9720623136
9279|0|79886|01/01/2024 18:17:05||3775|1374185720|1892519312
9416|0|6125|01/01/2024 19:15:12||288|18064392|23562656
7839|0|46819|01/01/2024 08:39:48||38412|664796752|825984144
6992|0|17534|01/01/2024 03:02:30||58650|23478309104|25737351088
9075|0|54065|01/01/2024 16:32:50||10030|4128532208|5732091248
7985|0|86974|01/01/2024 09:20:45||35955|14184192920|16159675464
8483|0|63283|01/01/2024 11:44:26||27334|24976351696|15245533048
8720|0|29503|01/01/2024 13:41:55||20285|39184126376|80934736360
8446|0|32170|01/01/2024 11:33:35||27985|114485807864|227043968456
8296|0|65393|01/01/2024 10:59:25||30035|9089292920|13190416304
7710|0|91907|01/01/2024 07:56:49||40991|5326500888|6999117608
7711|0|53819|01/01/2024 07:54:27||41133|80824913536|167737276440
8944|0|67772|01/01/2024 15:37:49||13331|3407626928|3813727080
9205|0|43289|01/01/2024 17:32:27||6453|1466205720|2102269752
9294|0|66998|01/01/2024 18:22:53||3427|419152512|565628888
7986|0|17109|01/01/2024 09:28:55||35465|1392608136|2070842584
8125|0|47180|01/01/2024 10:02:18||33462|9604571336|9708406480
8022|0|35497|01/01/2024 09:33:50||35170|2524820304|3651727872
8603|0|34910|01/01/2024 12:35:36||24264|2108469160|3124622648
8126|0|33806|01/01/2024 10:07:46||33134|5841103536|8379045104
9261|0|39888|01/01/2024 18:01:44||4696|982377112|1329374584
7987|0|18173|01/01/2024 09:24:58||35702|45707738656|106056708312
8916|0|42861|01/01/2024 15:29:46||13814|1267232008|1735056344
8297|0|75822|01/01/2024 10:57:38||30142|14689022440|17037319008
8269|0|93139|01/01/2024 10:42:12||31068|135825368|200291208
9090|0|69571|01/01/2024 16:47:33||9147|178960200|210632392
7740|0|64769|01/01/2024 08:03:28||40592|369377136|474364752
8721|0|96461|01/01/2024 13:48:58||19862|46975194600|118011260632
7896|0|98665|01/01/2024 08:54:05||37555|9615047112|10357604296
8090|0|74557|01/01/2024 09:55:13||33887|2184669352|2474017672
8333|0|7301|01/01/2024 11:06:49|01/01/2024 19:18:23|29494|3422540320|4403994824
8760|0|92901|01/01/2024 14:04:40||18920|1194542952|1279295944
8163|0|73608|01/01/2024 10:11:06||32934|11715953368|15141645216
7778|0|83536|01/01/2024 08:18:40||39680|20150029376|20156772504
7173|0|4513|01/01/2024 04:22:13||53867|4328372696|5611890856
8164|0|21733|01/01/2024 10:16:24||32616|56534946520|125784471904
7712|0|89274|01/01/2024 07:58:04||40916|6642664984|8220149584
9295|0|39458|01/01/2024 18:28:37||3083|1214173640|1544181376
9181|0|78922|01/01/2024 17:28:43|01/01/2024 19:17:08|6505|113408928|121274600
8917|0|86917|01/01/2024 15:25:44||14056|1911301592|2724307448
8448|0|35604|01/01/2024 11:35:51||27849|6216045880|7335334104
7779|0|91653|01/01/2024 08:17:17||39763|10963974304|16443168608
8887|0|82926|01/01/2024 15:08:03||15117|510554752|732538168
9394|0|32908|01/01/2024 19:05:49||851|141288536|171679248
8449|0|97187|01/01/2024 11:37:32||27748|162754272|184626896
8761|0|40880|01/01/2024 14:01:54||19086|11375591464|13309612072
9182|0|36817|01/01/2024 17:21:45||7095|901873544|1112974424
8334|0|54327|01/01/2024 11:06:00||29640|13629175088|19033607432
8722|0|26169|01/01/2024 13:48:25||19895|46577936632|98650459696
9318|0|26594|01/01/2024 18:38:41||2479|352038128|504044240
8335|0|41313|01/01/2024 11:04:53||29707|17471418880|22880097192
9262|0|49965|01/01/2024 18:07:04||4376|815009520|1042096936
7841|0|71810|01/01/2024 08:33:49||38771|6101158584|7896904264
8865|0|50202|01/01/2024 14:57:58||15722|1704033528|2251610328
9076|0|73296|01/01/2024 16:34:42||9918|15670667232|36955872576
8866|0|98016|01/01/2024 14:55:41||15859|5245149808|7034798280
7714|0|92737|01/01/2024 07:54:20||41140|66855876560|156539306792
8235|0|40131|01/01/2024 10:30:01||31799|832666968|1008646040
8843|0|26405|01/01/2024 14:48:31||16289|1071558448|1187329320
7204|0|3894|01/01/2024 04:30:25||53375|12913576568|17475483040
9160|0|16386|01/01/2024 17:14:59||7501|150697776|221893288
7990|0|43846|01/01/2024 09:20:03||35997|6605531544|6868742048
8736|0|57579|01/01/2024 13:51:31||19709|31581877456|91694561008
9296|0|40130|01/01/2024 18:25:00||3300|242341904|250041944
9050|0|16738|01/01/2024 16:25:50||10450|640269056|681036552
8844|0|79796|01/01/2024 14:45:25||16475|3201603712|4623020648
9183|0|28470|01/01/2024 17:27:10||6770|1258319432|1401761584
9184|0|17382|01/01/2024 17:27:08||6772|3119801400|3735142568
9297|0|89695|01/01/2024 18:29:44||3016|1461044344|1846055208
7897|0|64019|01/01/2024 08:56:14||37426|3259985616|4501873008
9365|0|30099|01/01/2024 18:57:44||1336|167540344|198564832
8663|0|87230|01/01/2024 13:03:20||22600|12791969448|13521194984
8058|0|93774|01/01/2024 09:42:43||34637|7130787008|9541816864
8604|0|48678|01/01/2024 12:38:15||24105|4052972232|4499778952
8200|0|40487|01/01/2024 10:24:18||32142|7145214808|8558377448
9206|0|24718|01/01/2024 17:32:38||6442|724680144|1063127648
8945|0|85395|01/01/2024 15:32:31||13649|322477656|342734192
7898|0|9790|01/01/2024 08:54:59||37501|16550456168|21663778120
8991|0|21002|01/01/2024 15:54:45||12315|4143120512|6105126544
8336|0|42522|01/01/2024 11:04:50||29710|3872055800|5350727944
9228|0|56903|01/01/2024 17:42:41||5839|257040440|335133376
8673|0|98192|01/01/2024 13:10:17||22183|73240026096|142123530248
9263|0|34817|01/01/2024 18:07:10||4370|1555828168|2167588096
7307|0|26763|01/01/2024 05:14:50||50710|7229081000|10557083592
8201|0|50925|01/01/2024 10:25:15||32085|45600490736|96180228392
7354|0|74214|01/01/2024 05:39:32||49228|9436322128|13127574168
8845|0|41711|01/01/2024 14:40:28||16772|674211024|992809416
6893|0|76903|01/01/2024 02:23:15||61005|10853925544|15698491216
8451|0|21299|01/01/2024 11:36:29||27811|3795622112|4517613376
7864|0|99802|01/01/2024 08:48:16||37904|3442196928|3948410392
8374|0|26964|01/01/2024 11:14:22||29138|56454345056|130214547136
7425|0|35952|01/01/2024 06:00:06||47994|6814954208|8728610432
8966|0|20340|01/01/2024 15:43:00||13020|2680695208|3484576432
9051|0|11537|01/01/2024 16:20:31||10769|9356308784|10540768064
8639|0|97176|01/01/2024 12:58:49||22871|6578855896|8016692888
8375|0|86893|01/01/2024 11:11:24||29316|7970652920|8609990056
7055|0|64535|01/01/2024 03:38:24||56496|9656475176|11648261024
7936|0|90151|01/01/2024 09:00:01||37199|22592428096|32637349976
7899|0|96448|01/01/2024 08:54:52||37508|14760948344|19473236648
8236|0|36110|01/01/2024 10:31:31||31709|4670865528|5992218360
8946|0|77865|01/01/2024 15:37:47||13333|6989628568|8019532208
9091|0|10821|01/01/2024 16:41:31||9509|2083121064|2894467160
8900|0|79735|01/01/2024 15:10:41||14959|20034920|22083184
8452|0|93857|01/01/2024 11:34:41||27919|6142820352|7273570176
9395|0|76684|01/01/2024 19:05:37||863|125437424|182266424
8820|0|19271|01/01/2024 14:36:49||16991|5146031216|7422510160
7807|0|59898|01/01/2024 08:24:45||39315|147073244480|276773566832
7955|0|26450|01/01/2024 09:13:06||36414|3192517840|4018670424
8967|0|48843|01/01/2024 15:45:49||12851|286444832|327511416
6873|0|31822|01/01/2024 02:15:03||61497|15739862480|16415295696
8093|0|77299|01/01/2024 09:51:09||34131|1280950728|1416496960
8413|0|25685|01/01/2024 11:21:25||28715|8978712328|10049851032
8640|0|32234|01/01/2024 12:58:50||22870|92514015936|226994486096
7780|0|67864|01/01/2024 08:14:51||39909|418696376|474949536
9342|0|61739|01/01/2024 18:47:20||1960|199266576|279692408
8485|0|6013|01/01/2024 11:42:33||27447|1212884408|1317564192
8737|0|91452|01/01/2024 13:51:16||19724|2340438384|3098111568
7231|0|72819|01/01/2024 04:42:50||52630|1265784624|1825492552
8622|0|85419|01/01/2024 12:45:29||23671|748611064|985725256
8204|0|66319|01/01/2024 10:25:38||32062|10264571592|13128106880
7449|0|69724|01/01/2024 06:16:50||46990|8783279096|9222430608
9366|0|86061|01/01/2024 18:58:31||1289|5767992|8313384
8486|0|54749|01/01/2024 11:49:00||27060|1000874576|1415198616
8515|0|97428|01/01/2024 11:59:45||26415|5525694008|7370576232
8641|0|92706|01/01/2024 12:57:51||22929|65857573088|148097421152
8454|0|51469|01/01/2024 11:37:33||27747|1230814464|1598868376
8723|0|4076|01/01/2024 13:43:29||20191|65204044080|129118124376
8487|0|37530|01/01/2024 11:41:31||27509|67778587568|146102018864
8724|0|95892|01/01/2024 13:49:41||19819|5307267248|5815785912
8060|0|14216|01/01/2024 09:42:19||34661|12361292760|15711738240
8762|0|50648|01/01/2024 14:01:55||19085|47514005344|113523873648
8337|0|65854|01/01/2024 11:09:09||29451|15002928328|22414309576
7356|0|59647|01/01/2024 05:30:55||49745|11521215504|16446179704
8488|0|69690|01/01/2024 11:45:24||27276|764044632|777848800
9264|0|44230|01/01/2024 18:04:17||4543|627773112|628674032
9161|0|95327|01/01/2024 17:18:50||7270|62524936|71359528
8338|0|35479|01/01/2024 11:08:27||29493|16171775952|22608393864
8867|0|59525|01/01/2024 14:52:43||16037|1742663160|1860327800
9030|0|46140|01/01/2024 16:17:01||10979|1369292296|1831806816
8205|0|63740|01/01/2024 10:21:44||32296|12418144008|13307138272
8298|0|68233|01/01/2024 10:56:34||30206|10926895096|11614676448
7284|0|7309|01/01/2024 05:04:42||51318|112969905984|329702728672
9135|0|34893|01/01/2024 17:02:02||8278|280172320|325225680
8705|0|53029|01/01/2024 13:38:36||20484|4424992600|5031375888
6875|0|65020|01/01/2024 02:13:13||61607|16975902664|17687804720
7232|0|90478|01/01/2024 04:43:14||52606|14962229200|22389486992
8901|0|62835|01/01/2024 15:14:00||14760|749010352|867189240
8061|0|60476|01/01/2024 09:49:17||34243|8095266440|9935657376
7900|0|27227|01/01/2024 08:58:32||37288|1930590104|2282287160
8025|0|70487|01/01/2024 09:31:31||35309|8710376960|11945073952
8095|0|6879|01/01/2024 09:54:59||33901|4844811976|5232623512
8206|0|80258|01/01/2024 10:21:24||32316|5429543944|8084006088
8664|0|98417|01/01/2024 13:09:21||22239|8011176640|8524481856
9396|0|52678|01/01/2024 19:04:06||954|714308192|741552592
8573|0|70323|01/01/2024 12:10:32||25768|1444090272|1903141648
9245|0|64222|01/01/2024 17:50:23||5377|361996760|431921872
7285|0|47934|01/01/2024 05:07:59||51121|7765706256|9516861824
8455|0|57723|01/01/2024 11:34:44||27916|3583300200|3852421504
7626|0|75947|01/01/2024 07:20:17||43183|682621320|903686256
7781|0|29227|01/01/2024 08:11:58||40082|22744888|25887528
8763|0|18001|01/01/2024 14:04:25||18935|27138831816|64374520208
7682|0|57621|01/01/2024 07:46:19||41621|1606477696|1690260288
9092|0|21811|01/01/2024 16:47:50||9130|290290432|373154432
8238|0|11099|01/01/2024 10:30:59||31741|791928144|1025348552
7743|0|6911|01/01/2024 08:02:44||40636|6172649088|9004777616
8846|0|45514|01/01/2024 14:43:11||16609|1120971360|1382513616
8456|0|41385|01/01/2024 11:39:29||27631|2164604896|2613192920
8414|0|42847|01/01/2024 11:26:41||28399|13265831808|14976480976
8968|0|6427|01/01/2024 15:42:56||13024|239076496|323145808
8378|0|73867|01/01/2024 11:12:26||29254|1452075984|1599043672
9265|0|89298|01/01/2024 18:08:02||4318|361986944|431702688
6959|0|14240|01/01/2024 02:55:36||59064|26764809344|39333410808
7107|0|87556|01/01/2024 03:56:12||55428|4382411464|5938921304
9280|0|11854|01/01/2024 18:16:51||3789|975975080|1155911096
9207|0|62865|01/01/2024 17:35:51||6249|21137397840|39399059368
9053|0|28891|01/01/2024 16:23:58||10562|310024952|318935384
7598|0|47566|01/01/2024 07:11:48||43692|4768187208|6213044688
8694|0|93935|01/01/2024 13:25:50||21250|16572680280|16785443192
7508|0|88888|01/01/2024 06:30:45||46155|559304856|776972184
9208|0|46043|01/01/2024 17:37:19||6161|108538640|117908032
9397|0|53853|01/01/2024 19:08:14||706|220200640|304776728
8779|0|46894|01/01/2024 14:11:20||18520|3390828624|4409594000
8167|0|89783|01/01/2024 10:10:12||32988|2295677808|2643930600
9111|0|57415|01/01/2024 16:56:10||8630|2803500936|2920223688
9298|0|86546|01/01/2024 18:22:58||3422|555301184|762112296
8725|0|82423|01/01/2024 13:40:23||20377|9619339576|10956295824
8590|0|39139|01/01/2024 12:28:14||24706|1241508072|1693168384
8063|0|50307|01/01/2024 09:42:22||34658|1033617040|1451220560
7251|0|36401|01/01/2024 04:51:49||52091|12963856512|15057991616
7145|0|17546|01/01/2024 04:17:51||54129|3350228040|3611953896
8129|0|13835|01/01/2024 10:02:46||33434|3095637904|3379972256
7126|0|52676|01/01/2024 04:07:57||54723|14476278680|16803965128
7782|0|93921|01/01/2024 08:14:20||39940|40585333256|55235051528
7683|0|13972|01/01/2024 07:47:47||41533|315842056|472895616
9136|0|73294|01/01/2024 17:04:13||8147|1140590704|1680068072
8489|0|70544|01/01/2024 11:43:17||27403|3271366432|4029514072
7234|0|45025|01/01/2024 04:48:20||52300|12161651952|13235122008
8624|0|74976|01/01/2024 12:41:01||23939|8071465784|11367782752
8992|0|73120|01/01/2024 15:56:33||12207|3250778560|4460522920
8490|0|91970|01/01/2024 11:45:48||27252|3075971744|3436805136
8341|0|30656|01/01/2024 11:00:47||29953|451331672|527045184
8207|0|54872|01/01/2024 10:25:54||32046|113108276536|309501519888
9209|0|53832|01/01/2024 17:38:53||6067|2171447056|3214250808
9185|0|84742|01/01/2024 17:23:56||6964|2211203896|2723677448
9032|0|28135|01/01/2024 16:19:03||10857|11374618128|14130655368
7866|0|97025|01/01/2024 08:48:05||37915|9746171560|9863746040
7286|0|57478|01/01/2024 05:09:10||51050|14056475912|18460594184
8764|0|69752|01/01/2024 14:08:38||18682|6530848232|8736530360
8674|0|78717|01/01/2024 13:12:09||22071|2055485552|3006813896
8239|0|82698|01/01/2024 10:36:58||31382|2719927168|3923539312
6944|0|26199|01/01/2024 02:45:58||59642|144619346256|310845396576
7843|0|64290|01/01/2024 08:32:33||38847|5474762256|7373190848
9266|0|82079|01/01/2024 18:00:52||4748|1491922872|1517713264
7783|0|92674|01/01/2024 08:12:17||40063|8492405520|10447194840
7957|0|82437|01/01/2024 09:13:30||36390|2064919416|2968293104
9137|0|38075|01/01/2024 17:01:17||8323|144098472|193626616
8868|0|35393|01/01/2024 14:55:52||15848|3040327048|3980929712
8947|0|84162|01/01/2024 15:36:37||13403|345328592|461338080
7844|0|6812|01/01/2024 08:35:39||38661|8798339848|8944328928
8342|0|94644|01/01/2024 11:00:59||29941|6370617976|8233182192
7401|0|98465|01/01/2024 05:58:25||48095|35930515464|39301004480
7036|0|82855|01/01/2024 03:28:49||57071|32957710856|36235805872
8695|0|5372|01/01/2024 13:24:49||21311|4330853808|6452253648
7175|0|37387|01/01/2024 04:22:56||53824|2848031856|2854641568
7958|0|42095|01/01/2024 09:16:30||36210|11963299776|13000209704
7938|0|32548|01/01/2024 09:09:18||36642|7203227488|7424545256
7599|0|95133|01/01/2024 07:10:41||43759|884918928|1286815992
9229|0|30816|01/01/2024 17:43:08||5812|1305143664|1387854832
7903|0|46481|01/01/2024 08:52:08||37672|14445376592|18373049768
9138|0|62682|01/01/2024 17:06:37||8003|156012640|172410416
7402|0|18337|01/01/2024 05:52:21||48459|30253418800|39777884752
9343|0|57527|01/01/2024 18:49:57||1803|616814280|886120392
8625|0|39283|01/01/2024 12:49:46||23414|723434216|766181752
7904|0|49972|01/01/2024 08:51:40||37700|10389575688|12289335744
9319|0|13402|01/01/2024 18:37:43||2537|599493744|725199680
8343|0|38043|01/01/2024 11:03:10||29810|8544293280|8900754560
9246|0|92526|01/01/2024 17:52:32||5248|13987074560|31965201952
9367|0|98102|01/01/2024 18:52:54||1626|348515088|384296464
7811|0|64318|01/01/2024 08:24:30||39330|67188730768|201155406592
8822|0|79969|01/01/2024 14:34:15||17145|1284812944|1509153120
9093|0|34584|01/01/2024 16:40:42||9558|716897552|796255360
8344|0|38520|01/01/2024 11:09:57||29403|27933769832|33185005440
8270|0|40613|01/01/2024 10:44:45||30915|16572176104|16759562864
8130|0|61298|01/01/2024 10:09:07||33053|3161393712|3460197200
9417|0|92001|01/01/2024 19:17:42||138|23992728|31427272
8765|0|80405|01/01/2024 14:01:01||19139|2007796296|2230848896
7939|0|32304|01/01/2024 09:06:45||36795|5772877720|6270347120
9112|0|23312|01/01/2024 16:55:30||8670|9308523448|17620624744
8675|0|86936|01/01/2024 13:11:24||22116|53399434136|134429124880
8271|0|8409|01/01/2024 10:49:51||30609|5945346416|7414284080
8696|0|20031|01/01/2024 13:26:19||21221|4514106456|6408160520
8345|0|75554|01/01/2024 11:09:53|01/01/2024 19:17:15|29242|3050501192|3567567184
9418|0|75554|01/01/2024 19:19:05||55|1359680|1727208
8346|0|14503|01/01/2024 11:01:12||29928|20673739688|31005435040
8026|0|16393|01/01/2024 09:37:37||34943|1174296072|1604982232
7959|0|44799|01/01/2024 09:13:31||36389|15823779072|22868715696
7744|0|98692|01/01/2024 08:05:28||40472|2124902560|2999975632
8131|0|66705|01/01/2024 10:06:46||33194|20866736736|28046177608
8516|0|50551|01/01/2024 11:54:42||26718|8847814760|12712530720
9320|0|73988|01/01/2024 18:31:33||2907|9031980104|26541621488
8517|0|75523|01/01/2024 11:52:03||26877|235257776|342892240
9321|0|61768|01/01/2024 18:30:28||2972|1374100408|1981967992
8132|0|53397|01/01/2024 10:06:23||33217|7741387752|11485858440
6830|0|11651|01/01/2024 01:52:31|01/01/2024 19:12:17|62386|3300550160|3548669128
8208|0|20167|01/01/2024 10:23:43||32177|8809739288|13017878744
8209|0|5990|01/01/2024 10:22:02||32278|5529188600|5727562464
9139|0|87489|01/01/2024 17:02:34||8246|222910440|238195776
9368|0|36550|01/01/2024 18:53:45||1575|542031400|705520272
7601|0|94561|01/01/2024 07:17:00||43380|12274478792|16038167416
8823|0|49951|01/01/2024 14:35:31||17069|6544133024|6796445904
8869|0|17532|01/01/2024 14:56:04||15836|1815325904|2126607488
8518|0|7726|01/01/2024 11:58:57||26463|2389529088|2773910616
9054|0|77479|01/01/2024 16:26:55||10385|5372468432|6185965184
9140|0|94328|01/01/2024 17:06:40||8000|268689888|276758960
8824|0|22979|01/01/2024 14:32:25||17255|79530464|81178808
8642|0|93283|01/01/2024 12:59:02||22858|2023743456|2138034128
8919|0|10836|01/01/2024 15:29:06||13854|4857454448|5981274648
8847|0|57796|01/01/2024 14:48:27||16293|2744947336|3075410264
9055|0|3862|01/01/2024 16:24:13||10547|895075744|1014438992
7650|0|37181|01/01/2024 07:32:00||42480|4979550432|6148723840
7940|0|83858|01/01/2024 09:04:48||36912|771548808|1151330088
9247|0|76372|01/01/2024 17:59:59||4801|1118784304|1160832016
8168|0|52485|01/01/2024 10:11:44||32896|4159514328|4887455360
7628|0|52091|01/01/2024 07:27:26||42754|406062576|581610664
8591|0|54758|01/01/2024 12:24:18||24942|3936694416|5033628424
8920|0|88082|01/01/2024 15:24:10||14150|1384521400|2064772888
8870|0|15843|01/01/2024 14:57:17||15763|312688864|359480192
8676|0|32448|01/01/2024 13:18:55||21665|12020369896|16898101272
9299|0|73332|01/01/2024 18:20:37||3563|880414064|1044210432
9322|0|93299|01/01/2024 18:39:43||2417|70220232|79358680
8519|0|58879|01/01/2024 11:58:58||26462|6567056816|9507448792
7111|0|63108|01/01/2024 03:56:09||55431|7627999448|9017080032
7960|0|13049|01/01/2024 09:14:10||36350|5820242056|6628340344
9300|0|49925|01/01/2024 18:21:27||3513|1349365184|1350949040
7784|0|77305|01/01/2024 08:11:48||40092|18591542088|23017457240
9369|0|78214|01/01/2024 18:50:49||1751|1510857992|4226292128
8273|0|24091|01/01/2024 10:40:49||31151|1539146336|2053108704
7477|0|41832|01/01/2024 06:26:20||46420|10078198176|11461084088
9141|0|39291|01/01/2024 17:00:14||8386|592622560|846535312
8300|0|34384|01/01/2024 10:59:41||30019|1535113328|1938328704
7287|0|67879|01/01/2024 05:02:12||51468|19065861624|21260440040
9033|0|57108|01/01/2024 16:13:45||11175|3795040352|4429129408
8348|0|93087|01/01/2024 11:05:44||29656|13034216792|14085937704
8921|0|79156|01/01/2024 15:29:23||13837|1979531776|2074651264
8797|0|77493|01/01/2024 14:24:29||17731|2575600800|2701301208
7785|0|15261|01/01/2024 08:14:39||39921|9567543024|10024028800
8457|0|86623|01/01/2024 11:30:53||28147|9911828960|12083062336
8871|0|43201|01/01/2024 14:50:38|01/01/2024 19:12:21|15703|2241212960|2853361096
9419|0|43201|01/01/2024 19:13:59||361|41353040|47007072
9142|0|79681|01/01/2024 17:09:08||7852|236704704|251896072
8969|0|45750|01/01/2024 15:41:45||13095|4478638344|6039567048
7651|0|19829|01/01/2024 07:32:24||42456|1430187592|1794762576
8605|0|33153|01/01/2024 12:38:43||24077|11243788840|11500920240
8027|0|77343|01/01/2024 09:34:35||35125|6492911584|8432625376
8798|0|93848|01/01/2024 14:28:04||17516|56916544|71607208
7846|0|60463|01/01/2024 08:36:04||38636|30535615736|44900011784
8825|0|55126|01/01/2024 14:31:02||17338|59662955112|168890160008
8522|0|15106|01/01/2024 11:58:37||26483|1011802432|1487175952
7745|0|74013|01/01/2024 08:02:39||40641|8603044816|11539350248
9162|0|29100|01/01/2024 17:10:41||7759|1105051896|1251983520
8379|0|97371|01/01/2024 11:15:45||29055|632893312|694642488
7962|0|39380|01/01/2024 09:10:40||36560|4512206816|5441150152
9113|0|91634|01/01/2024 16:58:17||8503|787534280|1090514576
7814|0|53568|01/01/2024 08:24:44||39316|36995973752|53578756528
8872|0|41453|01/01/2024 14:56:52||15788|917523440|1348587688
7255|0|28624|01/01/2024 04:54:33||51927|12260172256|12588539624
8551|0|75345|01/01/2024 12:03:35||26185|923020024|1381429304
6833|0|72586|01/01/2024 01:57:41||62539|185071163768|543180578560
7127|0|13717|01/01/2024 04:03:56||54964|3169129144|3354027952
9210|0|49359|01/01/2024 17:32:06||6474|910579608|1119178208
8458|0|13627|01/01/2024 11:30:52||28148|706114304|1045879400
9370|0|49985|01/01/2024 18:55:26||1474|1789111480|3640631176
9323|0|33239|01/01/2024 18:34:51||2709|1063712920|1182357616
8552|0|61581|01/01/2024 12:06:48||25992|505343856|723162872
9077|0|10817|01/01/2024 16:36:06||9834|2178172200|2883175584
7359|0|4296|01/01/2024 05:31:09||49731|19386233824|27529952416
9371|0|5238|01/01/2024 18:54:11||1549|688745648|781069264
8349|0|82979|01/01/2024 11:00:46||29954|4186843064|6228954024
8069|0|64117|01/01/2024 09:43:29||34591|897942560|942968544
8301|0|18801|01/01/2024 10:50:52||30548|25979367160|32601975208
8416|0|66209|01/01/2024 11:24:25||28535|10384432680|10770838352
7685|0|27134|01/01/2024 07:49:03||41457|15390681368|19083406136
7379|0|83444|01/01/2024 05:47:42||48738|5140008232|6677363448
9230|0|57000|01/01/2024 17:49:36||5424|5229516808|3715503016
8606|0|8779|01/01/2024 12:34:35||24325|2760837088|3517955840
8575|0|32044|01/01/2024 12:14:29||25531|8003022864|8698497128
8970|0|57830|01/01/2024 15:47:41||12739|16079672584|8833341712
8576|0|3879|01/01/2024 12:18:15||25305|3229158496|4828985552
9114|0|51709|01/01/2024 16:52:53||8827|514301456|559400184
7816|0|61527|01/01/2024 08:25:38||39262|13484252392|13576113600
7718|0|84700|01/01/2024 07:52:18||41262|9592378264|9800350712
8706|0|43307|01/01/2024 13:38:07||20513|60910208128|116685853160
8302|0|38992|01/01/2024 10:54:27||30333|12185589992|17460092184
9115|0|16258|01/01/2024 16:58:39||8481|184162304|234239744
9078|0|51283|01/01/2024 16:34:40||9920|561931456|708121464
8766|0|41827|01/01/2024 14:06:57|01/01/2024 19:15:25|18508|1038934152|1120418480
8607|0|86599|01/01/2024 12:39:32||24028|2334119360|3099304096
7310|0|37082|01/01/2024 05:10:00||51000|5135812184|6045287056
8922|0|51998|01/01/2024 15:26:16||14024|3662386672|4122884512
8303|0|84155|01/01/2024 10:53:25||30395|345128600|501188224
7237|0|60316|01/01/2024 04:43:08||52612|21728696368|24821716952
7848|0|84826|01/01/2024 08:38:59||38461|5386021840|7797600208
8849|0|40845|01/01/2024 14:41:42||16698|2199728872|2836534496
9420|0|60730|01/01/2024 19:14:33||327|2482256|3660704
7430|0|40655|01/01/2024 06:08:03||47517|11382024648|16841965112
7906|0|7824|01/01/2024 08:50:36||37764|19502974624|27572360928
7210|0|75468|01/01/2024 04:30:20||53380|5377384664|7098116496
7996|0|71821|01/01/2024 09:21:24||35916|3703081144|5169180656
8697|0|69355|01/01/2024 13:22:57||21423|3082668080|3660225776
8994|0|98194|01/01/2024 15:59:03||12057|1758806760|2452445056
7238|0|18851|01/01/2024 04:45:11||52489|1916932848|2140408296
9324|0|64751|01/01/2024 18:35:06||2694|1939184336|1940131624
9281|0|52977|01/01/2024 18:13:31||3989|421766176|515662528
8904|0|59285|01/01/2024 15:16:17||14623|437734896|526921536
8995|0|49389|01/01/2024 15:51:04||12536|1818582664|2542376784
8099|0|85185|01/01/2024 09:55:51||33849|7641769640|8598909416
9163|0|57109|01/01/2024 17:11:50||7690|300697960|371461408
8738|0|73318|01/01/2024 13:55:49||19451|5625860848|6068467056
8643|0|30647|01/01/2024 12:59:31||22829|8623644096|11416315448
8525|0|62807|01/01/2024 11:50:01||26999|3794101536|4567290528
7997|0|26361|01/01/2024 09:24:25||35735|2602431192|3082170968
9034|0|9006|01/01/2024 16:16:35||11005|2378852112|2712328376
7546|0|90068|01/01/2024 06:57:46||44534|11942750624|12940152952
7211|0|41286|01/01/2024 04:37:25||52955|21027715072|22703303120
8274|0|6635|01/01/2024 10:41:22||31118|1891874376|2383131456
9186|0|46783|01/01/2024 17:27:22||6758|1311119256|1335423432
7057|0|37021|01/01/2024 03:37:23||56557|8111382152|8312277144
8212|0|14784|01/01/2024 10:28:25||31895|6123652488|7758753632
9398|0|4530|01/01/2024 19:09:26||634|149073664|177942008
9231|0|15140|01/01/2024 17:48:15||5505|2388003920|3067249104
8677|0|73320|01/01/2024 13:14:24||21936|4671301096|6558328800
6877|0|81360|01/01/2024 02:10:20||61780|141323813440|266137324080
8382|0|64326|01/01/2024 11:15:50||29050|8019630312|8022161440
8948|0|32456|01/01/2024 15:38:30||13290|3228183480|3459707648
7817|0|52587|01/01/2024 08:26:40||39200|24113370136|54645195504
8460|0|42551|01/01/2024 11:32:06||28074|7318108672|10216654416
9057|0|72622|01/01/2024 16:20:25||10775|1880887992|1927146024
8526|0|91944|01/01/2024 11:58:38||26482|2288689664|2640885440
8242|0|50867|01/01/2024 10:36:42||31398|1047683912|1130244168
8350|0|96249|01/01/2024 11:06:33||29607|37260530152|109739382176
7654|0|72403|01/01/2024 07:33:08||42412|5597585168|7535952472
6965|0|19178|01/01/2024 02:55:34||59066|652944888|958264248
8678|0|10537|01/01/2024 13:16:10||21830|1699079784|2543234264
7512|0|40603|01/01/2024 06:39:35||45625|7520434248|7991062296
7017|0|86607|01/01/2024 03:13:26||57994|169068893336|333038935744
9399|0|26748|01/01/2024 19:04:47||913|174879608|216662272
8996|0|66220|01/01/2024 15:57:46||12134|3070416320|3822392784
7528|0|61221|01/01/2024 06:45:38||45262|7979363576|9157571048
9058|0|89958|01/01/2024 16:29:47||10213|671177240|987302088
7747|0|74715|01/01/2024 08:02:11||40669|752966640|1009993552
8243|0|13277|01/01/2024 10:35:48||31452|2880450848|4118284136
7869|0|53347|01/01/2024 08:41:08||38332|3309965000|3480857920
8028|0|82959|01/01/2024 09:36:20||35020|5267674384|6633620856
9143|0|96027|01/01/2024 17:07:57||7923|185435792|217264408
9095|0|35773|01/01/2024 16:48:29||9091|601660032|660369136
8577|0|4867|01/01/2024 12:16:58||25382|1250006208|1675864744
8971|0|77085|01/01/2024 15:49:46||12614|9405278896|24628393016
8244|0|95449|01/01/2024 10:31:53||31687|15522028952|18490708288
8949|0|49933|01/01/2024 15:37:16||13364|1693776960|2416333336
8527|0|33874|01/01/2024 11:58:17||26503|2083329824|3000752464
9267|0|7030|01/01/2024 18:01:57||4683|11610574864|22972448240
7040|0|83628|01/01/2024 03:24:50||57310|13243373584|16222370576
7149|0|51188|01/01/2024 04:15:11||54289|2731333240|3913679720
8495|0|66448|01/01/2024 11:45:50||27250|5978477152|6587408648
8679|0|40723|01/01/2024 13:14:52||21908|1902825368|1913301032
8496|0|17097|01/01/2024 11:41:31||27509|4660596920|6669608576
7998|0|72619|01/01/2024 09:20:15||35985|67747519976|155454101192
9096|0|75420|01/01/2024 16:47:20||9160|610517704|858498080
9059|0|37349|01/01/2024 16:22:33||10647|53599480656|103056139448
7571|0|37992|01/01/2024 07:00:17||44383|7292557680|8227250544
8172|0|6099|01/01/2024 10:16:36||32604|599082824|601259736
9421|0|38058|01/01/2024 19:18:40||80|190856|265496
8826|0|62081|01/01/2024 14:30:40||17360|22315129968|16564868608
8888|0|21420|01/01/2024 15:03:50||15370|4580613976|4632381984
8680|0|14586|01/01/2024 13:18:33||21687|2852853640|3221198136
8553|0|64198|01/01/2024 12:00:03||26397|10231164544|12563664848
7259|0|95348|01/01/2024 04:58:16||51704|22593132384|30411331976
7999|0|73062|01/01/2024 09:26:09||35631|12175431096|15867526328
6896|0|4636|01/01/2024 02:22:26||61054|21141909064|22328210984
8213|0|55855|01/01/2024 10:29:33||31827|9444081848|13610989688
8950|0|96692|01/01/2024 15:33:41||13579|4682219480|6457916216
8497|0|20797|01/01/2024 11:44:43||27317|1567500864|1570609840
8304|0|34760|01/01/2024 10:57:48||30132|13614030816|16775742504
9325|0|93332|01/01/2024 18:36:13||2627|391755456|432302776
8275|0|92786|01/01/2024 10:46:15||30825|7448088760|8170899232
7087|0|15993|01/01/2024 03:43:15||56205|22134218480|24035286976
7871|0|21135|01/01/2024 08:41:43||38297|9544561472|13560133696
8579|0|70256|01/01/2024 12:12:37||25643|2339785824|3062501232
8997|0|70809|01/01/2024 15:59:32||12028|8877408880|11633817368
9097|0|58204|01/01/2024 16:45:07||9293|1380921648|1782505840
8528|0|74424|01/01/2024 11:53:10||26810|3685284416|4119627824
8767|0|76400|01/01/2024 14:01:18||19122|5952375440|6647088912
8874|0|80078|01/01/2024 14:56:53||15787|1821523920|2167340232
8972|0|42596|01/01/2024 15:47:21||12759|2296434928|2405403768
9344|0|80717|01/01/2024 18:48:32||1888|3647621056|8674274840
8998|0|16471|01/01/2024 15:58:38||12082|5304632672|5366860048
9144|0|98373|01/01/2024 17:06:51||7989|240161528|246695432
8276|0|71494|01/01/2024 10:42:28||31052|4533370352|4614390696
8215|0|17110|01/01/2024 10:24:10||32150|7341908264|7622071912
9211|0|5980|01/01/2024 17:37:13||6167|1676960136|1964784720
8627|0|36498|01/01/2024 12:42:02||23878|2457307368|3463773816
7655|0|36976|01/01/2024 07:34:56||42304|9611059304|13026635016
8352|0|64889|01/01/2024 11:06:44||29596|10818833288|15103590840
9422|0|25313|01/01/2024 19:16:22||218|9305984|10476256
9372|0|20427|01/01/2024 18:51:45||1695|156782432|225583864
8999|0|53605|01/01/2024 15:51:36||12504|4381571904|4946162264
8554|0|9867|01/01/2024 12:01:17||26323|4470302320|5615969808
7748|0|13437|01/01/2024 08:02:39||40641|63202660880|149298554832
8905|0|39330|01/01/2024 15:19:44||14416|2550046200|3270125648
8827|0|7520|01/01/2024 14:33:06||17214|191737056|218018256
7656|0|78553|01/01/2024 07:38:27||42093|18185210280|27158924960
8923|0|63619|01/01/2024 15:21:52||14288|529074744|563388952
7059|0|85187|01/01/2024 03:33:11||56809|4832384280|9118233424
9116|0|71628|01/01/2024 16:57:33||8547|2890783744|3501302848
7721|0|33929|01/01/2024 07:50:55||41345|47737490376|52125551872
6968|0|80530|01/01/2024 02:55:34||59066|5542983352|6563268184
8173|0|41749|01/01/2024 10:15:07||32693|9440434280|12304426424
8498|0|73903|01/01/2024 11:46:00||27240|6189615432|9039439224
7872|0|39615|01/01/2024 08:45:33||38067|26946098984|38367893384
9301|0|92076|01/01/2024 18:28:11||3109|2093075832|2889473560
7942|0|71600|01/01/2024 09:08:54||36666|20084642120|27936265760
7481|0|72960|01/01/2024 06:27:56||46324|4014335608|5482996560
7849|0|12077|01/01/2024 08:33:49||38771|2505801096|2978497504
8799|0|74125|01/01/2024 14:23:10||17810|602107560|795555384
8698|0|23508|01/01/2024 13:24:35||21325|66040756800|153007413360
7290|0|81599|01/01/2024 05:01:32||51508|5397904816|7217804840
7408|0|90524|01/01/2024 05:54:33||48327|223575496|235963192
9326|0|42647|01/01/2024 18:32:23||2857|909606336|1136255368
6838|0|63519|01/01/2024 01:51:35||62905|16462797416|22245702320
8708|0|39760|01/01/2024 13:36:55||20585|2759656176|3665248872
8383|0|27053|01/01/2024 11:10:58||29342|8998548184|10326596208
9373|0|9829|01/01/2024 18:51:49||1691|75116680|80746200
7060|0|56154|01/01/2024 03:36:05||56635|4557239328|4957077440
8101|0|18965|01/01/2024 09:51:21||34119|6392639392|7050434144
8070|0|87016|01/01/2024 09:44:48||34512|5125902352|5149345504
8216|0|56152|01/01/2024 10:28:46||31874|13501075408|14426963464
8529|0|10813|01/01/2024 11:53:17||26803|1644125672|2284484376
9327|0|80005|01/01/2024 18:30:44||2956|452434656|480488648
9400|0|55547|01/01/2024 19:01:54||1086|63956696|78876352
8217|0|24466|01/01/2024 10:26:30||32010|2927131048|4372576808
7963|0|93018|01/01/2024 09:14:38||36322|1288386368|1920969784
7151|0|66591|01/01/2024 04:18:27||54093|13799841160|19557825232
7381|0|16175|01/01/2024 05:46:10||48830|19432270088|22183428696
8305|0|59169|01/01/2024 10:54:06||30354|16483881976|23495825184
7657|0|18551|01/01/2024 07:37:28||42152|11288332776|11627280808
8030|0|49345|01/01/2024 09:39:03||34857|3612743744|4010148552
7786|0|16914|01/01/2024 08:17:47||39733|4767864504|5586796520
8462|0|47930|01/01/2024 11:36:39||27801|1932732408|2444255056
7943|0|47501|01/01/2024 09:00:17||37183|10386245624|10934990248
8218|0|60524|01/01/2024 10:20:30||32370|14158606408|18042504056
7908|0|55895|01/01/2024 08:54:24||37536|25463480584|25943612112
9117|0|71522|01/01/2024 16:57:00||8580|641494592|827861168
8780|0|38215|01/01/2024 14:15:51||18249|13513418272|18709391896
8421|0|78069|01/01/2024 11:25:32||28468|2776362520|3900837168
8277|0|82452|01/01/2024 10:40:57||31143|105322143280|216777974848
9035|0|78328|01/01/2024 16:17:09||10971|26653334536|57718888552
9145|0|59608|01/01/2024 17:07:00||7980|144170176|171915160
8354|0|68537|01/01/2024 11:08:55||29465|24896629368|24992645736
8699|0|10110|01/01/2024 13:21:07||21533|6403510568|7768113608
7603|0|52004|01/01/2024 07:19:24||43236|27036837928|73783540288
9282|0|55258|01/01/2024 18:13:48||3972|454718776|607764072
7687|0|12441|01/01/2024 07:46:35||41605|56697534416|147143284288
8593|0|25915|01/01/2024 12:26:39||24801|1478789456|1958431376
9345|0|30630|01/01/2024 18:46:12||2028|968191920|1002867288
8555|0|74641|01/01/2024 12:04:50||26110|2257245848|2367308456
8174|0|73835|01/01/2024 10:16:59||32581|684025048|900129992
9014|0|78433|01/01/2024 16:04:56||11704|4382060360|4860904216
8875|0|72204|01/01/2024 14:59:25||15635|5131089016|6450323600
9248|0|95706|01/01/2024 17:57:54||4926|67036040|92061088
7482|0|14275|01/01/2024 06:22:54||46626|3030116640|4429668792
6739|0|29712|01/01/2024 01:13:45|01/01/2024 19:16:18|64953|8805735000|11563280704
7113|0|39364|01/01/2024 03:54:37||55523|12733614648|16212594424
8852|0|87945|01/01/2024 14:43:41||16579|414917928|459089976
8973|0|48746|01/01/2024 15:48:43||12677|4486742512|5513471072
8726|0|32244|01/01/2024 13:42:39||20241|6417324568|6539687176
8700|0|12082|01/01/2024 13:27:32||21148|444278272|653054824
9268|0|84358|01/01/2024 18:08:18||4302|1661785304|2451027792
7945|0|6171|01/01/2024 09:00:06||37194|1524970168|1680864112
7787|0|17759|01/01/2024 08:13:35||39985|13739907104|18708957480
8031|0|95893|01/01/2024 09:39:05||34855|1268139616|1522772512
8853|0|18035|01/01/2024 14:43:17||16603|127683800|165073376
8175|0|84865|01/01/2024 10:19:30||32430|12084584992|14574038032
8307|0|80337|01/01/2024 10:59:28||30032|19912656072|26233223328
9423|0|10465|01/01/2024 19:18:19||101|7000344|9568288
8709|0|10047|01/01/2024 13:36:50||20590|10684812264|10787519784
8608|0|25702|01/01/2024 12:34:54||24306|5075688016|6456509480
8768|0|48296|01/01/2024 14:07:07||18773|5101486240|5880205336
8556|0|61330|01/01/2024 12:05:52||26048|159038744|177830720
9374|0|55146|01/01/2024 18:59:45||1215|183105752|186362720
9146|0|99359|01/01/2024 17:05:03||8097|3091432832|3175492752
9346|0|90367|01/01/2024 18:46:02||2038|911140344|1231952744
7910|0|26390|01/01/2024 08:53:51||37569|5898622776|8178727072
7239|0|26628|01/01/2024 04:49:18||52242|10856069272|11052272864
8246|0|65677|01/01/2024 10:39:01||31259|3124858952|3302980928
9302|0|16674|01/01/2024 18:23:45||3375|785945848|952027248
8710|0|69848|01/01/2024 13:35:23||20677|12672484568|14895514800
8701|0|16695|01/01/2024 13:20:52||21548|12024677328|13140117560
8308|0|76609|01/01/2024 10:50:39||30561|10186562648|12942413704
8464|0|90732|01/01/2024 11:38:34||27686|2102652776|2418118584
8530|0|34754|01/01/2024 11:52:03||26877|1354099040|1742388520
8876|0|15557|01/01/2024 14:59:15||15645|1572905688|1797650784
8422|0|59134|01/01/2024 11:26:48||28392|135808092696|289120434216
7454|0|40511|01/01/2024 06:16:29||47011|29968260736|41925071888
8355|0|93680|01/01/2024 11:02:30||29850|10312918096|15210664656
9187|0|78500|01/01/2024 17:27:47||6733|1446840688|1912007064
9232|0|10342|01/01/2024 17:40:31||5969|19777329768|44895202800
8628|0|23436|01/01/2024 12:43:32||23788|4736531008|6568868416
9098|0|48911|01/01/2024 16:40:13||9587|1914723848|2175965688
7964|0|50002|01/01/2024 09:13:09||36411|2540074056|3688508888
7152|0|27884|01/01/2024 04:19:44||54016|991119152|1322004720
7484|0|32952|01/01/2024 06:24:33||46527|17263316344|18023211312
8924|0|15102|01/01/2024 15:25:00||14100|39905642568|104782691240
8071|0|78689|01/01/2024 09:45:33||34467|14357925408|19322800640
7788|0|74346|01/01/2024 08:10:01||40199|2197744336|3189196216
8594|0|98973|01/01/2024 12:23:31||24989|683274824|844566912
8032|0|60433|01/01/2024 09:36:54||34986|2434181752|2980666568
7574|0|65491|01/01/2024 07:06:33||44007|98891944928|195752862536
8974|0|98489|01/01/2024 15:47:12||12768|6692733160|9600404296
9283|0|48741|01/01/2024 18:17:19||3761|831326008|1017592656
8925|0|64434|01/01/2024 15:27:34||13946|2349204232|2687485832
9015|0|35461|01/01/2024 16:05:42||11658|2716949208|2866797096
9001|0|19079|01/01/2024 15:59:49||12011|8398999896|11942983144
8800|0|71562|01/01/2024 14:29:08||17452|42004765432|111023207072
9233|0|17294|01/01/2024 17:45:49||5651|539356648|665048112
9375|0|62028|01/01/2024 18:53:38||1582|453953728|602831616
7820|0|41706|01/01/2024 08:26:02||39238|1400268784|1921395264
8247|0|55279|01/01/2024 10:39:44||31216|8029550472|9066449120
7001|0|55644|01/01/2024 03:02:23||58657|10859137032|11583981240
8424|0|50061|01/01/2024 11:21:43||28697|9260180832|11108012144
8140|0|38313|01/01/2024 10:05:23||33277|21982860280|32422442928
9376|0|88332|01/01/2024 18:58:29||1291|118263848|127642088
9079|0|41227|01/01/2024 16:37:59||9721|386226896|440440280
9269|0|95901|01/01/2024 18:05:56||4444|223650320|255755688
8558|0|81789|01/01/2024 12:02:40||26240|851127208|1121735216
9377|0|96892|01/01/2024 18:58:47||1273|244360576|294376792
8176|0|9945|01/01/2024 10:11:40||32900|17336450664|25908494640
8801|0|42912|01/01/2024 14:29:28||17432|422514568|470992120
9234|0|46995|01/01/2024 17:48:50||5470|291224216|403664840
7513|0|31000|01/01/2024 06:34:53||45907|61989291504|118013538080
7339|0|71511|01/01/2024 05:26:25||50015|11805252040|13142946688
8629|0|86009|01/01/2024 12:46:12||23628|14239808360|20715482000
8975|0|83405|01/01/2024 15:40:03||13197|3699156440|4784362160
8581|0|4972|01/01/2024 12:19:52||25208|8815079320|12117009432
9118|0|38393|01/01/2024 16:55:48||8652|350954120|431985680
7043|0|79268|01/01/2024 03:28:59||57061|15938600480|22661291880
9099|0|33485|01/01/2024 16:44:37||9323|23032750968|43324038592
7790|0|85291|01/01/2024 08:16:29||39811|3562482520|3902289344
8466|0|53429|01/01/2024 11:37:49||27731|1754104104|2483502560
8711|0|17728|01/01/2024 13:32:09||20871|2311687896|2881280616
7240|0|65088|01/01/2024 04:40:27||52773|20912475184|21227154560
7313|0|4535|01/01/2024 05:14:48||50712|82313155704|236499179560
9235|0|77756|01/01/2024 17:40:33||5967|1425494016|1591450600
9188|0|89551|01/01/2024 17:26:46||6794|707178744|908470064
8000|0|73483|01/01/2024 09:26:18||35622|1829895744|1984816128
7487|0|66299|01/01/2024 06:27:08||46372|121814558072|266054652928
9016|0|46218|01/01/2024 16:01:42||11898|417106280|545330064
8976|0|94873|01/01/2024 15:42:30||13050|11846337032|14361413008
8667|0|50225|01/01/2024 13:02:59||22621|55981650840|137695347568
7241|0|65370|01/01/2024 04:43:35||52585|10405913264|12540799880
8559|0|66200|01/01/2024 12:09:44||25816|2015154808|2547923408
9401|0|62249|01/01/2024 19:08:21||699|54480192|78940248
8595|0|19738|01/01/2024 12:26:26||24814|3352335664|3990346088
8356|0|13917|01/01/2024 11:01:53||29887|5488016344|7176330040
8357|0|25673|01/01/2024 11:06:12||29628|18043667720|24272241392
8001|0|48483|01/01/2024 09:28:34||35486|2830652792|3350461464
8609|0|69341|01/01/2024 12:35:07||24293|2204064328|2690700720
9002|0|43934|01/01/2024 15:53:58||12362|6542082816|8715551376
9165|0|53092|01/01/2024 17:10:17||7783|489572016|671529696
8426|0|32336|01/01/2024 11:27:59||28321|7899855552|8770618432
8727|0|38932|01/01/2024 13:45:59||20041|33520155744|72276090696
9402|0|70346|01/01/2024 19:01:44||1096|64125648|89130640
8769|0|4685|01/01/2024 14:05:49||18851|389799784|463694584
8854|0|28941|01/01/2024 14:40:48|01/01/2024 19:19:42|16734|902077160|1122038336
9328|0|17172|01/01/2024 18:34:01||2759|712386880|1032064760
8467|0|47698|01/01/2024 11:39:43||27617|1522908240|1767910000
8712|0|39988|01/01/2024 13:37:02||20578|36270816696|82102987912
7658|0|99120|01/01/2024 07:37:52||42128|15829843336|20307091096
9347|0|76660|01/01/2024 18:44:53||2107|119916880|172212200
8702|0|79986|01/01/2024 13:26:46||21194|31408481816|89949288576
8977|0|29580|01/01/2024 15:42:10||13070|1838563232|2616776584
9303|0|14009|01/01/2024 18:23:56||3364|756962088|803292520
9166|0|14238|01/01/2024 17:19:49||7211|2486318064|2625965744
8802|0|21028|01/01/2024 14:26:06||17634|1904533968|2798135504
9167|0|12956|01/01/2024 17:14:53||7507|1884974576|2578436792
7690|0|97158|01/01/2024 07:41:37||41903|10927501792|11442530816
9284|0|30280|01/01/2024 18:11:42||4098|722157776|1045051784
8311|0|32270|01/01/2024 10:51:45||30495|10291797336|13472074512
9236|0|21853|01/01/2024 17:44:55||5705|752012080|895477352
9249|0|54461|01/01/2024 17:50:02||5398|1407217176|1970338200
9212|0|75069|01/01/2024 17:37:24||6156|658267360|960597752
9100|0|98672|01/01/2024 16:41:03||9537|1594195888|1943522384
8877|0|21866|01/01/2024 14:58:54||15666|62965392|80525992
8889|0|39893|01/01/2024 15:04:57||15303|6088184600|17543032872
9189|0|71131|01/01/2024 17:21:27||7113|11597091344|26882781152
9060|0|32354|01/01/2024 16:23:54||10566|1721432864|1767384960
8713|0|97433|01/01/2024 13:30:19||20981|13611929568|17338894984
8890|0|98573|01/01/2024 15:05:56||15244|2607265360|2814641896
8803|0|64894|01/01/2024 14:28:22||17498|7404685384|10101192552
9119|0|39654|01/01/2024 16:55:37||8663|2771148024|3167906192
9147|0|68311|01/01/2024 17:08:19||7901|136437896|158434792
9061|0|53738|01/01/2024 16:22:14||10666|1248154440|1461961096
8036|0|5442|01/01/2024 09:38:36||34884|50915902848|146801906256
9424|0|11302|01/01/2024 19:12:43||437|202926640|268593520
7968|0|11860|01/01/2024 09:12:30||36450|6049002392|8362918344
7091|0|10803|01/01/2024 03:49:54||55806|6063286656|6362903120
9190|0|45386|01/01/2024 17:22:28||7052|329306320|492533320
8073|0|19015|01/01/2024 09:42:47||34633|8169590312|8606607352
8952|0|50746|01/01/2024 15:36:22||13418|3164774424|3379099344
9120|0|4734|01/01/2024 16:50:33||8967|5079939568|7108349224
8560|0|27679|01/01/2024 12:09:54||25806|4650065976|6968583336
7912|0|27556|01/01/2024 08:53:09||37611|10983458856|13163586728
7092|0|36625|01/01/2024 03:41:31||56309|21058152232|23178198472
9062|0|80466|01/01/2024 16:29:12||10248|1577172080|1662735576
9121|0|98794|01/01/2024 16:58:54||8466|563464736|617822272
8385|0|78679|01/01/2024 11:14:49||29111|19665022304|23972361656
8499|0|30638|01/01/2024 11:41:10||27530|16746311992|21362158608
8953|0|27810|01/01/2024 15:35:18||13482|2140011768|2747285160
7514|0|95103|01/01/2024 06:34:54||45906|86049858760|163915833304
8074|0|78096|01/01/2024 09:49:14||34246|6462067592|6990465528
7456|0|59970|01/01/2024 06:15:26||47074|3052063360|4522936536
9191|0|61060|01/01/2024 17:29:51||6609|1819160560|2683440416
8178|0|72000|01/01/2024 10:14:38||32722|6906524904|8867775936
8906|0|74448|01/01/2024 15:16:54||14586|5199631904|6059897256
7913|0|7412|01/01/2024 08:55:12||37488|2570465416|3816858696
9348|0|36682|01/01/2024 18:40:01||2399|186825432|261400000
9168|0|8206|01/01/2024 17:15:03||7497|4098699200|4635426552
7691|0|44865|01/01/2024 07:44:19||41741|25202003048|31991004456
8891|0|85239|01/01/2024 15:05:45||15255|140614328|160519968
7185|0|56631|01/01/2024 04:29:12||53448|10610491624|12632525800
7384|0|89760|01/01/2024 05:45:49||48851|13422796944|19044939408
9378|0|36839|01/01/2024 18:53:48||1572|1522091752|1590384984
7515|0|33855|01/01/2024 06:39:03||45657|25342207200|29372671768
7006|0|86335|01/01/2024 03:06:19||58421|18053492656|25099274088
8075|0|51521|01/01/2024 09:44:40||34520|5597048552|7189214136
7724|0|75669|01/01/2024 07:59:05||40855|55197561720|125541272424
9192|0|4484|01/01/2024 17:20:23||7177|561110008|624611808
9169|0|3904|01/01/2024 17:19:27||7233|593736016|813306648
8500|0|36204|01/01/2024 11:40:43||27557|4735270288|6308631616
8219|0|55005|01/01/2024 10:21:13||32327|5607431688|8332899536
9004|0|16540|01/01/2024 15:53:53||12367|2920449528|3742296056
8978|0|57735|01/01/2024 15:45:51||12849|1165562576|1554678720
8926|0|45796|01/01/2024 15:20:25||14375|4074668720|5426148472
9213|0|95116|01/01/2024 17:31:52||6488|1799157176|2472615696
8610|0|28587|01/01/2024 12:38:27||24093|480140808|627029224
8927|0|28106|01/01/2024 15:28:54||13866|32819365800|69938224528
8954|0|61191|01/01/2024 15:32:52||13628|2805147088|3878177352
7457|0|53326|01/01/2024 06:12:37||47243|6187324192|7122463376
7753|0|84453|01/01/2024 08:07:52||40328|10555189608|15599145384
9036|0|41544|01/01/2024 16:16:47||10993|144293736|164298944
9063|0|52563|01/01/2024 16:20:47||10753|1794853736|2550059352
8359|0|29237|01/01/2024 11:03:58||29762|5273362936|6826443088
9080|0|14447|01/01/2024 16:38:19||9701|6255842976|6309997880
8220|0|94787|01/01/2024 10:22:29||32251|66516121704|176591889672
9403|0|54119|01/01/2024 19:08:06||714|17903824|25685256
8501|0|71697|01/01/2024 11:49:15||27045|1519462560|1675791256
8771|0|90057|01/01/2024 14:02:36||19044|3317828328|3786492416
8879|0|36012|01/01/2024 14:56:19||15821|2490430816|3605514976
8714|0|9336|01/01/2024 13:35:17|01/01/2024 19:11:27|20170|16152742576|18153774392
9250|0|61717|01/01/2024 17:52:17||5263|825797576|880316832
8003|0|85692|01/01/2024 09:26:17|01/01/2024 19:16:01|35384|13368206848|14333698792
8892|0|83186|01/01/2024 15:01:06||15534|1112823928|1216334128
8928|0|41963|01/01/2024 15:25:03||14097|170251472|192482456
9122|0|96647|01/01/2024 16:59:42||8418|2324184880|3432972144
9081|0|41406|01/01/2024 16:37:49||9731|6397755240|6788545880
9285|0|84541|01/01/2024 18:13:54||3966|1225784584|1641856072
8828|0|94050|01/01/2024 14:32:41||17239|237033648|258516696
9170|0|71749|01/01/2024 17:10:19||7781|372425104|508304328
8038|0|72481|01/01/2024 09:32:36||35244|867022944|1129327224
7532|0|84564|01/01/2024 06:45:45||45255|6119190808|7532602488
9037|0|31189|01/01/2024 16:13:31||11189|3735608552|4110820512
8907|0|15334|01/01/2024 15:14:23||14737|1216373376|1304506144
8979|0|21667|01/01/2024 15:48:20||12700|3112877496|3211509336
8829|0|12379|01/01/2024 14:39:33||16827|364732680|479038688
8280|0|53468|01/01/2024 10:46:31||30809|84988617296|213483526080
9251|0|94316|01/01/2024 17:51:56||5284|2400173344|2826657592
8880|0|97311|01/01/2024 14:57:12||15768|22741559384|57878844400
9252|0|42553|01/01/2024 17:53:38||5182|4202688216|4655076200
8142|0|34072|01/01/2024 10:01:47||33493|4709689992|6473110528
9064|0|90419|01/01/2024 16:25:37||10463|137057000|192969792
8715|0|61182|01/01/2024 13:33:27||20793|5104945576|6345581080
7490|0|18158|01/01/2024 06:21:47||46693|17418698256|18779915272
7851|0|52807|01/01/2024 08:37:35||38545|11538948192|16062124712
8107|0|73600|01/01/2024 09:55:12||33888|5001227616|6833751520
8561|0|20283|01/01/2024 12:00:38||26362|688303000|838910832
9404|0|24156|01/01/2024 19:02:14||1066|364441472|383571776
9214|0|60363|01/01/2024 17:31:36||6504|138597072|191215624
8312|0|92726|01/01/2024 10:54:05||30355|12901036008|19228584256
8805|0|34884|01/01/2024 14:26:55||17585|3333273696|3476316792
9123|0|75722|01/01/2024 16:51:50||8890|219014952|276610248
8562|0|77345|01/01/2024 12:05:25||26075|774627936|921463984
6768|0|44099|01/01/2024 01:29:51||64209|2020021368|2944966768
7792|0|89917|01/01/2024 08:19:56||39604|4525940920|6676244936
8502|0|72926|01/01/2024 11:40:32||27568|2243635848|2736963928
9124|0|63274|01/01/2024 16:57:46||8534|694291704|701991816
9125|0|52904|01/01/2024 16:53:06||8814|172031176|229341096
9405|0|74504|01/01/2024 19:08:53||667|72850432|94185960
7577|0|96236|01/01/2024 07:04:13||44147|14667004592|17632878704
7492|0|93717|01/01/2024 06:26:41||46399|7421743144|10161122888
9171|0|36448|01/01/2024 17:11:44||7696|1134926328|1187641224
8729|0|54913|01/01/2024 13:40:06||20394|12107243368|17365429528
8039|0|5416|01/01/2024 09:32:27||35253|4308233984|5803293816
8468|0|75895|01/01/2024 11:32:48||28032|55140285736|125394365704
9038|0|84585|01/01/2024 16:16:50||10990|33469042560|74701669088
9379|0|8613|01/01/2024 18:52:09||1671|63282304|89365288
9406|0|86562|01/01/2024 19:00:15||1185|30828200|33037968
7725|0|56019|01/01/2024 07:59:20||40840|2993128392|3269104376
9380|0|89489|01/01/2024 18:53:55||1565|873830176|1290343128
7915|0|37264|01/01/2024 08:53:24||37596|11114777160|12191471272
9407|0|6376|01/01/2024 19:05:11||889|181152408|257524840
7875|0|48108|01/01/2024 08:47:57||37923|15088710880|18809152312
8532|0|48135|01/01/2024 11:58:59||26461|8154155848|10942670184
8830|0|79189|01/01/2024 14:34:28||17132|784138680|815474600
9215|0|82073|01/01/2024 17:37:00||6180|1936313600|1976904360
9329|0|86389|01/01/2024 18:35:01||2699|1045549864|1103198784
7726|0|55177|01/01/2024 07:56:44||40996|9384619328|9842040680
8716|0|87607|01/01/2024 13:35:36||20664|13738476712|14832086304
8250|0|72601|01/01/2024 10:35:46||31454|5230020264|5686513824
8143|0|13824|01/01/2024 10:01:55||33485|9449399848|10882002400
8469|0|48931|01/01/2024 11:33:33||27987|956064640|1175905856
9148|0|67407|01/01/2024 17:00:26||8374|1116707512|1179695008
9286|0|98663|01/01/2024 18:11:13||4127|1487871808|2186571424
8772|0|83148|01/01/2024 14:06:08||18832|3666050552|4548766200
8648|0|90954|01/01/2024 12:54:51||23109|3325287528|4451546128
8223|0|61005|01/01/2024 10:20:18||32382|2430527960|3250355408
6718|0|16468|01/01/2024 01:03:18||65802|6332816384|7741296136
8930|0|39140|01/01/2024 15:29:33||13827|7618566792|11229767352
8313|0|21906|01/01/2024 10:52:58||30422|4467631448|4828640720
7433|0|35567|01/01/2024 06:01:42||47898|45544948656|48419014304
9304|0|38967|01/01/2024 18:27:59||3121|1290929808|1644128936
7606|0|93069|01/01/2024 07:13:31||43589|1059956552|1235368056
9149|0|57132|01/01/2024 17:09:13||7847|24556698432|55934201416
8360|0|15806|01/01/2024 11:04:25||29735|10389191296|15539526384
8980|0|58966|01/01/2024 15:46:41||12799|2822254008|3892246368
7854|0|50446|01/01/2024 08:38:44||38476|10085219808|12616916024
8388|0|95355|01/01/2024 11:14:11||29149|1406948992|1675125728
7876|0|8328|01/01/2024 08:49:52||37808|14735946096|19334906672
9193|0|64575|01/01/2024 17:29:59||6601|1510488736|1894755432
7266|0|89808|01/01/2024 04:51:07||52133|7021561416|8060052784
7756|0|96247|01/01/2024 08:07:23||40357|5909771776|8240830896
8564|0|32468|01/01/2024 12:04:25||26135|4047880528|4796416864
7969|0|35329|01/01/2024 09:12:27||36453|10051338744|10536314080
8503|0|59834|01/01/2024 11:42:31||27449|1608411592|2173031960
8252|0|48439|01/01/2024 10:34:42||31518|13684087776|19928693744
7970|0|11043|01/01/2024 09:10:38||36562|6457974704|8098563856
6719|0|32108|01/01/2024 01:00:54|01/01/2024 19:18:31|65857|10864174048|14567628128
6903|0|68986|01/01/2024 02:25:05||60895|90256729952|248681792512
8611|0|6952|01/01/2024 12:38:20||24100|97621988568|233642765544
8565|0|71648|01/01/2024 12:00:36||26364|555648728|731340992
9270|0|49738|01/01/2024 18:05:57||4443|316491072|449606136
7971|0|40431|01/01/2024 09:13:18||36402|5439258688|6886254760
8040|0|16348|01/01/2024 09:39:51||34809|6349178864|9300907112
8893|0|57503|01/01/2024 15:07:10||15170|3185792952|3434247664
7579|0|46611|01/01/2024 07:09:20||43840|3321280368|4520285064
7917|0|39968|01/01/2024 08:59:03||37257|2572719320|3777165360
8180|0|37225|01/01/2024 10:11:55||32885|20163919320|24532423528
7189|0|85434|01/01/2024 04:28:44||53476|3623669592|4871209352
7190|0|88937|01/01/2024 04:23:10||53810|15179062200|18696552768
9349|0|95683|01/01/2024 18:47:42||1938|80496160|110222808
7460|0|9520|01/01/2024 06:15:13||47087|12782411040|18582691448
9172|0|34682|01/01/2024 17:16:18||7422|442233696|564086344
8783|0|38542|01/01/2024 14:16:46||18194|7928568128|11342995872
9039|0|17947|01/01/2024 16:18:27||10893|413693352|524128720
7637|0|44755|01/01/2024 07:28:30||42690|164377080|206417376
8630|0|43370|01/01/2024 12:42:43||23837|2410748544|2958833928
8182|0|12359|01/01/2024 10:10:51||32949|5039525120|5747989872
8316|0|82182|01/01/2024 10:53:24||30396|6439338296|8466036832
7757|0|47033|01/01/2024 08:01:19||40721|29420246072|30381547912
8504|0|92104|01/01/2024 11:44:43||27317|153081016|196446696
7129|0|88450|01/01/2024 04:03:58||54962|5587841248|7684260808
8806|0|11534|01/01/2024 14:25:04||17696|8590694712|12676608864
7607|0|30265|01/01/2024 07:19:39||43221|9334857080|13600198584
9216|0|31543|01/01/2024 17:32:06||6474|198860192|203810000
9253|0|53404|01/01/2024 17:54:38||5122|701469592|899847632
9381|0|6248|01/01/2024 18:58:48||1272|1370357472|1568282864
9101|0|62720|01/01/2024 16:42:32||9448|609720288|748327928
7972|0|39025|01/01/2024 09:14:28||36332|2673429152|3322420784
8109|0|67859|01/01/2024 09:57:26||33754|1839917576|2134880400
8505|0|34041|01/01/2024 11:43:01||27419|5669785152|6991851088
8807|0|57247|01/01/2024 14:20:52||17948|33959037072|72516008888
9330|0|13774|01/01/2024 18:35:53||2647|844636928|1106223656
6842|0|85410|01/01/2024 01:58:42||62478|2591570984|3719878672
7919|0|99156|01/01/2024 08:55:23||37477|2233079336|2611318968
8703|0|34278|01/01/2024 13:22:26||21454|8109138320|11962807200
8110|0|83497|01/01/2024 09:56:32||33808|13011153968|14341523576
7495|0|21392|01/01/2024 06:25:18||46482|1075875376|1425814496
8362|0|35733|01/01/2024 11:06:25||29615|751519568|1025295960
6702|0|98856|01/01/2024 00:56:34||66206|24316054528|34592184088
8596|0|7143|01/01/2024 12:28:31||24689|3397718920|4109957656
8253|0|46270|01/01/2024 10:34:05||31555|3715146272|4927344792
9305|0|80476|01/01/2024 18:20:25||3575|12419469208|31251321008
9102|0|26828|01/01/2024 16:40:06||9594|2029122712|2644061112
9082|0|89721|01/01/2024 16:32:48||10032|278411392|310501832
9103|0|54961|01/01/2024 16:40:14||9586|20626161296|41710207208
7580|0|85011|01/01/2024 07:06:32||44008|4558673560|6791934256
8470|0|4256|01/01/2024 11:35:28||27872|5947448704|8435372160
8144|0|78128|01/01/2024 10:06:02||33238|6320825008|8031450928
7973|0|95872|01/01/2024 09:18:07||36113|5309671888|7067544616
9150|0|10802|01/01/2024 17:06:45||7995|17997631272|52835712736
8145|0|13764|01/01/2024 10:05:08||33292|9260521368|10631558208
8855|0|44731|01/01/2024 14:42:50||16630|993418136|1462063368
7387|0|58029|01/01/2024 05:46:56||48784|5776428120|7786590504
9350|0|36455|01/01/2024 18:41:59||2281|3844354304|10792291568
8281|0|67867|01/01/2024 10:42:24||31056|1252794840|1293397528
8730|0|9349|01/01/2024 13:41:25||20315|7163289544|7687382456
7119|0|13737|01/01/2024 03:58:36||55284|15852283368|18455345928
7855|0|94461|01/01/2024 08:38:41||38479|19598013864|23017943944
9425|0|19097|01/01/2024 19:18:28||92|856|952
8535|0|9872|01/01/2024 11:59:38||26422|845511136|1045695224
8471|0|58222|01/01/2024 11:30:48||28152|19308112640|22608932352
8856|0|72764|01/01/2024 14:42:12||16668|43694526432|103563527696
8390|0|98621|01/01/2024 11:16:32||29008|9262598272|13377525272
9271|0|89278|01/01/2024 18:02:23||4657|1539467728|2129366192
8909|0|8632|01/01/2024 15:19:29||14431|6872421496|7387577720
9065|0|7199|01/01/2024 16:27:01||10379|4576898096|5077766344
9272|0|22188|01/01/2024 18:00:09||4791|876548032|1030799632
8391|0|93666|01/01/2024 11:14:58||29102|1596212704|2021562264
9287|0|27279|01/01/2024 18:13:35||3985|940687768|1230134720
7880|0|27422|01/01/2024 08:43:34||38186|18198585464|20557929000
9083|0|28277|01/01/2024 16:34:13||9947|14395976760|34699149880
8112|0|90653|01/01/2024 09:53:53||33967|3849391496|4489740224
7131|0|30292|01/01/2024 04:03:19||55001|107658034208|269488397040
8784|0|43678|01/01/2024 14:13:09||18411|8476889912|8751185536
8612|0|92618|01/01/2024 12:36:11||24229|3810244856|4564999384
8256|0|94248|01/01/2024 10:39:16||31244|14358968328|16787031320
9273|0|65210|01/01/2024 18:06:31||4409|632651328|759171800
8428|0|90872|01/01/2024 11:22:09||28671|12566846424|16040456152
7345|0|27019|01/01/2024 05:29:04||49856|4883931520|6154399800
9151|0|11066|01/01/2024 17:04:17||8143|252711944|273362048
8669|0|57080|01/01/2024 13:00:38||22762|6017383288|8687057296
9040|0|66317|01/01/2024 16:19:46||10814|3379181576|4730684968
6974|0|79350|01/01/2024 02:54:14||59146|11317146144|11428110864
9018|0|45092|01/01/2024 16:06:19||11621|4171038608|4172632600
9126|0|71539|01/01/2024 16:53:41||8779|278139848|300469928
9274|0|90190|01/01/2024 18:05:35||4465|1742706456|1915017072
8429|0|87128|01/01/2024 11:27:26||28354|11591700344|13228625064
9408|0|97039|01/01/2024 19:03:55||965|62309248|71286776
8910|0|88489|01/01/2024 15:12:12||14868|7869498784|9877696632
9306|0|56025|01/01/2024 18:28:13||3107|2333301592|2353364464
8717|0|21100|01/01/2024 13:31:32||20908|350153576|374454656
8981|0|9192|01/01/2024 15:45:14||12886|1377155448|1468154104
9152|0|71084|01/01/2024 17:07:23||7957|3332582792|4001157456
7975|0|38265|01/01/2024 09:14:02||36358|1876078296|2245391336
8785|0|42570|01/01/2024 14:12:09||18471|1201604984|1692523272
8894|0|61015|01/01/2024 15:04:22|01/01/2024 19:11:36|14834|20793745648|44766447072
7192|0|93911|01/01/2024 04:28:54||53466|24611679048|36852658704
8536|0|20383|01/01/2024 11:59:18||26442|10787627088|11089661672
8895|0|59942|01/01/2024 15:05:55||15245|2920650376|3424547400
8044|0|9532|01/01/2024 09:37:39||34941|7042928704|7566251576
9237|0|83741|01/01/2024 17:43:09||5811|717291392|746000256
9217|0|93386|01/01/2024 17:32:07||6473|1053275728|1224162016
9104|0|83215|01/01/2024 16:41:08||9532|4297163016|4637648376
8363|0|63625|01/01/2024 11:06:19||29621|29143364640|70310922568
8583|0|11654|01/01/2024 12:18:40||25280|6303053936|6922009392
7193|0|52885|01/01/2024 04:23:03||53817|1529771720|1977065672
8881|0|80192|01/01/2024 14:59:45||15615|2730406544|3034131192
8808|0|35285|01/01/2024 14:21:40||17900|1827614312|1924653512
8045|0|58379|01/01/2024 09:35:40||35060|1933057920|2035299112
9019|0|11226|01/01/2024 16:07:52||11528|2018044224|2279193304
9218|0|32541|01/01/2024 17:33:32||6388|653027496|886616216
8076|0|64323|01/01/2024 09:46:03||34437|1497937040|1784949152
7920|0|8523|01/01/2024 08:55:14||37486|2966301928|4171579440
7664|0|90727|01/01/2024 07:30:48||42552|8165971328|8842276144
9153|0|11314|01/01/2024 17:02:20||8260|12843328632|31968570984
9275|0|65504|01/01/2024 18:08:33||4287|15016967696|38618615064
9254|0|69192|01/01/2024 17:50:38||5362|899408280|998703760
8537|0|48637|01/01/2024 11:56:56||26584|1147712992|1464860208
8007|0|53519|01/01/2024 09:29:47||35413|1187803328|1470732096
7436|0|94015|01/01/2024 06:06:12||47628|95145222344|264900658904
7269|0|40656|01/01/2024 04:50:41||52159|16812389912|17800885512
9255|0|30443|01/01/2024 17:56:36||5004|714568248|1070547520
9066|0|8061|01/01/2024 16:22:33||10647|2848968264|2885124016
9195|0|93309|01/01/2024 17:21:14||7126|367255160|377681368
8831|0|9807|01/01/2024 14:32:49||17231|4897591640|5207568328
7516|0|62164|01/01/2024 06:36:15||45825|2806882312|3623178056
8718|0|11785|01/01/2024 13:34:04||20756|10684227784|14815336264
8430|0|76735|01/01/2024 11:28:43||28277|769745752|919643240
9331|0|72808|01/01/2024 18:35:11||2689|853442384|959434920
9005|0|87025|01/01/2024 15:50:19||12581|3939444736|4255776456
8257|0|86790|01/01/2024 10:33:54||31566|3631915824|4882169024
9409|0|31643|01/01/2024 19:03:20||1000|139868944|183937272
9351|0|91568|01/01/2024 18:41:01||2339|821334200|970959464
7317|0|67632|01/01/2024 05:15:56||50644|9505861544|13087242336
7157|0|42430|01/01/2024 04:14:06||54354|7712535640|7819946664
8683|0|15996|01/01/2024 13:19:01||21659|4251119216|4697268704
8566|0|37926|01/01/2024 12:00:56||26344|10241312776|11477359288
9041|0|65288|01/01/2024 16:14:20||11140|10136559368|10491061056
8365|0|76833|01/01/2024 11:07:41||29539|14856542888|19736945272
7347|0|61352|01/01/2024 05:22:37||50243|11877159816|14370331272
8567|0|29837|01/01/2024 12:01:23||26317|2393130880|2729821152
7976|0|72404|01/01/2024 09:11:43||36497|3423010424|4487832752
7882|0|74822|01/01/2024 08:47:45||37935|17442394000|24977631128
8224|0|27751|01/01/2024 10:22:30||32250|2706386160|3425742808
8046|0|35235|01/01/2024 09:35:46||35054|736718680|852073056
8832|0|51334|01/01/2024 14:32:14||17266|8138743656|9968191576
9382|0|23676|01/01/2024 18:58:40||1280|217587960|241868760
6843|0|22801|01/01/2024 01:54:07||62753|20605491112|22665171000
8982|0|80336|01/01/2024 15:41:15||13125|3106074992|3523177488
6884|0|19157|01/01/2024 02:17:38||61342|209893808|235642960
7414|0|65470|01/01/2024 05:51:15||48525|17262634904|17398947416
8538|0|32872|01/01/2024 11:51:44||26896|73274339272|144876332880
7665|0|35937|01/01/2024 07:39:46||42014|21608444216|24328821680
9006|0|26784|01/01/2024 15:56:12||12228|6299889440|6988130408
9410|0|4273|01/01/2024 19:02:10||1070|230317248|275787016
6684|0|14050|01/01/2024 00:43:58||66962|6430118944|8270051848
8392|0|58921|01/01/2024 11:13:31||29189|16844821680|19790523592
8983|0|65423|01/01/2024 15:47:05||12775|4435160304|6610937320
7582|0|70953|01/01/2024 07:07:11||43969|13378859480|13404933456
8597|0|94290|01/01/2024 12:26:02||24838|2838049584|3511501200
7318|0|80310|01/01/2024 05:11:22||50918|10435570144|12268884168
9067|0|67919|01/01/2024 16:22:58||10622|4256979288|6207535256
7884|0|53841|01/01/2024 08:46:36||38004|29615659048|38600140872
8568|0|25689|01/01/2024 12:02:41||26239|1146761304|1486165160
9307|0|83641|01/01/2024 18:29:38||3022|11287859560|31271593616
9219|0|91060|01/01/2024 17:39:06||6054|2411268440|2784936272
7243|0|51236|01/01/2024 04:48:30||52290|10361816232|10638070952
8911|0|83949|01/01/2024 15:19:56||14404|3437318976|4925465880
8833|0|34193|01/01/2024 14:32:05||17275|980543592|1057806664
8258|0|72067|01/01/2024 10:39:39||31221|70722949496|181708414184
8956|0|25341|01/01/2024 15:36:24||13416|3385364072|4807293896
8507|0|32098|01/01/2024 11:40:03||27597|2116505760|2129306856
9288|0|58849|01/01/2024 18:11:22||4118|872592864|1045579184
8317|0|66006|01/01/2024 10:54:41||30319|14045042120|11086072752
9276|0|74201|01/01/2024 18:08:41||4279|3123989480|3536650736
8318|0|61584|01/01/2024 10:53:39||30381|49589045368|122510819904
8613|0|90491|01/01/2024 12:37:08||24172|1741572176|2506467096
8259|0|94482|01/01/2024 10:33:32||31588|6541742032|7892074728
9085|0|40546|01/01/2024 16:34:13||9947|11139274760|29738372112
8473|0|10910|01/01/2024 11:37:57||27723|10015318016|13994415104
8834|0|29694|01/01/2024 14:32:00||17280|6834188464|7287354000
6951|0|24553|01/01/2024 02:49:54|01/01/2024 19:19:23|59369|34714352040|35206083352
8047|0|58591|01/01/2024 09:32:15||35265|5506567592|8233729632
9196|0|6089|01/01/2024 17:20:31||7169|235412888|300236256
9042|0|81479|01/01/2024 16:14:15||11145|7431633952|10227122856
6629|0|53027|01/01/2024 00:14:36||68724|2054700736|2165697384
8009|0|30620|01/01/2024 09:25:00||35700|10235436336|10395157560
9173|0|6761|01/01/2024 17:11:34||7706|149137080|216573664
7829|0|84025|01/01/2024 08:21:48||39492|23195578312|28652216752
9154|0|3972|01/01/2024 17:09:51||7809|1787780896|1822158480
9220|0|59158|01/01/2024 17:35:40||6260|15165676560|29681678624
7009|0|81657|01/01/2024 03:04:48|01/01/2024 19:12:14|58046|118801293968|335637652624
9043|0|94733|01/01/2024 16:17:21||10959|4058909352|4436850880
7415|0|43877|01/01/2024 05:51:29||48511|6808189776|8209699656
8010|0|58798|01/01/2024 09:25:43||35657|10970670992|13657861808
9308|0|10391|01/01/2024 18:29:23||3037|1267359880|1375603512
9411|0|65360|01/01/2024 19:08:05||715|64859752|73439928
8113|0|78465|01/01/2024 09:50:24||34176|7306557064|9951126176
8809|0|55090|01/01/2024 14:26:44||17596|387348016|494336168
7830|0|18283|01/01/2024 08:23:11||39409|3512791240|3759199136
8393|0|93385|01/01/2024 11:12:55||29225|16935838520|19803093976
8598|0|12302|01/01/2024 12:23:32||24988|5134752976|5999966520
8810|0|64643|01/01/2024 14:28:26||17494|1304692632|1740436888
8746|0|47108|01/01/2024 13:53:33||19587|6700038496|7286073856
9197|0|84432|01/01/2024 17:28:25||6695|3341766864|3519231832
9352|0|76141|01/01/2024 18:43:26||2194|991640096|1451275424
8394|0|29307|01/01/2024 11:11:03||29337|3425616136|4042250904
8011|0|39721|01/01/2024 09:26:13||35627|1960951000|2450983272
7885|0|59210|01/01/2024 08:49:11||37849|4805298160|5121396824
9332|0|53423|01/01/2024 18:37:20||2560|357386120|365972432
7923|0|43549|01/01/2024 08:53:17||37603|6388686736|9459678928
8078|0|97623|01/01/2024 09:44:42||34518|6039810544|8046684512
9221|0|24844|01/01/2024 17:30:00||6600|1363005200|2009924672
9044|0|46420|01/01/2024 16:11:19||11321|1483743064|1965989848
8835|0|70097|01/01/2024 14:39:53||16807|693819736|1011070136
9174|0|31350|01/01/2024 17:17:53||7327|6552353176|16197411632
8283|0|34348|01/01/2024 10:44:33||30927|11183879192|13795264576
8912|0|87365|01/01/2024 15:16:42||14598|3449324152|4835273904
9068|0|6217|01/01/2024 16:26:31||10409|1721251448|1762247400
7389|0|40914|01/01/2024 05:43:22||48998|3093455512|3684311640
9426|0|71915|01/01/2024 19:14:52||308|29729752|30353824
8186|0|79245|01/01/2024 10:17:42||32538|5670624928|5779511216
8649|0|9901|01/01/2024 12:51:40||23300|2902225352|3523092152
7696|0|61969|01/01/2024 07:43:00||41820|12362405760|14338351104
9309|0|5505|01/01/2024 18:22:35||3445|2265237120|2320184024
8115|0|49186|01/01/2024 09:57:58||33722|2635249648|3071361512
9127|0|28457|01/01/2024 16:50:02||8998|247356912|358340176
7609|0|33559|01/01/2024 07:15:38||43462|14706409776|14983878632
8431|0|41935|01/01/2024 11:27:50||28330|18567874768|24610087288
8432|0|17769|01/01/2024 11:26:38||28402|10114279488|11640510496
8684|0|70705|01/01/2024 13:17:34||21746|16343521920|18561185920
7583|0|7357|01/01/2024 07:02:55||44225|8254351312|9055315416
9007|0|63285|01/01/2024 15:54:01||12359|2995762496|3530143968
7368|0|82203|01/01/2024 05:35:31||49469|2806814024|3061936480
9427|0|83596|01/01/2024 19:11:08||532|285280560|402119008
8540|0|6525|01/01/2024 11:55:13||26687|1327026264|1738923856
9086|0|5254|01/01/2024 16:33:51||9969|3851958944|5069547504
9310|0|99227|01/01/2024 18:24:06||3354|192962928|211790032
8958|0|43098|01/01/2024 15:31:50||13690|2239007352|3205412744
9412|0|72614|01/01/2024 19:08:23||697|232217560|345535408
8188|0|16285|01/01/2024 10:14:40||32720|5219786520|5270138440
7666|0|80536|01/01/2024 07:35:36||42264|5593876264|6535920008
8284|0|14719|01/01/2024 10:47:42||30738|11438078448|14030088936
8508|0|26226|01/01/2024 11:42:56||27424|1184906592|1612525488
7298|0|46233|01/01/2024 05:04:40||51320|20359968376|27327442336
8614|0|4559|01/01/2024 12:36:17||24223|6319800440|7479832728
8882|0|45743|01/01/2024 14:59:16||15644|830665280|910116848
8932|0|30617|01/01/2024 15:24:28||14132|7110389328|7192147160
9069|0|57378|01/01/2024 16:22:50||10630|1000223320|1250842224
9045|0|95342|01/01/2024 16:12:11||11269|5860681704|7973722904
8261|0|97160|01/01/2024 10:36:10||31430|351323416|467252656
8731|0|18438|01/01/2024 13:41:54|01/01/2024 19:13:43|19909|2001406160|2897668872
9413|0|10481|01/01/2024 19:03:17||1003|121866176|157080416
7924|0|30382|01/01/2024 08:55:30||37470|9315901184|10252596536
8670|0|72297|01/01/2024 13:00:51||22749|2509260248|2847938504
8079|0|21007|01/01/2024 09:41:10||34730|5740512704|6685286952
8747|0|83505|01/01/2024 13:58:53||19267|5581595816|7760892800
9087|0|29388|01/01/2024 16:38:21||9699|1754242672|2000372200
7390|0|48385|01/01/2024 05:48:42||48678|29346427584|33905029408
7439|0|76673|01/01/2024 06:02:03||47877|22704490784|24045237296
9333|0|45615|01/01/2024 18:31:15||2925|1364834392|1628542800
8262|0|54956|01/01/2024 10:35:36||31464|79422141824|167681921256
8650|0|27843|01/01/2024 12:55:30||23070|37303721704|95875450936
7639|0|5186|01/01/2024 07:23:44||42976|3964142184|5766321392
9311|0|46905|01/01/2024 18:23:28||3392|643449480|816905200
6823|0|27568|01/01/2024 01:44:10||63350|34575341568|42764881112
7926|0|10940|01/01/2024 08:55:32||37468|6046461768|6228963352
8748|0|87104|01/01/2024 13:50:15||19785|7969107280|7997818632
9155|0|60691|01/01/2024 17:05:07||8093|959867376|1278030464
8633|0|72686|01/01/2024 12:47:50||23530|25476200568|64313612520
9238|0|95338|01/01/2024 17:42:22||5858|657453992|843305328
6797|0|17325|01/01/2024 01:39:27||63633|188597314576|351948963368
8366|0|16603|01/01/2024 11:03:41||29779|933973416|1293201712
9198|0|49136|01/01/2024 17:27:10||6770|300322728|346185744
9008|0|87500|01/01/2024 15:58:18||12102|3803683224|4838093624
7612|0|86861|01/01/2024 07:14:57||43503|2101961240|2176428720
8396|0|62763|01/01/2024 11:10:04||29396|1420927304|1861471576
7028|0|95768|01/01/2024 03:14:21||57939|86716539224|209880229952
9383|0|54623|01/01/2024 18:52:38||1642|703628704|718863784
9046|0|69320|01/01/2024 16:17:58||10922|5550101984|8187302832
9384|0|72432|01/01/2024 18:57:38||1342|493864400|535626408
8014|0|93094|01/01/2024 09:22:12||35868|8467098664|8594104568
8286|0|27202|01/01/2024 10:40:19||31181|8636662744|9098873816
9176|0|4227|01/01/2024 17:18:27||7293|535211696|761526368
9070|0|13942|01/01/2024 16:26:52||10388|5278742608|7359339896
9353|0|74573|01/01/2024 18:44:59||2101|714010144|724353944
7668|0|51162|01/01/2024 07:39:42||42018|6131028504|6161178968
8189|0|33952|01/01/2024 10:12:11||32869|7542738656|7826947088
8634|0|16681|01/01/2024 12:48:11||23509|5305461840|7501443384
7697|0|73079|01/01/2024 07:40:28||41972|9217484288|12254216640
8584|0|18192|01/01/2024 12:14:18||25542|942312880|1075994864
7698|0|81523|01/01/2024 07:47:05||41575|2042200040|2596917976
7699|0|94145|01/01/2024 07:43:15||41805|17045280728|22173128504
8933|0|47552|01/01/2024 15:26:38||14002|4336384168|5133971464
7700|0|80746|01/01/2024 07:42:15||41865|80884928544|189424971688
7669|0|91768|01/01/2024 07:38:32||42088|2402614904|2674139576
7764|0|63732|01/01/2024 08:08:03||40317|20843634800|21740155304
8615|0|11739|01/01/2024 12:31:12||24528|3417047120|3477371848
8934|0|41299|01/01/2024 15:25:13||14087|1422031552|1839094504
7098|0|23739|01/01/2024 03:45:17||56083|3054677104|4409265968
7322|0|72638|01/01/2024 05:16:53||50587|16168301656|20248532440
8147|0|62436|01/01/2024 10:09:58||33002|6906020040|10302773160
8704|0|99379|01/01/2024 13:24:42||21318|764870864|974699592
9239|0|35031|01/01/2024 17:42:25||5855|14110473048|29675154800
9177|0|96673|01/01/2024 17:11:37||7703|89826960|94643528
9071|0|52975|01/01/2024 16:23:54||10566|2566900408|3495200552
7949|0|14926|01/01/2024 09:08:42||36678|19121290208|24631776504
9414|0|87069|01/01/2024 19:08:30||690|2947644200|7001977448
7440|0|99310|01/01/2024 06:08:44||47476|10473140288|12143313120
7010|0|47772|01/01/2024 03:09:16||58244|13595047416|20158237232
9009|0|58910|01/01/2024 15:57:05||12175|6803203088|9422776720
8750|0|3906|01/01/2024 13:51:46||19694|2492314536|2933530384
9156|0|50574|01/01/2024 17:01:31||8309|22750646960|58869528056
7642|0|20755|01/01/2024 07:24:26||42934|2495788672|3582219936
7977|0|11424|01/01/2024 09:12:03||36477|5629651248|6221436864
9178|0|30102|01/01/2024 17:12:57||7623|3098685736|3359222672
8116|0|96836|01/01/2024 09:56:46||33794|1445812816|2026972624
9222|0|83954|01/01/2024 17:33:27||6393|589727128|708323544
9047|0|13216|01/01/2024 16:12:53||11227|1771369520|2178889624
7520|0|5299|01/01/2024 06:35:14||45886|232170968|273519888
9256|0|45665|01/01/2024 17:59:51||4809|835435744|907967072
8811|0|35685|01/01/2024 14:25:08||17692|663273280|751857752
8786|0|9840|01/01/2024 14:13:04||18416|5224829520|7399264160
8367|0|21862|01/01/2024 11:05:50||29650|10483488328|15156054192
8652|0|8768|01/01/2024 12:54:19||23141|6945779456|7444049928
7499|0|30949|01/01/2024 06:26:47||46393|7697004232|8143698664
6858|0|99503|01/01/2024 02:09:00||61860|572345488|746066088
6859|0|20921|01/01/2024 02:00:58||62342|15714405536|17733044784
9072|0|93762|01/01/2024 16:25:18||10482|1696634608|2284564680
8884|0|40021|01/01/2024 14:57:23||15757|1080607568|1082119024
8858|0|19237|01/01/2024 14:48:03||16317|382829784|497076200
9289|0|93546|01/01/2024 18:12:18||4062|1306390048|1346442688
8015|0|21312|01/01/2024 09:26:05||35635|4279381736|5013280656
7613|0|5886|01/01/2024 07:11:57||43683|8467488928|11672283696
7766|0|93513|01/01/2024 08:05:26||40474|95466951640|283251321632
8685|0|76056|01/01/2024 13:17:53||21727|11293746904|14758774536
9415|0|11945|01/01/2024 19:09:14||646|6596592|8928176
8585|0|73518|01/01/2024 12:18:02||25318|5288868112|5558569544
7887|0|85539|01/01/2024 08:42:25||38255|64187689648|133342744808
9334|0|69902|01/01/2024 18:34:32||2728|4665164592|9714168344
8617|0|13461|01/01/2024 12:34:00||24360|788295040|970946880
8398|0|65234|01/01/2024 11:12:08||29272|6203786088|7210507896
9240|0|81994|01/01/2024 17:44:20||5740|960153312|978525736
7195|0|95129|01/01/2024 04:21:19||53921|10689259800|15544250528
9128|0|46473|01/01/2024 16:53:02||8818|766013480|925602576
8542|0|21475|01/01/2024 11:58:50||26470|2924249104|4055818320
7586|0|60771|01/01/2024 07:04:49||44111|2354044720|3461776464
7860|0|62245|01/01/2024 08:34:16||38744|17306133552|17538584120
8859|0|30328|01/01/2024 14:45:43||16457|29067650776|76027950360
8118|0|94286|01/01/2024 09:51:56||34084|10502343424|13725172552
9023|0|68117|01/01/2024 16:04:42||11718|3912631440|5750290488
7465|0|34328|01/01/2024 06:14:35||47125|84520698808|236401635904
9024|0|52206|01/01/2024 16:01:47||11893|4984471528|6458359320
8509|0|35035|01/01/2024 11:41:57||27483|296913544|444520760
8226|0|14620|01/01/2024 10:29:27||31833|5388944360|8019897072
9241|0|24209|01/01/2024 17:43:49||5771|5345243160|5559592120
8775|0|55356|01/01/2024 14:09:05||18655|3588774176|4532403512
9335|0|10398|01/01/2024 18:38:38||2482|777928504|1046802784
9105|0|26270|01/01/2024 16:49:27||9033|2424871872|2674885192
8477|0|55392|01/01/2024 11:31:39||28101|1600222648|2194705648
8434|0|86099|01/01/2024 11:21:34||28706|706643928|816211528
8896|0|53891|01/01/2024 15:09:14||15046|861054024|1105542912
9048|0|25715|01/01/2024 16:16:21||11019|669590440|791483152
8935|0|93729|01/01/2024 15:20:10||14390|7052280584|8604712976
9277|0|84646|01/01/2024 18:07:42||4338|2494974352|3136520560
7163|0|82966|01/01/2024 04:13:11||54409|22235069128|29642234392
9312|0|48804|01/01/2024 18:20:10||3590|1042205752|1201173776
8836|0|6555|01/01/2024 14:38:01||16919|956895824|979025576
8959|0|5549|01/01/2024 15:33:15||13605|2280516088|2637540168
8263|0|33801|01/01/2024 10:36:05||31435|16458706368|23921905608
8570|0|50742|01/01/2024 12:04:33||26127|11976069664|15786300760
9385|0|28133|01/01/2024 18:50:03||1797|300033152|332663344
8586|0|91705|01/01/2024 12:10:48||25752|976824960|1044990536
7890|0|50959|01/01/2024 08:44:13||38147|78728382392|165220719912
6932|0|57257|01/01/2024 02:35:04||60296|8606434144|12204708816
8897|0|60001|01/01/2024 15:00:45||15555|4457303568|5295708768
7767|0|34397|01/01/2024 08:09:02||40258|9067498384|9955832800
8860|0|31063|01/01/2024 14:44:38||16522|1053890952|1245622904
9223|0|19793|01/01/2024 17:31:00||6540|91130688|93673656
8288|0|50033|01/01/2024 10:49:38||30622|4821179968|5903927320
9224|0|57110|01/01/2024 17:37:44||6136|428962952|545487728
7928|0|16239|01/01/2024 08:54:28||37532|16357781704|21249415248
6908|0|16033|01/01/2024 02:21:27||61113|19512543776|25938220040
8571|0|27011|01/01/2024 12:04:18||26142|1324540088|1903247176
7196|0|7874|01/01/2024 04:27:58||53522|2846525032|3469382272
7325|0|44287|01/01/2024 05:13:13||50807|60778543808|159474069376
8435|0|30798|01/01/2024 11:24:38|01/01/2024 19:16:29|28311|13672913872|16523300976
8264|0|31981|01/01/2024 10:36:58||31382|527456120|739454328
8751|0|69532|01/01/2024 13:50:54||19746|1810348136|2659804696
9278|0|33279|01/01/2024 18:03:48||4572|2319028560|2741072224
8719|0|16240|01/01/2024 13:34:39||20721|8126455520|9629221480
8936|0|66255|01/01/2024 15:29:11||13849|1888026440|2178247136
8837|0|6784|01/01/2024 14:39:31||16829|1216100504|1358005360
8081|0|17848|01/01/2024 09:44:18||34542|7296460256|8851832272
9010|0|97924|01/01/2024 15:52:07||12473|4154098720|4281727176
9290|0|16659|01/01/2024 18:12:26||4054|362726800|413273728
9257|0|23029|01/01/2024 17:56:49||4991|649723960|812565880
7276|0|18712|01/01/2024 04:55:25||51875|15404999176|18133319520
8686|0|5591|01/01/2024 13:19:48||21612|1241455264|1483460248
8587|0|89490|01/01/2024 12:15:00||25500|2704642064|2896452200
7768|0|59260|01/01/2024 08:01:26||40714|5899659288|6780009544
8119|0|67654|01/01/2024 09:54:22||33938|10179348040|12505440944
9025|0|71403|01/01/2024 16:05:20||11680|361132696|362578512
8152|0|76464|01/01/2024 10:08:24||33096|14583446168|18674934928
7730|0|89959|01/01/2024 07:53:37||41183|104128299968|213871754328
9313|0|92467|01/01/2024 18:25:15||3285|154918032|201263592
7769|0|71418|01/01/2024 08:04:44||40516|150098773912|335767042376
8153|0|31249|01/01/2024 10:00:45||33555|12154676056|12344613024
8227|0|4556|01/01/2024 10:29:26||31834|5103917480|5901637920
6910|0|33021|01/01/2024 02:23:04||61016|6200111112|6712374256
7392|0|3869|01/01/2024 05:41:29||49111|10136724608|12035021896
8191|0|24262|01/01/2024 10:13:21||32799|7371941528|10310124440
8937|0|75980|01/01/2024 15:26:00||14040|1143999784|1173288304
8290|0|48242|01/01/2024 10:47:00||30780|4665465416|6869929704
9386|0|41526|01/01/2024 18:56:26||1414|538793600|671972408
9129|0|68160|01/01/2024 16:51:07||8933|1923004672|1965749440
7222|0|81178|01/01/2024 04:33:56||53164|6215175768|7190755096
9026|0|64229|01/01/2024 16:07:35||11545|28596520|34381648
7441|0|83766|01/01/2024 06:05:35||47665|201123251888|491155659168
8671|0|41602|01/01/2024 13:05:58||22442|57619535888|155461212472
8154|0|26412|01/01/2024 10:01:54||33486|9885657840|9885785304
6911|0|77991|01/01/2024 02:21:10||61130|14438802160|18416706352
6986|0|22920|01/01/2024 02:57:29||58951|30464778472|38413969288
8478|0|93103|01/01/2024 11:30:44||28156|14193003264|16149604664
8752|0|68011|01/01/2024 13:55:17||19483|446741464|454470640
9199|0|59854|01/01/2024 17:23:44||6976|3068661592|3301094736
8228|0|33809|01/01/2024 10:23:48||32172|20642809928|21965799736
7731|0|97715|01/01/2024 07:54:58||41102|1090707696|1113447840
8436|0|69420|01/01/2024 11:23:55||28565|59394098032|141453538648
8984|0|30827|01/01/2024 15:42:10||13070|345769120|478451080
7732|0|70909|01/01/2024 07:58:52||40868|3911966816|4243447736
8985|0|25324|01/01/2024 15:44:11||12949|2035698712|2153398232
6798|0|68685|01/01/2024 01:30:31||64169|3645286640|4353149328
8368|0|4905|01/01/2024 11:00:59||29941|21466414112|23310360000
8323|0|54576|01/01/2024 10:57:41||30139|8712811312|9096363648
8437|0|7954|01/01/2024 11:25:12||28488|1505981472|2203543528
9314|0|60607|01/01/2024 18:26:31||3209|1100639104|1263509480
8788|0|8203|01/01/2024 14:17:35||18145|502923008|618385936
8938|0|65834|01/01/2024 15:22:26||14254|5831281120|6656019232
8885|0|45922|01/01/2024 14:52:01||16079|510002720|585801488
6776|0|82011|01/01/2024 01:29:48||64212|740478440|1089379256
9428|0|20072|01/01/2024 19:10:58||542|-8928568|-12267304
7929|0|9616|01/01/2024 08:57:45||37335|2990545200|3507551136
7930|0|8083|01/01/2024 08:57:50||37330|1762609064|2365362072
9354|0|76728|01/01/2024 18:49:54||1806|1342181472|1759688080
8051|0|38309|01/01/2024 09:38:44||34876|276023432|397977560
7770|0|44564|01/01/2024 08:02:51||40629|29924853000|30900395352
8812|0|48086|01/01/2024 14:28:26||17494|40158305104|95400041736
8479|0|82147|01/01/2024 11:30:04||28196|799835944|1139208208
8939|0|24702|01/01/2024 15:21:21||14319|3420757456|4314011168
8155|0|73225|01/01/2024 10:05:21||33279|8395983296|9881212840
6934|0|48168|01/01/2024 02:37:41||60139|7400696272|8361093472
9200|0|78408|01/01/2024 17:20:51||7149|443866000|448920496
8400|0|96138|01/01/2024 11:17:42||28938|2047987264|2615753336
9179|0|38643|01/01/2024 17:15:12||7488|1457083096|2022951024
8732|0|51131|01/01/2024 13:48:36||19884|719144848|901031416
7978|0|24671|01/01/2024 09:10:53||36547|9756870744|13996567776
9258|0|40629|01/01/2024 17:54:47||5113|851228144|1230738832
8156|0|61063|01/01/2024 10:00:53||33547|3654518168|4369196032
8789|0|96516|01/01/2024 14:11:39||18501|37625503816|104466167528
9130|0|41928|01/01/2024 16:50:21||8979|237538056|302546568
8439|0|90026|01/01/2024 11:27:24||28356|120332908296|294884628232
7771|0|92304|01/01/2024 08:02:41||40639|28229376912|39715736088
9355|0|82373|01/01/2024 18:43:27||2193|354414512|415198296
8440|0|49479|01/01/2024 11:28:57||28263|8472480176|10259669112
8441|0|10088|01/01/2024 11:28:10||28310|8657908256|11464681520
8655|0|95158|01/01/2024 12:58:15||22905|9241711872|10311151360
9356|0|58841|01/01/2024 18:47:36||1944|3687676776|7267328152
8401|0|51341|01/01/2024 11:13:59||29161|8084266072|11011389216
8402|0|48178|01/01/2024 11:14:27||29133|3601049656|4337469728
8619|0|12307|01/01/2024 12:34:37||24323|1521440952|1533910424
7705|0|74521|01/01/2024 07:47:23||41557|6141498880|8074329144
7501|0|64828|01/01/2024 06:24:54||46506|15365165120|17414827080
8656|0|85389|01/01/2024 12:50:49||23351|4632237664|6483530272
8753|0|40241|01/01/2024 13:55:12||19488|24626490360|51301821072
8324|0|96482|01/01/2024 10:57:19||30161|8219379912|8511872464
8545|0|78180|01/01/2024 11:51:53||26887|3682483232|4831860336
8790|0|48119|01/01/2024 14:11:48||18492|41331703320|103301769672
8914|0|59657|01/01/2024 15:17:46||14534|4896910984|6280078032
6936|0|29872|01/01/2024 02:36:43||60197|29892929176|30856759520
