IdSession|IdPSX|IdSubscriber|StartSession|EndSession|Duartion|UpTx|DownTx
6515|0|44433|31/12/2023 12:17:09||49971|18902866288|21308939576
6516|0|89706|31/12/2023 16:56:49||33191|577785192|729564728
6518|0|14391|31/12/2023 14:37:14||41566|119525771000|225393843408
11161|0|7922|31/12/2023 15:41:57||37683|8038002544|10713436528
11162|0|48015|31/12/2023 21:14:22||17738|37041781864|108167199352
12768|0|36342|01/01/2024 00:09:03||7257|1212075592|1479738008
4503|0|88207|31/12/2023 17:39:08||30652|6779471728|9473351392
4506|0|96775|31/12/2023 13:58:01||43919|58836425984|127790277968
6524|0|76996|31/12/2023 18:13:21||28599|4795096320|5541970904
11168|0|26538|31/12/2023 20:35:43||20057|47336766400|123113831448
6525|0|65418|31/12/2023 15:01:13||40127|8909075664|11182447912
4510|0|93199|31/12/2023 17:57:53||29527|4208481320|5402259440
11169|0|26136|31/12/2023 21:11:21||17919|15935122688|16026638680
6529|0|68950|31/12/2023 18:43:14||26806|6672298104|6805135824
11171|0|91056|31/12/2023 22:20:04||13796|33303880936|69022731720
4512|0|82037|31/12/2023 23:24:46||9914|4483799168|6119269800
12902|0|83726|01/01/2024 01:08:05||3715|321134120|360915928
6535|0|44892|31/12/2023 22:24:17||13543|1400562528|1678241056
6536|0|67328|31/12/2023 13:44:56||44704|20389763304|25207514520
6537|0|53764|31/12/2023 14:21:51||42489|5937465344|8387492304
6539|0|18190|31/12/2023 14:00:02||43798|103644862744|269425633072
11177|0|81205|31/12/2023 20:09:58||21602|2040951312|2252841568
11178|0|60259|31/12/2023 16:45:06||33894|2037168712|2037841456
6541|0|74669|31/12/2023 21:25:32||17068|1846084176|1949155800
6544|0|71287|31/12/2023 12:20:49||49751|6243292640|6631495664
4530|0|79129|31/12/2023 19:47:39||22941|60217443568|114602474408
12995|0|47680|01/01/2024 01:46:55||1385|781186664|933563264
12925|0|63503|01/01/2024 01:12:57||3423|490442656|734938592
12854|0|15054|01/01/2024 00:48:40||4880|825479896|1124623424
4538|0|51756|31/12/2023 12:30:06||49194|13167388960|14867986912
4539|0|46834|31/12/2023 20:51:52||19088|7284974712|8033252432
11185|0|91513|31/12/2023 21:37:02||16378|1021361736|1045232656
11186|0|48067|31/12/2023 16:27:11||34969|4928820528|5006003784
11188|0|86150|31/12/2023 12:25:12||49488|15734098272|18767474808
11189|0|46936|31/12/2023 14:28:54||42066|861025672|1150530288
4541|0|31978|31/12/2023 22:39:47||12613|1054457160|1199482760
12835|0|42572|01/01/2024 00:30:06||5994|1245457000|1736642120
11193|0|43730|31/12/2023 19:38:42||23478|40897217560|111560719024
11195|0|88811|31/12/2023 13:54:36||44124|1050378952|1268865384
11197|0|42085|31/12/2023 18:11:10||28730|69454814480|152665714680
12926|0|17602|01/01/2024 01:18:43||3077|322761136|376078352
12927|0|58604|01/01/2024 01:16:41||3199|595788968|835173112
11201|0|15318|31/12/2023 23:54:58||8102|2980791320|3990666872
11206|0|79155|31/12/2023 13:23:07||46013|5456330688|7092703640
11207|0|4497|31/12/2023 14:59:50||40210|64962068224|140083758208
11208|0|24555|31/12/2023 17:08:31||32489|3734523592|5135868600
6567|0|34503|31/12/2023 18:27:54||27726|15683176888|23448739256
11210|0|45897|31/12/2023 13:17:26||46354|23917920728|29558126216
6573|0|93054|31/12/2023 18:09:58||28802|7107008296|7186584816
12952|0|80722|01/01/2024 01:27:07||2573|483835040|564207128
6576|0|61298|31/12/2023 22:38:38||12682|2202387552|2715938864
6583|0|25943|31/12/2023 16:12:04||35876|16994660368|20234192024
6584|0|77820|31/12/2023 14:09:33||43227|9035809808|11281986688
12968|0|7716|01/01/2024 01:38:46||1874|340429264|507960184
6586|0|47260|31/12/2023 18:27:45||27735|46678013672|119048584024
6588|0|37596|31/12/2023 14:17:19||42761|8675948328|10401780416
6589|0|93566|31/12/2023 17:46:53||30187|10660933848|12485803808
6591|0|52562|31/12/2023 21:37:28||16352|2332197552|2537028336
12791|0|37321|01/01/2024 00:11:48||7092|1545307448|1907168152
6594|0|16434|31/12/2023 23:27:31||9749|824297904|913785704
6595|0|95343|31/12/2023 14:30:34||41966|6566744440|7121213592
12814|0|83353|01/01/2024 00:22:13||6467|63138040|88740872
11223|0|54052|31/12/2023 23:25:06||9894|3329926792|4444308128
11224|0|56883|31/12/2023 12:43:54||48366|5192265536|7715754800
12903|0|33952|01/01/2024 01:02:20||4060|484002928|547256128
4575|0|37550|31/12/2023 23:51:55||8285|2095981784|2556926400
12904|0|10951|01/01/2024 01:03:50||3970|252529072|331207568
11229|0|10594|31/12/2023 14:54:30||40530|5909274248|8296376320
4579|0|7678|31/12/2023 20:55:48||18852|901659776|991067840
6603|0|93881|31/12/2023 13:03:07||47213|134291636144|362681035280
11230|0|29316|31/12/2023 18:06:39||29001|65007024792|145705632632
12855|0|72024|01/01/2024 00:46:58||4982|747211080|794822584
11235|0|57451|31/12/2023 14:47:34||40946|2510616680|3703194688
12792|0|5821|01/01/2024 00:17:40||6740|366910496|525129056
13013|0|83136|01/01/2024 01:56:36||804|653281088|789436184
6611|0|45426|31/12/2023 15:05:32||39868|3832296752|5215287288
6612|0|80910|31/12/2023 12:40:25||48575|8231926384|9339207904
4587|0|55584|31/12/2023 17:39:34||30626|8471475192|11511919160
6613|0|15094|31/12/2023 21:29:08||16852|6890084944|6947159272
6614|0|39820|31/12/2023 18:04:11||29149|9031017760|10616268448
11244|0|93506|31/12/2023 12:26:36||49404|8025456376|10514907536
4589|0|61111|31/12/2023 23:18:01|01/01/2024 02:02:03|9842|6283890512|7153221752
6615|0|23656|31/12/2023 23:24:20||9940|7812815920|8665396112
6616|0|84652|31/12/2023 16:53:47||33373|42604035352|119869161136
11245|0|6427|31/12/2023 19:21:25||24515|2102115520|2340700952
11246|0|46454|31/12/2023 21:21:48||17292|8367343528|9991667168
11249|0|38734|31/12/2023 19:14:54||24906|11057874928|11408006872
11250|0|36168|31/12/2023 15:02:04||40076|9674487328|13690024840
6623|0|22560|31/12/2023 16:38:18||34302|3728723640|4005950408
11251|0|44368|31/12/2023 16:48:46||33674|6388617368|8056221416
12969|0|77350|01/01/2024 01:36:11||2029|170919312|184664520
4595|0|4288|31/12/2023 22:10:03||14397|2929599256|4063814320
11254|0|15352|31/12/2023 19:09:38||25222|2175119200|2359480280
12905|0|95649|01/01/2024 01:01:21||4119|1861812256|2540545752
6628|0|40329|31/12/2023 16:07:46||36134|14409059816|17036852680
6629|0|79017|31/12/2023 23:12:21||10659|29668994224|70735008280
11259|0|88045|31/12/2023 14:45:11||41089|1026867760|1275627160
11262|0|39434|31/12/2023 15:54:51||36909|5919204024|6405771696
6634|0|58424|31/12/2023 18:02:59||29221|34740281888|87493738520
12970|0|36730|01/01/2024 01:38:49||1871|196923048|288660752
6637|0|19300|31/12/2023 21:39:22||16238|29480233784|68344482840
6638|0|31663|31/12/2023 13:52:08||44272|16753385240|22102580272
6640|0|15564|31/12/2023 18:36:56||27184|64358354248|154473393408
4601|0|10205|31/12/2023 14:47:17||40963|4344581792|5085864528
6641|0|36804|31/12/2023 16:49:40||33620|5536626376|7435514144
12971|0|89604|01/01/2024 01:30:33||2367|764168528|886011128
12996|0|67697|01/01/2024 01:45:30||1470|1285926600|1644010560
11269|0|5904|31/12/2023 15:42:53||37627|14368154328|18947372608
12928|0|5396|01/01/2024 01:18:25||3095|132245264|178102824
6647|0|58954|31/12/2023 14:36:41||41599|4340111576|6255465304
11271|0|6308|31/12/2023 22:22:34||13646|3894455032|5280172304
6648|0|99065|31/12/2023 16:15:11||35689|7959656248|11489478120
12906|0|65668|01/01/2024 01:00:31||4169|580391872|826472264
11275|0|95731|31/12/2023 18:21:30||28110|632484480|811335432
11279|0|37431|31/12/2023 16:17:19||35561|9751220280|10089952352
11280|0|96410|31/12/2023 19:00:01||25799|2413306504|3061721088
12793|0|41719|01/01/2024 00:14:40||6920|284016856|392938568
11282|0|47492|31/12/2023 12:14:24||50136|16051369784|17399983504
13014|0|81078|01/01/2024 01:53:33||987|592311920|886222272
11284|0|91299|31/12/2023 13:29:40||45620|4921499832|6447668808
11286|0|78729|31/12/2023 15:58:07||36713|19161958464|19517887256
11290|0|43035|31/12/2023 17:00:58||32942|3324100160|4372869344
11291|0|70763|31/12/2023 19:09:22||25238|725815408|863276000
12856|0|28032|01/01/2024 00:45:29||5071|3294472600|3550200360
6659|0|22775|31/12/2023 20:11:16||21524|4913052560|6479600472
11295|0|51522|31/12/2023 14:44:47||41113|5415730456|5863015312
12972|0|93299|01/01/2024 01:36:37||2003|53684528|54748952
6660|0|11625|31/12/2023 17:02:24||32856|73311278120|211781610496
11298|0|40491|31/12/2023 17:26:03||31437|1322252272|1556622248
4624|0|34900|31/12/2023 19:04:40||25520|2816541040|3160134568
6662|0|93145|31/12/2023 20:11:25||21515|11450152816|16824117376
12907|0|8602|01/01/2024 01:06:49||3791|546443000|814807400
6664|0|80308|31/12/2023 12:46:16||48224|5305135312|7699760776
11301|0|88393|31/12/2023 22:52:29||11851|2498289448|3442842224
6666|0|56267|31/12/2023 18:49:56||26404|966363240|1207518352
6668|0|77342|31/12/2023 15:56:09||36831|78681767904|216281546912
12953|0|5018|01/01/2024 01:24:31||2729|276344064|374852096
12836|0|99615|01/01/2024 00:31:41||5899|361878208|408980616
11307|0|97205|31/12/2023 14:02:35||43645|2666394808|2696903920
6673|0|23299|31/12/2023 21:43:11||16009|139509392|149813776
6674|0|79812|31/12/2023 12:28:27||49293|120681210616|267271648408
11311|0|92893|31/12/2023 21:45:58||15842|2949968104|4039172656
6677|0|79073|31/12/2023 12:37:35||48745|22114666040|27916322848
6681|0|99099|31/12/2023 23:35:48||9252|551694920|777148472
6682|0|41402|31/12/2023 12:48:03||48117|3776516592|4962316640
12769|0|70133|01/01/2024 00:09:41||7219|462852568|492093216
12908|0|25099|01/01/2024 01:08:09||3711|8100272|8944192
11318|0|45806|31/12/2023 15:42:12||37668|46181985456|87357734568
4652|0|17708|31/12/2023 22:59:38||11422|33520870432|80390724384
11319|0|68094|31/12/2023 15:48:25||37295|12930611992|13063913840
4654|0|63188|31/12/2023 22:44:32||12328|3507902528|4913849424
11323|0|83720|31/12/2023 14:58:17||40303|11811364320|12207074544
11324|0|50014|31/12/2023 14:06:09||43431|15214076184|17821430640
11325|0|63542|31/12/2023 19:33:18||23802|4240926160|5149616696
11326|0|15246|31/12/2023 22:01:33||14907|2651865560|3298335008
6691|0|67076|31/12/2023 18:48:10||26510|4815490928|5963036960
6692|0|80461|31/12/2023 21:45:22||15878|532188856|574083336
6693|0|88465|31/12/2023 22:13:47||14173|7417884424|9606896624
6694|0|78054|31/12/2023 16:03:04||36416|15841116160|18285643992
12857|0|5871|01/01/2024 00:42:00||5280|615704528|844254096
6696|0|74504|31/12/2023 18:52:02||26278|10417832432|10890360424
11328|0|12018|31/12/2023 20:15:19||21281|4022998160|4277541488
13039|0|18951|01/01/2024 02:01:23||517|453831760|559992872
6703|0|94236|31/12/2023 19:11:03||25137|6849775224|8976345936
6712|0|95563|31/12/2023 16:25:00||35100|6683440712|7045335304
11331|0|47559|31/12/2023 23:37:43||9137|11873045128|30202015616
6715|0|40524|31/12/2023 18:48:30||26490|4585699600|6216623696
11333|0|10590|31/12/2023 13:25:40||45860|24739783712|25274766936
11334|0|48287|31/12/2023 19:48:38||22882|915240168|1234045504
12858|0|77250|01/01/2024 00:45:10||5090|200331248|250859280
11336|0|44624|31/12/2023 20:48:17||19303|7990946864|10795498184
6718|0|20945|31/12/2023 14:08:42||43278|5634266200|6056757800
12929|0|57494|01/01/2024 01:14:23||3337|8209114152|15879272952
11339|0|46712|31/12/2023 22:02:18||14862|21385833856|45862401376
11340|0|47108|31/12/2023 14:43:29||41191|19185822832|20352290200
6726|0|37134|31/12/2023 16:05:41||36259|7658586840|8327678200
6728|0|51457|31/12/2023 19:57:38||22342|103687391560|212615732328
11346|0|92712|31/12/2023 15:33:58||38162|7182950136|8347289896
6730|0|53667|31/12/2023 14:56:53||40387|2684163768|3414386200
13040|0|53984|01/01/2024 02:00:41||559|337511312|380659184
11350|0|10222|31/12/2023 22:29:17||13243|3982067096|5311581648
11351|0|88198|31/12/2023 20:29:54||20406|62314248496|169753493920
4678|0|55879|31/12/2023 23:45:39||8661|1899898504|2726199048
11353|0|79654|31/12/2023 16:08:40||36080|6182839424|7618278464
11354|0|40278|31/12/2023 15:15:57||39243|7322453648|9767922552
11355|0|37451|31/12/2023 13:11:05||46735|1070736744|1512163016
11357|0|83650|31/12/2023 18:54:19||26141|2131890752|2527340200
12882|0|22388|01/01/2024 00:55:28||4472|1631771480|1649355144
12794|0|40855|01/01/2024 00:11:31||7109|2631598536|3339567864
4688|0|18539|31/12/2023 20:04:42||21918|405236176|586664344
4689|0|36702|31/12/2023 13:27:08||45772|468795440|586138744
11361|0|76563|31/12/2023 17:25:00||31500|1847242200|2328716752
6740|0|65864|31/12/2023 19:08:59||25261|614518376|615479600
12859|0|5262|01/01/2024 00:41:54||5286|6162350192|11932146848
6741|0|98341|31/12/2023 20:21:35||20905|9037939680|11154867752
11366|0|6290|31/12/2023 20:55:24||18876|940872184|1217945312
12837|0|60779|01/01/2024 00:34:51||5709|529225000|672990664
11369|0|68698|31/12/2023 22:02:23||14857|1354058992|1695625728
11370|0|20203|31/12/2023 14:38:29||41491|4510070272|5122859912
13015|0|85741|01/01/2024 01:59:41||619|278746888|305895528
11375|0|31481|31/12/2023 14:13:51||42969|4107144952|5568942800
12997|0|68217|01/01/2024 01:40:16||1784|526636512|658374928
6749|0|53387|31/12/2023 16:07:20||36160|1595705920|2226512928
11379|0|63890|31/12/2023 16:18:29||35491|3230579248|4149942016
6753|0|57917|31/12/2023 22:17:09||13971|3835682176|4280906544
4703|0|66799|31/12/2023 22:42:38||12442|3095703920|3530153848
12973|0|74290|01/01/2024 01:38:55||1865|181154968|262882984
11382|0|19086|31/12/2023 15:29:04||38456|14088935304|19422448984
6756|0|64324|31/12/2023 22:52:05||11875|2925888648|3950239608
12883|0|65081|01/01/2024 00:56:17||4423|3239269496|3493926056
12954|0|94063|01/01/2024 01:22:46||2834|9651482432|18990773248
6759|0|94914|31/12/2023 12:56:49||47591|4712503368|5587551376
6760|0|68387|31/12/2023 14:40:03||41397|78234030840|211671107544
12860|0|72085|01/01/2024 00:49:31||4829|1295188104|1305292792
6761|0|40176|31/12/2023 17:28:16||31304|8293406880|12340226968
4711|0|96532|31/12/2023 23:14:17||10543|3546516272|4534595384
12930|0|97579|01/01/2024 01:13:10||3410|9191436464|23520561704
6763|0|86053|31/12/2023 17:35:39||30861|8870028240|10591492832
11391|0|85963|31/12/2023 15:11:42||39498|4795124416|6801265504
4713|0|6568|31/12/2023 12:10:54||50346|6386177176|8427616880
4714|0|95660|31/12/2023 15:04:40||39920|75076157040|148090339096
6768|0|85484|31/12/2023 12:53:57|01/01/2024 02:05:35|47498|5202105048|7364864000
11395|0|5362|31/12/2023 18:50:28||26372|1861013040|2353457592
4717|0|60885|31/12/2023 22:26:44||13396|1749541648|2546419992
11399|0|75205|31/12/2023 14:44:15||41145|9105606256|12833688496
4719|0|66346|31/12/2023 14:26:10||42230|3387976416|4194282304
11402|0|85722|31/12/2023 21:52:36||15444|655086200|699234816
12815|0|37399|01/01/2024 00:29:07||6053|118097160|150506496
6777|0|96745|31/12/2023 21:28:13||16907|679209008|819303080
12909|0|79162|01/01/2024 01:03:00||4020|1077114792|1354456176
6778|0|90846|31/12/2023 13:39:40||45020|13480923440|15014777920
6779|0|41118|31/12/2023 23:52:38||8242|2442366328|3572066800
6781|0|34484|31/12/2023 17:50:32||29968|8434257064|8564011408
12884|0|7083|01/01/2024 00:53:17||4603|379100760|384795184
6783|0|13087|31/12/2023 19:36:22||23618|3260936064|4654714888
12931|0|59946|01/01/2024 01:18:41||3079|233964240|236186216
4732|0|71640|31/12/2023 21:16:39||17601|1604941896|2132107440
11410|0|50432|31/12/2023 17:53:34||29786|10201143768|14767962248
4734|0|76954|31/12/2023 12:46:26||48214|13321807616|18322590920
11411|0|19469|31/12/2023 16:59:13||33047|4376097536|4378381352
6787|0|15805|31/12/2023 18:04:56||29104|3281696264|3989305080
11414|0|90351|31/12/2023 17:23:32||31588|4462348912|6063417152
12932|0|46467|01/01/2024 01:11:15||3525|76884136|112995520
11416|0|26133|31/12/2023 14:44:35||41125|8251589144|9273745264
4744|0|74481|31/12/2023 19:24:33||24327|5871232000|6403852984
6791|0|64668|31/12/2023 15:22:28||38852|7478877088|8551363552
11419|0|35460|31/12/2023 19:29:21||24039|1437685960|1502037568
11420|0|67635|31/12/2023 12:45:08||48292|3351440848|4285315776
11423|0|81629|31/12/2023 12:51:30||47910|3615275096|4734128280
6797|0|20124|31/12/2023 15:32:38||38242|13776094408|16535716120
11424|0|73978|31/12/2023 17:42:01||30479|4827543216|5079045248
12816|0|15684|01/01/2024 00:24:07||6353|2601091784|3803779816
12933|0|38203|01/01/2024 01:11:31||3509|16306328|22693696
11427|0|20075|31/12/2023 12:41:24||48516|6620870520|6657606960
6804|0|93843|31/12/2023 15:48:20||37300|2078525552|2328662728
6805|0|16200|31/12/2023 16:49:15||33645|2811121312|3711439800
12974|0|45093|01/01/2024 01:35:52||2048|621216024|799948896
11429|0|94273|31/12/2023 14:30:14||41986|3513273496|4568956232
6810|0|11001|31/12/2023 13:30:30||45570|21949443392|28451703088
6813|0|27146|31/12/2023 15:09:19||39641|5882787728|6740714856
11431|0|19023|31/12/2023 23:05:18||11082|3559443448|3717741040
6814|0|29867|31/12/2023 16:14:46||35714|1324331432|1525186088
12975|0|61980|01/01/2024 01:31:14||2326|454401104|602864680
11434|0|26430|31/12/2023 16:33:15||34605|1127293880|1318081352
6821|0|59913|31/12/2023 23:09:35||10825|9764673624|12264492488
11435|0|96471|31/12/2023 13:05:43||47057|28663118160|31999285768
13016|0|46857|01/01/2024 01:50:18||1182|308315024|451844440
12770|0|65086|01/01/2024 00:08:47||7273|3009556848|3607018264
6823|0|50342|31/12/2023 17:55:41||29659|6120994016|7762353240
11443|0|28612|31/12/2023 19:33:18||23802|5588766056|7588247768
11446|0|69195|31/12/2023 23:09:58||10802|1034926616|1209031520
11447|0|19964|31/12/2023 15:00:45||40155|126785150496|354935746584
11448|0|40956|31/12/2023 19:59:27||22233|4965891024|5011125112
6830|0|93851|31/12/2023 14:39:37||41423|2709669312|3754416552
6835|0|60277|31/12/2023 18:53:12||26208|812724168|928796304
12998|0|97664|01/01/2024 01:47:01||1379|452747608|674098384
6838|0|26300|31/12/2023 13:59:59||43801|5014749104|5871441848
11454|0|95361|31/12/2023 20:57:05||18775|14772191160|15064078232
11455|0|8386|31/12/2023 21:41:58||16082|2579961200|2697966552
4777|0|63391|31/12/2023 20:03:46||21974|2588478168|3307355920
11456|0|32028|31/12/2023 17:01:27||32913|9244533848|9603442128
11457|0|8061|31/12/2023 15:17:10||39170|14031134344|14386708072
11458|0|62947|31/12/2023 17:41:22||30518|1862824024|1975476344
6844|0|91512|31/12/2023 16:27:33||34947|3797678928|5312828328
11460|0|39702|31/12/2023 18:06:39||29001|5384208424|7758471992
11462|0|70616|31/12/2023 12:44:36||48324|33875201984|45703488160
11463|0|19835|31/12/2023 17:26:03||31437|530651584|580861136
4787|0|78093|31/12/2023 23:25:37||9863|3459674184|4540565456
4792|0|11970|31/12/2023 13:23:16||46004|5130865440|7307978192
11465|0|4396|31/12/2023 19:49:25||22835|3297158552|4355926056
11469|0|23699|31/12/2023 20:02:42||22038|3078086760|3397331792
11470|0|50961|31/12/2023 14:10:34||43166|2766561320|2915250376
6859|0|59256|31/12/2023 18:40:57||26943|11964131600|16680405144
11474|0|85681|31/12/2023 12:41:44||48496|23432215088|29545388312
11475|0|11775|31/12/2023 23:48:54||8466|2259510560|2531038984
11476|0|64846|31/12/2023 19:16:28||24812|6525085688|8393938488
12795|0|95942|01/01/2024 00:19:43||6617|1459151104|1914191224
6866|0|39032|31/12/2023 16:23:47||35173|11348879528|13257356952
12955|0|76797|01/01/2024 01:29:41||2419|921076688|998417312
6869|0|5237|31/12/2023 20:12:20||21460|302089192|357941680
11482|0|5901|31/12/2023 12:31:49||49091|6785295472|7715741800
11483|0|13853|31/12/2023 22:46:37||12203|2084814520|2223399936
12910|0|16779|01/01/2024 01:04:19||3941|161606552|236144584
11486|0|63156|31/12/2023 21:49:39||15621|330354656|432222056
11487|0|46036|31/12/2023 19:19:49||24611|6616013416|7178380480
6878|0|5650|31/12/2023 16:29:52||34808|3766987328|7880871256
12771|0|19222|01/01/2024 00:06:44||7396|3158717136|4344086864
11489|0|91971|31/12/2023 21:48:29||15691|24756758480|57220738936
6880|0|20661|31/12/2023 19:27:00||24180|1962952792|2139529816
11491|0|25964|31/12/2023 23:27:22||9758|2477607032|3638935408
12976|0|80945|01/01/2024 01:36:39||2001|1212695680|1396021448
12772|0|89642|01/01/2024 00:05:20||7480|452445248|469913128
12934|0|85448|01/01/2024 01:16:28||3212|1363467928|1416714056
11498|0|21923|31/12/2023 16:04:55||36305|2907308648|4012518776
11499|0|32864|31/12/2023 12:51:25||47915|26194795952|32450023496
12838|0|40115|01/01/2024 00:32:49||5831|299534280|387053144
12796|0|33989|01/01/2024 00:13:37||6983|124872016|126382416
6888|0|87856|31/12/2023 18:36:36||27204|69877539768|152629164040
11502|0|32738|31/12/2023 23:28:41||9679|1546607520|1846354296
11504|0|70645|31/12/2023 12:14:24||50136|3198581664|3814952712
12861|0|6051|01/01/2024 00:44:30||5130|487587992|538454456
11512|0|16505|31/12/2023 20:59:49||18611|11324980848|12895520888
11513|0|77111|31/12/2023 15:01:37||40103|13254773624|16259742520
12817|0|51631|01/01/2024 00:27:22||6158|18322235224|44655342896
11515|0|94288|31/12/2023 12:13:52||50168|15260838480|19031333560
11516|0|59450|31/12/2023 15:57:26||36754|4884492360|5673026072
11517|0|6262|31/12/2023 13:15:47||46453|21788622680|23382177416
12773|0|16868|01/01/2024 00:02:38||7642|3010340328|3759708704
11520|0|53839|31/12/2023 22:17:05||13975|315550744|449411472
12885|0|22939|01/01/2024 00:58:55||4265|297065352|355197072
11522|0|45745|31/12/2023 21:23:55||17165|4822413384|10291895888
12935|0|28402|01/01/2024 01:15:20||3280|646104504|761307336
12886|0|57061|01/01/2024 00:56:20||4420|872241992|1011311416
11526|0|80025|31/12/2023 14:38:47||41473|10772362272|16157079408
11527|0|93403|31/12/2023 21:40:55||16145|486580200|660244568
11530|0|31700|31/12/2023 21:52:17|01/01/2024 02:02:37|15020|525838296|762163184
13041|0|31700|01/01/2024 02:03:18||402|19958176|24033512
11531|0|13583|31/12/2023 19:24:36||24324|4724335240|5642512816
11533|0|51519|31/12/2023 22:24:45||13515|1359913232|1486248584
11534|0|19424|31/12/2023 18:26:09||27831|20660481560|25317170848
11535|0|53030|31/12/2023 13:18:47||46273|24296865736|31610049744
6909|0|36006|31/12/2023 16:44:26||33934|35313083232|104437986232
6912|0|77858|31/12/2023 18:55:27||26073|2569007952|3844289952
12887|0|77204|01/01/2024 00:55:15||4485|945483760|1245726368
11539|0|47458|31/12/2023 14:47:47||40933|3637714200|5165971440
4850|0|82667|31/12/2023 19:37:25||23555|849568360|1134054704
11540|0|47468|31/12/2023 21:22:11||17269|4021037768|5015065688
11541|0|52439|31/12/2023 18:13:16||28604|69984046768|178351181392
6917|0|57468|31/12/2023 20:00:30||22170|12288829576|12683324760
4852|0|53702|31/12/2023 18:38:31||27089|72719164496|151343118048
6921|0|9026|31/12/2023 15:09:23||39637|5976122528|8826054064
11545|0|91262|31/12/2023 14:04:26||43534|10692907000|12115396480
11546|0|28423|31/12/2023 16:18:36||35484|15229152424|15885045464
12818|0|87055|01/01/2024 00:20:36||6564|3747082728|7969118664
11550|0|79312|31/12/2023 19:15:53||24847|794647736|918254104
11552|0|94591|31/12/2023 14:27:12||42168|7580586104|10274638424
11553|0|55328|31/12/2023 14:01:42||43698|6570822472|8109546960
6928|0|14654|31/12/2023 16:33:15||34605|112956177504|265082506592
6929|0|12418|31/12/2023 16:56:29||33211|4814464824|6635618128
11556|0|23810|31/12/2023 21:30:45||16755|2084010120|2924007216
6934|0|55254|31/12/2023 17:41:51||30489|12473235488|15915551424
12977|0|98957|01/01/2024 01:33:13||2207|851825280|981894296
6935|0|48002|31/12/2023 20:38:06||19914|1408252192|2105791272
6939|0|17223|31/12/2023 18:34:20||27340|18022105784|18286106776
12978|0|97507|01/01/2024 01:34:46||2114|53718568|64413432
4875|0|11267|31/12/2023 12:14:41||50119|8922693504|9670372728
11564|0|31851|31/12/2023 22:21:31||13709|126523144|149806464
6941|0|36659|31/12/2023 17:24:35||31525|897883792|1257286232
11565|0|69461|31/12/2023 17:44:03||30357|3136867640|4196158424
6942|0|31911|31/12/2023 21:41:59||16081|4931971000|6504848632
6943|0|95243|31/12/2023 15:35:34||38066|4181284416|4189466456
12936|0|93127|01/01/2024 01:18:10||3110|937643032|975742400
6945|0|50074|31/12/2023 20:07:10||21770|8330256136|10019251088
12862|0|77558|01/01/2024 00:44:47||5113|1118646224|1163996128
6948|0|40614|31/12/2023 19:36:36||23604|10006131776|10122699504
11570|0|85672|31/12/2023 15:55:56||36844|15480740616|17605622520
6951|0|12784|31/12/2023 21:28:37||16883|1554915056|1591845216
4888|0|76227|31/12/2023 23:48:24||8496|363321720|473559904
11571|0|58494|31/12/2023 15:50:31||37169|9901338216|11934321976
11572|0|14568|31/12/2023 22:48:10||12110|3445979888|5166558656
6958|0|61296|31/12/2023 13:58:41||43879|5811093728|7875749544
11574|0|76281|31/12/2023 16:52:35||33445|6457358952|6517380928
6961|0|53746|31/12/2023 15:21:14||38926|3775245152|5028437752
12911|0|41346|01/01/2024 01:04:03||3957|956337568|1064753400
6962|0|72646|31/12/2023 17:08:27||32493|4496867936|6678061232
4899|0|54313|31/12/2023 22:27:17||13363|8073975136|9927435696
11577|0|13499|31/12/2023 16:16:15||35625|1099453912|1203105464
11578|0|79857|31/12/2023 16:58:41||33079|10478831928|12822543360
4902|0|82499|31/12/2023 16:32:55||34625|1403297088|1608398592
12774|0|88257|01/01/2024 00:02:56||7624|31024445360|60145767792
11582|0|10263|31/12/2023 14:10:07||43193|10687161064|11248079456
12956|0|26675|01/01/2024 01:20:59||2941|176529824|186167712
11585|0|10206|31/12/2023 18:04:18||29142|9378828776|13254963936
6969|0|17670|31/12/2023 23:43:42||8778|106946720|119996344
4907|0|50758|31/12/2023 16:37:59||34321|16624087560|20048828896
11586|0|50467|31/12/2023 15:59:23||36637|580960824|790308240
11587|0|59984|31/12/2023 13:50:49||44351|12336374544|15863290080
12999|0|41796|01/01/2024 01:49:03||1257|3401303840|8266799160
11589|0|18578|31/12/2023 21:03:54||18366|66407999360|130515566272
4915|0|67246|31/12/2023 17:09:48||32412|3772204504|4772074088
6974|0|47817|31/12/2023 18:54:44||26116|2086030376|2683773344
11591|0|14496|31/12/2023 20:26:12||20628|6506505760|6992398920
4917|0|61418|31/12/2023 16:57:13||33167|1156747024|1638632496
11595|0|76270|31/12/2023 12:44:16||48344|2794145536|4080806264
11597|0|91336|31/12/2023 20:40:59||19741|6277960192|6454281944
6983|0|32570|31/12/2023 12:56:37||47603|6496369968|8812043160
11598|0|43849|31/12/2023 22:24:21||13539|1071919728|1309262776
6984|0|55154|31/12/2023 23:58:56||7864|363268432|492504584
6985|0|25332|31/12/2023 17:25:56||31444|8022247296|8689517216
12775|0|80345|01/01/2024 00:08:15||7305|340483064|468713368
11601|0|12576|31/12/2023 23:10:38||10762|6781644240|9546857768
11602|0|88798|31/12/2023 12:25:39||49461|10157931040|10203196408
11605|0|87863|31/12/2023 20:58:16||18704|47265467336|90479079408
6992|0|84613|31/12/2023 19:14:27||24933|290391008|401197496
6993|0|16150|31/12/2023 21:47:12||15768|4732472504|5055901736
11608|0|53899|31/12/2023 20:46:37||19403|423458096|604246712
11609|0|19801|31/12/2023 21:25:44|01/01/2024 02:02:02|16578|1091969616|1303767208
13042|0|19801|01/01/2024 02:02:08||472|158457152|208345416
4935|0|50847|31/12/2023 21:50:35||15565|1992909432|2140324712
11610|0|19071|31/12/2023 18:28:52||27668|17507522856|18840256688
11611|0|59408|31/12/2023 14:37:26||41554|3804165264|4739526184
12863|0|19913|01/01/2024 00:42:34||5246|1798863400|2590664152
6998|0|99904|31/12/2023 13:38:10||45110|25675664408|34419933496
11614|0|74560|31/12/2023 16:29:17||34843|11912858320|11928964240
4941|0|92409|31/12/2023 19:56:32||22408|3034265608|4220810056
11615|0|25596|31/12/2023 23:07:32||10948|25132960728|54333388304
11616|0|87537|31/12/2023 20:27:18||20562|8119110368|10203051784
4946|0|17154|31/12/2023 20:36:51||19989|3115665392|3355488072
12819|0|17717|01/01/2024 00:25:03||6297|5127386376|12094150744
7004|0|77032|31/12/2023 20:16:09||21231|9242939528|11478591224
11619|0|63585|31/12/2023 13:42:24||44856|21845783320|26151604280
7006|0|69340|31/12/2023 23:13:59||10561|3090532760|4177397760
7007|0|62125|31/12/2023 18:19:20||28240|108152406608|230589490128
12797|0|49279|01/01/2024 00:15:30||6870|3836659464|4387289552
11623|0|30280|31/12/2023 22:40:59||12541|6676119616|7165627552
12839|0|68053|01/01/2024 00:32:21||5859|17412409480|34731456752
11625|0|77217|31/12/2023 21:55:28||15272|678279064|856621480
11626|0|27746|31/12/2023 16:57:01||33179|2589701160|2611078312
11628|0|58233|31/12/2023 12:59:12||47448|22347367744|23154229744
7012|0|3805|31/12/2023 16:18:20||35500|1546182192|1887074328
12937|0|89909|01/01/2024 01:13:31||3389|747924544|872266848
7016|0|39792|31/12/2023 22:40:33||12567|7177472624|9242787680
12798|0|47169|01/01/2024 00:19:58||6602|24936859104|57635898144
11633|0|52416|31/12/2023 19:33:11||23809|344730512|364138360
7018|0|54160|31/12/2023 19:31:27||23913|6560717160|9656873584
7020|0|25887|31/12/2023 15:03:28||39992|5837928896|8309371280
7023|0|34200|31/12/2023 17:47:26||30154|1648908880|2073544096
12957|0|89370|01/01/2024 01:24:23||2737|775742992|1083879552
7025|0|47747|31/12/2023 19:21:06||24534|2154026320|2694597952
12979|0|55316|01/01/2024 01:30:04||2396|439427664|506925832
7028|0|52044|31/12/2023 18:41:55||26885|19740482984|53776075912
11637|0|29712|31/12/2023 19:18:46||24674|171875856|189183328
11639|0|10941|31/12/2023 12:31:09||49131|13049633216|17417733448
7031|0|76963|31/12/2023 20:36:03||20037|1584832608|1805845936
11641|0|98338|31/12/2023 15:29:04||38456|1011502744|1358228440
12958|0|64106|01/01/2024 01:25:36||2664|484055368|549055192
4977|0|82418|31/12/2023 23:12:41||10639|2742817992|3009589744
4978|0|22507|31/12/2023 22:13:43||14177|1321469080|1499461520
4980|0|80719|31/12/2023 20:30:16||20384|10746619248|10969129712
7038|0|67557|31/12/2023 22:07:28||14552|2409731464|3338251880
7039|0|7575|31/12/2023 19:22:17||24463|8522389464|11076232400
11645|0|27975|31/12/2023 13:17:02||46378|21557505560|25318025944
11646|0|41699|31/12/2023 18:22:50||28030|510237904|629737056
12888|0|24334|01/01/2024 00:52:32||4648|654535472|704650360
12889|0|66658|01/01/2024 00:54:13||4547|761298928|892882608
7046|0|17504|31/12/2023 20:18:20||21100|39428934304|97136878112
7047|0|98298|31/12/2023 19:43:54||23166|3361615448|4868988920
7048|0|97740|31/12/2023 21:38:27||16293|487519704|640913984
4988|0|70962|31/12/2023 12:01:27||50913|4321830424|4685740160
11653|0|56210|31/12/2023 18:42:45||26835|92273285328|171491176504
12864|0|43543|01/01/2024 00:49:26||4834|187904048|207568720
11655|0|93664|31/12/2023 17:13:39||32181|3656528536|4426460584
12959|0|34618|01/01/2024 01:26:56||2584|473609424|554695128
7055|0|8816|31/12/2023 12:57:52||47528|19622843696|26484714200
11657|0|64143|31/12/2023 20:50:54||19146|11973374448|12155263352
11662|0|16017|31/12/2023 18:34:17||27343|18541392688|22713788360
11665|0|10654|31/12/2023 12:10:01||50399|21111346448|29179831400
12980|0|31332|01/01/2024 01:35:22||2078|399988944|540875112
7070|0|49678|31/12/2023 12:07:53||50527|16730263976|20621297432
12890|0|46124|01/01/2024 00:52:44||4636|735952952|1028977440
7071|0|67374|31/12/2023 22:55:26||11674|16526088992|37241384120
11670|0|52225|31/12/2023 12:55:28||47672|25006361512|27109466440
11671|0|50238|31/12/2023 21:07:09||18171|6127710512|8312343480
5008|0|58247|31/12/2023 13:02:51||47229|27754408168|31644036480
7080|0|26093|31/12/2023 13:57:23||43957|4833296288|6348428824
11678|0|90076|31/12/2023 22:33:39||12981|1380054640|1706863800
11679|0|69214|31/12/2023 22:41:44||12496|34938244856|99894496072
11681|0|30835|31/12/2023 18:51:22||26318|198408672|230637280
11682|0|28124|31/12/2023 18:08:19||28901|52877642488|132157638376
11683|0|24162|31/12/2023 13:19:27||46233|9155500008|12827107680
11684|0|6867|31/12/2023 20:48:02||19318|1707466920|2203384176
5021|0|53952|31/12/2023 21:45:41||15859|947911568|1143164720
7098|0|41124|31/12/2023 15:04:00||39960|12882261096|13052572488
7099|0|53714|31/12/2023 22:34:28||12932|28915552816|78352947504
13017|0|77148|01/01/2024 01:56:16||824|254729176|292320544
7107|0|34047|31/12/2023 17:11:33||32307|1197188696|1555631808
11688|0|30347|31/12/2023 22:35:48||12852|674629840|887072704
11690|0|18055|31/12/2023 18:37:24||27156|9567061488|14100361240
11691|0|93041|31/12/2023 13:55:55||44045|4668185872|6030586504
7113|0|63103|31/12/2023 13:00:05|01/01/2024 02:08:23|47298|15166056408|22002460976
11694|0|83129|31/12/2023 12:35:04||48896|21364612016|28064041000
11695|0|70629|31/12/2023 22:19:46||13814|2839036464|3062695000
7114|0|14433|31/12/2023 18:20:07||28193|15879160080|17965042264
7115|0|18914|31/12/2023 22:51:09||11931|2333932128|2934044112
7121|0|62055|31/12/2023 15:40:18||37782|51165293360|100609641152
11699|0|90512|31/12/2023 23:48:38||8482|3574717384|4126600352
5039|0|43248|31/12/2023 20:29:05||20455|4277180024|5630421856
7123|0|79389|31/12/2023 21:33:19||16601|477783216|571738752
11701|0|26199|31/12/2023 20:08:54||21666|4716443096|5486601264
7124|0|99476|31/12/2023 22:57:04||11576|3451309272|4110426080
11702|0|56252|31/12/2023 16:28:46||34874|6612730312|7106139024
11703|0|47971|31/12/2023 13:22:18||46062|2436181864|3356512664
7129|0|53064|31/12/2023 14:54:42||40518|12544227704|14770759552
11704|0|29306|31/12/2023 14:33:35||41785|6402582712|7486620056
7134|0|27416|31/12/2023 12:23:14||49606|10884345320|15493287792
11708|0|19123|31/12/2023 13:41:31||44909|5043921376|5242467792
7136|0|48946|31/12/2023 12:12:04||50276|5165025312|7686692336
12981|0|47902|01/01/2024 01:39:00||1860|591177440|602345312
7137|0|83921|31/12/2023 17:11:15||32325|9772521624|11327348584
12799|0|53676|01/01/2024 00:18:59||6661|502634568|697180448
7138|0|38060|31/12/2023 21:38:11||16309|2100978336|2887788160
7141|0|17009|31/12/2023 12:03:29||50791|14078983632|20504943992
7149|0|75957|31/12/2023 13:59:36||43824|1475950952|1483046848
11718|0|24906|31/12/2023 14:58:40||40280|3436915064|3639167256
7158|0|36711|31/12/2023 13:49:13||44447|3938071112|4983392080
7160|0|63054|31/12/2023 21:30:28|01/01/2024 02:01:14|16246|5929018840|5971177160
7162|0|25982|31/12/2023 15:49:58||37202|79932149440|207200813592
7163|0|24245|31/12/2023 21:12:04||17876|1418962224|1960094440
11720|0|26819|31/12/2023 12:07:00||50580|1895844592|2083957488
11722|0|89748|31/12/2023 22:16:21||14019|47991210096|100161014480
7166|0|83551|31/12/2023 20:09:40||21620|29720555920|79346411712
7168|0|14122|31/12/2023 18:15:02||28498|6627520608|7084642008
11725|0|39569|31/12/2023 21:09:56||18004|8966216592|9452266440
11728|0|98196|31/12/2023 22:01:49||14891|4204973592|5326420712
11729|0|24392|31/12/2023 12:20:10||49790|12827671584|18311483448
13018|0|54698|01/01/2024 01:52:17||1063|1963637480|3924563672
7172|0|84711|31/12/2023 15:37:31||37949|10216008920|15249674736
12840|0|92508|01/01/2024 00:34:59||5701|155890000|187379840
11736|0|7502|31/12/2023 20:33:26||20194|3095665776|3657382744
12938|0|47511|01/01/2024 01:17:42||3138|674518480|801304104
5089|0|59874|31/12/2023 19:13:24||24996|2046749072|2792488952
7182|0|64525|31/12/2023 23:51:12||8328|624390552|650315088
11739|0|93344|31/12/2023 14:38:24||41496|10068554408|14379989152
7185|0|63259|31/12/2023 14:07:27||43353|308027464|310836472
12939|0|99858|01/01/2024 01:19:29||3031|685560|999864
13019|0|79622|01/01/2024 01:56:21||819|2217118456|4604437920
5103|0|16277|31/12/2023 13:29:20||45640|2071973776|2896694320
13000|0|63116|01/01/2024 01:41:31||1709|255726688|359952280
7188|0|54489|31/12/2023 23:15:26||10474|7155889632|8144444168
11745|0|4814|31/12/2023 13:41:30||44910|28698191968|37501869752
11747|0|17550|31/12/2023 22:12:20||14260|5522917184|7456710080
11749|0|49631|31/12/2023 18:45:29||26671|8314992416|11887303264
12891|0|66727|01/01/2024 00:50:36||4764|142654904|178354448
5120|0|31810|31/12/2023 21:48:45||15675|1347908960|1767902952
5121|0|30453|31/12/2023 12:13:13||50207|9366880128|11135414952
12865|0|32232|01/01/2024 00:49:41||4819|1412920800|1662939448
12912|0|35516|01/01/2024 01:09:52||3608|435536688|548955104
12913|0|31906|01/01/2024 01:05:56||3844|618255864|745624200
11759|0|18957|31/12/2023 15:08:06||39714|6905166472|7043083848
13001|0|51211|01/01/2024 01:42:37||1643|18533784|23497448
7202|0|70169|31/12/2023 20:15:01||21299|12985718160|17145014928
11762|0|46986|31/12/2023 14:10:50||43150|2609600384|3403743808
12982|0|23505|01/01/2024 01:30:27||2373|2459119568|2523409016
5129|0|16362|31/12/2023 12:03:23||50797|4313432016|5479609872
11764|0|89361|31/12/2023 23:57:04||7976|293471024|324253896
7203|0|60604|31/12/2023 15:00:17||40183|12446835248|13238500624
7204|0|25321|31/12/2023 17:23:49||31571|12628191832|14796816160
5130|0|76590|31/12/2023 14:53:55||40565|3604609640|4360691440
11767|0|18825|31/12/2023 18:38:35||27085|17042438448|21034441240
7212|0|44745|31/12/2023 19:25:17||24283|3376051952|3472638000
7214|0|84423|31/12/2023 23:20:00||10200|6879862824|10034457136
12892|0|88803|01/01/2024 00:59:40||4220|37686448|44618848
7217|0|98215|31/12/2023 13:00:36||47364|34062451744|36089136392
11771|0|85856|31/12/2023 17:44:40||30320|8517756368|11817335048
7218|0|74749|31/12/2023 13:08:00||46920|6253246616|9362144208
7220|0|87252|31/12/2023 20:40:43||19757|3880782232|5243310152
11775|0|59369|31/12/2023 19:39:42||23418|7462061504|8775966848
7223|0|36663|31/12/2023 17:29:05||31255|4218739664|6076208712
11777|0|57243|31/12/2023 18:16:53||28387|38509872632|89230750408
11779|0|66095|31/12/2023 12:26:27||49413|7114030520|9056423256
11781|0|80746|31/12/2023 18:38:36||27084|5195500456|5461404352
11783|0|96534|31/12/2023 16:31:31||34709|12907446440|16852577880
7231|0|5989|31/12/2023 21:57:26||15154|576120360|764627680
11784|0|27952|31/12/2023 18:42:00||26880|13894194592|17110587984
12820|0|96379|01/01/2024 00:22:54||6426|85197904|88224256
12940|0|18724|01/01/2024 01:17:57||3123|2174561632|2548994368
11787|0|20125|31/12/2023 16:45:40||33860|2954925512|4372714328
7233|0|14780|31/12/2023 12:11:00||50340|9526653056|10554005840
11789|0|90014|31/12/2023 16:14:07||35753|14964080040|18922928288
11791|0|4593|31/12/2023 17:41:34||30506|23897778312|28524392424
11792|0|16644|31/12/2023 20:48:35||19285|4751324616|6316967288
12776|0|75854|01/01/2024 00:01:43||7697|22050820864|53759217936
7236|0|88091|31/12/2023 12:30:49||49151|4084096120|5402401968
7237|0|91923|31/12/2023 18:49:15||26445|596547224|850681840
7243|0|90408|31/12/2023 16:24:56||35104|9143362432|10340491160
11795|0|81346|31/12/2023 19:15:41||24859|2591456512|3833334480
12841|0|79078|01/01/2024 00:33:28||5792|2110878664|2163383312
11799|0|23717|31/12/2023 19:35:24||23676|86956591480|168607177616
7247|0|26547|31/12/2023 13:24:10||45950|2761907672|2901698520
11800|0|92224|31/12/2023 16:11:33||35907|14485206392|18488857736
11801|0|8148|31/12/2023 15:47:31||37349|6213074664|8477332104
7251|0|69759|31/12/2023 20:59:59||18601|6581245696|7772921856
7254|0|26780|31/12/2023 22:55:21||11679|1916547520|2607808272
7256|0|4539|31/12/2023 15:59:01||36659|135248704|154905024
12914|0|38718|01/01/2024 01:04:01||3959|7369955456|21788796304
7260|0|29153|31/12/2023 18:36:09||27231|2187498456|4630133784
7262|0|99462|31/12/2023 23:43:32||8788|3799673096|4317320384
13002|0|60165|01/01/2024 01:47:18||1362|378566152|382360808
12866|0|65638|01/01/2024 00:45:30||5070|866679024|911576240
11808|0|86640|31/12/2023 18:48:17||26503|9173939992|11149557432
12800|0|87848|01/01/2024 00:19:12||6648|309671208|365405352
12867|0|22919|01/01/2024 00:48:28||4892|348813928|510574680
7270|0|66722|31/12/2023 13:13:28||46592|6753833616|6815564512
11812|0|47552|31/12/2023 16:40:21||34179|67838833488|199541112920
11814|0|78509|31/12/2023 17:06:59||32581|2318478416|2685796472
11817|0|8441|31/12/2023 18:20:18||28182|6777363032|10117407288
11819|0|48689|31/12/2023 22:27:53||13327|40991122560|80888306136
7275|0|36175|31/12/2023 12:23:53||49567|11983913488|16086084808
11820|0|79082|31/12/2023 16:48:59||33661|4064677792|4082499288
13043|0|38222|01/01/2024 02:03:37||383|115749176|163507320
7277|0|21763|31/12/2023 23:37:44||9136|560420816|819757280
7279|0|54220|31/12/2023 15:26:38||38602|150274212784|306643413504
7280|0|26580|31/12/2023 20:54:50||18910|4086756928|4662493624
11823|0|79493|31/12/2023 18:25:27||27873|3734647528|5217804496
7284|0|23876|31/12/2023 22:51:37||11903|2321086088|2813509464
11824|0|66619|31/12/2023 18:30:08||27592|30495317432|58943165008
11825|0|31694|31/12/2023 16:24:11||35149|12272808064|13985785552
12842|0|62492|01/01/2024 00:39:06||5454|1658615192|2025372144
11829|0|60248|31/12/2023 14:55:13||40487|76889878544|227882029664
13020|0|78104|01/01/2024 01:55:56||844|599650680|657039536
12843|0|31508|01/01/2024 00:33:29|01/01/2024 02:06:13|5564|2577139040|3124629296
5206|0|41700|31/12/2023 20:41:11||19729|7297197800|8843448024
7295|0|18066|31/12/2023 23:57:26||7954|14082527328|35017512232
11834|0|42312|31/12/2023 22:09:43||14417|4734825464|5131029976
11836|0|78636|31/12/2023 20:02:22||22058|2743276904|3389192816
11837|0|81955|31/12/2023 17:47:01||30179|423719880|482163408
7298|0|86179|31/12/2023 20:33:02||20218|50732296184|123951644472
12893|0|97111|01/01/2024 00:51:35||4705|272017848|389475888
13003|0|38141|01/01/2024 01:40:04||1796|140540848|180096696
7302|0|16344|31/12/2023 15:53:20||37000|92473480032|195285495336
11841|0|58373|31/12/2023 21:31:14||16726|1489752072|1615566256
11842|0|67666|31/12/2023 18:21:08||28132|3981232240|4498622248
11844|0|67311|31/12/2023 13:48:37||44483|16304941224|18025837224
7306|0|47406|31/12/2023 20:41:07||19733|51098567736|152844514392
7308|0|42829|31/12/2023 18:03:54||29166|5808133776|6387757768
11849|0|38580|31/12/2023 16:43:08||34012|5186612192|7710215496
11852|0|20046|31/12/2023 18:17:22||28358|12378555656|12817726400
11853|0|40916|31/12/2023 18:24:07||27953|2577715104|3302175456
7315|0|71324|31/12/2023 18:29:34||27626|2236199984|2623508544
7317|0|54993|31/12/2023 17:20:56||31744|17464450824|20438601680
5222|0|73198|31/12/2023 14:21:18||42522|5912276080|8173790864
7319|0|85732|31/12/2023 13:47:53||44527|9715119552|11245196008
11854|0|37858|31/12/2023 19:32:26||23854|1870031072|1966038288
7323|0|23399|31/12/2023 21:49:24||15636|3341436760|4702881552
12801|0|4618|01/01/2024 00:13:30||6990|20322902744|46014243456
5225|0|11077|31/12/2023 19:34:37||23723|6066294776|7774449336
5227|0|32705|31/12/2023 20:15:42||21258|16002530704|23437551760
7328|0|66256|31/12/2023 13:41:14||44926|19992716416|20394562088
13021|0|56307|01/01/2024 01:57:58||722|10357936|14174872
11862|0|48135|31/12/2023 12:03:01||50819|15007059472|17943739648
5236|0|88454|31/12/2023 19:54:58||22502|882274680|1023229832
5238|0|35062|31/12/2023 15:39:37||37823|6703095832|8490410728
7334|0|61149|31/12/2023 14:01:14||43726|4156845848|5718910808
7335|0|32834|31/12/2023 14:08:13||43307|670086440|968991656
11865|0|18927|31/12/2023 17:02:50||32830|5760650632|7954279336
11866|0|44714|31/12/2023 13:49:24||44436|4021257376|5818174792
11867|0|73768|31/12/2023 12:11:13||50327|11697719464|12052232920
7339|0|71703|31/12/2023 22:56:43||11597|5877001920|7523074744
11868|0|82867|31/12/2023 19:59:05||22255|22672411712|58185211176
12844|0|77934|01/01/2024 00:34:49||5711|3074527496|4181274008
7342|0|86578|31/12/2023 23:48:29||8491|15954841216|39030175568
12821|0|13803|01/01/2024 00:23:24||6396|77245440|100355616
13004|0|49783|01/01/2024 01:45:22||1478|811651792|1212524704
11879|0|16122|31/12/2023 21:31:06||16734|1916574624|2276217112
7344|0|88096|31/12/2023 17:31:42||31098|9065214816|12616696984
11880|0|4606|31/12/2023 14:40:05||41395|7571660952|10858471696
11883|0|38214|31/12/2023 14:47:46||40934|5730568712|6107739144
5256|0|49105|31/12/2023 23:46:29||8611|2893463840|3725150992
11887|0|8771|31/12/2023 12:29:19||49241|128210809848|326940067720
7358|0|89046|31/12/2023 13:46:10||44630|8604521992|8666258376
11888|0|59817|31/12/2023 20:17:13||21167|21152777592|28041594360
11889|0|5708|31/12/2023 20:42:23||19657|4821219320|7218267296
12983|0|21901|01/01/2024 01:35:12||2088|390455336|397204928
12894|0|87742|01/01/2024 00:56:48||4392|383247968|456844560
12941|0|76085|01/01/2024 01:16:18||3222|181577408|218444904
7365|0|63065|31/12/2023 13:59:33||43827|4280987240|6266157240
7371|0|36128|31/12/2023 15:26:56|01/01/2024 02:07:09|38413|28727634448|32104505104
11896|0|35038|31/12/2023 13:12:58||46622|162298674528|301905354064
7374|0|15177|31/12/2023 23:06:02|01/01/2024 02:08:24|10942|10239970128|23584585904
5278|0|75731|31/12/2023 12:03:13||50807|2742575144|3535818424
11898|0|13160|31/12/2023 13:38:21||45099|18822616984|22691923888
7375|0|91272|31/12/2023 12:05:27||50673|14119480272|15844660576
11899|0|86394|31/12/2023 16:36:54||34386|3564874248|5081550864
11901|0|51005|31/12/2023 17:53:19||29801|8220352400|11381731448
7379|0|63511|31/12/2023 14:46:08||41032|96994353664|254482777896
11904|0|20600|31/12/2023 20:21:23||20917|4983050016|6299450904
11906|0|61887|31/12/2023 17:49:14||30046|8140902360|9635606728
11907|0|82469|31/12/2023 16:38:24||34296|2173907512|2532498944
12845|0|65046|01/01/2024 00:37:57||5523|13299990568|28034468424
7384|0|40852|31/12/2023 13:35:10||45290|9205955464|13010924912
11910|0|7986|31/12/2023 16:07:20||36160|2253578616|2424632192
11911|0|75318|31/12/2023 18:59:27||25833|9821170360|9847566600
11914|0|76632|31/12/2023 14:40:41||41359|17086815968|18113782920
11915|0|58272|31/12/2023 16:43:05||34015|3050534032|3995174080
7388|0|91313|31/12/2023 12:37:43||48737|34451557152|39035366960
11916|0|92306|31/12/2023 23:34:26||9334|876126960|933911600
12822|0|42589|01/01/2024 00:28:25||6095|594353936|631275912
7395|0|59792|31/12/2023 16:42:47||34033|55666519976|146037757328
11922|0|99038|31/12/2023 17:38:08||30712|8510867520|9052065584
11925|0|44391|31/12/2023 20:10:28||21572|2209663480|3296602008
5297|0|58156|31/12/2023 13:47:28||44552|11325613096|11909089152
7399|0|72497|31/12/2023 23:36:24||9216|7196136520|8249197368
5301|0|23057|31/12/2023 15:53:29||36991|18405800344|24451618984
7401|0|64453|31/12/2023 16:37:01||34379|2832376280|3247017984
12942|0|33334|01/01/2024 01:19:48||3012|955062968|1298015504
7404|0|82975|31/12/2023 16:17:48||35532|11238358272|11763902144
12895|0|7198|01/01/2024 00:52:14||4666|364133136|491425056
11933|0|48755|31/12/2023 16:43:52||33968|2051260520|2912701632
7405|0|65551|31/12/2023 21:53:52||15368|3573975976|4047502568
11934|0|88718|31/12/2023 15:15:32||39268|11584414960|11747669168
7406|0|18024|31/12/2023 23:03:04||11216|1476443032|1531580304
5314|0|89308|31/12/2023 14:31:28||41912|6540573216|9781382848
11936|0|67178|31/12/2023 16:43:33||33987|55510047712|140898295544
5327|0|20897|31/12/2023 12:53:35||47785|40592947000|41629992192
11939|0|68717|31/12/2023 22:45:32||12268|441110352|631476352
13005|0|91131|01/01/2024 01:45:31||1469|65803016|89384904
7419|0|74768|31/12/2023 15:28:21||38499|12845184912|14913558032
11942|0|77025|31/12/2023 22:53:49||11771|7785912216|8951316192
11943|0|52355|31/12/2023 12:15:17||50083|1735673208|2531899768
5333|0|14553|31/12/2023 19:39:34||23426|4274949488|4605648584
11944|0|87529|31/12/2023 18:32:20||27460|5427133168|6670191864
5335|0|93897|31/12/2023 15:07:59||39721|21782142552|26066103896
7424|0|38509|31/12/2023 20:03:08||22012|2625498128|3303849048
11947|0|77752|31/12/2023 18:35:30||27270|10941827224|11952200656
7427|0|5777|31/12/2023 14:13:05||43015|7699757984|10350933400
7431|0|25002|31/12/2023 19:27:54||24126|5052179200|7241949784
7434|0|53526|31/12/2023 22:43:33||12387|2218374560|2534892664
11950|0|54759|31/12/2023 22:09:40||14420|1074335368|1192013416
7438|0|10306|31/12/2023 21:42:39||16041|898727440|1335627976
11951|0|91721|31/12/2023 16:55:08||33292|4877160784|5660588544
12777|0|58622|01/01/2024 00:05:25||7475|3597168640|3718022424
11953|0|68298|31/12/2023 17:38:43||30677|7042015616|10216396176
7444|0|63883|31/12/2023 22:09:26||14434|394970248|503303360
7445|0|55387|31/12/2023 22:57:23||11557|37640592|51310104
7446|0|32567|31/12/2023 14:38:01||41519|5567361064|7559237056
12943|0|67103|01/01/2024 01:13:55||3365|13305232784|33270158536
7453|0|55102|31/12/2023 13:45:57||44643|9158196072|10082140720
11960|0|80867|31/12/2023 19:47:04||22976|3974556464|5237856832
11961|0|66198|31/12/2023 22:05:48||14652|5199323184|6815289152
7455|0|99225|31/12/2023 21:02:43||18437|4389760984|4690396272
11963|0|51298|31/12/2023 18:58:35|01/01/2024 02:00:05|25290|2849187312|4256766984
13044|0|51298|01/01/2024 02:01:09||531|89554840|98992696
5365|0|57145|31/12/2023 18:30:16||27584|8702319712|12133598208
11965|0|26795|31/12/2023 15:27:29||38551|885046768|935749688
11966|0|80397|31/12/2023 23:08:48||10872|1437570608|1694247080
11968|0|31381|31/12/2023 21:51:01||15539|488394952|511375304
11970|0|33122|31/12/2023 21:21:08||17332|33340234856|64707371568
5380|0|35949|31/12/2023 16:23:27||35193|6717629296|8027683720
7469|0|21827|31/12/2023 12:12:47||50233|1764203320|2289500336
7472|0|51103|31/12/2023 23:28:32||9688|6224251256|7212218984
5381|0|79687|31/12/2023 20:23:12||20808|6608744192|8510506600
5385|0|69686|31/12/2023 14:48:10||40910|16723995752|18064201672
5386|0|66026|31/12/2023 18:22:05||28075|106812953552|202242344376
11975|0|53935|31/12/2023 18:26:19||27821|10982351392|15684109600
12823|0|63794|01/01/2024 00:28:41||6079|380651656|480759768
7477|0|38745|31/12/2023 12:55:09||47691|26975652768|30848960552
7484|0|32328|31/12/2023 19:39:43||23417|1448547928|1508593960
5393|0|4467|31/12/2023 17:20:47||31753|2843650320|4028232232
11980|0|66645|31/12/2023 13:22:22||46058|8935099608|12321297888
11981|0|39927|31/12/2023 17:35:17||30883|66550816744|177242869688
7488|0|32294|31/12/2023 20:00:52||22148|2362331040|3375630576
7490|0|90910|31/12/2023 21:08:36||18084|6878107184|7340877128
11985|0|97084|31/12/2023 14:25:33||42267|14616219712|17917637040
7493|0|22859|31/12/2023 21:17:32||17548|662490824|735291440
7496|0|97830|31/12/2023 18:03:20||29200|3525754440|5092432168
7499|0|79123|31/12/2023 14:19:15||42645|5529062448|7140684872
7503|0|45765|31/12/2023 12:04:19||50741|9350085400|11631200672
7504|0|81151|31/12/2023 16:53:09||33411|4930958112|6702107120
11987|0|52373|31/12/2023 17:01:52||32888|7041031816|9497399416
7506|0|66185|31/12/2023 22:42:09||12471|8900980728|10790702632
5412|0|24393|31/12/2023 23:41:44||8896|4883260448|5148412728
7513|0|52630|31/12/2023 20:06:44||21796|2206650296|2959167248
7514|0|80798|31/12/2023 19:27:16||24164|5649239168|7878139632
13022|0|13029|01/01/2024 01:56:54||786|181842504|263281192
12944|0|4087|01/01/2024 01:12:21||3459|1046604760|1098106360
7515|0|76719|31/12/2023 12:46:33||48207|128883380384|324002202280
7516|0|36934|31/12/2023 19:51:58||22682|5874405528|8464138912
7518|0|53663|31/12/2023 14:48:00||40920|2438702072|3069585056
7522|0|29777|31/12/2023 23:21:25||10115|508850344|671939664
7523|0|84210|31/12/2023 18:37:20||27160|46455242000|128327863504
7525|0|44497|31/12/2023 17:08:29||32491|20102723664|29004659344
7527|0|30797|31/12/2023 22:17:55||13925|2545121688|2927427296
11995|0|93343|31/12/2023 18:49:59||26401|35580530976|96564116824
11997|0|21417|31/12/2023 16:48:47||33673|8706484592|11370633448
5422|0|94556|31/12/2023 16:11:15||35925|5749315904|6258579056
12779|0|88205|01/01/2024 00:07:33||7347|997405040|1092518192
5425|0|26137|31/12/2023 21:54:45||15315|888123040|896364824
12001|0|77259|31/12/2023 19:57:42||22338|804929928|805317360
7535|0|76870|31/12/2023 19:27:55||24125|5177684480|6792890944
7538|0|89519|31/12/2023 15:23:24||38796|124830319856|239657880128
12824|0|11325|01/01/2024 00:20:17||6583|8654141496|22617107952
5427|0|45932|31/12/2023 21:13:33||17787|2432963608|3551282392
7541|0|54879|31/12/2023 15:48:08||37312|8339003160|11144535144
13045|0|28538|01/01/2024 02:00:00||600|142649872|195516896
7542|0|10559|31/12/2023 16:11:03||35937|27348920784|27687231640
5429|0|31407|31/12/2023 17:23:41||31579|8316861896|9867323008
12945|0|55502|01/01/2024 01:18:51||3069|372539888|403002696
12005|0|98651|31/12/2023 18:33:04||27416|1103394088|1341574512
12006|0|97289|31/12/2023 13:22:38||46042|18345838808|23434565000
12008|0|5653|31/12/2023 17:43:56||30364|2707741008|3487595480
12009|0|9731|31/12/2023 22:59:26||11434|23235821280|59090864176
7550|0|32366|31/12/2023 12:22:19||49661|204606510888|512105195320
7551|0|60773|31/12/2023 18:53:26||26194|2575808320|3327337888
7555|0|86096|31/12/2023 22:03:57||14763|63749211464|128336340808
12012|0|10021|31/12/2023 18:58:27||25893|759821712|803029496
5440|0|98479|31/12/2023 22:39:27||12633|1943729576|2549996520
12780|0|15671|01/01/2024 00:00:53||7747|6545987280|7784733936
12802|0|13744|01/01/2024 00:16:19||6821|585114832|614336912
5442|0|68860|31/12/2023 18:50:46||26354|2378917768|2634820816
7558|0|86952|31/12/2023 15:12:04||39476|13759621176|14310944392
5443|0|80900|31/12/2023 19:52:51||22629|3284276304|4465260168
12984|0|48095|01/01/2024 01:38:47||1873|392434016|460251296
12017|0|55313|31/12/2023 21:19:49||17411|3303600144|4011777416
12018|0|18593|31/12/2023 15:31:20||38320|26631277104|26921550344
13046|0|79106|01/01/2024 02:01:46||494|92152728|102600824
7565|0|45528|31/12/2023 17:06:41||32599|107499086312|201368283048
12022|0|78121|31/12/2023 18:06:07||29033|30720949000|34892378520
7566|0|41018|31/12/2023 21:47:57||15723|125967464|147917888
12781|0|88853|01/01/2024 00:04:24||7536|1303763392|1305011832
12026|0|48342|31/12/2023 23:01:40||11300|4808195072|6206339544
12027|0|26118|31/12/2023 15:11:31||39509|6697975496|9449821960
12029|0|79262|31/12/2023 21:13:55||17765|7068724976|7222106088
12033|0|16861|31/12/2023 23:27:13||9767|827649864|1201238016
7569|0|25860|31/12/2023 12:37:50||48730|10917639576|11749057800
12985|0|8450|01/01/2024 01:33:27||2193|485247696|592875280
12915|0|68623|01/01/2024 01:09:58||3602|825197368|1050435760
7571|0|76584|31/12/2023 20:21:18||20922|6239762688|8238622160
12037|0|5632|31/12/2023 12:30:34||49166|18097675272|20343787088
7573|0|55126|31/12/2023 21:04:58||18302|33195461880|93112710208
12825|0|6953|01/01/2024 00:26:16||6224|44062808|57639832
7574|0|89785|31/12/2023 13:49:16||44444|10428563016|13336916032
12041|0|21544|31/12/2023 20:30:47||20353|7181322240|8859302792
12043|0|15458|31/12/2023 22:03:19||14801|851700032|902835280
12044|0|25742|31/12/2023 22:47:30||12150|4295666688|5310264048
12045|0|5573|31/12/2023 19:38:58||23462|2011387520|2474473040
12046|0|35686|31/12/2023 16:43:25||33995|134532123016|251808979296
12047|0|82973|31/12/2023 18:10:59||28741|1691850016|2317609816
12868|0|69209|01/01/2024 00:48:55||4865|1052378440|1538812176
13023|0|78455|01/01/2024 01:53:22||998|829642816|920036480
12051|0|12626|31/12/2023 14:17:51||42729|1223370608|1546139296
7581|0|51972|31/12/2023 12:24:39||49521|12811635448|15370921448
12053|0|48466|31/12/2023 20:58:52||18668|1437288696|2124315672
12055|0|76481|31/12/2023 16:09:09||36051|15217992944|18559881056
12056|0|47102|31/12/2023 15:55:29||36871|10806876384|10833699984
7588|0|50119|31/12/2023 13:54:00||44160|27419011408|35664214408
12058|0|84737|31/12/2023 21:28:15||16905|325491952|431523080
7590|0|69231|31/12/2023 16:24:12||35148|14790126288|20916943776
12059|0|83852|31/12/2023 18:27:58||27722|3637589776|4299804432
7591|0|71826|31/12/2023 16:11:44||35896|4537641744|4853236336
12060|0|78405|31/12/2023 22:00:20||14980|64681653128|121705955920
7595|0|54072|31/12/2023 18:45:04||26696|4337150368|6297691320
7596|0|96073|31/12/2023 21:24:55||17105|1254884968|1449016968
7597|0|13012|31/12/2023 17:20:39||31761|71478265048|144169630560
12946|0|20461|01/01/2024 01:13:22||3398|525839656|609957048
7598|0|86957|31/12/2023 12:10:49||50351|1736012648|2576170472
12826|0|62538|01/01/2024 00:26:54||6186|225566576|282682592
12065|0|84557|31/12/2023 12:21:38||49702|110847322192|239150778696
7604|0|38351|31/12/2023 21:18:19||17501|6533228744|8790629096
7605|0|6918|31/12/2023 13:38:23|01/01/2024 02:06:33|44890|13713935168|19512602272
7609|0|76396|31/12/2023 22:49:04||12056|5336730688|5378184856
12070|0|6302|31/12/2023 23:56:44||7996|1027797944|1438287648
7610|0|78294|31/12/2023 20:33:53||20167|9557754696|14029546224
7611|0|30325|31/12/2023 14:14:05||42955|3664287480|5456054320
12072|0|58758|31/12/2023 13:54:24||44136|2222930704|2260315224
7616|0|57706|31/12/2023 23:01:01||11339|21698835272|60291022360
12947|0|17555|01/01/2024 01:14:12||3348|237863528|255577936
12803|0|97683|01/01/2024 00:14:31||6929|50952592|59165176
12077|0|15140|31/12/2023 13:38:53||45067|8961057952|11277486336
12804|0|9484|01/01/2024 00:14:56||6904|1262945800|1823556792
5503|0|14177|31/12/2023 16:05:06||36294|8851063568|9534716608
12085|0|7936|31/12/2023 13:53:39||44181|14734873848|19210320040
7624|0|91770|31/12/2023 21:39:16||16244|2103673688|2258979744
12086|0|85504|31/12/2023 15:56:56||36784|26718326896|32168256696
12088|0|35572|31/12/2023 20:36:26||20014|8776383176|8855597416
7625|0|50217|31/12/2023 12:15:21||50079|11442664664|15038175728
12869|0|24620|01/01/2024 00:47:28||4952|891526192|935508120
7628|0|81865|31/12/2023 12:55:06||47694|39003654440|40993503416
7629|0|9699|31/12/2023 19:55:14||22486|2251597128|3023023048
12096|0|42216|31/12/2023 13:31:42||45498|9591057224|11969812360
7634|0|7659|31/12/2023 21:32:39||16641|582626464|694272640
5522|0|59871|31/12/2023 23:02:02||11278|2451973016|3570222032
7637|0|65242|31/12/2023 18:56:38||26002|3203098848|4503559192
12099|0|83574|31/12/2023 19:55:22||22478|104723380680|237607395776
12101|0|59285|31/12/2023 17:30:58||31142|4320522568|4688454920
12102|0|11094|31/12/2023 15:46:02||37438|7988258000|11354800616
7643|0|52873|31/12/2023 15:47:23||37357|9122208152|12151078360
12103|0|20948|31/12/2023 13:22:39||46041|18663767504|20558673184
12896|0|95063|01/01/2024 00:56:49||4391|547596648|785748008
7649|0|22626|31/12/2023 19:56:03||22437|3514848448|4855172752
12107|0|37512|31/12/2023 20:33:28||20192|11506701592|14258976784
12108|0|35844|31/12/2023 16:44:26||33934|6542485704|8720157088
7650|0|21578|31/12/2023 18:55:55||26045|2298759240|2426176168
5541|0|40236|31/12/2023 17:52:10||29870|7133815176|10092606720
7651|0|74252|31/12/2023 23:49:45||8415|17839774464|49206182240
7652|0|36211|31/12/2023 17:18:23||31897|1611912848|2186562832
12110|0|95626|31/12/2023 13:40:58||44942|6298222920|7971387952
12111|0|44332|31/12/2023 20:26:35||20605|5854330856|6879498824
5549|0|97929|31/12/2023 21:03:46||18374|7440871368|9171481456
12114|0|97644|31/12/2023 12:02:00||50880|16393515864|17067210824
7659|0|66446|31/12/2023 13:52:16||44264|3246555160|4507506560
12118|0|95175|31/12/2023 12:32:13||49067|9530285224|10919743304
5553|0|18475|31/12/2023 19:01:07||25733|1303319624|1847864432
12782|0|19965|01/01/2024 00:01:34||7706|444768864|598124864
12121|0|36373|31/12/2023 16:41:54||34086|1613703888|1944529344
7662|0|98472|31/12/2023 23:28:43||9677|5404580352|7979269216
7663|0|76698|31/12/2023 23:44:52||8708|847057520|953995392
7664|0|85429|31/12/2023 19:50:38||22762|4618110528|5320189680
12125|0|40634|31/12/2023 19:44:18||23142|313839120|380773920
7667|0|75357|31/12/2023 21:08:21||18099|4472689416|5169966136
12126|0|51641|31/12/2023 15:58:03||36717|75669656728|158248996928
7668|0|82539|31/12/2023 16:17:29||35551|1825962480|2559886024
12128|0|25379|31/12/2023 14:45:47||41053|1592781632|1599006016
12131|0|7189|31/12/2023 22:29:18||13242|1098369088|1161974608
12132|0|44695|31/12/2023 12:51:23||47917|18315093592|22330646312
7675|0|19394|31/12/2023 15:17:23||39157|92702127296|204520384800
7676|0|42042|31/12/2023 19:12:33||25047|959625448|1286402512
7679|0|81440|31/12/2023 18:29:55||27605|20071004712|29710392192
7680|0|79473|31/12/2023 23:22:32||10048|2583522944|3770808256
12870|0|80338|01/01/2024 00:49:04||4856|14288925456|40515460568
12805|0|80111|01/01/2024 00:15:36||6864|1211527320|1495018992
7683|0|75508|31/12/2023 23:14:55||10505|2552038680|2754916168
7684|0|60063|31/12/2023 23:33:02||9418|3177247376|3962704472
7685|0|56510|31/12/2023 15:37:10||37970|21383051272|29726758896
12139|0|45148|31/12/2023 13:34:55||45305|15299239792|15802824400
12986|0|62410|01/01/2024 01:34:14||2146|296356632|303175888
7690|0|8112|31/12/2023 20:59:50||18610|3437955640|3901079008
7695|0|77834|31/12/2023 18:28:46||27674|1995480904|2655824656
7697|0|37121|31/12/2023 15:44:45||37515|525394160|688189144
5579|0|79657|31/12/2023 13:00:25||47375|39815465920|57269630232
5585|0|89206|31/12/2023 13:27:19||45761|21971056240|28067759256
7706|0|35946|31/12/2023 15:31:52||38288|5599388856|7281486416
7708|0|48275|31/12/2023 18:20:20||28180|636513600|907212144
7711|0|5630|31/12/2023 16:48:39||33681|63106483512|132475697752
13024|0|61600|01/01/2024 01:52:24||1056|810976168|1145743720
12145|0|11799|31/12/2023 15:34:48||38112|4889345664|5138288936
7714|0|12070|31/12/2023 23:28:33||9687|4149336576|5673856976
7715|0|91531|31/12/2023 16:09:54||36006|1983846632|2447886976
7719|0|93368|31/12/2023 17:16:15||32025|18148405912|24586080048
12147|0|42501|31/12/2023 21:19:48||17412|530048896|748146888
5612|0|45343|31/12/2023 12:11:46||50294|14668869560|14909795648
7724|0|89316|31/12/2023 20:51:47||19093|5198777784|7131069448
12150|0|97949|31/12/2023 13:22:44||46036|11273090624|12461129848
7732|0|5341|31/12/2023 22:32:47||13033|1968918096|2613461320
7733|0|50487|31/12/2023 18:12:24||28656|15640506376|16040016552
13006|0|49346|01/01/2024 01:48:35||1285|263758640|352250496
12806|0|22037|01/01/2024 00:11:37||7103|744874696|768382784
12159|0|15632|31/12/2023 21:36:27||16413|1111648112|1271476480
12160|0|86647|31/12/2023 15:04:31||39929|7301506936|10161323400
7738|0|76334|31/12/2023 18:39:18||27042|11280440464|14922651544
5639|0|65090|31/12/2023 17:39:20||30640|5127766336|7565604056
5640|0|41871|31/12/2023 17:48:29||30091|11112218976|13871742224
5641|0|50596|31/12/2023 16:27:55||34925|24186373080|70165122968
7740|0|89993|31/12/2023 12:34:03||48957|16272338680|19421774808
7742|0|9643|31/12/2023 21:45:13||15887|3196464|4119816
12783|0|57927|01/01/2024 00:04:14||7546|3108647800|3418083064
12162|0|60474|31/12/2023 18:44:04||26756|2957025224|3601699520
12960|0|93551|01/01/2024 01:26:26||2614|1521281488|1681889872
12871|0|69962|01/01/2024 00:44:53||5107|386181944|402516456
12166|0|34171|31/12/2023 15:37:23||37957|3085651904|3304298072
5648|0|70987|31/12/2023 12:15:56||50044|3221443192|4094710080
12916|0|48315|01/01/2024 01:06:47||3793|217153520|233283272
12169|0|89289|31/12/2023 18:26:45|01/01/2024 02:09:36|27771|7734232376|9657776304
12948|0|30802|01/01/2024 01:11:07||3533|680113552|710688320
13025|0|59591|01/01/2024 01:51:03||1137|541292376|576646832
7753|0|53609|31/12/2023 18:51:15||26325|1951462304|2155689960
12961|0|79133|01/01/2024 01:29:12||2448|286198112|387515456
7754|0|7346|31/12/2023 23:10:07||10793|2058634712|2138927784
5652|0|4571|31/12/2023 19:54:13||22547|1276161792|1295561632
12827|0|99367|01/01/2024 00:28:07||6113|340346840|378400096
12175|0|77547|31/12/2023 22:53:49||11771|880844152|1076231520
12176|0|84629|31/12/2023 18:48:33||26487|1986027448|2617380544
12177|0|24235|31/12/2023 15:01:01||40139|1917255456|1944430704
5656|0|18451|31/12/2023 22:15:27||14073|1292679152|1580510008
7760|0|95315|31/12/2023 17:48:46|01/01/2024 02:08:00|29954|54602332624|121762198168
13026|0|87040|01/01/2024 01:59:26||634|541070856|572143696
5660|0|43936|31/12/2023 23:42:46||8834|4557637840|5259848632
12846|0|12308|01/01/2024 00:39:14||5446|1247880104|1504457576
12181|0|31637|31/12/2023 21:12:10||17870|476398872|551514008
12182|0|45869|31/12/2023 21:50:58||15542|551061752|799333224
7764|0|62232|31/12/2023 22:48:08||12112|4006324160|4849355976
12897|0|15781|01/01/2024 00:59:25||4235|927517576|1262654232
12185|0|80543|31/12/2023 19:39:07||23453|5883019896|7324195840
12187|0|46049|31/12/2023 20:33:48||20172|10526768304|14081120888
7768|0|6168|31/12/2023 15:33:18||38202|15685118624|16208335000
7770|0|13359|31/12/2023 21:42:11||16069|3664751280|4844508792
12190|0|34436|31/12/2023 15:59:39||36621|7941352400|9984994312
12917|0|94877|01/01/2024 01:09:55||3605|348104240|520129640
7771|0|98813|31/12/2023 12:03:26||50794|7494041056|9626140672
12847|0|8845|01/01/2024 00:37:46||5534|198653872|254821016
12918|0|44668|01/01/2024 01:01:05||4135|2388556488|2421287072
7778|0|76454|31/12/2023 23:37:29||9151|3806337560|4548710368
7780|0|32627|31/12/2023 15:36:06||38034|107538489552|202963352976
12807|0|51623|01/01/2024 00:16:34||6806|7943837744|18065986136
5682|0|47605|31/12/2023 17:53:01||29819|6818871200|7273195208
5683|0|40770|31/12/2023 15:47:13||37367|2956753176|3027447976
5684|0|26805|31/12/2023 19:40:36||23364|50938613328|104036252512
7784|0|55774|31/12/2023 23:43:17||8803|2950888736|2998139048
12949|0|30269|01/01/2024 01:13:17||3403|760153416|780538488
12828|0|64809|01/01/2024 00:25:58||6242|366697776|469852024
7785|0|16287|31/12/2023 16:15:18||35682|13585928928|14220143424
7789|0|12117|31/12/2023 23:26:38||9802|3051328720|3368066760
12207|0|99443|31/12/2023 18:10:20||28780|1515358720|1606036336
12208|0|25855|31/12/2023 23:53:30||8190|20454794032|50965653376
7790|0|47292|31/12/2023 19:44:59||23101|6561781920|6877989328
7791|0|62621|31/12/2023 15:48:16||37304|4217779992|5037691280
12210|0|15289|31/12/2023 13:54:57||44103|5740614456|8391071544
12808|0|94231|01/01/2024 00:12:50||7030|2858962952|4124333568
7794|0|66723|31/12/2023 23:28:17||9703|300836392|387016880
12213|0|38245|31/12/2023 18:18:09||28311|7012241792|8962348784
7797|0|33117|31/12/2023 22:20:26||13774|1012347896|1481667432
5709|0|66355|31/12/2023 18:40:55||26945|3379777808|4536407056
7798|0|92522|31/12/2023 15:11:30||39510|59769020648|135204842408
7801|0|67205|31/12/2023 14:18:14||42706|2637902912|3504340224
13027|0|73264|01/01/2024 01:55:01||899|2235932248|4572760000
12216|0|39694|31/12/2023 19:43:28||23192|3041476440|3110531176
7803|0|32313|31/12/2023 12:49:05||48055|22133844928|32448203224
5715|0|81845|31/12/2023 15:29:45||38415|8930991792|10610766488
12217|0|66807|31/12/2023 22:12:54||14226|715908064|821069072
12218|0|51683|31/12/2023 20:18:56||21064|1455072584|1760319080
12222|0|76706|31/12/2023 18:19:59||28201|3137738552|3734013376
12223|0|64939|31/12/2023 23:02:36||11244|664476552|743141800
7810|0|7769|31/12/2023 19:30:12||23988|4722685056|6135399592
7814|0|22415|31/12/2023 19:39:25||23435|3929800184|5851429840
7819|0|80160|31/12/2023 14:16:52||42788|4848303784|5017884896
12962|0|82438|01/01/2024 01:25:14||2686|1087104008|1119830992
13007|0|12734|01/01/2024 01:47:10||1370|216111192|305511304
7821|0|42706|31/12/2023 13:02:59||47221|5976595752|8476328208
12230|0|95100|31/12/2023 21:50:37||15563|3851853000|5071185296
7824|0|35133|31/12/2023 13:15:20||46480|2317600528|2745532216
12231|0|71343|31/12/2023 14:50:37||40763|6668538040|6838708536
12784|0|4679|01/01/2024 00:05:03||7497|4311116344|6299356720
7825|0|37455|31/12/2023 19:14:31||24929|2096634120|2107214568
5734|0|35026|31/12/2023 15:18:37||39083|6166991024|6966504488
12235|0|72116|31/12/2023 16:17:35||35545|14725477704|16408662312
12236|0|13777|31/12/2023 15:21:30||38910|27804012536|38181208912
13028|0|34410|01/01/2024 01:50:06||1194|411832728|472527936
12239|0|26103|31/12/2023 12:51:29||47911|7433230184|8790667200
12241|0|26589|31/12/2023 14:04:35||43525|3615304416|4190648944
12242|0|41229|31/12/2023 20:48:33||19287|7090753488|7197787688
7837|0|71547|31/12/2023 20:15:03||21297|1902517648|1976731776
7838|0|32944|31/12/2023 23:35:54||9246|4455992576|5207733976
7842|0|70023|31/12/2023 12:30:50||49150|16003210232|16357424960
12244|0|33672|31/12/2023 17:00:54||32946|5163310592|6278604936
13047|0|42392|01/01/2024 02:09:06||54|14053512|16302296
5748|0|15492|31/12/2023 12:15:42||50058|221777927240|470822826624
12252|0|70958|31/12/2023 22:48:24||12096|1541316784|2150388496
7847|0|48473|31/12/2023 15:20:02||38998|16738832608|20701428440
5757|0|50353|31/12/2023 16:00:37||36563|12492259048|12647242016
7848|0|68727|31/12/2023 14:41:32||41308|4665201592|4836720440
7849|0|80768|31/12/2023 19:23:45||24375|5501650304|7519529664
7851|0|94454|31/12/2023 14:15:35||42865|4994635944|6565746168
12785|0|41412|01/01/2024 00:03:48||7572|336096376|396150992
7855|0|6895|31/12/2023 12:12:22||50258|12842480568|15937160656
12259|0|36440|31/12/2023 13:27:32||45748|25155049128|30212975336
12898|0|24307|01/01/2024 00:53:45||4575|613894024|844710248
7860|0|17773|31/12/2023 23:29:20||9640|12637969136|30289851072
12786|0|91926|01/01/2024 00:03:24||7596|4464908248|5688900440
12262|0|52231|31/12/2023 12:06:57||50583|6850161160|10244439640
12263|0|91980|31/12/2023 16:30:42||34758|11159841192|13908978136
12265|0|64022|31/12/2023 22:01:26||14914|6695053456|7005319024
12267|0|20749|31/12/2023 19:26:28||24212|2866178560|2919761160
13029|0|37826|01/01/2024 01:55:32||868|96109144|132689088
7873|0|63491|31/12/2023 19:06:40||25400|2458311512|3363271968
12272|0|97815|31/12/2023 17:21:04||31736|1522955352|2033396736
13030|0|86057|01/01/2024 01:58:14||706|788093304|848491992
13031|0|35317|01/01/2024 01:51:36||1104|209028408|308042784
7876|0|80531|31/12/2023 21:38:01||16319|1159157152|1442520016
12276|0|21411|31/12/2023 21:14:09||17751|19075429072|54613943000
12987|0|83607|01/01/2024 01:32:19||2261|485225472|515770856
12279|0|93067|31/12/2023 18:37:47||27133|2097747704|2659599880
7879|0|25907|31/12/2023 13:40:58||44942|1250726848|1576375520
12988|0|9189|01/01/2024 01:31:17||2323|343503256|484901936
7886|0|41122|31/12/2023 19:41:18||23322|1906609728|2824147248
7887|0|68955|31/12/2023 18:27:23||27757|1196627720|1729315528
5787|0|25429|31/12/2023 23:24:32||9928|2825524272|6075028408
13048|0|56861|01/01/2024 02:00:54||546|126784816|154203872
12899|0|33950|01/01/2024 00:58:56||4264|513003728|686690016
7894|0|15108|31/12/2023 19:12:25||25055|2684390672|3523604632
12287|0|53244|31/12/2023 20:32:27||20253|6953415880|7978668376
12288|0|74855|31/12/2023 15:33:10||38210|42825329072|106600742848
12289|0|85851|31/12/2023 21:10:21||17979|479144464|599083872
13008|0|40573|01/01/2024 01:48:39||1281|368962272|451228600
5794|0|9180|31/12/2023 18:03:55||29165|17041295088|21591061648
12292|0|94887|31/12/2023 18:34:06||27354|24784386944|28482492816
7906|0|9124|31/12/2023 15:28:22||38498|3826677192|5116576448
7911|0|23060|31/12/2023 16:26:36||35004|7762501768|8845926552
12296|0|38179|31/12/2023 13:58:47||43873|69592610048|130462609344
7912|0|81075|31/12/2023 14:52:52||40628|2987056280|4113028576
12298|0|64648|31/12/2023 14:34:58||41702|7840500448|11043646040
12872|0|91369|01/01/2024 00:48:11||4909|2397582504|3193182160
12300|0|11122|31/12/2023 17:05:34||32666|5697778352|8492654808
12809|0|73115|01/01/2024 00:18:17||6703|10688112752|28124924064
5808|0|49770|31/12/2023 12:50:01||47999|6258671320|7406628784
5809|0|64236|31/12/2023 16:57:09||33171|7415300264|10541660248
12303|0|68611|31/12/2023 14:52:34||40646|1510447096|1966505696
13032|0|62179|01/01/2024 01:51:58||1082|43512616|61114560
12305|0|36055|31/12/2023 22:43:50||12370|2335235072|3134675984
12873|0|99107|01/01/2024 00:48:54||4866|234168088|309404240
7922|0|37004|31/12/2023 19:31:42||23898|3621475872|4365090232
12308|0|31918|31/12/2023 17:46:58||30182|6561688584|6735316376
5815|0|13249|31/12/2023 23:27:47||9733|179475120|193930776
12309|0|66796|31/12/2023 17:43:29||30391|10061954240|12207190984
7925|0|70289|31/12/2023 20:08:40||21680|5473042744|6122417816
12311|0|87107|31/12/2023 20:02:04||22076|997789768|1148083296
7928|0|45176|31/12/2023 21:53:04||15416|2524949368|3303545368
12312|0|33922|31/12/2023 20:23:58||20762|5684589048|6921538936
7934|0|61945|31/12/2023 21:35:15||16485|952586248|1343927376
7935|0|27341|31/12/2023 18:38:55||27065|3648001120|4109836104
12313|0|21019|31/12/2023 18:10:05||28795|429805400|522671584
12963|0|22367|01/01/2024 01:21:30||2910|795563288|1114558600
12315|0|41484|31/12/2023 12:30:50||49150|8468825448|9201290744
7943|0|13064|31/12/2023 22:33:55||12965|813271784|1184700256
13049|0|21657|01/01/2024 02:04:26||334|125162432|166754040
7944|0|6776|31/12/2023 16:09:05||36055|9057982000|9780858120
7947|0|54720|31/12/2023 23:20:28||10172|7396976880|10200667768
7948|0|78282|31/12/2023 21:42:44||16036|1915771696|1951937232
7950|0|15513|31/12/2023 23:58:48||7872|590499728|740424944
7951|0|16280|31/12/2023 20:10:50|01/01/2024 02:00:37|20987|7397913304|10969123848
12919|0|6116|01/01/2024 01:00:59||4141|10965768688|20765108264
12328|0|81508|31/12/2023 18:55:32||26068|122327237696|246474774176
5854|0|16510|31/12/2023 21:54:16||15344|938702568|1117695656
7959|0|79851|31/12/2023 21:48:09||15711|244849440|325932560
12787|0|57918|01/01/2024 00:02:00||7680|2578308664|2821589584
5860|0|42719|31/12/2023 12:03:32||50788|9976508968|14187387432
7972|0|92645|31/12/2023 18:17:34||28346|47488964704|110116014536
12341|0|21385|31/12/2023 21:32:36||16644|734757192|812597216
12342|0|93211|31/12/2023 17:49:00||30060|472968584|592387424
12344|0|31268|31/12/2023 13:46:22||44618|12428440080|13183170144
5871|0|96168|31/12/2023 21:20:48||17352|3840493912|5603946208
7979|0|77953|31/12/2023 21:50:55||15545|47866310992|101276996984
7980|0|46653|31/12/2023 13:10:43||46757|6038500304|8056000408
13050|0|24748|01/01/2024 02:01:34||506|1122214608|2271095248
5873|0|92205|31/12/2023 12:13:18||50202|4829105704|6229533568
12349|0|53567|31/12/2023 20:20:24||20976|6433211696|9212671288
5874|0|73152|31/12/2023 14:07:45||43335|9927642480|10331684480
7990|0|96200|31/12/2023 14:52:59||40621|1855728328|2085734144
12350|0|70666|31/12/2023 21:53:00||15420|27382167088|64433214176
5878|0|59731|31/12/2023 20:56:30||18810|810251752|882934272
7995|0|74606|31/12/2023 15:21:03||38937|1722252656|1994983584
7996|0|57472|31/12/2023 17:42:56||30424|3454642232|5133642520
12356|0|76991|31/12/2023 13:09:53||46807|12162773432|12927731280
7997|0|6993|31/12/2023 15:27:28||38552|12357617128|13360906448
12359|0|86831|31/12/2023 19:54:47||22513|3585971432|5259453416
5886|0|31003|31/12/2023 17:08:07||32513|3274545064|4598824072
8007|0|74187|31/12/2023 13:58:57||43863|988792752|1342209952
12788|0|45128|01/01/2024 00:06:23||7417|691709176|730035640
12364|0|36837|31/12/2023 12:58:09||47511|3619241520|4592166088
5899|0|37896|31/12/2023 21:08:36||18084|48995842208|110628982120
12367|0|13244|31/12/2023 17:41:16||30524|7332443872|8535588080
12368|0|86624|31/12/2023 18:06:58||28982|19814298768|26316707264
12370|0|99474|31/12/2023 14:51:35||40705|4641844384|5676365328
5905|0|66917|31/12/2023 20:05:58||21842|4489650448|5547704304
8025|0|95015|31/12/2023 13:54:10||44150|27751736256|31927065400
5907|0|89198|31/12/2023 23:51:03||8337|2270477592|2920260408
12372|0|16348|31/12/2023 22:14:22||14138|2257317136|2735852664
12373|0|38202|31/12/2023 20:37:49||19931|4525544592|6272204616
13051|0|85680|01/01/2024 02:02:40||440|804807072|1866595936
8036|0|70057|31/12/2023 18:09:50||28810|19247653048|21464117760
12375|0|13532|31/12/2023 12:51:19||47921|2894653616|3970353008
8037|0|6034|31/12/2023 23:13:56||10564|16199498624|38504301936
8038|0|20821|31/12/2023 13:51:03||44337|9117336600|10898989240
8040|0|27721|31/12/2023 15:29:21||38439|4473685536|6344679280
12874|0|5765|01/01/2024 00:41:24||5316|501321104|586126904
8043|0|19910|31/12/2023 13:00:41||47359|24048727144|26075165224
12382|0|17337|31/12/2023 12:33:30||48990|138381941904|274446484096
12383|0|31368|31/12/2023 17:32:05||31075|10497881936|15738782816
12385|0|81962|31/12/2023 22:49:20||12040|233517392|347983256
12386|0|16546|31/12/2023 13:48:44||44476|7572849936|9410005232
12387|0|42103|31/12/2023 13:09:07||46853|31438357008|43447163208
13009|0|93153|01/01/2024 01:42:49||1631|2190227368|2630039312
8045|0|79354|31/12/2023 14:16:30||42810|2342776168|2890534408
8047|0|79205|31/12/2023 14:43:41||41179|7187599240|8808536880
12390|0|58580|31/12/2023 13:35:50||45250|9687719184|11259899584
12392|0|37488|31/12/2023 20:37:16||19964|13551323816|13753885024
12394|0|46027|31/12/2023 12:12:28||50252|490988104|711044192
12395|0|79910|31/12/2023 23:46:10||8630|4465984944|5599285904
12396|0|76117|31/12/2023 21:56:49||15191|942556256|1006774416
8051|0|55218|31/12/2023 22:32:30||13050|25368920608|75808200648
8052|0|29115|31/12/2023 16:14:14||35746|533113720|781007824
13033|0|85331|01/01/2024 01:53:58||962|109046856|162717640
8055|0|91954|31/12/2023 13:06:43||46997|3695313640|4051916392
5947|0|7562|31/12/2023 23:04:55||11105|28299009080|81297463304
12404|0|20316|31/12/2023 17:05:52||32648|10154807672|12295884016
12405|0|89149|31/12/2023 23:15:57||10443|2113306536|3055816968
12406|0|13155|31/12/2023 17:35:19||30881|1287508760|1828702976
8061|0|73860|31/12/2023 19:43:21||23199|6262349064|6330676816
12407|0|40447|31/12/2023 19:08:34||25286|6309667248|9288449144
12408|0|80970|31/12/2023 23:59:55||7805|279071608|415033840
8065|0|20961|31/12/2023 19:57:47||22333|15393998408|17166849328
12989|0|87297|01/01/2024 01:37:44||1936|1853150144|2216243360
12411|0|91648|31/12/2023 15:13:55||39365|8868180016|10891139944
8072|0|70904|31/12/2023 21:33:27||16593|481630632|581559776
12412|0|42629|31/12/2023 20:07:20||21760|5709488696|7979154112
5957|0|89944|31/12/2023 20:32:55||20225|6408848200|7186922240
8075|0|74426|31/12/2023 15:56:41||36799|1923032376|2608450208
12414|0|9648|31/12/2023 15:00:21||40179|11107596912|16044230112
12415|0|84422|31/12/2023 12:44:20||48340|25682779968|27145100232
8077|0|43395|31/12/2023 15:58:50||36670|395995152|409491776
8079|0|17698|31/12/2023 13:05:00||47100|5045593792|6407760088
12418|0|29032|31/12/2023 19:52:18||22662|3304340400|4593559504
12900|0|72304|01/01/2024 00:50:01||4799|1626227240|1938572856
12420|0|29286|31/12/2023 13:39:54||45006|10852032248|11684925312
12421|0|25252|31/12/2023 16:04:07||36353|592219472|654239280
8088|0|77182|31/12/2023 19:35:30||23670|7772628888|9679540280
12423|0|46825|31/12/2023 12:09:28||50432|21465662456|28622654208
8091|0|41285|31/12/2023 14:24:25||42335|3636210560|3716801256
5972|0|45755|31/12/2023 17:38:45||30675|2186366392|2573988760
8098|0|59905|31/12/2023 14:30:13||41987|12134573296|12818554216
13034|0|98961|01/01/2024 01:52:08||1072|476715256|477004400
12829|0|37453|01/01/2024 00:23:21||6399|75537544|87742976
12990|0|26265|01/01/2024 01:35:11||2089|822684856|985716160
8109|0|70496|31/12/2023 22:58:54||11466|3714780136|3821378880
12848|0|54206|01/01/2024 00:33:18||5802|13747788296|28601065136
12810|0|17617|01/01/2024 00:10:04||7196|380895384|397996168
12439|0|29622|31/12/2023 17:29:45||31215|27541575720|66790791296
12440|0|64031|31/12/2023 17:08:41||32479|3246523976|4201313352
12441|0|80400|31/12/2023 22:53:45||11775|4415547992|4825928352
8112|0|30036|31/12/2023 19:07:08||25372|8596866360|9353882448
13035|0|15599|01/01/2024 01:57:28||752|252079680|252779072
5985|0|64766|31/12/2023 18:43:25||26795|6429077624|8507085376
8113|0|69277|31/12/2023 18:53:10||26210|4990885952|5103457960
12443|0|36269|31/12/2023 19:58:08||22312|22776044936|42829659936
8114|0|96433|31/12/2023 20:56:04||18836|7514765672|7794333216
13036|0|51162|01/01/2024 01:52:35||1045|95126272|116148888
8120|0|53850|31/12/2023 18:46:58||26582|4562663408|5219351456
5990|0|94004|31/12/2023 22:11:43||14297|4503954384|5945273392
12991|0|36684|01/01/2024 01:34:23||2137|987139896|1068946720
8121|0|39563|31/12/2023 20:13:06|01/01/2024 02:09:22|21376|620009144|915998408
12449|0|7740|31/12/2023 13:13:14||46606|18019433160|21392686392
12450|0|95245|31/12/2023 16:17:57||35523|44319936280|87504224200
12451|0|9538|31/12/2023 23:37:29||9151|743737056|868685656
8125|0|30352|31/12/2023 12:05:45|01/01/2024 02:05:01|50356|220595486888|482768782664
12452|0|68258|31/12/2023 12:51:37||47903|4857823032|5083424192
12453|0|71449|31/12/2023 16:31:26||34714|2364333880|3215112120
8128|0|36306|31/12/2023 20:42:01||19679|4659404440|4903477520
5999|0|82096|31/12/2023 16:44:50||33910|4089836200|4338445192
12456|0|62132|31/12/2023 19:12:35||25045|39682769552|111180837088
12830|0|81191|01/01/2024 00:27:49||6131|193691520|235437336
12459|0|22160|31/12/2023 14:29:50||42010|14059142768|14814228360
12461|0|6889|31/12/2023 16:48:24||33696|4623780352|4624711248
12920|0|15723|01/01/2024 01:04:31||3929|69701928|85990072
12463|0|44681|31/12/2023 14:32:49||41831|10660980600|13496951520
8137|0|48626|31/12/2023 20:43:05||19615|56779943192|119813560480
12464|0|99991|31/12/2023 13:40:11||44989|18189992112|24814873360
8138|0|80716|31/12/2023 15:25:47||38653|8046817328|9452621872
12468|0|70438|31/12/2023 21:50:29||15571|3527613480|4695721968
12469|0|92768|31/12/2023 19:11:03||25137|907205680|1001429656
12811|0|21659|01/01/2024 00:19:23||6637|210284096|280420656
12472|0|55659|31/12/2023 22:30:05||13195|270952832|389381176
12473|0|67040|31/12/2023 18:14:05||28555|10089996688|11913334816
12477|0|16246|31/12/2023 23:59:40||7820|749241448|839386744
12479|0|78184|31/12/2023 20:21:03||20937|11624107400|13565354112
6016|0|74245|31/12/2023 21:13:58||17762|1712414536|2443336648
8147|0|96811|31/12/2023 21:14:55||17705|627394528|860284096
8149|0|7739|31/12/2023 13:04:03||47157|2681603232|3341685832
6017|0|95455|31/12/2023 22:38:13||12707|3738303760|4121565312
8150|0|29468|31/12/2023 22:22:06||13674|2172184360|2781674784
12482|0|66990|31/12/2023 16:25:33||35067|11345905408|13625927368
8153|0|36699|31/12/2023 13:02:25||47255|912520200|1331123112
8154|0|22215|31/12/2023 15:11:44||39496|9650632768|13006571800
12485|0|36740|31/12/2023 19:56:01||22439|6446666440|7917066608
8155|0|19323|31/12/2023 16:06:55||36185|3154221864|4709629920
12486|0|8753|31/12/2023 18:16:20||28420|17786538608|19019420760
12489|0|89681|31/12/2023 18:29:29||27631|10609933160|11692029816
8161|0|9025|31/12/2023 18:45:34||26666|22029447184|63977138488
8164|0|31306|31/12/2023 15:10:12||39588|13543093072|14151134536
12812|0|81877|01/01/2024 00:10:22||7178|9098652704|22640739264
12493|0|52658|31/12/2023 23:35:35||9265|652058040|791445056
8172|0|73643|31/12/2023 23:28:37||9683|184856160|212833600
12494|0|64590|31/12/2023 14:11:11||43129|61315822920|166096833440
12964|0|83241|01/01/2024 01:28:16||2504|1633285136|1735895352
6044|0|89454|31/12/2023 13:05:17||47083|13869322960|18424843968
12498|0|59647|31/12/2023 19:11:42||25098|1942171096|2077839128
8174|0|5022|31/12/2023 19:35:28||23672|9943771888|9982215816
6048|0|62299|31/12/2023 18:15:31||28469|890568280|1141576432
12499|0|61365|31/12/2023 18:53:58||26162|2236431144|2327164704
12950|0|18924|01/01/2024 01:13:02||3418|1175151744|1682571624
8177|0|99751|31/12/2023 16:13:22||35798|25237004112|33840195688
12502|0|87573|31/12/2023 18:55:08||26092|483445176|710080552
12503|0|94031|31/12/2023 15:17:05||39175|13314020120|15825299448
6049|0|29761|31/12/2023 23:59:54||7806|578766984|594641104
8186|0|6017|31/12/2023 16:07:30||36150|17308758264|21888812992
12506|0|19991|31/12/2023 14:13:39||42981|2987325864|3598764608
12507|0|38696|31/12/2023 23:27:17||9763|6308303560|6813120816
8196|0|54838|31/12/2023 17:36:45||30795|3614541488|4038991592
12951|0|25123|01/01/2024 01:19:44||3016|55542328|65589832
12510|0|75397|31/12/2023 16:31:48||34692|2776405152|3389704240
12513|0|73341|31/12/2023 23:44:01||8759|2258439816|2751323248
12514|0|79100|31/12/2023 15:37:03||37977|3495339512|4487422712
12515|0|62211|31/12/2023 13:30:57||45543|628016632|753191704
6062|0|37917|31/12/2023 13:26:39||45801|3626759416|4047133784
8207|0|91266|31/12/2023 22:03:48||14772|796463320|1020927208
12516|0|18631|31/12/2023 23:07:15||10965|3878633528|5074092176
8208|0|51882|31/12/2023 20:37:00||19980|9107635544|20846548200
8211|0|70247|31/12/2023 15:00:43||40157|5524105920|7409899224
12517|0|84445|31/12/2023 16:19:48||35412|2137397784|2576890680
12518|0|22049|31/12/2023 21:03:49||18371|6985941088|7811604120
8219|0|64944|31/12/2023 16:31:31||34709|6921165840|7344696152
12521|0|28019|31/12/2023 16:58:10||33110|4503972432|4720433232
12831|0|56599|01/01/2024 00:26:47||6193|13715148696|29584031840
12523|0|37373|31/12/2023 15:03:11||40009|6688386064|8409608112
12524|0|97429|31/12/2023 19:43:16||23204|325225152|431609128
8226|0|8653|31/12/2023 20:40:39||19761|3443614168|3954286624
12525|0|60264|31/12/2023 17:48:44||30076|24202545256|24559360224
12526|0|67781|31/12/2023 21:54:50||15310|1681469848|1708627016
8227|0|39711|31/12/2023 18:56:23||26017|34972099016|100221553464
12921|0|15419|01/01/2024 01:02:36||4044|177613288|196099776
12849|0|54164|01/01/2024 00:35:31||5669|1607480824|1862479184
12529|0|52200|31/12/2023 17:55:14||29686|21537405328|27274494248
12922|0|41071|01/01/2024 01:02:49||4031|9263524432|25430638992
6079|0|98646|31/12/2023 14:01:08||43732|18550101608|26273144584
12875|0|24707|01/01/2024 00:43:44||5176|226869304|278322784
6081|0|66263|31/12/2023 22:59:45||11415|1869789936|2123336888
8235|0|75360|31/12/2023 15:02:06||40074|16879503064|24813127720
12538|0|33163|31/12/2023 14:00:14||43786|803494672|851602176
6085|0|42520|31/12/2023 18:50:55||26345|1091307256|1121561000
6086|0|36369|31/12/2023 13:02:52||47228|2281821360|2561681336
12541|0|81769|31/12/2023 20:50:10||19190|10514347216|11592840528
12542|0|65054|31/12/2023 19:40:26||23374|2437230744|2929856424
8239|0|45501|31/12/2023 19:24:21||24339|2553842096|3054156176
8241|0|87768|31/12/2023 15:54:20||36940|8053530064|10930158288
12789|0|44275|01/01/2024 00:01:35||7705|1928407296|2128490352
8242|0|56819|31/12/2023 23:52:57||8223|618273376|730550560
12544|0|9574|31/12/2023 18:28:47||27673|9493166184|10020007624
12850|0|91241|01/01/2024 00:39:20||5440|996046328|1025710616
8245|0|29642|31/12/2023 15:42:17||37663|12257985000|14021296880
6096|0|13123|31/12/2023 15:09:33||39627|89587982320|260194076632
12549|0|51131|31/12/2023 18:13:38||28582|1390463832|1699037096
8248|0|46136|31/12/2023 20:38:43||19877|5995418400|6806393704
13010|0|55840|01/01/2024 01:46:47||1393|4670740760|13657036208
6098|0|41768|31/12/2023 18:18:22||28298|16254815392|17334099432
12992|0|60186|01/01/2024 01:38:42||1878|290467280|380602744
12552|0|42894|31/12/2023 20:09:55||21605|4151653880|5064435328
12553|0|71258|31/12/2023 14:37:26||41554|5893142784|7706330104
12554|0|13115|31/12/2023 19:24:15||24345|300621304|376182040
8253|0|44974|31/12/2023 13:29:02||45658|69501451288|202730845712
12876|0|11468|01/01/2024 00:47:10||4970|789425856|1041684232
12965|0|56421|01/01/2024 01:25:31||2669|878580912|1120264392
8257|0|29937|31/12/2023 14:19:55||42605|9833446832|11374495632
8258|0|14573|31/12/2023 15:05:36||39864|3721229224|3779997904
8261|0|95438|31/12/2023 19:57:28||22352|5583965136|7165039616
8262|0|18427|31/12/2023 21:46:49||15791|241205040|277773120
12564|0|92744|31/12/2023 18:37:29||27151|11375202144|14600167456
12565|0|78367|31/12/2023 22:40:08||12592|3128617272|3296604440
12566|0|40836|31/12/2023 16:00:07||36593|10800199272|12120838376
12568|0|77531|31/12/2023 18:01:56||29284|744991608|913371520
12570|0|13502|31/12/2023 23:02:32||11248|3376627720|4451611408
12571|0|70648|31/12/2023 14:00:33||43767|8248803040|9641768424
12877|0|78985|01/01/2024 00:49:58||4802|1820341800|2647770304
8273|0|10430|31/12/2023 15:09:49||39611|8952190976|11661427360
12573|0|15270|31/12/2023 17:28:42||31278|9060547888|13040719648
8278|0|77550|31/12/2023 21:58:52||15068|4561762064|6507312168
8283|0|87710|31/12/2023 23:21:25||10115|3267828624|4573663280
8284|0|37084|31/12/2023 16:51:07||33533|7210632488|7580394824
12579|0|72914|31/12/2023 19:24:54||24306|613846264|831213632
12580|0|68752|31/12/2023 22:51:10||11930|6128100208|6586604560
13011|0|75203|01/01/2024 01:44:29||1531|77815040|82194952
8286|0|36241|31/12/2023 21:18:31||17489|2407149280|2695679160
12582|0|39666|31/12/2023 17:46:39||30201|36466338608|68704914592
12583|0|57944|31/12/2023 23:09:39||10821|2472351616|2862505624
12584|0|29502|31/12/2023 20:33:56||20164|3969178432|5846578440
8293|0|50985|31/12/2023 20:16:23||21217|8142224688|11908870624
12586|0|64665|31/12/2023 23:12:26||10654|3621125152|5053640576
12587|0|67711|31/12/2023 15:12:39||39441|85477068880|216534161736
12878|0|87332|01/01/2024 00:42:43||5237|1567929088|2346367680
6144|0|64641|31/12/2023 23:52:02||8278|488036352|688581744
12589|0|24588|31/12/2023 12:41:40||48500|21597546960|29545086344
8303|0|60292|31/12/2023 12:15:33||50067|12404189496|17108027864
12590|0|78895|31/12/2023 17:48:50||30070|2049373720|2981834128
13037|0|21029|01/01/2024 01:55:52||848|221792984|329572560
8305|0|86888|31/12/2023 13:24:44||45916|19846131344|22509779888
12593|0|7952|31/12/2023 16:51:04||33536|19554918608|47392003640
8308|0|51101|31/12/2023 12:54:40||47720|9124835200|10452617136
12594|0|67642|31/12/2023 12:41:50||48490|11728337528|15551520784
12595|0|53932|31/12/2023 16:23:10||35210|9763791112|10437295120
8311|0|83599|31/12/2023 21:38:03||16317|4520218120|5813077768
12596|0|75426|31/12/2023 15:49:53||37207|4256426880|4809523328
12923|0|67078|01/01/2024 01:02:08||4072|231498264|309128784
8313|0|27868|31/12/2023 21:55:19||15281|3069238680|3086246848
8314|0|84433|31/12/2023 16:26:51||34989|3959835368|5028748976
12832|0|24758|01/01/2024 00:20:41||6559|379761808|474110240
12601|0|46427|31/12/2023 23:38:59||9061|503762264|623354008
8318|0|13458|31/12/2023 18:04:38||29122|6431588536|7163082304
12602|0|46327|31/12/2023 17:58:34||29486|12252651608|14921344808
6159|0|3821|31/12/2023 21:54:08||15352|199554712|227218920
12605|0|80629|31/12/2023 16:23:04||35216|6383518984|7395606664
6164|0|67622|31/12/2023 15:51:23||37117|1819148584|2624455584
12607|0|98576|31/12/2023 14:11:40||43100|56814469096|140916004712
8323|0|71024|31/12/2023 17:59:06||29454|16713717616|17696176464
12609|0|70524|31/12/2023 23:54:01||8159|3159537408|3455935352
12610|0|61837|31/12/2023 19:02:48||25632|539817672|722049976
12611|0|46046|31/12/2023 16:25:28||35072|2247608608|3104066616
8333|0|45196|31/12/2023 22:30:41||13159|1163559320|1590583464
8335|0|12661|31/12/2023 14:42:29||41251|3521933400|5242293696
8336|0|64584|31/12/2023 20:41:41||19699|10351086352|15321068152
6178|0|28727|31/12/2023 18:10:32||28768|17840322384|19528201032
12616|0|49082|31/12/2023 16:50:32||33568|535878440|543741088
12618|0|67100|31/12/2023 23:40:12||8988|1489447120|1807602736
12620|0|27428|31/12/2023 13:20:25||46175|2861437696|3822037936
12621|0|10415|31/12/2023 17:58:47||29473|10743823912|13024384032
12623|0|24511|31/12/2023 15:24:56||38704|58269856536|159948828352
8343|0|23614|31/12/2023 23:20:41||10159|909763048|1140108904
6189|0|5960|31/12/2023 17:50:51||29949|8369026976|10611190096
8344|0|46741|31/12/2023 21:17:22||17558|620137488|690873504
12625|0|90888|31/12/2023 20:38:41||19879|5739118512|6462381872
8348|0|26946|31/12/2023 14:00:26||43774|2143123640|2629201464
6193|0|77767|31/12/2023 12:04:38||50722|6581112032|7742272496
8351|0|25756|31/12/2023 13:37:34||45146|8007100888|11977796720
8352|0|53799|31/12/2023 20:11:16||21524|20136611104|38065444568
12630|0|18035|31/12/2023 15:51:20||37120|2479698520|2588295448
8354|0|85010|31/12/2023 15:35:06||38094|7106384248|8643995352
8357|0|55229|31/12/2023 21:49:14||15646|534567376|548646128
8359|0|11053|31/12/2023 21:58:30||15090|2238457576|3003123488
8362|0|98481|31/12/2023 15:45:18||37482|32288548152|89515266568
8363|0|53455|31/12/2023 12:22:23|01/01/2024 02:09:10|49607|9939808792|11908726584
12813|0|87755|01/01/2024 00:15:35||6865|192109200|254336360
12966|0|44204|01/01/2024 01:21:14||2926|9556527904|26882233208
12637|0|9229|31/12/2023 16:23:36||35184|2015246448|2830854920
8373|0|71274|31/12/2023 22:49:17||12043|3800508320|4210505480
12640|0|4388|31/12/2023 18:32:37||27443|3879918832|5608654264
12642|0|4039|31/12/2023 21:09:19||18041|28849025528|61462279240
8379|0|46953|31/12/2023 22:23:20|01/01/2024 02:09:34|13574|805667792|868278976
8384|0|70727|31/12/2023 21:53:15||15405|3189068344|3842145800
6204|0|98324|31/12/2023 12:38:16||48704|12835814656|14721692544
12646|0|4646|31/12/2023 20:05:19||21881|5401356864|5426670712
12647|0|93764|31/12/2023 23:55:18||8082|1889914960|2537159216
12648|0|68114|31/12/2023 23:44:02||8758|1588400328|1608554872
8389|0|32503|31/12/2023 12:33:49||48971|9066363960|10315999400
8390|0|27218|31/12/2023 17:26:56||31384|2695764960|3748081576
12650|0|82121|31/12/2023 19:46:11||23029|10761327136|20662207736
12651|0|18146|31/12/2023 19:36:24||23616|788656176|893264776
12652|0|31421|31/12/2023 20:20:51||20949|2114705488|3123220328
12653|0|16859|31/12/2023 18:34:45||27315|2604802800|3134480760
8393|0|69677|31/12/2023 15:40:48||37752|8235206152|12189149784
12655|0|83232|31/12/2023 23:14:51||10509|6284020616|8866524384
8396|0|42004|31/12/2023 18:30:38||27562|3472248800|4133592920
12657|0|4860|31/12/2023 19:42:48||23232|3221192456|4551445520
12833|0|97500|01/01/2024 00:26:48||6192|679306560|978541184
12660|0|43612|31/12/2023 16:34:48||34512|6426185432|9288394864
12661|0|57039|31/12/2023 13:47:22||44558|31652664736|34957035152
12663|0|12844|31/12/2023 15:29:58||38402|3492064064|5091382328
12879|0|84397|01/01/2024 00:43:25||5195|994343568|1269015080
8402|0|61450|31/12/2023 18:53:15||26205|1043407760|1293548592
8403|0|50701|31/12/2023 13:06:10||47030|8859125272|10209778184
6235|0|7644|31/12/2023 23:56:56||7984|1693873976|2439916872
8404|0|63728|31/12/2023 17:50:09||29991|10485975208|14360057744
6238|0|75589|31/12/2023 23:27:53||9727|3034523056|3075237616
12670|0|55178|31/12/2023 17:07:49||32531|4274918176|6204157632
12671|0|4923|31/12/2023 17:23:21||31599|549677360|818978168
6243|0|51907|31/12/2023 21:47:05||15775|1813083352|2131808072
12851|0|75972|01/01/2024 00:32:42||5838|3447002272|9253070544
12675|0|28838|31/12/2023 23:03:40||11180|24246822296|57571660312
8419|0|8108|31/12/2023 23:10:21||10779|2102342864|2990747264
12676|0|35529|31/12/2023 19:36:06||23634|43917275144|95776739640
12678|0|15694|31/12/2023 12:41:56||48484|4950198424|6119610784
12924|0|22722|01/01/2024 01:04:28||3932|661377568|934278624
12682|0|61680|31/12/2023 22:44:51||12309|1253591888|1473873440
12834|0|5157|01/01/2024 00:21:12||6528|3418645944|8617655600
12686|0|5553|31/12/2023 19:42:44||23236|4528813384|5894783632
12687|0|4204|31/12/2023 16:01:45|01/01/2024 02:08:28|36403|5709387416|7660902912
13052|0|4204|01/01/2024 02:09:35||25|1996280|2991736
8427|0|8950|31/12/2023 21:03:54||18366|43056776616|118606848760
8428|0|5407|31/12/2023 13:59:14||43846|8182020528|9930533592
8432|0|40197|31/12/2023 19:52:52||22628|1280505576|1698224912
8433|0|32901|31/12/2023 20:33:09||20211|5942940888|8295371536
12688|0|24682|31/12/2023 16:54:59||33301|2392949720|3479535040
8437|0|75676|31/12/2023 17:18:58||31862|13014506920|13952635504
6252|0|57750|31/12/2023 17:51:18||29922|10293461648|12190370120
6255|0|11079|31/12/2023 20:37:35||19945|5936540776|7959952944
12692|0|24608|31/12/2023 23:51:37||8303|16318469648|47260681440
12693|0|55704|31/12/2023 23:07:48||10932|6514023672|6626668904
12695|0|28591|31/12/2023 16:18:42||35478|34978779440|81825264184
12880|0|56295|01/01/2024 00:48:16||4904|279999440|357020872
8441|0|91538|31/12/2023 23:42:47||8833|255303632|352524384
12697|0|29541|31/12/2023 21:17:08||17572|1579644912|1688687720
6260|0|22019|31/12/2023 19:16:57||24783|925508296|964431920
6263|0|7297|31/12/2023 20:44:30||19530|10601784696|12290916872
8448|0|22663|31/12/2023 17:13:26||32194|71702754696|135563185432
8449|0|71126|31/12/2023 22:12:24||14256|3541424488|5221914984
8452|0|7288|31/12/2023 13:07:03||46977|19076836928|24309267448
12701|0|38071|31/12/2023 15:37:09||37971|116990776224|219331503552
12704|0|86370|31/12/2023 17:12:43||32237|3457875480|3663217600
13038|0|79054|01/01/2024 01:54:00||960|1279237304|3697259216
6274|0|68988|31/12/2023 17:01:08||32932|78567129072|213201786432
12967|0|25230|01/01/2024 01:26:05||2635|6278636656|17115768632
12709|0|56533|31/12/2023 14:08:37||43283|2440334040|2599611216
8464|0|5411|31/12/2023 19:21:04||24536|3322199224|3346212120
8467|0|43026|31/12/2023 15:58:07||36713|3350057152|3483629560
13012|0|23549|01/01/2024 01:47:19||1361|217939480|261704768
8468|0|56033|31/12/2023 15:44:17||37543|13042864808|16656295048
12993|0|90901|01/01/2024 01:39:35||1825|475652000|537058184
8470|0|57912|31/12/2023 19:39:16||23444|3442084928|5078786336
12717|0|56928|31/12/2023 20:02:51||22029|1113462016|1285822000
12719|0|10055|31/12/2023 15:57:48||36732|9976905432|10199977904
8475|0|33173|31/12/2023 19:24:38||24322|906982272|1157770912
12720|0|5686|31/12/2023 23:25:52||9848|5679571976|6112043744
12722|0|24424|31/12/2023 23:16:24||10416|2212615464|2457388904
12723|0|30678|31/12/2023 14:47:29||40951|15019082680|16342472160
12724|0|40536|31/12/2023 21:46:51||15789|424488352|607546872
12725|0|55678|31/12/2023 18:56:50||25990|8832374552|11912583088
12730|0|85942|31/12/2023 20:35:56||20044|6020895408|8510325528
8486|0|8218|31/12/2023 12:12:35||50245|5200818368|6994485144
12994|0|99421|01/01/2024 01:33:59||2161|502793016|642548744
12852|0|62577|01/01/2024 00:34:01||5759|361102944|510686872
12735|0|84504|31/12/2023 23:09:51||10809|4690745304|4782074912
8488|0|16378|31/12/2023 21:53:12||15408|177405792|240790176
8490|0|99657|31/12/2023 20:21:21||20919|11796932024|17047264248
8491|0|34115|31/12/2023 16:38:08||34312|458255776|537559568
8493|0|35452|31/12/2023 18:15:32||28468|11482829264|11641330968
12790|0|45996|01/01/2024 00:02:24||7656|19973862440|51896001048
12739|0|74383|31/12/2023 23:52:53||8227|2131677344|2994442640
12740|0|5867|31/12/2023 13:24:14||45946|48663736|50150448
8502|0|4164|31/12/2023 12:33:06||49014|14867231280|15496942496
12741|0|86139|31/12/2023 14:07:56||43324|2458808696|3328840344
12853|0|17166|01/01/2024 00:39:00||5460|1281386632|1477979968
8503|0|23519|31/12/2023 13:15:56||46444|18926769848|24934239512
6312|0|83895|31/12/2023 21:09:21||18039|832766944|1094091224
12746|0|41951|31/12/2023 16:22:51||35229|13840273784|20104781464
12747|0|13135|31/12/2023 20:51:43||19097|16700240120|16702063808
8510|0|60913|31/12/2023 21:46:38||15802|2468266160|3197509904
8516|0|74319|31/12/2023 14:49:01||40859|1449140608|1890281480
8517|0|77415|31/12/2023 17:07:17||32563|2749181160|4023757032
6320|0|21833|31/12/2023 14:10:54||43146|9869642248|10921848392
12752|0|39733|31/12/2023 13:45:06||44694|8476411176|11459874992
8522|0|70015|31/12/2023 23:14:05||10555|6975800408|8790588016
12753|0|52399|31/12/2023 19:01:44||25696|11158476200|14145478032
12754|0|4936|31/12/2023 19:59:10||22250|3682454056|5047730768
8525|0|66019|31/12/2023 21:09:54||18006|1121957672|1157785184
8526|0|51702|31/12/2023 18:49:43||26417|16546510304|19298890544
8528|0|33322|31/12/2023 16:05:21||36279|4774046968|6920913008
8531|0|8079|31/12/2023 18:35:32||27268|14886471880|18209445584
6333|0|95288|31/12/2023 16:58:17||33103|2204346480|3215616480
12758|0|47706|31/12/2023 17:30:45||31155|3058342536|3430695576
12881|0|98864|01/01/2024 00:42:16||5264|7771582432|20393007408
12761|0|21481|31/12/2023 21:33:10||16610|2715783408|2952152344
12762|0|96453|31/12/2023 14:28:52||42068|3943015832|5596749624
6336|0|39401|31/12/2023 22:00:59||14941|1750284192|1866110728
12901|0|96555|01/01/2024 00:50:35||4765|306545952|377457112
8533|0|56939|31/12/2023 16:06:30||36210|6222186360|6445654584
8535|0|76006|31/12/2023 12:39:50||48610|11073289592|13150651832
12766|0|23532|31/12/2023 15:43:39||37581|8992022472|11256492176
8540|0|93620|31/12/2023 20:36:56||19984|4368780800|5937847976
