IdSession|IdPSX|IdSubscriber|StartSession|EndSession|Duartion|UpTx|DownTx
16094|0|80035|03/01/2024 17:39:39||30621|1876028072|2667110336
16124|0|87799|03/01/2024 17:48:01||30119|4418954280|5566087160
16201|0|68512|03/01/2024 18:10:50||28750|3135413560|3646779808
16508|0|85070|03/01/2024 20:23:31||20789|2600284536|3413004520
15136|0|77688|03/01/2024 10:40:19||55781|13915415952|15281385768
15484|0|50870|03/01/2024 13:19:36||46224|21233119904|28894443448
16879|0|53666|03/01/2024 23:03:18||11202|45394999416|107340464504
16433|0|82652|03/01/2024 19:56:46||22394|6733294408|8021140120
15937|0|59125|03/01/2024 16:37:57||34323|54783944|64520408
16920|0|86264|03/01/2024 23:22:25||10055|2055935672|2736571584
16837|0|18826|03/01/2024 22:44:22||12338|19759561128|47580030680
16396|0|77027|03/01/2024 19:39:47||23413|1963798048|2199118912
17314|0|68238|04/01/2024 02:03:08||412|147385784|149173176
17212|0|77463|04/01/2024 01:26:33||2607|1211023400|1623731704
17185|0|43777|04/01/2024 01:18:43||3077|6834235448|13612997096
16306|0|79536|03/01/2024 18:52:26||26254|623944792|901795352
16671|0|42228|03/01/2024 21:34:27||16533|2504270448|3358368160
15439|0|38260|03/01/2024 12:57:10||47570|10658795800|12114791584
15409|0|22313|03/01/2024 12:40:45||48555|101815475488|224168307408
14990|0|36265|03/01/2024 09:44:32||59128|7400184832|9701247592
17213|0|35261|04/01/2024 01:27:50||2530|852631072|1222899368
16125|0|8960|03/01/2024 17:48:57||30063|5855850256|5953557936
16567|0|59205|03/01/2024 20:53:44||18976|57226404272|139747397288
16509|0|73342|03/01/2024 20:26:18||20622|3854789608|4995805888
16595|0|13652|03/01/2024 21:09:05||18055|6287209600|7484244272
15219|0|45696|03/01/2024 11:24:19||53141|3234685216|3768560464
15365|0|17166|03/01/2024 12:22:21||49659|100413476008|206086474424
16818|0|62627|03/01/2024 22:37:08||12772|8201771480|20466314360
14877|0|18892|03/01/2024 08:54:14||62146|17550176944|22575110064
15544|0|25368|03/01/2024 13:49:24||44436|14766102136|18702883936
15094|0|92010|03/01/2024 10:25:11||56689|13453636280|15391532336
15122|0|77886|03/01/2024 10:32:29||56251|14123173664|16707047208
15466|0|24952|03/01/2024 13:03:09||47211|18804679544|18900619312
16943|0|88167|03/01/2024 23:38:12||9108|4232968360|5098919320
15639|0|33912|03/01/2024 14:24:16||42344|6382366920|8255799856
17028|0|93219|04/01/2024 00:11:07||7133|61798392|92513312
15718|0|70465|03/01/2024 15:06:37||39803|25909623224|35713854496
16458|0|6916|03/01/2024 20:08:45||21675|5944740712|7828355704
17053|0|57595|04/01/2024 00:25:56||6244|280121832|287221560
16397|0|94047|03/01/2024 19:32:59||23821|1660792760|2026809728
15719|0|92628|03/01/2024 15:04:32||39928|18904260928|22138858776
16961|0|96811|03/01/2024 23:47:39||8541|1236901872|1249280192
16729|0|68624|03/01/2024 21:50:25||15575|1600960888|1787536752
15938|0|68329|03/01/2024 16:35:47||34453|2703475048|3498153056
16095|0|57230|03/01/2024 17:39:01||30659|10379875560|15069189368
17054|0|53757|04/01/2024 00:28:52||6068|168818328|200284056
16546|0|37529|03/01/2024 20:44:48||19512|38243111640|110122599360
17229|0|42806|04/01/2024 01:33:38||2182|201263312|264687328
14707|0|61794|03/01/2024 07:43:02||66418|4217029704|5254768056
17132|0|11120|04/01/2024 00:56:39||4401|1570310936|2133671896
15312|0|49253|03/01/2024 12:00:16||50984|3815270088|4633004728
15849|0|73710|03/01/2024 15:52:48||37032|5621214560|7703057752
15640|0|91153|03/01/2024 14:26:29||42211|5107462416|6906593104
16944|0|30847|03/01/2024 23:39:36||9024|6057489560|6218999376
16984|0|21813|03/01/2024 23:52:08||8272|15445249928|35722723504
16962|0|96132|03/01/2024 23:44:22||8738|610749792|733459880
16921|0|43101|03/01/2024 23:23:11||10009|3484957824|4846078760
15504|0|26698|03/01/2024 13:21:30||46110|114727627000|311187347448
16644|0|42098|03/01/2024 21:22:34||17246|687257088|797092712
16857|0|96233|03/01/2024 22:59:04||11456|35620016544|71164664048
16794|0|38204|03/01/2024 22:22:06||13674|2181713064|2488542304
16179|0|39037|03/01/2024 18:08:06||28914|6686042016|9604928064
16963|0|85701|03/01/2024 23:49:23||8437|913774824|1093877016
15722|0|37480|03/01/2024 15:00:19||40181|11261068928|15070920632
16203|0|35155|03/01/2024 18:18:59||28261|534699320|543178816
17186|0|82492|04/01/2024 01:15:37||3263|872826192|893477608
16702|0|5357|03/01/2024 21:47:02||15778|455831272|566568040
17133|0|85076|04/01/2024 00:57:01||4379|956714792|1347919648
16964|0|58783|03/01/2024 23:49:30||8430|5313521408|6081669392
15623|0|42801|03/01/2024 14:10:59||43141|9953036640|11847721232
16066|0|5731|03/01/2024 17:23:41||31579|78891319784|161839139440
17109|0|99136|04/01/2024 00:42:58||5222|1309372224|1455897240
16157|0|87164|03/01/2024 17:59:56||29404|11124995488|13921851152
14549|0|83266|03/01/2024 06:43:33|04/01/2024 02:00:54|69441|1820889512|1959505704
16421|0|81147|03/01/2024 19:43:49||23171|1155304608|1521144568
17158|0|22791|04/01/2024 01:04:55||3905|403759536|465448592
16422|0|64480|03/01/2024 19:43:31||23189|8486969688|9534489312
15873|0|60137|03/01/2024 16:04:50||36310|38147797152|99077764288
15723|0|98982|03/01/2024 15:00:06||40194|10878393904|14320455504
16307|0|56049|03/01/2024 18:50:55||26345|5317584120|5838356504
15049|0|82031|03/01/2024 10:13:27||57393|32958651832|43621280632
17290|0|40685|04/01/2024 01:59:53||607|5128408|7247880
16126|0|34515|03/01/2024 17:40:39||30561|1981455776|2194788232
16838|0|89500|03/01/2024 22:46:25||12215|3143066336|4372235608
16795|0|17160|03/01/2024 22:28:09||13311|1519795904|2137553704
15545|0|59576|03/01/2024 13:48:02||44518|18448358792|23154903528
17159|0|25130|04/01/2024 01:06:03||3837|478802176|542826568
16858|0|53073|03/01/2024 22:54:01||11759|11386236984|11613566624
16436|0|5792|03/01/2024 19:55:56||22444|6269573984|9130044224
16771|0|59735|03/01/2024 22:14:58||14102|46635492656|97216876704
15485|0|66732|03/01/2024 13:19:27||46233|5334772440|7692502224
15725|0|64295|03/01/2024 15:08:49||39671|12256423696|15676827960
15528|0|25275|03/01/2024 13:39:30||45030|152224870632|300996267952
16730|0|51526|03/01/2024 21:54:39||15321|1407438576|1703989640
15966|0|84546|03/01/2024 16:47:21||33759|1491125888|1624781496
16645|0|46044|03/01/2024 21:21:17||17323|1160816360|1523622696
16597|0|81133|03/01/2024 21:06:29||18211|4906968288|5901820872
17029|0|18447|04/01/2024 00:10:32||7168|10240034848|29611807912
16731|0|60049|03/01/2024 21:55:22||15278|3445524408|4004059040
15756|0|59631|03/01/2024 15:15:52||39248|10547363264|12941188552
16568|0|13992|03/01/2024 20:51:32||19108|7567930288|8799637680
14899|0|94557|03/01/2024 09:00:05||61795|171152107704|418363679568
16437|0|98839|03/01/2024 19:53:20||22600|34636289328|83994662048
16819|0|80435|03/01/2024 22:38:14||12706|869222584|1176782384
16096|0|82791|03/01/2024 17:38:58||30662|7739066208|8682124320
14829|0|48759|03/01/2024 08:32:07||63473|16569286624|19102192536
15919|0|11546|03/01/2024 16:20:44||35356|3288104552|4320487216
16527|0|31579|03/01/2024 20:36:29||20011|565855712|627726528
17030|0|90960|04/01/2024 00:19:58||6602|154766912|193966336
16438|0|68039|03/01/2024 19:50:22||22778|4387812768|6528661296
16965|0|47486|03/01/2024 23:49:50||8410|2524313120|2586220640
16922|0|23998|03/01/2024 23:20:50||10150|3405138688|3498835160
16598|0|83091|03/01/2024 21:01:24||18516|1272066592|1604713840
16484|0|35621|03/01/2024 20:16:50||21190|47422681752|100103455640
17230|0|87798|04/01/2024 01:37:00||1980|401323248|468095272
16158|0|71416|03/01/2024 17:51:45||29895|7571903128|9352613264
15828|0|57697|03/01/2024 15:49:14||37246|4218723624|5638326464
17055|0|49043|04/01/2024 00:24:50||6310|314670368|389130024
16625|0|6758|03/01/2024 21:15:31||17669|9919348160|12692641456
16423|0|98717|03/01/2024 19:43:31||23189|1416285744|1580221408
15467|0|89833|03/01/2024 13:05:29||47071|20599699464|30579315776
15703|0|28960|03/01/2024 14:54:16||40544|103680578032|257611406568
17160|0|47510|04/01/2024 01:04:10||3950|9421387768|20970382840
16881|0|91314|03/01/2024 23:05:40||11060|1730577040|2394458984
16547|0|96669|03/01/2024 20:45:57||19443|3102064520|3246513976
15028|0|95998|03/01/2024 10:00:13||58187|13173988552|17579175368
16966|0|79031|03/01/2024 23:49:14||8446|990001976|1184046400
15546|0|79718|03/01/2024 13:47:40|04/01/2024 02:06:26|44326|1402038008|1638311936
16485|0|73049|03/01/2024 20:14:01||21359|41037003416|116973692288
15967|0|34585|03/01/2024 16:48:47||33673|1399995504|1483415656
16672|0|31706|03/01/2024 21:38:55||16265|478916888|549800112
17080|0|83578|04/01/2024 00:33:08|04/01/2024 02:02:31|5363|375686592|407142736
17315|0|83578|04/01/2024 02:03:47||373|29752616|40985176
14628|0|29747|03/01/2024 07:10:20||68380|4634101848|6447813272
15177|0|16928|03/01/2024 11:03:58||54362|15587147584|20977520664
17214|0|63513|04/01/2024 01:29:06||2454|422539888|527216408
15486|0|78240|03/01/2024 13:14:43||46517|41966697416|47795089736
16308|0|89332|03/01/2024 18:57:51||25929|7405802656|11083199536
16067|0|31462|03/01/2024 17:27:18||31362|7755532104|11014184616
16923|0|60709|03/01/2024 23:21:27||10113|2483201520|3290901016
14926|0|93506|03/01/2024 09:16:09||60831|12827195048|15733861096
17187|0|83926|04/01/2024 01:12:34||3446|833068088|1246597088
14738|0|75383|03/01/2024 07:57:14||65566|24270808944|27447812424
17231|0|64718|04/01/2024 01:38:26||1894|299551176|342407432
16859|0|92558|03/01/2024 22:51:56||11884|5530512472|6854051672
17291|0|78522|04/01/2024 01:57:41||739|84833712|97815040
17232|0|22043|04/01/2024 01:33:14||2206|3481876584|7257504440
16749|0|72641|03/01/2024 22:07:21||14559|1670976520|2287853376
17188|0|31782|04/01/2024 01:17:33||3147|14808847336|27736444040
16359|0|30969|03/01/2024 19:16:33||24807|453703736|627996808
16646|0|37938|03/01/2024 21:27:16||16964|845554312|878911160
17316|0|36991|04/01/2024 02:07:44||136|92779928|122451096
17134|0|92118|04/01/2024 00:50:08||4792|838389360|1211309568
17233|0|33467|04/01/2024 01:38:32||1888|28441816|42179632
16882|0|79751|03/01/2024 23:01:12||11328|25871975560|66026767152
15385|0|9725|03/01/2024 12:30:02||49198|4285378336|5667258336
16703|0|51146|03/01/2024 21:40:44||16156|943245744|1000931856
16272|0|73845|03/01/2024 18:45:51||26649|2696119984|3051947168
16985|0|10326|03/01/2024 23:51:45||8295|17950887992|36995580224
17056|0|77364|04/01/2024 00:26:01||6239|1939889152|1950087984
17081|0|5370|04/01/2024 00:39:32||5428|16285648760|40247159288
16946|0|71970|03/01/2024 23:30:17||9583|2497990624|2616489464
16924|0|94862|03/01/2024 23:27:34||9746|411758520|540892648
17234|0|77556|04/01/2024 01:30:42||2358|280704424|295668096
16570|0|49723|03/01/2024 20:51:39||19101|64243486104|140196942528
15806|0|59764|03/01/2024 15:35:02||38098|120155611456|224732179568
16732|0|66215|03/01/2024 21:59:21||15039|996639216|1083456496
16900|0|74337|03/01/2024 23:11:13||10727|5346862656|6609472096
17189|0|57284|04/01/2024 01:17:52||3128|891126712|1002362576
16528|0|75625|03/01/2024 20:39:51||19809|11018504080|11910014168
17161|0|18359|04/01/2024 01:08:46||3674|8043972040|14997518024
16043|0|88799|03/01/2024 17:11:53||32287|2812177200|3210972280
16796|0|16548|03/01/2024 22:23:59||13561|2817801888|4066253304
15574|0|60360|03/01/2024 13:54:42||44118|15768058056|16302495600
16360|0|34528|03/01/2024 19:12:29||25051|2506576400|2811413736
16274|0|34312|03/01/2024 18:44:06||26754|13785271152|17591884432
17005|0|37157|04/01/2024 00:02:53||7627|667243472|777349608
15968|0|95796|03/01/2024 16:44:14||33946|4539541912|5734542040
17266|0|55584|04/01/2024 01:40:29||1771|468206496|575194632
17162|0|47771|04/01/2024 01:04:55||3905|140288624|204861408
16947|0|29673|03/01/2024 23:35:13||9287|39516026840|79761641032
15829|0|3991|03/01/2024 15:42:23||37657|12095616464|16490006880
17292|0|17145|04/01/2024 01:56:38||802|430218144|578231912
16797|0|99295|03/01/2024 22:26:15||13425|734097112|859370920
16160|0|77356|03/01/2024 17:59:44||29416|5128688152|7630690520
16599|0|10493|03/01/2024 21:00:32||18568|2662553640|3526680832
16571|0|92343|03/01/2024 20:50:33||19167|4213219336|4718801432
15663|0|67316|03/01/2024 14:38:00||41520|8556489672|10696561832
16647|0|15500|03/01/2024 21:26:08||17032|1541642072|1727432464
15288|0|53701|03/01/2024 11:51:10||51530|3343450040|3422850720
16205|0|70269|03/01/2024 18:13:51||28569|32151906016|95075068520
15969|0|38628|03/01/2024 16:40:42||34158|3673740720|4302165264
16461|0|27619|03/01/2024 20:00:38||22162|2612531384|3095701560
15221|0|85531|03/01/2024 11:24:15||53145|3981854400|5776956760
15626|0|91247|03/01/2024 14:12:32||43048|14415659880|18582247928
16901|0|24715|03/01/2024 23:19:13||10247|1181401168|1579458360
17235|0|89665|04/01/2024 01:33:19||2201|850021008|977918120
15575|0|83901|03/01/2024 13:51:15||44325|5669562400|7088804808
16820|0|38820|03/01/2024 22:39:39||12621|8093384216|8235806056
15874|0|85924|03/01/2024 16:06:03||36237|11626881792|14159769776
15760|0|59348|03/01/2024 15:11:40||39500|5306145392|6780536600
15317|0|24261|03/01/2024 12:01:11||50929|73766484192|47091131712
17057|0|4122|04/01/2024 00:24:42||6318|23031396408|43633369080
16068|0|55411|03/01/2024 17:25:11||31489|4368486144|4981813072
16309|0|54025|03/01/2024 18:55:41||26059|5390244664|6155808920
16925|0|70699|03/01/2024 23:20:48||10152|758853416|774381904
15181|0|75232|03/01/2024 11:01:44||54496|9918402040|12516327576
16069|0|91683|03/01/2024 17:24:38||31522|3384264880|3871780816
16798|0|64821|03/01/2024 22:23:27||13593|2177108520|2331373192
16162|0|29923|03/01/2024 17:59:34||29426|1288087312|1761141736
16486|0|77054|03/01/2024 20:17:33||21147|31621848528|19898132440
16529|0|41962|03/01/2024 20:31:28||20312|7525863104|9921110296
17110|0|40282|04/01/2024 00:48:34||4886|9813297640|21032854216
16600|0|9422|03/01/2024 21:03:49||18371|9096144304|11919304888
17190|0|23222|04/01/2024 01:15:33||3267|792779784|1077806128
17111|0|10634|04/01/2024 00:44:17||5143|140826872|186763816
15970|0|68721|03/01/2024 16:40:18||34182|5106114640|7028476704
17031|0|37519|04/01/2024 00:17:27||6753|1582042984|1882802144
16967|0|94737|03/01/2024 23:45:34||8666|2225162896|2593820672
16310|0|26220|03/01/2024 18:57:15||25965|10394196608|12636912384
16530|0|73573|03/01/2024 20:31:32||20308|3621525984|4328315528
16206|0|63746|03/01/2024 18:16:47||28393|2397709136|3562608160
16601|0|70850|03/01/2024 21:05:45||18255|2531724360|2709288992
16379|0|91375|03/01/2024 19:24:43||24317|2138228272|3025774736
16275|0|60347|03/01/2024 18:48:15||26505|2366543576|2478381056
16531|0|50840|03/01/2024 20:37:33||19947|5090518144|7413712328
16098|0|66665|03/01/2024 17:37:52||30728|17676423120|22672179384
15641|0|82493|03/01/2024 14:29:18||42042|38288964376|20808633488
16099|0|97929|03/01/2024 17:39:22||30638|2625867048|3145885872
15505|0|70112|03/01/2024 13:24:13||45947|86157207936|189127543152
16221|0|93246|03/01/2024 18:20:46||28154|10903714784|15647956680
16100|0|98062|03/01/2024 17:35:31||30869|5225517184|5483956960
16101|0|86419|03/01/2024 17:30:11||31189|180512808|183678048
16000|0|86414|03/01/2024 16:56:08||33232|4577496312|6491016920
17082|0|41752|04/01/2024 00:32:32||5848|382564016|430442920
17163|0|85231|04/01/2024 01:07:09||3771|645628296|811549912
17267|0|6280|04/01/2024 01:41:01||1739|382030032|511490624
16311|0|6125|03/01/2024 18:58:35||25885|1229166432|1267673440
16968|0|54065|03/01/2024 23:45:59||8641|2385231872|2927116584
15786|0|89997|03/01/2024 15:27:13||38567|80705127568|196549972168
16548|0|32170|03/01/2024 20:41:09||19731|79339414664|232842640328
17317|0|92953|04/01/2024 02:08:20||100|61526256|86026240
16926|0|91907|03/01/2024 23:27:27||9753|393086448|502132192
16549|0|53819|03/01/2024 20:40:02||19798|99636609656|79395899304
16772|0|43289|03/01/2024 22:14:35||14125|3386962544|3533071568
16222|0|69672|03/01/2024 18:29:02||27658|18946177248|26490099336
16022|0|17109|03/01/2024 17:00:10||32990|2282919416|2459226400
15347|0|19540|03/01/2024 12:17:57||49923|23981567552|32022575768
15057|0|34910|03/01/2024 10:19:52||57008|9358985440|12195333776
15098|0|9727|03/01/2024 10:27:53||56527|116338147280|234551452576
14929|0|70485|03/01/2024 09:15:55||60845|6834511440|9214320152
15682|0|18993|03/01/2024 14:46:38||41002|12824604856|15948283376
16487|0|68794|03/01/2024 20:10:29||21571|4390323072|5004862096
17032|0|67613|04/01/2024 00:10:47||7153|316328448|370797728
15943|0|84995|03/01/2024 16:34:37||34523|758630712|813816120
16381|0|93139|03/01/2024 19:22:57||24423|76331248|84110136
15644|0|69571|03/01/2024 14:23:52||42368|2506426952|3492421160
17006|0|61774|04/01/2024 00:08:30||7290|4659443784|4685242704
16969|0|84827|03/01/2024 23:42:22||8858|47170757808|28624952568
16883|0|96461|03/01/2024 23:07:56||10924|20680383576|47462089584
17215|0|84902|04/01/2024 01:29:37||2423|916395968|978903960
15468|0|26593|03/01/2024 13:03:52||47168|45119631176|45565533224
15549|0|35841|03/01/2024 13:40:17||44983|14908598816|21410466216
16800|0|58236|03/01/2024 22:27:24||13356|3782774416|5176450560
16705|0|73608|03/01/2024 21:43:32||15988|1602413816|2276006576
16244|0|98838|03/01/2024 18:31:59||27481|12021679344|16432828304
16207|0|83536|03/01/2024 18:16:04||28436|14258661040|18357632704
16102|0|53581|03/01/2024 17:31:46||31094|4894280352|6559282920
15182|0|55477|03/01/2024 11:06:31||54209|15535649736|15864106952
15851|0|43832|03/01/2024 15:56:14||36826|23965559632|26768043976
16001|0|89274|03/01/2024 16:54:01||33359|2725821696|3397290048
17135|0|81050|04/01/2024 00:56:41||4399|566044688|718065688
15032|0|44132|03/01/2024 10:02:37||58043|16181592168|19088157168
16382|0|35604|03/01/2024 19:26:11||24229|30132425152|21310664168
17268|0|9119|04/01/2024 01:47:04||1376|1634082352|1978656016
17293|0|59960|04/01/2024 01:58:09||711|393402192|553216904
15683|0|42655|03/01/2024 14:41:33||41307|6904792560|7014759320
17033|0|82926|04/01/2024 00:14:36||6924|372041488|487235160
16245|0|42845|03/01/2024 18:33:05||27415|9420068824|9519369192
16750|0|97187|03/01/2024 22:01:43||14897|57059832|80794560
16626|0|49992|03/01/2024 21:18:35||17485|21082586776|61526939704
16312|0|26169|03/01/2024 18:59:01||25859|43331894744|113082614096
16440|0|49965|03/01/2024 19:59:09||22251|3693212224|3709961048
16733|0|71810|03/01/2024 21:52:43||15437|1712758936|2317503176
15184|0|98016|03/01/2024 11:01:27||54513|23476615416|29610453760
15368|0|41825|03/01/2024 12:25:38||49462|20773000640|25874249128
16572|0|26405|03/01/2024 20:56:08||18832|6454367832|8558658824
15876|0|57084|03/01/2024 16:01:02||36538|8525657544|11214681808
16070|0|44704|03/01/2024 17:21:09||31731|6104115736|7625968136
14808|0|43846|03/01/2024 08:25:57||63843|14031955216|15329971440
16573|0|42803|03/01/2024 20:56:28||18812|2367589824|2388590248
17216|0|57579|04/01/2024 01:20:15||2985|7423877552|17082265136
15185|0|83617|03/01/2024 11:06:30||54210|9880255152|14118935120
16488|0|16738|03/01/2024 20:12:39|04/01/2024 02:05:44|21185|2619416696|3328384384
15727|0|95146|03/01/2024 15:09:01||39659|32572432|44073480
16441|0|17382|03/01/2024 19:57:53||22327|8167147176|11400740072
16002|0|89695|03/01/2024 16:59:27||33033|6951126584|9937588008
14949|0|12313|03/01/2024 09:27:43||60137|26488647560|37539420896
16627|0|64019|03/01/2024 21:19:41||17419|950541144|1421270184
16550|0|19792|03/01/2024 20:49:38||19222|15705794120|18336250704
16223|0|93774|03/01/2024 18:26:31||27809|8407301616|9465343176
17236|0|48678|04/01/2024 01:36:24||2016|303781856|447804464
16337|0|40487|03/01/2024 19:06:17||25423|7902094592|10389233816
16773|0|21002|03/01/2024 22:12:49||14231|2495396728|2629254208
17294|0|56994|04/01/2024 01:55:21||879|59654168|69106536
15603|0|62169|03/01/2024 14:02:06||43674|6933227848|9911998928
16902|0|98192|03/01/2024 23:15:16||10484|31859827872|63772524200
15899|0|34817|03/01/2024 16:17:18||35562|6844238600|7959976360
15604|0|26763|03/01/2024 14:02:34||43646|1484808992|1772966056
17164|0|69971|04/01/2024 01:08:46||3674|238003416|344676104
14656|0|76903|03/01/2024 07:27:07||67373|16587268456|18530014072
17084|0|22732|04/01/2024 00:31:28||5912|324063080|478260344
16551|0|57927|03/01/2024 20:48:30||19290|4364653440|5865928736
17112|0|55048|04/01/2024 00:42:11||5269|788963376|921951072
17085|0|83656|04/01/2024 00:33:25||5795|493970864|558821712
16970|0|57316|03/01/2024 23:49:13||8447|2076763328|2960685872
15762|0|21299|03/01/2024 15:11:26||39514|5240561496|5402007128
15787|0|99802|03/01/2024 15:20:11||38989|4697712152|5839094440
15645|0|35952|03/01/2024 14:27:45||42135|3735438688|3769454280
17034|0|97176|04/01/2024 00:11:04||7136|152684008|158757728
16801|0|86893|03/01/2024 22:20:29||13771|2145119520|2238216648
16181|0|64535|03/01/2024 18:01:08||29332|4039107024|4723615792
16489|0|36110|03/01/2024 20:14:21||21339|3010691032|4280272736
17295|0|49115|04/01/2024 01:58:23||697|29174432|43325792
16971|0|96996|03/01/2024 23:46:29||8611|1666116496|1892490128
15059|0|10821|03/01/2024 10:11:15||57525|19208571392|26586703312
16208|0|56399|03/01/2024 18:10:36||28764|30174676384|36977467648
15808|0|48388|03/01/2024 15:32:00||38280|11212399888|11498416496
15446|0|79735|03/01/2024 12:58:57||47463|160423568|182237360
16928|0|71230|03/01/2024 23:28:11||9709|1136827128|1487082840
17165|0|93857|04/01/2024 01:08:05||3715|2060271752|2281975368
17007|0|11355|04/01/2024 00:07:06||7374|352000720|359915776
15156|0|20804|03/01/2024 10:51:33||55107|16776982176|22700397064
16751|0|19271|03/01/2024 22:06:53||14587|3136706064|4148734208
16384|0|8331|03/01/2024 19:26:51||24189|639299488|656004384
17269|0|65972|04/01/2024 01:45:50||1450|227713952|269096176
16802|0|52713|03/01/2024 22:21:15||13725|4583352752|5799819560
16224|0|26450|03/01/2024 18:26:19||27821|5625254720|7897603576
15944|0|88869|03/01/2024 16:37:13||34367|1499044728|1985531776
16803|0|48843|03/01/2024 22:20:56||13744|346960016|453636784
17086|0|11544|04/01/2024 00:31:42||5898|882856512|1206642128
17087|0|31822|04/01/2024 00:39:22||5438|2000148088|2356426208
16986|0|92390|03/01/2024 23:54:10||8150|338018400|344265824
17270|0|84094|04/01/2024 01:49:18||1242|821354200|1195846480
16442|0|32234|03/01/2024 19:55:32||22468|89644816280|169446772960
16774|0|84539|03/01/2024 22:17:55||13925|871408584|1181917976
15923|0|35194|03/01/2024 16:24:04||35156|907629904|1179457416
16884|0|6013|03/01/2024 23:05:31||11069|1110608456|1375440840
16462|0|91452|03/01/2024 20:08:07||21713|3983997040|4174015712
17296|0|21591|04/01/2024 01:56:26||814|406271824|550794416
16648|0|66319|03/01/2024 21:25:18||17082|10620431880|12087152168
16225|0|54673|03/01/2024 18:28:54||27666|6573333832|8330561736
16103|0|82161|03/01/2024 17:30:51||31149|26536357224|28411925424
15790|0|20365|03/01/2024 15:27:00||38580|11269814752|15570811552
16821|0|97428|03/01/2024 22:38:56||12664|5647239344|6642561536
16182|0|92706|03/01/2024 18:00:34||29366|86424529984|179317365856
15833|0|5022|03/01/2024 15:46:54||37386|77784752768|170320201048
16024|0|37953|03/01/2024 17:03:38||32782|5523822768|7982150952
16822|0|73313|03/01/2024 22:33:23||12997|7444017536|10729085136
17271|0|95892|04/01/2024 01:47:06||1374|308466552|402257704
14968|0|87236|03/01/2024 09:39:39||59421|6802147832|7305484584
15809|0|14216|03/01/2024 15:38:29||37891|44349589848|51156287768
17237|0|94244|04/01/2024 01:33:17||2203|257048376|326674280
16073|0|50648|03/01/2024 17:29:46||31214|89421760672|223599998072
16574|0|65854|03/01/2024 20:55:14||18886|10317816480|10924821584
16129|0|7012|03/01/2024 17:40:36||30564|6638638616|9795653392
16775|0|59647|03/01/2024 22:11:08||14332|1828934248|1977353112
16490|0|88486|03/01/2024 20:17:33||21147|8075542912|8156938528
16706|0|69690|03/01/2024 21:49:19||15641|1334674856|1552244656
16649|0|90465|03/01/2024 21:25:47||17053|22311731624|52048119792
16363|0|35015|03/01/2024 19:16:51||24789|4917859184|7134229976
17035|0|44230|04/01/2024 00:11:02||7138|783197216|1003145232
16074|0|59761|03/01/2024 17:22:38||31642|12085838208|17142302032
16004|0|35479|03/01/2024 16:58:09||33111|10170664280|10618587056
16903|0|75757|03/01/2024 23:11:09||10731|2899952216|3537079184
17166|0|63687|04/01/2024 01:09:45||3615|459415568|608841712
17008|0|37636|04/01/2024 00:02:08||7672|1394591480|2091021960
17318|0|67432|04/01/2024 02:03:06||414|230302440|274576952
17088|0|78976|04/01/2024 00:34:10||5750|775225000|944282816
17272|0|53029|04/01/2024 01:47:42||1338|318429488|469473896
17113|0|82427|04/01/2024 00:46:16||5024|2831129728|7676204032
16804|0|65020|03/01/2024 22:29:30||13230|3821103960|5222176464
16046|0|90478|03/01/2024 17:13:11||32209|10653066528|12631888832
16104|0|63560|03/01/2024 17:36:37||30803|12674335400|13301075616
16533|0|25048|03/01/2024 20:39:06||19854|4890200032|6388739304
15763|0|27227|03/01/2024 15:13:35||39385|6611107528|9058287688
17136|0|6879|04/01/2024 00:56:05||4435|354933992|455097992
16511|0|98417|03/01/2024 20:20:35||20965|7134426576|7949697000
17319|0|52678|04/01/2024 02:06:23||217|106111008|143830688
16277|0|70323|03/01/2024 18:40:10||26990|776172496|866352640
16400|0|76076|03/01/2024 19:32:40||23840|3805030056|4440263976
15530|0|72139|03/01/2024 13:34:53||45307|687393728|840939648
15488|0|64222|03/01/2024 13:10:08||46792|4564015528|5328661160
16972|0|75947|03/01/2024 23:47:14||8566|227337768|243873704
16163|0|29227|03/01/2024 17:54:35||29725|70866664|98493152
16512|0|88959|03/01/2024 20:23:33||20787|1931887352|2387228184
15319|0|21811|03/01/2024 12:02:18||50862|2331875792|2799954064
15972|0|6911|03/01/2024 16:41:11||34129|20513035320|11824167512
16513|0|7366|03/01/2024 20:29:29||20431|52966251752|143621694736
17273|0|41385|04/01/2024 01:47:21||1359|323120872|343214960
16025|0|42847|03/01/2024 17:00:25||32975|6505719056|6564993992
17274|0|25541|04/01/2024 01:46:45||1395|707703648|899153464
15646|0|5332|03/01/2024 14:21:59||42481|7479436288|10994171576
15387|0|53873|03/01/2024 12:32:00||49080|24448438568|25364979760
15835|0|90953|03/01/2024 15:49:04||37256|11965191512|16303926296
15704|0|47809|03/01/2024 14:51:32||40708|3627587928|5265643744
16164|0|11854|03/01/2024 17:50:00||30000|6581913464|9651438240
17114|0|28891|04/01/2024 00:49:50||4810|275684728|371685160
16401|0|48705|03/01/2024 19:35:56||23644|8603531336|10599138632
16840|0|75798|03/01/2024 22:40:22||12578|3239682744|3245770400
16904|0|88888|03/01/2024 23:14:35||10525|221583096|244408560
15388|0|46043|03/01/2024 12:32:30||49050|3516917480|4893468904
17137|0|97660|04/01/2024 00:58:55||4265|194378424|245077608
17167|0|57415|04/01/2024 01:09:59||3601|215819256|289405272
16707|0|82423|03/01/2024 21:49:39||15621|3158417480|3894629720
16708|0|70417|03/01/2024 21:47:31||15749|39183345792|79126954448
16226|0|3992|03/01/2024 18:26:15||27825|14552987080|15511469952
17297|0|72308|04/01/2024 01:52:18||1062|2890747712|6609039760
16491|0|57089|03/01/2024 20:15:30||21270|10269669392|12462357792
16402|0|50307|03/01/2024 19:35:40||23660|933725104|1145863824
14766|0|36401|03/01/2024 08:09:37||64823|22672315776|30419472160
15489|0|83725|03/01/2024 13:16:38||46402|6506267328|7489566384
17115|0|76155|04/01/2024 00:47:04||4976|302679512|312937272
14862|0|13835|03/01/2024 08:46:54||62586|4112323440|4812462640
15946|0|52676|03/01/2024 16:36:10||34430|6595529664|9776416512
16005|0|27504|03/01/2024 16:51:53||33487|4140460128|4400151568
15291|0|41731|03/01/2024 11:59:33||51027|8103116792|8648340696
17009|0|57612|04/01/2024 00:08:19||7301|1216151152|1372365024
17238|0|73294|04/01/2024 01:31:04||2336|312098304|403949936
16885|0|70544|03/01/2024 23:04:27||11133|2631486576|2760351744
16443|0|91970|03/01/2024 19:54:53||22507|4314746120|4604351808
17089|0|19697|04/01/2024 00:39:02||5458|385309032|496327552
17168|0|30656|04/01/2024 01:00:55||4145|27027928|38012200
15947|0|84742|03/01/2024 16:30:30||34770|16104107784|17279557840
16554|0|28135|03/01/2024 20:40:35||19765|14099500352|19316556512
15729|0|97025|03/01/2024 15:09:24||39636|13750076928|17631810032
17116|0|83204|04/01/2024 00:42:59||5221|784283056|932651224
15730|0|36075|03/01/2024 15:00:54||40146|3281294008|3579046472
17239|0|82079|04/01/2024 01:33:56||2164|686940480|781721912
16026|0|99286|03/01/2024 17:09:56||32404|13603754328|15612125704
16105|0|88834|03/01/2024 17:31:59||31081|11087563024|15416056080
16673|0|22708|03/01/2024 21:30:30||16770|3758622656|4340296384
16752|0|61623|03/01/2024 22:08:15||14505|702561992|1035174144
16492|0|35393|03/01/2024 20:12:30||21450|18955884632|19732672648
16576|0|5089|03/01/2024 20:51:40|04/01/2024 02:08:40|19020|27261850912|28033915536
16753|0|84162|03/01/2024 22:06:45||14595|176427200|256842072
16929|0|6812|03/01/2024 23:28:51||9669|1484074592|1710565184
14767|0|98465|03/01/2024 08:01:38||65302|39893830064|54915149968
15062|0|14459|03/01/2024 10:15:57||57243|3969770408|5723664768
16278|0|25393|03/01/2024 18:43:31||26789|9994448120|10962414392
15158|0|32548|03/01/2024 10:56:24||54816|11998869536|12229673072
15416|0|95133|03/01/2024 12:43:51||48369|2882166888|4240570648
15902|0|39092|03/01/2024 16:13:18||35802|3614379848|4664846768
16734|0|62682|03/01/2024 21:52:42||15438|1182669896|1542441904
16948|0|18337|03/01/2024 23:32:25||9455|6748312624|9417241520
16247|0|39283|03/01/2024 18:34:51||27309|536091736|649031944
17117|0|86587|04/01/2024 00:46:27||5013|43596840|57256744
16841|0|49972|03/01/2024 22:48:41||12079|3423545592|5098006104
16535|0|38043|03/01/2024 20:39:31||19829|2135014048|2376674592
16650|0|14885|03/01/2024 21:24:54||17106|1867781728|2319420456
15348|0|98102|03/01/2024 12:13:31||50189|6100530184|8697359072
16279|0|64851|03/01/2024 18:49:09||26451|798658360|1072074136
16823|0|79969|03/01/2024 22:38:41||12679|10092467888|10793272776
16842|0|38044|03/01/2024 22:44:47||12313|51569324512|104923084936
17058|0|34584|04/01/2024 00:26:41||6199|366938896|439304328
16006|0|40613|03/01/2024 16:57:54||33126|3345015976|3828100856
14903|0|61298|03/01/2024 09:02:09||61671|6294975984|6608240392
15925|0|92001|03/01/2024 16:20:24||35376|15508817808|16023448280
17090|0|80405|04/01/2024 00:30:38||5962|1108571608|1402612040
16465|0|23312|03/01/2024 20:07:04||21776|34369840760|85092911080
16973|0|16883|03/01/2024 23:48:54||8466|88728144|101435840
15764|0|99463|03/01/2024 15:18:37||39083|13361509136|19707036808
16824|0|19240|03/01/2024 22:36:49||12791|4835172344|6625119928
17298|0|11225|04/01/2024 01:51:57||1083|1154990472|1274570024
17059|0|95178|04/01/2024 00:26:10||6230|262290056|343251104
16577|0|75554|03/01/2024 20:52:51||19029|1402113728|1435500120
16466|0|18018|03/01/2024 20:01:19||22121|43924688920|94234610616
16314|0|43037|03/01/2024 18:54:20||26140|1113603416|1315425944
16210|0|16393|03/01/2024 18:10:25||28775|4703778560|5082420448
16248|0|54462|03/01/2024 18:31:35||27505|3614634312|4543604848
14970|0|14136|03/01/2024 09:32:27||59853|11873432304|15127798424
17299|0|90193|04/01/2024 01:56:25||815|250766512|349752520
15686|0|73988|03/01/2024 14:40:45||41355|136825447560|285425218624
17036|0|82779|04/01/2024 00:15:28||6872|119807440|161311800
16280|0|61768|03/01/2024 18:40:01||26999|9037787888|13143642680
17240|0|65673|04/01/2024 01:39:16||1844|1955107760|2084062560
17241|0|61990|04/01/2024 01:30:00||2400|832581704|1078620776
16754|0|53244|03/01/2024 22:05:31||14669|4892578312|5236668480
16930|0|20167|03/01/2024 23:26:16||9824|6608003384|9544229880
15204|0|94247|03/01/2024 11:13:50||53770|10695082312|15214635064
16249|0|93252|03/01/2024 18:30:01||27599|10863855080|13505043208
17300|0|74631|04/01/2024 01:51:52||1088|3340324656|7588260264
16843|0|82321|03/01/2024 22:47:16||12164|5917005592|7799512352
16250|0|90503|03/01/2024 18:35:06||27294|12464980712|17272479048
17320|0|36550|04/01/2024 02:06:42||198|54343640|65294808
16931|0|94561|03/01/2024 23:28:25||9695|5670916192|6377955784
16578|0|52819|03/01/2024 20:55:41||18859|795302464|797844168
16132|0|17532|03/01/2024 17:43:53||30367|4404961656|5248930832
15577|0|98547|03/01/2024 13:54:14||44146|3106834952|3303160464
15792|0|7726|03/01/2024 15:23:37||38783|3080677320|4266054176
16227|0|94328|03/01/2024 18:26:53||27787|24468243472|31686538608
16735|0|66715|03/01/2024 21:55:58||15242|954599336|1023993424
16184|0|33890|03/01/2024 18:05:01||29099|4393856248|4759446352
15926|0|22979|03/01/2024 16:27:06||34974|282300488|368622680
15269|0|57796|03/01/2024 11:47:19||51761|7377765048|10186522616
16228|0|83858|03/01/2024 18:21:44||28096|4606510344|4736678032
15687|0|76372|03/01/2024 14:46:54||40986|7124002576|7124821368
16755|0|24050|03/01/2024 22:01:49||14891|46217965488|92024527328
17010|0|92396|04/01/2024 00:02:19||7661|385458752|392194192
15974|0|41079|03/01/2024 16:40:24||34176|7386135216|9579855328
16047|0|52091|03/01/2024 17:13:52||32168|427691472|453698472
14971|0|54758|03/01/2024 09:37:24||59556|11439879728|13180283544
15975|0|37695|03/01/2024 16:44:39||33921|3265347544|3314253320
17217|0|88082|04/01/2024 01:24:03||2757|415577528|551532776
17242|0|95089|04/01/2024 01:39:28||1832|1169903064|1527809840
16365|0|35424|03/01/2024 19:14:46||24914|1194704672|1609543408
16651|0|15843|03/01/2024 21:24:03||17157|337050408|422532056
17037|0|69994|04/01/2024 00:16:35||6805|147676632|163659536
16628|0|60799|03/01/2024 21:14:16||17744|47499100248|110944569912
16229|0|40142|03/01/2024 18:20:45||28155|50792676800|101518563976
14932|0|89187|03/01/2024 09:18:44||60676|5042358704|5150232872
15605|0|62677|03/01/2024 14:02:14||43666|1729319392|1876184112
16366|0|40896|03/01/2024 19:11:53||25087|4468818840|5815206136
16987|0|26214|03/01/2024 23:54:34||8126|14387242376|27035095456
17011|0|63108|04/01/2024 00:05:52||7448|986431752|1309179584
16652|0|49925|03/01/2024 21:21:22||17318|2837871088|3043167352
17275|0|51746|04/01/2024 01:49:13||1247|166586720|197155968
16886|0|25861|03/01/2024 23:02:10||11270|2568508336|3445017536
15836|0|15805|03/01/2024 15:47:44||37336|12797559320|16385773064
15296|0|78214|03/01/2024 11:52:27||51453|44347960520|129792178824
15793|0|87395|03/01/2024 15:29:26||38434|2110911752|3012691216
16536|0|34384|03/01/2024 20:36:40||20000|848982080|1189888808
15389|0|43267|03/01/2024 12:36:02||48838|63890371008|39706879552
15449|0|26294|03/01/2024 12:51:02||47938|11887347168|15817956048
16185|0|88911|03/01/2024 18:00:54||29346|73333472056|206982276840
15161|0|91423|03/01/2024 10:57:27||54753|13939727376|20167496944
16949|0|93087|03/01/2024 23:34:40||9320|4563685016|5193810328
16932|0|50286|03/01/2024 23:28:05||9715|4997520472|6621484520
16537|0|79156|03/01/2024 20:30:41||20359|1978346928|2802095088
16674|0|77493|03/01/2024 21:33:58||16562|2076212496|2374467864
15531|0|15261|03/01/2024 13:36:37||45203|8110384592|9791577720
16629|0|58102|03/01/2024 21:16:24||17616|640343008|798380592
16165|0|86623|03/01/2024 17:55:09|04/01/2024 02:00:00|29091|6418563448|7091643560
17276|0|43201|04/01/2024 01:44:13||1547|933238648|1196971528
16602|0|45750|03/01/2024 21:06:35||18205|9786837776|12835169192
16212|0|33153|03/01/2024 18:17:19||28361|18160444632|21176063280
15767|0|7558|03/01/2024 15:11:07||39533|9314303448|11848749008
15705|0|86597|03/01/2024 14:56:15||40425|10502250600|14173660328
16603|0|93848|03/01/2024 21:09:14||18046|632607696|732384512
17138|0|60463|04/01/2024 00:55:55||4445|1448823456|2054960096
16076|0|55126|03/01/2024 17:29:35||31225|119308690512|329968728520
16166|0|38598|03/01/2024 17:52:18||29862|3224374552|3815416288
15508|0|72617|03/01/2024 13:24:35||45925|33727912216|46837097360
16805|0|91669|03/01/2024 22:23:22||13598|2708047592|3053074448
17301|0|99020|04/01/2024 01:59:47||613|1683315432|3744235232
16675|0|79305|03/01/2024 21:34:10||16550|877201808|926372280
16106|0|23636|03/01/2024 17:36:17||30823|2626952416|3372712040
15065|0|12052|03/01/2024 10:15:49||57251|7732092160|10907626920
15033|0|15423|03/01/2024 10:02:53||58027|17469679752|23116293520
15579|0|78045|03/01/2024 13:59:23|04/01/2024 02:08:59|43776|432272896|489499432
15879|0|28624|03/01/2024 16:00:25||36575|14366266688|16638716128
16339|0|15742|03/01/2024 19:06:54||25386|5476655624|6479566040
16579|0|25899|03/01/2024 20:53:32||18988|747734696|756333512
16676|0|92029|03/01/2024 21:38:10||16310|493350216|693921072
17091|0|71455|04/01/2024 00:33:50||5770|1190603272|1337283160
16367|0|16196|03/01/2024 19:19:23||24637|4343627792|6332493616
15532|0|72586|03/01/2024 13:32:56||45424|123414362032|355542690544
15812|0|66485|03/01/2024 15:30:04||38396|9040732360|12601607720
16887|0|50442|03/01/2024 23:08:56||10864|2969801872|4230129504
16167|0|48112|03/01/2024 17:57:45||29535|7601141016|10683158624
17038|0|95564|04/01/2024 00:13:50||6970|1545262664|2006824864
16186|0|81304|03/01/2024 18:05:50||29050|19166831784|24321200192
15706|0|13627|03/01/2024 14:51:14||40726|3407049664|3998495976
16653|0|55543|03/01/2024 21:25:51||17049|2377015816|2657950464
16049|0|33239|03/01/2024 17:17:06||31974|2250753608|2627403232
15227|0|38182|03/01/2024 11:29:13||52847|25565779200|31110823848
17321|0|87943|04/01/2024 02:08:11||109|189900472|432409904
15228|0|32575|03/01/2024 11:26:43|04/01/2024 02:05:00|52697|4325547392|5570131264
17322|0|32575|04/01/2024 02:06:24||216|31999656|41330752
17243|0|4296|04/01/2024 01:34:46||2114|363872720|394574576
17060|0|91413|04/01/2024 00:25:36||6264|170435952|206614192
16252|0|51087|03/01/2024 18:37:41||27139|10252457192|14287435880
15351|0|58992|03/01/2024 12:12:15||50265|1728098104|2227711152
15977|0|48037|03/01/2024 16:40:15||34185|1921394952|2130575952
15352|0|36071|03/01/2024 12:11:02||50338|13741968848|20145352752
16494|0|22758|03/01/2024 20:13:14||21406|1745409408|2298261528
16253|0|66806|03/01/2024 18:30:51||27549|10082367968|11548227728
16403|0|18801|03/01/2024 19:37:39||23541|6819083064|9216748192
15107|0|16310|03/01/2024 10:22:47||56833|15316794472|15388066440
16051|0|71739|03/01/2024 17:14:04||32156|103878946256|216533391328
15509|0|27134|03/01/2024 13:21:21||46119|29035926464|32902054880
15733|0|69771|03/01/2024 15:06:11||39829|3736039200|4047804440
15950|0|93577|03/01/2024 16:36:58||34382|2058693784|2550461208
17039|0|32044|04/01/2024 00:12:26||7054|3026637832|4066513408
16168|0|7096|03/01/2024 17:51:51||29889|12498674072|18381011080
16825|0|91320|03/01/2024 22:33:19||13001|3490055128|3947542712
16776|0|67176|03/01/2024 22:14:19||14141|5352598384|7727193392
16845|0|64240|03/01/2024 22:41:25||12515|4441137032|5584335432
16988|0|67487|03/01/2024 23:56:41||7999|4936918736|7112588296
16133|0|47177|03/01/2024 17:49:01||30059|9371304168|12174623760
17169|0|38992|04/01/2024 01:07:30||3750|1331104152|1572236360
14933|0|25496|03/01/2024 09:12:27||61053|28577947152|29768572296
17277|0|3804|04/01/2024 01:47:09||1371|216207800|293575000
16933|0|25364|03/01/2024 23:28:29||9691|17209351024|33029971624
17218|0|37594|04/01/2024 01:21:23||2917|212281736|299842152
16606|0|34693|03/01/2024 21:03:03||18417|4572798648|4821994864
16861|0|52740|03/01/2024 22:54:37||11723|2152991928|2898923344
16077|0|56085|03/01/2024 17:22:20||31660|6712829552|8156126296
15734|0|28674|03/01/2024 15:08:10||39710|11093124040|11562688184
17012|0|93545|04/01/2024 00:09:29||7231|227144864|236206504
17013|0|84826|04/01/2024 00:09:56||7204|454831744|579587832
15188|0|30851|03/01/2024 11:05:02||54298|1538327336|1539813040
17061|0|56414|04/01/2024 00:23:40||6380|135563496|161846448
16169|0|69735|03/01/2024 17:58:00||29520|6975274864|7135742496
17092|0|40655|04/01/2024 00:32:40||5840|192916616|248035408
17118|0|76230|04/01/2024 00:46:49||4991|1215777640|1319515952
16385|0|7655|03/01/2024 19:28:02||24118|6972850872|8124477536
15735|0|9300|03/01/2024 15:08:45||39675|8729619528|12165454800
16170|0|71821|03/01/2024 17:58:01||29519|5166992392|5489127840
16580|0|67505|03/01/2024 20:59:42||18618|18724178960|39157078952
15736|0|36103|03/01/2024 15:08:33||39687|10850868480|13887392664
16009|0|40103|03/01/2024 16:58:09||33111|7493322768|10502299312
15737|0|55006|03/01/2024 15:01:52||40088|2312308536|2355868720
15979|0|74918|03/01/2024 16:40:28||34172|20377051792|21237631328
16677|0|64751|03/01/2024 21:30:19||16781|7655558008|10324108088
15581|0|59285|03/01/2024 13:52:04||44276|985685528|1355025776
16826|0|10372|03/01/2024 22:33:25||12995|3624553752|3730783768
16654|0|38989|03/01/2024 21:27:32||16948|1536486544|1955040056
16318|0|87346|03/01/2024 18:54:24||26136|1079202208|1378677064
16655|0|73648|03/01/2024 21:29:36||16824|1698599392|1753444992
16214|0|95204|03/01/2024 18:15:42||28458|76241816|101351248
16709|0|75736|03/01/2024 21:49:34||15626|1371679160|1806928488
15321|0|30647|03/01/2024 12:05:01||50699|15246723096|18118891168
15903|0|26361|03/01/2024 16:11:37||35903|8271680088|12236525920
17323|0|74728|04/01/2024 02:09:19||41|29301816|42797832
15034|0|16532|03/01/2024 10:00:12||58188|21256300296|27259090600
16905|0|67503|03/01/2024 23:17:50||10330|4122473416|4550785344
15374|0|37021|03/01/2024 12:25:42||49458|3439818664|4941392512
17324|0|74143|04/01/2024 02:02:43||437|143967800|208905256
15554|0|14784|03/01/2024 13:47:39||44541|10184770712|12536430568
15472|0|4530|03/01/2024 13:02:54||47226|7970239680|8147076312
16862|0|72622|03/01/2024 22:55:38||11662|1453209552|1564595304
16974|0|91944|03/01/2024 23:40:12||8988|2680541224|3305040056
15707|0|89679|03/01/2024 14:55:47||40453|6263065152|7174991600
15927|0|91899|03/01/2024 16:26:37||35003|274546352|392181992
16515|0|72403|03/01/2024 20:29:48||20412|1935123544|2899628080
16368|0|60110|03/01/2024 19:18:48||24672|6445078856|9191973824
16777|0|10537|03/01/2024 22:17:27||13953|910558176|1235212144
15796|0|40603|03/01/2024 15:22:04||38876|2160944928|2934322752
16581|0|86607|03/01/2024 20:59:05||18655|37564649800|112619350344
16340|0|38040|03/01/2024 19:03:31||25589|3413583560|4428750712
17191|0|66220|04/01/2024 01:17:09||3171|1147846448|1319618032
16906|0|89958|03/01/2024 23:14:57||10503|784815696|1033577200
15606|0|74715|03/01/2024 14:08:05||43315|5579236088|6162322008
16319|0|39802|03/01/2024 18:54:00||26160|2379543912|3116881368
17093|0|87588|04/01/2024 00:33:58||5762|4203148024|2361133904
16989|0|31901|03/01/2024 23:53:35||8185|434845536|609716328
16990|0|96027|03/01/2024 23:52:02||8278|261097344|356063536
16630|0|35773|03/01/2024 21:17:41|04/01/2024 02:03:26|17145|1893970752|2142139712
16679|0|4867|03/01/2024 21:32:31||16649|18677447080|13383399184
15582|0|99342|03/01/2024 13:54:09||44151|16594855088|23447954744
17244|0|14558|04/01/2024 01:37:46||1934|388702992|580456320
15452|0|49933|03/01/2024 12:59:06||47454|5560117688|8264998464
16778|0|33874|03/01/2024 22:12:00||14280|3476770984|4628654624
16631|0|7030|03/01/2024 21:18:28||17492|30606436632|83660440088
16029|0|83628|03/01/2024 17:07:54||32526|7301883328|8017443320
16863|0|51188|03/01/2024 22:57:39||11541|1146978416|1644036952
14591|0|93708|03/01/2024 06:57:07||69173|11690945128|16536478112
17062|0|95931|04/01/2024 00:23:46|04/01/2024 02:00:54|5828|233972824|280991648
17325|0|95931|04/01/2024 02:01:52||488|18728272|27533424
15323|0|40723|03/01/2024 12:03:01||50819|3994070136|5580497200
16405|0|94595|03/01/2024 19:30:27||23973|4073663088|5366478688
16136|0|45898|03/01/2024 17:45:22||30278|7649685208|7984301920
15769|0|49538|03/01/2024 15:13:41||39379|11734321208|13620847912
16632|0|75420|03/01/2024 21:12:40||17840|6207592408|3875396960
17326|0|37349|04/01/2024 02:01:05||535|1667421720|4848132608
16991|0|37992|03/01/2024 23:53:44||8176|1449869768|1873670864
17040|0|93704|04/01/2024 00:19:52||6608|100968752|145150400
16950|0|76364|03/01/2024 23:36:03||9237|2318090424|2625791144
14719|0|98961|03/01/2024 07:44:11||66349|31702446088|37106642552
16137|0|98312|03/01/2024 17:41:05||30535|3304246608|4931377472
16607|0|64198|03/01/2024 21:05:43||18257|6927671160|8066600560
14748|0|63877|03/01/2024 07:51:22||65918|12947569488|16787967464
15556|0|95348|03/01/2024 13:44:13||44747|20243259496|26144113544
16680|0|54205|03/01/2024 21:36:12||16428|664503160|722010720
16171|0|38338|03/01/2024 17:54:42||29718|6326756192|7910847560
16254|0|73062|03/01/2024 18:32:01||27479|11511383280|15728066656
16232|0|26752|03/01/2024 18:26:00||27840|15101576456|21195323712
17170|0|20797|04/01/2024 01:06:07||3833|924539544|1019921480
16656|0|45454|03/01/2024 21:26:45||16995|44371977376|98395281472
16757|0|34760|03/01/2024 22:01:37||14903|2522509968|2965590120
15353|0|54849|03/01/2024 12:17:15||49965|25123437832|29633500184
16255|0|36213|03/01/2024 18:33:12||27408|4507909376|5069923160
15607|0|21135|03/01/2024 14:09:18||43242|6355508992|6548424768
16109|0|46103|03/01/2024 17:37:44||30736|6351627480|7156122032
17278|0|58204|04/01/2024 01:48:55||1265|192547968|270392888
16711|0|66956|03/01/2024 21:48:35||15685|4063376176|4676461552
16320|0|76400|03/01/2024 18:55:48||26052|3688672152|4737379024
16030|0|80078|03/01/2024 17:08:31||32489|4135213352|4417914400
16681|0|17919|03/01/2024 21:37:58||16322|6596562840|9743438384
16846|0|80717|03/01/2024 22:49:38||12022|14156447536|27389872696
15952|0|56250|03/01/2024 16:36:22||34418|2037430112|2129137464
16682|0|16471|03/01/2024 21:36:41||16399|5760062352|7266403480
15230|0|98373|03/01/2024 11:22:47||53233|6732288408|9578483304
15163|0|22040|03/01/2024 10:51:51||55089|11548849816|12017278560
16538|0|17110|03/01/2024 20:31:10||20330|5575803720|6039623024
15512|0|59622|03/01/2024 13:20:22||46178|31976984792|35943492312
16233|0|36976|03/01/2024 18:26:27||27813|15427177664|19983146632
16079|0|65716|03/01/2024 17:24:36||31524|6178513152|7420967752
15247|0|64889|03/01/2024 11:39:11||52249|7769585880|10466684224
15533|0|13437|03/01/2024 13:34:03||45357|97926282400|245262064008
16582|0|75299|03/01/2024 20:53:07||19013|3291989848|3999556752
16138|0|39330|03/01/2024 17:45:30||30270|8063402272|8066491192
15189|0|7520|03/01/2024 11:08:45||54075|2404789096|2489670008
17041|0|85187|04/01/2024 00:15:18||6882|351778368|736004048
16343|0|71628|03/01/2024 19:09:56||25204|6513431352|8394273064
16139|0|80530|03/01/2024 17:48:42||30078|2845625488|3495191424
16495|0|55803|03/01/2024 20:17:48||21132|1630967720|2114513240
15669|0|39615|03/01/2024 14:30:49||41951|15468055520|21353976520
16736|0|26853|03/01/2024 21:58:49||15071|1128545896|1307661272
17302|0|72960|04/01/2024 01:52:03||1077|196632200|211887872
16657|0|47991|03/01/2024 21:25:28||17072|39941869696|108035478544
16907|0|23508|03/01/2024 23:14:52||10508|40171913176|80249609056
15585|0|81599|03/01/2024 13:54:33||44127|10332406712|13556043640
17245|0|90524|04/01/2024 01:32:36||2244|10975272|14930184
16281|0|42647|03/01/2024 18:47:54||26526|8628441792|10010495048
16189|0|63519|03/01/2024 18:06:09||29031|10006267136|11583888296
16975|0|53913|03/01/2024 23:42:27||8853|4743167432|6060148608
15608|0|27053|03/01/2024 14:06:12||43428|8904072416|10888780144
16468|0|55461|03/01/2024 20:05:52||21848|5263087232|5635157000
16934|0|9829|03/01/2024 23:28:30||9690|2373012752|2407970696
17279|0|18965|04/01/2024 01:46:46||1394|497647456|604657040
16888|0|87016|03/01/2024 23:05:39||11061|4367254984|4707462088
15144|0|81904|03/01/2024 10:43:18||55602|9638160208|13577550296
16951|0|10813|03/01/2024 23:32:42||9438|1662148856|1748095056
16425|0|24466|03/01/2024 19:47:43||22937|2323409152|2821562056
16935|0|93018|03/01/2024 23:27:52||9728|843885200|1068705984
16517|0|55290|03/01/2024 20:25:54||20646|4148555584|5548564648
15670|0|66591|03/01/2024 14:33:52||41768|5722914752|7347468760
16140|0|16175|03/01/2024 17:40:57||30543|6879627568|8563392936
16172|0|56321|03/01/2024 17:57:52||29528|15488726256|21018671416
15815|0|82244|03/01/2024 15:34:43||38117|9961650144|10716282024
16282|0|59169|03/01/2024 18:41:52||26888|8176572224|10150519816
16496|0|18551|03/01/2024 20:11:28||21512|6668727896|6767388912
15981|0|72603|03/01/2024 16:48:06||33714|2203118504|2334508280
16257|0|49345|03/01/2024 18:32:09||27471|9295640032|11586192728
15586|0|62443|03/01/2024 13:56:31||44009|5429185920|6054197400
16111|0|16914|03/01/2024 17:33:34||30986|4098846952|4529972824
16847|0|74794|03/01/2024 22:43:21||12399|29805263352|83490790968
16112|0|79726|03/01/2024 17:39:38||30622|8085284000|9771864424
16683|0|95843|03/01/2024 21:35:38||16462|370385408|413730744
16555|0|47930|03/01/2024 20:45:00||19500|1963836656|2481186152
15164|0|26733|03/01/2024 10:59:53||54607|6324831016|8860621744
16141|0|55895|03/01/2024 17:42:32||30448|6241647016|7923664264
15248|0|34787|03/01/2024 11:33:28||52592|5627416656|7341422568
15882|0|71522|03/01/2024 16:08:47||36073|3107521672|3738310360
14817|0|78069|03/01/2024 08:25:55||63845|6167158736|8850553520
16113|0|54515|03/01/2024 17:35:55||30845|638823944|880044544
15037|0|74259|03/01/2024 10:08:23||57697|3591333360|3798770752
15513|0|52004|03/01/2024 13:22:03||46077|40244327336|79210693352
16142|0|12441|03/01/2024 17:49:14||30046|47125291384|93425195704
17139|0|74991|04/01/2024 00:53:55||4565|407125168|546824112
17219|0|25915|04/01/2024 01:23:12||2808|317408424|435173160
16864|0|30630|03/01/2024 22:59:09||11451|3307936512|4053143592
17327|0|13046|04/01/2024 02:04:16||344|150425536|165459928
16848|0|73835|03/01/2024 22:41:07||12533|905722520|1168024368
16992|0|78433|03/01/2024 23:53:49||8171|331478800|401487520
15982|0|18618|03/01/2024 16:46:59||33781|2851859424|2952435936
15474|0|14275|03/01/2024 13:00:12||47388|3802053760|5385879848
17328|0|34756|04/01/2024 02:05:36||264|24512936|34213512
16865|0|43904|03/01/2024 22:59:36||11424|4667981456|6575876376
15326|0|39364|03/01/2024 12:06:40||50600|11658566800|14157243440
14934|0|99645|03/01/2024 09:19:33||60627|11757764888|14871897464
17329|0|12922|04/01/2024 02:01:07||533|56081424|64163472
16370|0|32244|03/01/2024 19:17:56||24724|6397880728|7021732952
16936|0|12082|03/01/2024 23:24:12||9948|100430608|135895272
17220|0|84358|04/01/2024 01:21:36||2904|1109495480|1574365088
17094|0|17759|04/01/2024 00:34:17||5743|270204408|333541936
15038|0|81939|03/01/2024 10:04:35||57925|1082986608|1575587160
15534|0|18035|03/01/2024 13:35:25||45275|1221021816|1402708584
16759|0|84865|03/01/2024 22:00:52||14948|273267432|408054832
17192|0|89120|04/01/2024 01:14:28||3332|1136587184|1429151832
15953|0|48767|03/01/2024 16:32:41||34639|2643864448|2834088176
17095|0|78806|04/01/2024 00:34:40||5720|19289873504|43740116416
16684|0|25702|03/01/2024 21:33:43||16577|6344351160|7579552656
15798|0|48296|03/01/2024 15:21:46||38894|12792059640|17590605304
15859|0|73922|03/01/2024 15:56:02||36838|1657300240|1672152208
16712|0|61330|03/01/2024 21:46:53||15787|35972688|43331480
16866|0|90367|03/01/2024 22:51:41||11899|2065996112|2983762608
15741|0|37105|03/01/2024 15:05:18||39882|25268430560|25761341032
15249|0|6960|03/01/2024 11:31:30||52710|136720294552|276245226064
17193|0|35076|04/01/2024 01:17:54||3126|146899848|195270768
15424|0|83370|03/01/2024 12:42:39||48441|164744641088|470711955240
16609|0|20312|03/01/2024 21:02:11||18469|5535665408|8016530672
15689|0|65677|03/01/2024 14:49:17||40843|2840742816|3120960888
16173|0|22916|03/01/2024 17:58:35||29485|828494952|1086073024
14978|0|16674|03/01/2024 09:37:08||59572|10192642152|11335555472
16191|0|16695|03/01/2024 18:03:46||29174|12271962792|18182237512
16610|0|40671|03/01/2024 21:02:42||18438|3814882104|3895881472
16556|0|90732|03/01/2024 20:47:54||19326|1619401240|1810197720
15650|0|28957|03/01/2024 14:27:17||42163|3840034176|4352282376
16283|0|81038|03/01/2024 18:47:13||26567|13394729776|16386799736
16284|0|15557|03/01/2024 18:43:38||26782|2556240368|2938248688
17171|0|59134|04/01/2024 01:05:33||3867|23769491480|49049725304
17042|0|40511|04/01/2024 00:14:10||6950|3112420376|4022654736
16685|0|93680|03/01/2024 21:39:54||16206|504424160|725781512
15109|0|86192|03/01/2024 10:22:43||56837|24408076912|24627471240
17119|0|34412|04/01/2024 00:41:37||5303|396319240|437077448
16779|0|97925|03/01/2024 22:18:12||13908|2817330808|2941075384
15983|0|23436|03/01/2024 16:49:15||33645|5240604128|5720500848
17246|0|29649|04/01/2024 01:33:59||2161|3191955432|7656131568
16737|0|48911|03/01/2024 21:53:40||15380|1057600840|1170964912
16497|0|79407|03/01/2024 20:17:52||21128|8614735952|8955507680
17194|0|73069|04/01/2024 01:10:51||3549|389719104|475581752
17063|0|15102|04/01/2024 00:26:25||6215|13723722544|28918878432
16083|0|39308|03/01/2024 17:24:56||31504|1059980760|1264082656
16633|0|78689|03/01/2024 21:12:03||17877|10022354216|10189190160
15799|0|74346|03/01/2024 15:29:55||38405|2901706232|2926281072
17195|0|98973|04/01/2024 01:14:52||3308|163114896|221762424
17096|0|98489|04/01/2024 00:37:27||5553|322404280|427862352
17120|0|48741|04/01/2024 00:45:47||5053|285617328|387765464
16686|0|64434|03/01/2024 21:33:18||16602|613373696|807195496
16952|0|6399|03/01/2024 23:30:50||9550|4828879536|5975430728
16286|0|3892|03/01/2024 18:48:01||26519|22658898648|42261856640
16780|0|6662|03/01/2024 22:12:27||14253|4492648688|6087599080
16908|0|16812|03/01/2024 23:14:06||10554|1490442888|1717420208
15884|0|35461|03/01/2024 16:04:26||36334|3454679280|3978113216
17221|0|19079|04/01/2024 01:20:25||2975|6172787864|3546980792
15192|0|17294|03/01/2024 11:01:33||54507|13230672208|17042890488
16539|0|78684|03/01/2024 20:31:23||20317|3642538424|4637439600
16976|0|44698|03/01/2024 23:48:02||8518|920600424|1040979904
17330|0|69485|04/01/2024 02:06:38||202|37444952|40645184
16806|0|32459|03/01/2024 22:23:41||13579|1215178320|1338975968
16849|0|62028|03/01/2024 22:43:17||12403|5857634456|8184105632
16807|0|56872|03/01/2024 22:25:49||13451|20549156824|49277432144
17303|0|56746|04/01/2024 01:53:11||1009|100929416|104064728
15690|0|50061|03/01/2024 14:45:04||41096|5508017640|6138395096
15072|0|83758|03/01/2024 10:15:47||57253|14942446272|21948360144
16658|0|75667|03/01/2024 21:23:54||17166|21297868000|61163723488
15536|0|73186|03/01/2024 13:36:39||45201|4073702208|4321571136
15610|0|41227|03/01/2024 14:03:39||43581|3281345200|4307541296
15376|0|90699|03/01/2024 12:22:15||49665|1464200048|1894404016
17222|0|94788|04/01/2024 01:20:22||2978|1580282128|2317216224
16498|0|78335|03/01/2024 20:11:33||21507|2840737696|2848475112
16713|0|97865|03/01/2024 21:42:19||16061|16276655840|37888353768
15073|0|21114|03/01/2024 10:10:10||57590|2201977704|2727587720
15954|0|67461|03/01/2024 16:33:37||34583|211911360|244266432
16687|0|42912|03/01/2024 21:31:05||16735|476309344|521152048
17014|0|93168|04/01/2024 00:06:39||7401|82111160|94049304
16407|0|74084|03/01/2024 19:37:40||23540|52119674704|117687528352
14752|0|71511|03/01/2024 07:58:46||65474|20070645096|23446907656
14953|0|23395|03/01/2024 09:21:53||60487|3751039208|4489363112
15709|0|47737|03/01/2024 14:53:31||40589|7876048280|9345735568
16408|0|75914|03/01/2024 19:38:44||23476|745560016|878121032
17043|0|86009|04/01/2024 00:11:24||7116|1418101312|1621686368
16234|0|83405|03/01/2024 18:28:55||27665|6478937856|7615060128
15631|0|4972|03/01/2024 14:14:00||42960|13688417968|13700607968
16426|0|79268|03/01/2024 19:42:38||23242|9253431184|10980988520
16470|0|33485|03/01/2024 20:04:01||21959|39166166560|82753261600
16116|0|62744|03/01/2024 17:30:43||31157|5290871720|6011567808
16850|0|55486|03/01/2024 22:40:15||12585|2296745568|2571674272
16714|0|70084|03/01/2024 21:49:39||15621|5591701048|6145397496
16808|0|17728|03/01/2024 22:29:41||13219|927285768|991113160
16323|0|47970|03/01/2024 18:51:29||26311|3885550888|4292659968
16174|0|87954|03/01/2024 17:58:00||29520|6676906688|6705404264
17304|0|32920|04/01/2024 01:53:59||961|326828960|399811848
16409|0|65088|03/01/2024 19:39:32||23428|8873473616|10626976352
16032|0|4535|03/01/2024 17:09:11||32449|54718421160|114333454856
15494|0|73483|03/01/2024 13:16:52||46388|28526452352|20118770776
16033|0|46218|03/01/2024 17:02:07||32873|1303165112|1400814888
17247|0|65987|04/01/2024 01:35:02||2098|1644806088|4648920744
16410|0|94873|03/01/2024 19:34:03||23757|8324447848|10362009672
15860|0|76428|03/01/2024 15:51:24||37116|10188879552|14131458456
15495|0|9390|03/01/2024 13:12:13||46667|9631856408|13504809056
15886|0|82516|03/01/2024 16:04:59||36301|8641977992|11545060976
15691|0|25789|03/01/2024 14:40:20||41380|6269680736|6294853136
17121|0|92320|04/01/2024 00:41:28||5312|205124488|275385120
16216|0|66200|03/01/2024 18:10:37||28763|9287342936|13146274488
16445|0|37723|03/01/2024 19:57:36||22344|74313957200|191011563384
16540|0|62249|03/01/2024 20:33:02||20218|9066537824|13562347800
16977|0|19738|03/01/2024 23:40:10||8990|258513896|355523968
16143|0|13917|03/01/2024 17:43:39||30381|4924798944|7029956528
16346|0|48483|03/01/2024 19:03:26||25594|501890784|537590056
17044|0|53107|04/01/2024 00:15:00||6900|15808121008|32028631672
17015|0|6966|04/01/2024 00:08:55||7265|18353107248|41866396640
15588|0|42383|03/01/2024 13:53:17||44203|23423034016|24596311080
16612|0|4685|03/01/2024 21:06:26||18214|2357337008|2879740616
16258|0|17172|03/01/2024 18:31:31||27509|6494927064|8829289496
16347|0|42168|03/01/2024 19:06:21||25419|2192905000|2630786296
16235|0|99120|03/01/2024 18:22:56||28024|25973791816|26756583920
16738|0|21722|03/01/2024 21:50:57||15543|1273440272|1784209984
15838|0|49278|03/01/2024 15:46:24||37416|8362292840|9674555488
16781|0|87581|03/01/2024 22:18:12||13908|1449502480|2082866040
16117|0|12956|03/01/2024 17:32:00||31080|12025188632|13301558720
16953|0|81020|03/01/2024 23:32:55||9425|2451414064|2454394056
16715|0|97158|03/01/2024 21:48:25||15695|4537936440|6108558064
16909|0|23048|03/01/2024 23:11:55||10685|2937171808|4304524752
16782|0|21853|03/01/2024 22:15:31||14069|1468758328|1533426256
15561|0|92824|03/01/2024 13:40:22||44978|66788530856|142644735136
16869|0|35495|03/01/2024 22:56:49||11591|775670560|830220784
16851|0|98672|03/01/2024 22:48:11||12109|6222161168|7414811936
16290|0|13901|03/01/2024 18:41:01||26939|1886181880|1935938888
15612|0|31852|03/01/2024 14:09:16||43244|5830922680|5961476592
16783|0|60185|03/01/2024 22:16:39||14001|7420531528|9094788576
16613|0|32354|03/01/2024 21:00:46||18554|2147742912|2653368096
17280|0|64894|04/01/2024 01:48:28||1292|641297888|722712392
17223|0|45060|04/01/2024 01:22:39||2841|1265039688|1361291656
15563|0|39654|03/01/2024 13:44:25||44735|18209375088|19451905712
16716|0|79668|03/01/2024 21:42:02||16078|1366557056|1699167752
15040|0|38417|03/01/2024 10:08:10||57710|32174962472|19220872280
17196|0|53738|04/01/2024 01:12:01||3479|627092152|732994560
16472|0|5442|03/01/2024 20:01:12||22128|43487037104|106298409984
16614|0|11302|03/01/2024 21:04:23||18337|8097878360|11510887432
15209|0|96844|03/01/2024 11:15:46||53654|2715468696|2949678104
15357|0|10803|03/01/2024 12:15:13||50087|5175732776|6439642256
15772|0|31448|03/01/2024 15:10:24||39576|13721379104|14361692224
16615|0|19015|03/01/2024 21:04:31||18329|10824196216|14707187264
16583|0|62285|03/01/2024 20:55:18||18882|53816679888|134531352224
16217|0|93110|03/01/2024 18:12:10||28670|11011316664|11944617616
16993|0|93403|03/01/2024 23:57:07||7973|1091386960|1495017520
15839|0|36625|03/01/2024 15:41:37||37703|18357955120|20427685672
16760|0|62869|03/01/2024 22:04:34||14726|770337904|947194664
16809|0|62626|03/01/2024 22:20:01||13799|709919544|831062480
17248|0|98794|04/01/2024 01:31:01||2339|448110320|645010704
17197|0|34950|04/01/2024 01:11:01||3539|639630496|708075536
15428|0|57945|03/01/2024 12:49:41||48019|30928634656|41179864936
15145|0|30638|03/01/2024 10:41:20||55720|27054633608|30832630824
16518|0|27810|03/01/2024 20:23:30||20790|5828522840|6344795632
16978|0|52043|03/01/2024 23:40:37||8963|588354256|767105128
16717|0|95103|03/01/2024 21:44:34||15926|24013721080|47963501368
15590|0|74441|03/01/2024 13:55:09||44091|6423375200|6716445056
16084|0|68984|03/01/2024 17:21:07||31733|94324623976|262968829720
16994|0|44360|03/01/2024 23:55:23||8077|9530305424|7500729112
16473|0|44387|03/01/2024 20:04:42||21918|742656656|998142560
15821|0|22927|03/01/2024 15:35:10||38090|20431403160|24675152488
15840|0|6154|03/01/2024 15:49:40||37220|8190255552|8455786376
15861|0|86250|03/01/2024 15:50:11||37189|10157417776|11521457848
16739|0|57795|03/01/2024 21:55:55||15245|245942536|325487752
17249|0|34596|04/01/2024 01:33:06||2214|442674680|627902768
17281|0|74448|04/01/2024 01:47:37||1343|930383144|1186820200
16870|0|39394|03/01/2024 22:55:23||11677|2548957848|2984622080
16827|0|36682|03/01/2024 22:33:02||13018|2779531552|3353940400
14725|0|4803|03/01/2024 07:44:46||66314|149817814040|286542762528
15477|0|44803|03/01/2024 13:01:52||47288|67781674688|50687945544
16871|0|29749|03/01/2024 22:51:29||11911|22947735912|42962414752
16558|0|57836|03/01/2024 20:47:25||19355|44622032376|99820620792
16324|0|87579|03/01/2024 18:52:52|04/01/2024 02:09:22|26190|758534320|905427768
17198|0|57716|04/01/2024 01:12:10||3470|10913246832|23164116968
16872|0|11571|03/01/2024 22:55:17||11683|610457752|659571968
16291|0|54472|03/01/2024 18:49:49||26411|6359167256|9370423976
16371|0|60600|03/01/2024 19:16:50||24790|1377431336|1521819480
15985|0|36839|03/01/2024 16:42:21||34059|11199680208|15523300456
15887|0|33855|03/01/2024 16:02:49||36431|22633675640|24936948936
16325|0|75669|03/01/2024 18:56:27||26013|46649578240|102053497400
17064|0|4484|04/01/2024 00:25:57||6243|384436720|437435008
15632|0|3904|03/01/2024 14:13:10||43010|7073386912|9259170296
15591|0|62816|03/01/2024 13:56:42||43998|17964952016|18833723136
16954|0|55005|03/01/2024 23:39:19||9041|696303384|808834960
17305|0|14219|04/01/2024 01:56:53||787|110357776|122434968
16873|0|57735|03/01/2024 22:55:39||11661|1050660896|1185742768
17016|0|93820|04/01/2024 00:02:56||7624|1608796128|2234424872
17097|0|38586|04/01/2024 00:38:05||5515|107725712|128819304
16810|0|28490|03/01/2024 22:26:26||13414|4283115648|4328687168
16955|0|28587|03/01/2024 23:31:32||9508|607863216|728601216
17282|0|61191|04/01/2024 01:45:11||1489|772086152|945732896
16761|0|53326|03/01/2024 22:05:50||14650|1603727288|2076562248
14915|0|84453|03/01/2024 09:06:14||61426|9220396944|9687159184
17331|0|5803|04/01/2024 02:02:54||426|37446456|44011040
17065|0|41544|04/01/2024 00:27:49||6131|3361008|4841408
15210|0|52563|03/01/2024 11:16:39||53601|5763629256|7178092280
16085|0|66081|03/01/2024 17:23:08||31612|70527906880|196825465176
16659|0|94787|03/01/2024 21:28:01||16919|22424296736|62166522368
16414|0|54119|03/01/2024 19:33:26||23794|889824160|1238152800
15078|0|90057|03/01/2024 10:12:08||57472|19330744752|28044704896
17283|0|91976|04/01/2024 01:48:52||1268|507883856|677997656
16874|0|9336|03/01/2024 22:56:07||11633|5235137552|6221417264
15331|0|27698|03/01/2024 12:02:48||50832|3086192592|3896565120
15272|0|33206|03/01/2024 11:47:43||51737|17107541440|19642619128
15478|0|70213|03/01/2024 13:02:33||47247|6884644656|8194483616
17172|0|50917|04/01/2024 01:05:55||3845|462104528|616373632
17066|0|30781|04/01/2024 00:24:50||6310|45681904|64146672
15592|0|36760|03/01/2024 13:58:47||43873|7121730200|10031308688
15633|0|41406|03/01/2024 14:14:42||42918|19884223040|20591009608
17140|0|60581|04/01/2024 00:53:16||4604|677696648|944784624
17045|0|17619|04/01/2024 00:14:24||6936|515065912|546510184
14820|0|68948|03/01/2024 08:27:11||63769|8317353824|8764073264
15710|0|84564|03/01/2024 14:56:09||40431|6798397528|7094316248
16348|0|67169|03/01/2024 19:07:10||25370|1520311888|2235094872
17122|0|27999|04/01/2024 00:47:55||4925|473565560|523612208
16447|0|47248|03/01/2024 19:59:47||22213|9834865992|13945438008
16415|0|41267|03/01/2024 19:38:29||23491|481605184|642700296
16559|0|11766|03/01/2024 20:47:52||19328|3087373184|4616372216
16828|0|94316|03/01/2024 22:36:21||12819|4924511648|6313831616
16145|0|27748|03/01/2024 17:40:18||30582|12100789560|16562859952
15888|0|97311|03/01/2024 16:05:34||36266|48599156080|135567742088
14983|0|42553|03/01/2024 09:36:24||59616|20825525200|28227984904
16938|0|85267|03/01/2024 23:25:56||9844|1438843496|1668567264
16852|0|90419|03/01/2024 22:47:38||12142|709211208|941803840
16785|0|18158|03/01/2024 22:16:27||14013|2204124616|2812770280
16689|0|32978|03/01/2024 21:38:03||16317|840015736|1217472936
17284|0|83108|04/01/2024 01:48:38||1282|335049584|431641752
16690|0|73600|03/01/2024 21:30:00||16800|1588388792|2034049472
17017|0|60085|04/01/2024 00:02:03||7677|1017598800|1054881448
17098|0|60363|04/01/2024 00:37:52||5528|521308880|542762952
17173|0|44099|04/01/2024 01:08:25||3695|186310344|235765608
15004|0|63807|03/01/2024 09:46:18||59022|23450039048|31579604416
17018|0|22701|04/01/2024 00:02:09||7671|300946096|321539384
16086|0|53471|03/01/2024 17:29:13||31247|80501989056|197800223720
16561|0|55148|03/01/2024 20:46:33||19407|3193169664|4780104728
17099|0|10213|04/01/2024 00:35:11||5689|539242984|582259512
16890|0|63274|03/01/2024 23:00:43||11357|1765506504|1895034544
17046|0|98428|04/01/2024 00:13:59||6961|1966471656|2793584304
15654|0|93717|03/01/2024 14:24:13||42347|5177805632|5900975056
15332|0|60097|03/01/2024 12:02:30||50850|11456906560|11766151080
17250|0|33346|04/01/2024 01:36:08||2032|637916576|751648576
16501|0|42954|03/01/2024 20:10:32||21568|3798318240|4049017008
16521|0|8613|03/01/2024 20:23:04||20816|4118751656|4980476968
16087|0|56019|03/01/2024 17:22:40||31640|6546924720|7204881008
16416|0|43500|03/01/2024 19:36:16||23624|4640929704|5409784152
15692|0|37264|03/01/2024 14:43:01||41219|8181684200|10148468296
17251|0|62527|04/01/2024 01:33:46||2174|2780389808|7478994936
15693|0|33390|03/01/2024 14:41:11||41329|14084976248|17933492952
16011|0|79189|03/01/2024 16:58:15||33105|1422241816|2121586904
17019|0|70009|04/01/2024 00:04:05||7555|883977640|984084616
16502|0|84127|03/01/2024 20:10:07||21593|4771733104|5895741520
15748|0|87607|03/01/2024 15:08:02||39718|11344250480|11788850512
16660|0|72601|03/01/2024 21:21:23||17317|478656016|641014520
16910|0|95675|03/01/2024 23:16:11|04/01/2024 02:07:08|10257|2733031200|3448181016
17332|0|95675|04/01/2024 02:08:46||74|3935424|5735648
16427|0|43954|03/01/2024 19:44:08||23152|4536469344|4886517688
16719|0|48931|03/01/2024 21:45:09||15891|663371272|939389568
16059|0|60102|03/01/2024 17:18:50||31870|5625147120|6977838608
16829|0|39327|03/01/2024 22:34:51||12909|21440179744|44873018456
15773|0|90954|03/01/2024 15:14:00||39360|5727973472|6143459592
15594|0|89323|03/01/2024 13:57:01||43979|5371649240|6517745808
16811|0|35705|03/01/2024 22:26:25||13415|6182884640|6779161976
15910|0|77387|03/01/2024 16:18:45||35475|43762637800|102170912928
17199|0|21282|04/01/2024 01:15:36||3264|240052888|281200368
16192|0|35695|03/01/2024 18:03:26||29194|12899154592|15596970720
15537|0|72301|03/01/2024 13:31:24||45516|218996000|244892960
16911|0|38967|03/01/2024 23:17:19||10361|8820736736|10516766016
16762|0|79767|03/01/2024 22:08:28||14492|1477682152|1493904304
17174|0|68077|04/01/2024 01:00:15||4185|11731567496|21834331544
16585|0|25392|03/01/2024 20:54:56||18904|6374782512|7165495640
15986|0|26325|03/01/2024 16:42:13||34067|842448848|1259017320
16193|0|95355|03/01/2024 18:01:06||29334|2517200768|2953742944
16891|0|82476|03/01/2024 23:08:07||10913|2819580288|3134279152
16260|0|35329|03/01/2024 18:37:27||27153|10008504264|14698940976
16586|0|17356|03/01/2024 20:54:22||18938|1256432464|1768830080
16979|0|68306|03/01/2024 23:40:22||8978|919266312|1348523784
16892|0|32108|03/01/2024 23:06:01||11039|1672203576|2430116984
15273|0|84545|03/01/2024 11:48:29||51691|7796820304|10889146128
17200|0|48001|04/01/2024 01:14:26||3334|1580256024|4093699968
15081|0|68986|03/01/2024 10:11:17||57523|111018062376|232535049312
16956|0|52327|03/01/2024 23:31:57||9483|3589049392|4649399224
16327|0|6952|03/01/2024 18:52:32||26248|84093017896|196329047696
15694|0|90800|03/01/2024 14:48:56||40864|8796553288|12199980288
17175|0|90382|04/01/2024 01:07:31||3749|761762752|772660360
15430|0|40431|03/01/2024 12:45:27||48273|6509928696|7518296880
17285|0|63445|04/01/2024 01:48:56||1264|472619760|658144104
16763|0|39713|03/01/2024 22:09:29||14431|53924058992|129374157392
16292|0|16348|03/01/2024 18:45:52||26648|5042712160|5850585064
16449|0|85434|03/01/2024 19:52:42||22638|2028847440|2946441008
15497|0|91313|03/01/2024 13:19:04||46256|8483783696|10904461504
16786|0|45237|03/01/2024 22:14:07||14153|1225137912|1351791120
15480|0|88937|03/01/2024 13:02:54||47226|24889580672|33112043752
17067|0|70307|04/01/2024 00:22:28||6452|13355143328|30088680208
16475|0|95683|03/01/2024 20:09:24||21636|263188816|371848480
15518|0|44964|03/01/2024 13:29:53||45607|15542690608|21649069848
15863|0|19376|03/01/2024 15:53:09||37011|10662913704|14783818768
16261|0|43370|03/01/2024 18:36:07||27233|1936408152|2282197240
16194|0|28498|03/01/2024 18:06:22||29018|53958280360|132398454808
16875|0|12270|03/01/2024 22:53:25||11795|1103655352|1348990592
16830|0|11534|03/01/2024 22:38:19||12701|3003058048|4085388384
16720|0|21518|03/01/2024 21:42:46||16034|7015203840|7084785712
17068|0|37567|04/01/2024 00:22:33||6447|446361432|527106672
16661|0|92546|03/01/2024 21:21:45||17295|1616020192|1662941752
17100|0|26922|04/01/2024 00:30:59||5941|14525392|21384240
15889|0|53404|03/01/2024 16:07:20||36160|2501202784|3615138888
16328|0|60296|03/01/2024 18:50:51||26349|3405041768|4778360952
15171|0|62720|03/01/2024 10:53:38||54982|14413594336|16803079568
16450|0|78972|03/01/2024 19:58:11||22309|4929064592|6392426768
16587|0|67859|03/01/2024 20:52:13||19067|1668822832|1895437112
16034|0|48607|03/01/2024 17:06:31||32609|1669146960|1936059776
16293|0|85410|03/01/2024 18:40:03||26997|1580392456|1792466440
16812|0|99156|03/01/2024 22:23:39||13581|850235744|888205648
15911|0|98210|03/01/2024 16:12:00||35880|3912593352|5063084088
16662|0|83497|03/01/2024 21:22:53||17227|2859640584|4283142656
15566|0|77491|03/01/2024 13:47:18||44562|3046705144|3178950952
17047|0|35733|04/01/2024 00:12:01||7079|98137344|109325496
16294|0|98856|03/01/2024 18:42:30||26850|12803979936|15458864400
17252|0|44658|04/01/2024 01:32:39||2241|200161536|254785960
16373|0|86828|03/01/2024 19:11:55||25085|7436893080|9086470424
17201|0|26828|04/01/2024 01:18:48||3072|1248495000|1382771680
17123|0|65772|04/01/2024 00:43:50||5170|1029848232|1089589520
16995|0|90163|03/01/2024 23:58:30||7890|582662400|694534752
17124|0|4256|04/01/2024 00:49:32||4828|1052450520|1532565432
16616|0|11231|03/01/2024 21:09:29||18031|13901818464|14457034592
16012|0|28951|03/01/2024 16:50:53||33547|2126306672|2257845584
15822|0|99977|03/01/2024 15:37:02||37978|43090225920|43339594928
17141|0|64878|04/01/2024 00:52:02||4678|529222992|617634712
16831|0|10802|03/01/2024 22:32:41||13039|60995190144|119437795728
17020|0|13764|04/01/2024 00:03:16||7604|1325864440|1811184376
17142|0|26572|04/01/2024 00:54:56||4504|1028969272|1316972688
15801|0|67867|03/01/2024 15:29:15||38445|3610466304|4325013424
15841|0|9349|03/01/2024 15:48:12||37308|9756017016|12035787248
15987|0|79990|03/01/2024 16:45:49||33851|13758755088|13815506544
17202|0|13737|04/01/2024 01:18:52||3068|1419627104|1972025216
17176|0|19097|04/01/2024 01:02:12||4068|1106056|1578344
16451|0|26277|03/01/2024 19:56:47||22393|3331919064|4144361688
16663|0|9872|03/01/2024 21:20:42||17358|5167128744|5197254072
16013|0|72764|03/01/2024 16:50:37||33563|85959327880|208408454744
17203|0|89278|04/01/2024 01:12:51||3429|706028688|907574048
16996|0|61032|03/01/2024 23:56:39||8001|768491208|886396480
15172|0|8632|03/01/2024 10:57:56||54724|24559666200|34664541000
16329|0|33062|03/01/2024 18:52:28||26252|48857125048|138164395928
16417|0|27279|03/01/2024 19:34:13||23747|2151121552|2492690432
15802|0|30292|03/01/2024 15:28:27||38493|105937686984|292106773352
16522|0|80603|03/01/2024 20:22:16||20864|2237582944|2995362056
14986|0|97911|03/01/2024 09:34:24||59736|25213052816|29425485136
15616|0|5529|03/01/2024 14:01:16||43724|7171721016|8702584480
15617|0|68440|03/01/2024 14:00:19||43781|14268839288|15277128368
16541|0|94248|03/01/2024 20:30:03||20397|9683288240|10909748632
16634|0|11066|03/01/2024 21:16:23||17617|534313704|596465808
16635|0|21964|03/01/2024 21:15:09||17691|24885519784|47616285896
16912|0|57080|03/01/2024 23:16:26||10414|6162259504|8335671520
15657|0|57413|03/01/2024 14:28:54||42066|1463585600|1988801792
17253|0|79350|04/01/2024 01:37:34||1946|263383808|273523368
17286|0|45092|04/01/2024 01:48:19||1301|293107448|349530032
16350|0|29526|03/01/2024 19:08:31||25289|579220232|606364288
16295|0|69929|03/01/2024 18:48:05||26515|5389291968|7403944944
16090|0|39905|03/01/2024 17:22:56||31624|15836630344|16593861408
15912|0|97039|03/01/2024 16:13:26||35794|2834350984|3254977272
16296|0|51311|03/01/2024 18:43:57|04/01/2024 02:03:15|26358|18018051608|24702554912
15842|0|35168|03/01/2024 15:45:54||37446|82285445152|195062073704
16980|0|76693|03/01/2024 23:46:27||8613|1182754464|1366024952
16913|0|21100|03/01/2024 23:14:03||10557|197971944|277810696
14797|0|77284|03/01/2024 08:16:08||64432|24848578928|34042165568
16061|0|61943|03/01/2024 17:15:10||32090|5786697256|6647231216
17254|0|82954|04/01/2024 01:33:07||2213|82662160|120972320
16664|0|38265|03/01/2024 21:25:00||17100|418257176|499690216
14774|0|42570|03/01/2024 08:02:58||65222|7776278752|8524273440
17143|0|14794|04/01/2024 00:54:18||4542|743985272|838684240
17204|0|21427|04/01/2024 01:15:01||3299|315766096|452850760
17306|0|27940|04/01/2024 01:55:49||851|2535123872|4774382424
17224|0|59942|04/01/2024 01:24:30||2730|945973104|978005016
14890|0|58552|03/01/2024 08:54:12||62148|1131233752|1237643448
16981|0|9532|03/01/2024 23:46:04||8636|1634286896|2366451992
15538|0|83741|03/01/2024 13:30:52||45548|6055283000|6391671608
16914|0|83215|03/01/2024 23:14:16||10544|6335806472|7217686272
17333|0|43461|04/01/2024 02:06:57||183|5414496|5656744
16330|0|69897|03/01/2024 18:50:34||26366|1424527248|1622841640
15131|0|56666|03/01/2024 10:34:30||56130|193528339920|380926377752
15989|0|11654|03/01/2024 16:47:55||33725|8772195704|9489948704
15913|0|70337|03/01/2024 16:15:43||35657|45892996776|86829831496
17069|0|91832|04/01/2024 00:29:25||6035|101513608|126438240
15892|0|32541|03/01/2024 16:00:27||36573|7747904128|8158978936
17177|0|8523|04/01/2024 01:00:50||4150|357073472|393714416
17021|0|53508|04/01/2024 00:03:57||7563|3324034568|3333106144
16351|0|11314|03/01/2024 19:04:10||25550|45970245424|109276771736
17225|0|87992|04/01/2024 01:27:51||2529|33663664|36504120
15750|0|48166|03/01/2024 15:00:08||40192|4789354704|6086441544
16617|0|48637|03/01/2024 21:03:01||18419|3784244048|4302890256
17307|0|68764|04/01/2024 01:50:58||1142|444986856|460702432
15595|0|94015|03/01/2024 13:53:25||44195|79267901256|205711583280
15083|0|67809|03/01/2024 10:19:56||57004|31583578968|39167693448
17287|0|57856|04/01/2024 01:40:41||1759|428963048|606206160
16787|0|75327|03/01/2024 22:16:16||14024|5442283136|4001362080
17144|0|34124|04/01/2024 00:56:04||4436|2520470120|2796402440
15256|0|82616|03/01/2024 11:39:03||52257|4575647144|5222473608
16523|0|31643|03/01/2024 20:28:29||20491|1796198008|2415840000
15775|0|91568|03/01/2024 15:17:19||39161|7087899224|10399046512
15865|0|15996|03/01/2024 15:58:50||36670|5101630592|7085336368
14959|0|98783|03/01/2024 09:27:49||60131|7480580064|7807346072
17070|0|37926|04/01/2024 00:22:14||6466|2051028768|2370174440
16175|0|76833|03/01/2024 17:58:54||29466|19600765248|19933201944
17178|0|46901|04/01/2024 01:08:52||3668|591825640|615837608
16238|0|61352|03/01/2024 18:21:49||28091|12808037032|14094344504
15567|0|64822|03/01/2024 13:41:31||44909|34938141424|38000386232
16476|0|25095|03/01/2024 20:09:54||21606|5186092272|6670150320
16833|0|29837|03/01/2024 22:39:20||12640|2022367624|2117298008
16418|0|86732|03/01/2024 19:37:31||23549|4945148072|5758409392
16428|0|35686|03/01/2024 19:43:20||23200|5718652824|7334152072
16939|0|35235|03/01/2024 23:20:53||10147|456373088|670465672
16218|0|43698|03/01/2024 18:19:38||28222|4990243248|5227180216
15173|0|22801|03/01/2024 10:58:34||54686|18530353272|19942802480
16195|0|43917|03/01/2024 18:00:21||29379|3315616720|4828976480
16562|0|19157|03/01/2024 20:42:48||19632|192612984|250705400
16997|0|12454|03/01/2024 23:51:23||8317|2229464016|2245174744
16262|0|36095|03/01/2024 18:39:08||27052|21993901952|25214119232
16998|0|32872|03/01/2024 23:56:21||8019|22581570912|65169339624
16062|0|8662|03/01/2024 17:18:28||31892|1434777896|1781605120
16764|0|47842|03/01/2024 22:03:27||14793|1571576136|1878014464
15990|0|43170|03/01/2024 16:42:30||34050|2019042064|3017883248
16957|0|58921|03/01/2024 23:39:50||9010|4462265056|6425036416
17179|0|35182|04/01/2024 01:03:55||3965|1018398792|1093622928
16636|0|76307|03/01/2024 21:13:23||17797|1517929664|1766372856
17255|0|84882|04/01/2024 01:38:27||1893|70205808|103266656
16148|0|80310|03/01/2024 17:40:09||30591|4988221264|6890795992
15823|0|47886|03/01/2024 15:39:19||37841|264318064|313735480
16637|0|67919|03/01/2024 21:14:09||17751|6972654920|7602817496
17205|0|53841|04/01/2024 01:10:56||3544|4726636000|5615928680
16765|0|83641|03/01/2024 22:00:30||14970|48031599976|131535412392
16788|0|91060|03/01/2024 22:18:27||13893|5275121656|6111823696
15933|0|8563|03/01/2024 16:22:33||35247|551410056|795031520
17180|0|51236|04/01/2024 01:03:39||3981|762669816|996967592
16813|0|49763|03/01/2024 22:29:39||13221|6008727352|4189165288
16665|0|34193|03/01/2024 21:26:59||16981|1471771352|1618743472
16263|0|72067|03/01/2024 18:30:27||27573|71296417104|143323838152
16695|0|58849|03/01/2024 21:35:57||16443|169626008|208624544
17071|0|74201|04/01/2024 00:27:38||6142|555682696|600704872
16834|0|90491|03/01/2024 22:30:17||13183|627509544|767882952
16297|0|91706|03/01/2024 18:40:48||26952|3255704384|3264839008
15359|0|40546|03/01/2024 12:19:07||49853|67902626896|185313450432
16789|0|13713|03/01/2024 22:16:06||14034|2612800376|3892752664
17145|0|21276|04/01/2024 00:56:18||4422|1620871144|1971021896
15893|0|45990|03/01/2024 16:09:52||36008|12805007320|17972903936
15360|0|51323|03/01/2024 12:10:17||50383|2679175904|2915607416
16940|0|29694|03/01/2024 23:28:41||9679|4493646776|4990850104
15257|0|24553|03/01/2024 11:36:30||52410|11262226824|16165982744
15934|0|79396|03/01/2024 16:23:18||35202|5452662680|7015415416
16721|0|6089|03/01/2024 21:46:15||15825|254152872|325374824
16741|0|53027|03/01/2024 21:56:44||15196|1370171208|1628415888
17146|0|36031|04/01/2024 00:56:17||4423|934626616|1113546344
15824|0|30620|03/01/2024 15:36:01||38039|11870122424|13411121328
15114|0|33055|03/01/2024 10:21:36||56904|24727426152|27065318904
15894|0|9222|03/01/2024 16:07:13|04/01/2024 02:00:40|35607|13779414000|19538574256
17334|0|9222|04/01/2024 02:02:33||447|218694776|300273976
17147|0|84025|04/01/2024 00:54:39||4521|2171700912|3160637936
16742|0|81657|03/01/2024 21:57:53||15127|41134758384|77271850912
16035|0|12811|03/01/2024 17:05:17||32683|86126918008|182811886376
17256|0|94733|04/01/2024 01:34:49||2111|617937576|793636016
16915|0|78144|03/01/2024 23:14:26||10534|4587710552|4877644400
16666|0|91772|03/01/2024 21:25:07||17093|1841899680|2643614344
16696|0|33645|03/01/2024 21:39:38||16222|1276860880|1846043872
16999|0|42604|03/01/2024 23:56:22||8018|1622380328|2352344704
16563|0|18283|03/01/2024 20:40:29||19771|1293953864|1412742816
16916|0|13857|03/01/2024 23:10:40||10760|209759352|277288808
16240|0|93385|03/01/2024 18:25:08||27892|20069849128|21443285360
16589|0|93058|03/01/2024 20:53:15||19005|5883516880|5900602128
16219|0|45404|03/01/2024 18:17:01||28379|1601829848|1637570680
14988|0|47108|03/01/2024 09:36:07||59633|24321210280|24380413040
16743|0|76141|03/01/2024 21:58:36||15084|1717278816|1889629680
16477|0|50981|03/01/2024 20:05:16||21884|54752954584|105467908864
16893|0|72760|03/01/2024 23:06:24||11016|5533346184|5648593144
17206|0|59210|04/01/2024 01:16:23||3217|190745408|217263856
17048|0|53423|04/01/2024 00:14:27||6933|528406512|536867728
17101|0|80075|04/01/2024 00:37:07||5573|151551600|169156944
14894|0|43549|03/01/2024 08:59:27||61833|5621137080|5709762512
15618|0|97623|03/01/2024 14:02:53||43627|12364527696|16949006696
16917|0|22725|03/01/2024 23:17:25||10355|3248495520|3841169752
15115|0|11020|03/01/2024 10:28:02||56518|67517812160|195028285768
15777|0|57389|03/01/2024 15:11:04||39536|9774930320|11068917520
17226|0|76358|04/01/2024 01:24:26||2734|793346296|1119458200
16698|0|46420|03/01/2024 21:34:35||16525|1863768648|2374200200
16298|0|88768|03/01/2024 18:40:00||27000|8346818000|10781476272
16699|0|70097|03/01/2024 21:36:58||16382|1234504400|1539384336
16723|0|96071|03/01/2024 21:46:22||15818|3745033216|5511994520
17049|0|53564|04/01/2024 00:14:45||6915|1467177280|1580947576
15278|0|9901|03/01/2024 11:42:40||52040|4774308032|4804801680
16388|0|61969|03/01/2024 19:21:50||24490|1225109824|1527890280
17257|0|84925|04/01/2024 01:37:12||1968|478886928|575625424
16958|0|62224|03/01/2024 23:38:16||9104|2105938320|2998998952
16724|0|98714|03/01/2024 21:45:51||15849|2607872656|2871653544
17258|0|49186|04/01/2024 01:37:56||1924|237092856|248024960
16149|0|28457|03/01/2024 17:48:01||30119|5587235760|8358763896
16814|0|33559|03/01/2024 22:22:30||13650|1818557672|2683231680
15458|0|17769|03/01/2024 12:56:41||47599|35673169240|39243283144
16331|0|68101|03/01/2024 18:54:03||26157|2002578120|2600487880
17050|0|73018|04/01/2024 00:19:47||6613|73074104|83027672
16150|0|23518|03/01/2024 17:47:59||30121|6038314512|8462578968
16064|0|13770|03/01/2024 17:18:36||31884|6072280720|6163086240
17072|0|85390|04/01/2024 00:28:31||6089|1743366696|2423425808
15825|0|36601|03/01/2024 15:32:14||38266|22969719720|23220064496
16264|0|36252|03/01/2024 18:38:10||27110|34128222272|96216993728
17181|0|5254|04/01/2024 01:09:32||3628|534028504|769152264
16591|0|23557|03/01/2024 20:55:12||18888|6099724144|6630633272
15541|0|41285|03/01/2024 13:31:20||45520|112156377944|288279714600
16524|0|72614|03/01/2024 20:26:35||20605|9967910792|12174647712
17148|0|16285|04/01/2024 00:58:10||4310|1265088976|1415969368
16196|0|57847|03/01/2024 18:07:28||28952|45458854328|120587730992
16220|0|26226|03/01/2024 18:13:19||28601|26572272376|21730900184
16941|0|98932|03/01/2024 23:23:44||9976|4777950896|6714505192
14849|0|31820|03/01/2024 08:39:19||63041|12503104560|18737342464
16542|0|46233|03/01/2024 20:39:08||19852|14554269736|15085602040
17149|0|59358|04/01/2024 00:56:13||4427|3810908528|8089661288
15116|0|46850|03/01/2024 10:20:40||56960|6934789776|7265663432
15133|0|4559|03/01/2024 10:31:11||56329|23026983440|33044295992
17022|0|30968|04/01/2024 00:07:27||7353|130296984|190615320
16353|0|84582|03/01/2024 19:05:32||25468|11609692800|11989881808
14874|0|32243|03/01/2024 08:48:18||62502|1596659168|1889555520
16265|0|57378|03/01/2024 18:31:59||27481|3244831504|4374431840
16876|0|65049|03/01/2024 22:58:07||11513|4864717200|7204773976
17308|0|95342|04/01/2024 01:54:55||905|416375016|558523352
17023|0|97160|04/01/2024 00:01:39||7701|19678944|20977368
16790|0|10481|03/01/2024 22:13:10||14210|2075524664|2425379248
16619|0|60703|03/01/2024 21:06:04||18236|35807917528|97307258960
15699|0|72297|03/01/2024 14:40:19||41381|3034468848|3058754568
16918|0|21007|03/01/2024 23:17:58||10322|4952451504|6049950976
17259|0|17485|04/01/2024 01:34:02||2158|4927507616|12904023936
16299|0|29388|03/01/2024 18:46:00||26640|3966582928|5532591488
16791|0|54956|03/01/2024 22:19:04||13856|33523024656|67061392928
15826|0|6576|03/01/2024 15:39:48||37812|17060369552|25477676872
15405|0|27843|03/01/2024 12:36:35||48805|75559665920|202912480320
17073|0|78647|04/01/2024 00:24:16||6344|582382760|698060168
15117|0|5186|03/01/2024 10:22:45||56835|7214551280|7888505632
16766|0|27004|03/01/2024 22:08:10||14510|1615544032|1739628072
15915|0|27568|03/01/2024 16:19:55||35405|17734916432|21378467192
17260|0|10940|04/01/2024 01:38:09||1911|248495984|369591600
16835|0|96978|03/01/2024 22:34:39||12921|40234328848|86170393008
16151|0|24426|03/01/2024 17:47:42|04/01/2024 02:01:19|29617|1402365000|1779860336
17074|0|87104|04/01/2024 00:21:19||6521|364453088|456973488
17207|0|98002|04/01/2024 01:13:44||3376|35123312|35911376
17182|0|11827|04/01/2024 01:05:37||3863|7345078464|16033862824
17000|0|72686|03/01/2024 23:55:54||8046|6942013824|17006553232
16452|0|15088|03/01/2024 19:53:33||22587|12862797368|13468929080
15499|0|17325|03/01/2024 13:17:12||46368|127188128536|266954573320
16453|0|87308|03/01/2024 19:55:56||22444|6293067536|6491598552
17288|0|40253|04/01/2024 01:48:18||1302|3788493816|10555580456
15715|0|89016|03/01/2024 14:51:00||40740|11261660744|14967365136
17102|0|87441|04/01/2024 00:38:33||5487|1013779384|1228806728
16767|0|50462|03/01/2024 22:03:02||14818|2682735528|3704108912
17335|0|62763|04/01/2024 02:08:43||77|7314816|9440632
15304|0|43894|03/01/2024 11:52:19||51461|5580964736|8120730000
16300|0|89178|03/01/2024 18:45:24||26676|42070972088|86584768184
17125|0|9151|04/01/2024 00:47:23||4957|213999080|236024512
16036|0|94159|03/01/2024 17:07:35||32545|5380086768|5449652384
17261|0|81698|04/01/2024 01:39:12||1848|349710128|398535000
16725|0|54623|03/01/2024 21:45:43||15857|2925284440|2958303672
17001|0|48966|03/01/2024 23:57:47||7933|2421210760|3297374264
15778|0|69320|03/01/2024 15:13:09||39411|13511756160|15295479528
16668|0|36119|03/01/2024 21:24:31||17129|5594439312|7093128552
16390|0|93094|03/01/2024 19:26:32||24208|4116870440|5388267336
15134|0|27202|03/01/2024 10:39:56||55804|10825067464|14657462312
16638|0|4227|03/01/2024 21:13:59||17761|989340528|1126446344
15569|0|13942|03/01/2024 13:47:02||44578|68068405712|41342478544
15673|0|92518|03/01/2024 14:38:22||41498|5568362792|7544527848
17309|0|85887|04/01/2024 01:57:01||779|410026560|533872600
16152|0|30353|03/01/2024 17:41:10||30530|58613318648|163934133848
15962|0|51162|03/01/2024 16:35:27||34473|4158066576|5173165616
17310|0|33952|04/01/2024 01:51:10||1130|601471976|702861736
17126|0|34767|04/01/2024 00:47:28||4952|194560760|279185088
16853|0|16681|03/01/2024 22:44:49||12311|3540043192|4534808416
15306|0|18192|03/01/2024 11:53:21||51399|1906235888|2267777456
17150|0|17620|04/01/2024 00:56:12||4428|329696304|425914592
17151|0|18959|04/01/2024 00:56:23||4417|599958448|639089528
15362|0|57128|03/01/2024 12:13:41||50179|3076144368|3292185664
16639|0|4931|03/01/2024 21:12:02||17878|1488487680|1925480792
17075|0|80746|04/01/2024 00:21:18||6522|13535366944|26990465512
17076|0|20625|04/01/2024 00:21:41||6499|357424712|453741600
14922|0|39194|03/01/2024 09:02:39||61641|4537211264|4890200272
16894|0|41299|03/01/2024 23:05:31||11069|632106872|690293504
16016|0|46516|03/01/2024 16:51:38||33502|9223392336|13655498744
17183|0|13124|04/01/2024 01:00:11||4189|2340607744|2595270160
17077|0|38175|04/01/2024 00:24:26||6334|80206360|107731744
16037|0|45049|03/01/2024 17:05:01||32699|9540483984|10668144000
16177|0|23739|03/01/2024 17:56:43||29597|4646145368|6787449896
16726|0|72638|03/01/2024 21:43:01||16019|8558131312|11433769616
16815|0|99379|03/01/2024 22:26:33||13407|133624880|157279960
17103|0|35031|04/01/2024 00:39:33||5427|10923549704|27803105440
17152|0|15025|04/01/2024 00:59:33||4227|1989591664|2867154648
16942|0|96673|03/01/2024 23:20:21||10179|1287589312|1377340264
15992|0|16867|03/01/2024 16:47:54||33726|2997064664|3141071760
15521|0|58910|03/01/2024 13:23:31||45989|29029103632|35524720176
17024|0|28152|04/01/2024 00:02:01||7679|703553856|846937552
15500|0|17103|03/01/2024 13:17:30||46350|18918049008|20074937368
15024|0|92649|03/01/2024 09:59:12||58248|18199851184|22302760624
17003|0|28877|03/01/2024 23:55:02||8098|4451478240|2672043096
16564|0|66656|03/01/2024 20:43:07|04/01/2024 02:01:31|19104|5563163632|6138515632
17336|0|66656|04/01/2024 02:02:04||476|147625040|184536616
15895|0|88155|03/01/2024 16:02:11||36469|1381531120|1552170552
17153|0|96836|04/01/2024 00:52:14||4666|271463024|370317392
16429|0|83954|03/01/2024 19:41:48||23292|2018511688|2776705184
16544|0|81606|03/01/2024 20:34:12||20148|5326020504|5859510192
16121|0|64251|03/01/2024 17:36:31||30809|3494045528|4275164232
16895|0|57226|03/01/2024 23:02:40||11240|1631390720|2315087160
16197|0|61230|03/01/2024 18:08:52||28868|1735170632|2261669824
15044|0|13216|03/01/2024 10:01:34||58106|4702073584|5197581448
16419|0|94384|03/01/2024 19:33:11||23809|4752230760|6695969768
16038|0|45665|03/01/2024 17:02:53||32827|2559892552|2989606896
17311|0|35685|04/01/2024 01:59:14||646|228488432|239405512
17154|0|21862|04/01/2024 00:54:17||4543|1131922360|1284712816
16792|0|35354|03/01/2024 22:11:47||14293|578830768|727194184
16178|0|8768|03/01/2024 17:56:08||29632|9569118568|13435096096
17312|0|43189|04/01/2024 01:57:38||742|59339192|76786912
16744|0|14051|03/01/2024 21:57:35||15145|930677200|980959424
17262|0|99503|04/01/2024 01:37:33||1947|14775568|20933768
17104|0|20921|04/01/2024 00:37:02||5578|341856224|489489768
16545|0|5886|03/01/2024 20:35:07||20093|3797714832|4804075048
16455|0|93513|03/01/2024 19:58:40||22280|61329235536|149185606344
16836|0|76056|03/01/2024 22:31:47||13093|4812669024|6848215616
17105|0|25749|04/01/2024 00:30:57||5943|866723536|1061094112
17263|0|50811|04/01/2024 01:35:37||2063|62755752|87155184
15780|0|69902|03/01/2024 15:12:50||39430|79606790272|153730926464
16727|0|86493|03/01/2024 21:42:56||16024|192384816|265493448
17106|0|96367|04/01/2024 00:30:40||5960|2839343160|2203423592
15217|0|42416|03/01/2024 11:18:10||53510|20096946000|22081803072
16896|0|30089|03/01/2024 23:03:15||11205|3099119944|4165084344
16391|0|56566|03/01/2024 19:23:06||24414|8636995624|12102289024
15236|0|95129|03/01/2024 11:21:18||53322|12281868808|18052199904
16392|0|55492|03/01/2024 19:25:24||24276|36934931280|98677910624
16877|0|78203|03/01/2024 22:56:23||11617|1341204024|1695440320
17051|0|60771|04/01/2024 00:17:18||6762|307604608|449312016
17313|0|27032|04/01/2024 01:50:43||1157|533693936|543624768
16525|0|68117|03/01/2024 20:22:28||20852|4357419328|4378783856
15522|0|99100|03/01/2024 13:22:30||46050|5539000064|5751746952
16430|0|34328|03/01/2024 19:43:20||23200|49315515296|124132511656
16302|0|10616|03/01/2024 18:42:30||26850|15109758888|18280976416
17078|0|84226|04/01/2024 00:25:29||6271|145078520|184280512
15964|0|21038|03/01/2024 16:39:16||34244|14411873760|15732079200
17208|0|97109|04/01/2024 01:11:33||3507|312283688|421256168
15282|0|52206|03/01/2024 11:48:35||51685|17678680704|19498074800
16621|0|94043|03/01/2024 21:01:09||18531|1367592856|1650511016
16478|0|14620|03/01/2024 20:05:10||21890|5681677456|6484775456
15259|0|24209|03/01/2024 11:32:23||52657|21676881504|26774655512
16622|0|10398|03/01/2024 21:00:17||18583|7150583832|8632208512
16959|0|29905|03/01/2024 23:37:04||9176|5053223784|6447230768
16669|0|26270|03/01/2024 21:21:59||17281|4729874112|5012650456
16198|0|25173|03/01/2024 18:04:43||29117|1953790424|2427492896
15501|0|58996|03/01/2024 13:15:30||46470|12868996800|13426264336
16701|0|36189|03/01/2024 21:37:20||16360|652509032|917497464
16479|0|86099|03/01/2024 20:02:42||22038|821545232|1089434720
16243|0|53891|03/01/2024 18:20:51||28149|549385864|712484208
14624|0|59499|03/01/2024 07:08:33||68487|1094460656|1167577880
15085|0|93729|03/01/2024 10:17:31||57149|23155809056|25308811776
17289|0|58617|04/01/2024 01:44:18||1542|670663504|1000780224
16960|0|84646|03/01/2024 23:32:07||9473|6599998320|8784293976
17107|0|48804|04/01/2024 00:31:10||5930|747692320|1084659904
15994|0|6555|03/01/2024 16:45:18||33882|947807232|1374203968
17108|0|80674|04/01/2024 00:30:18||5982|844539880|865833272
15621|0|5549|03/01/2024 14:05:27||43473|50603691432|30205536888
17155|0|28133|04/01/2024 00:54:23||4537|1466515248|1484392904
17227|0|58407|04/01/2024 01:21:42||2898|891741560|1323883168
17025|0|91705|04/01/2024 00:07:50||7330|301629136|354288408
15869|0|50959|03/01/2024 15:58:38||36682|71923692456|167630065248
15462|0|76907|03/01/2024 12:52:02||47878|1309193856|1517004944
17127|0|60001|04/01/2024 00:43:27||5193|1005857352|1148855992
14647|0|69505|03/01/2024 07:19:51||67809|16020820696|19269630368
16769|0|19793|03/01/2024 22:03:52||14768|70112384|92601696
16854|0|26638|03/01/2024 22:41:50||12490|1294063728|1715609688
16355|0|23211|03/01/2024 19:08:16||25304|2184610760|2586147136
17264|0|73390|04/01/2024 01:32:52||2228|10595869272|31129492400
17156|0|16239|04/01/2024 00:55:28||4472|659256128|775523824
15218|0|27011|03/01/2024 11:10:28||53972|2661908512|3638285304
15622|0|7874|03/01/2024 14:02:53||43627|1983853232|2866736224
14648|0|30798|03/01/2024 07:16:48||67992|27023290944|37013106120
15570|0|31981|03/01/2024 13:48:16||44504|1014150152|1076862696
16745|0|69970|03/01/2024 21:57:12||15168|718432376|1065130064
17157|0|79714|04/01/2024 00:50:17||4783|226045304|295187528
15542|0|36694|03/01/2024 13:30:11||45589|15338583064|19541131304
16303|0|74769|03/01/2024 18:41:11|04/01/2024 02:07:05|26754|9756254632|14276529136
17079|0|6784|04/01/2024 00:26:03||6237|70360976|71265144
17004|0|33190|03/01/2024 23:53:13||8207|904622672|1315686056
15364|0|97924|03/01/2024 12:14:31|04/01/2024 02:00:12|49541|14070795672|18153791568
16040|0|60101|03/01/2024 17:08:18||32502|4704221368|6660909536
16268|0|74683|03/01/2024 18:38:42||27078|959135824|1132866200
15995|0|23029|03/01/2024 16:41:52||34088|2082381920|2485616264
17128|0|15440|04/01/2024 00:46:01||5039|3035000656|3102659064
16640|0|62347|03/01/2024 21:13:02||17818|14557228944|8078495056
16304|0|59260|03/01/2024 18:41:18||26922|2399502080|2755676896
15407|0|63573|03/01/2024 12:38:57||48663|16528592208|23814095704
15827|0|76464|03/01/2024 15:33:28||38192|24461553808|33293050552
16593|0|62004|03/01/2024 20:55:08||18892|17428430808|50608493328
17184|0|47350|04/01/2024 01:08:53||3667|351989536|518007888
16332|0|92467|03/01/2024 18:54:22||26138|1268200872|1589877296
16420|0|71418|03/01/2024 19:36:53||23587|90385832144|193509611352
15463|0|31249|03/01/2024 12:54:07||47753|27402146056|28883518544
15010|0|62223|03/01/2024 09:42:57||59223|19820880952|21666025456
16746|0|88436|03/01/2024 21:59:54||15006|4450636944|5295288816
16356|0|45040|03/01/2024 19:02:43||25637|4033910400|5547132008
16898|0|33021|03/01/2024 23:00:33||11367|985258520|1400452856
16565|0|48242|03/01/2024 20:45:38||19462|3311391448|3520525064
14924|0|24742|03/01/2024 09:05:48||61452|13313666576|15512644728
15088|0|68160|03/01/2024 10:13:59||57361|29041885112|37862924272
14965|0|81178|03/01/2024 09:27:52||60128|5971361120|7038937736
17129|0|64229|04/01/2024 00:48:07||4913|4000976|4845800
17209|0|94785|04/01/2024 01:15:32||3268|3550942320|9745864496
15996|0|41602|03/01/2024 16:44:08|04/01/2024 02:05:23|33675|87345995744|178806417048
15339|0|27726|03/01/2024 12:04:52||50708|15267456496|22442793048
16770|0|77991|03/01/2024 22:05:17||14683|1721961432|2507249800
17026|0|22920|04/01/2024 00:05:16||7484|124971464|153829632
16333|0|94623|03/01/2024 18:51:10||26330|27113761304|28223917952
16566|0|93103|03/01/2024 20:45:35||19465|10397407656|12289612848
15676|0|64500|03/01/2024 14:30:12||41988|12110870752|14801401320
14825|0|7343|03/01/2024 08:28:36||63684|16710235944|18129570664
16018|0|35936|03/01/2024 16:55:10||33290|6598016816|9285312344
16376|0|17928|03/01/2024 19:12:30||25050|1086125528|1570301936
16642|0|44196|03/01/2024 21:19:31||17429|3337581424|4214426416
16019|0|70909|03/01/2024 16:51:41||33499|1886338648|2304558776
16670|0|25324|03/01/2024 21:26:04||17036|2299767088|2587913112
16594|0|25538|03/01/2024 20:56:21||18819|2388298248|2440219032
16431|0|68685|03/01/2024 19:45:53||23047|1814046080|2530772640
16393|0|4905|03/01/2024 19:21:11||24529|916608008|1195345448
16747|0|67195|03/01/2024 21:59:30||15030|924784576|1328726536
16728|0|42284|03/01/2024 21:45:33||15867|869913320|933965560
16526|0|99202|03/01/2024 20:28:07||20513|824630992|1147588696
15483|0|23957|03/01/2024 13:05:53||47047|2872079048|3142566576
17052|0|8203|04/01/2024 00:11:37||7103|215366240|300460704
16643|0|20072|03/01/2024 21:11:42||17898|4844101616|5180319304
16481|0|9616|03/01/2024 20:05:58||21842|1554832624|1875285280
16155|0|88203|03/01/2024 17:42:42|04/01/2024 02:01:42|29940|24447734136|49801402304
17337|0|88203|04/01/2024 02:03:36||384|224638696|578768520
16919|0|80712|03/01/2024 23:15:51||10449|7221706328|7645343752
16200|0|76728|03/01/2024 18:05:41||29059|15010922736|16315470840
15090|0|44564|03/01/2024 10:19:47||57013|26898094232|39307814560
15896|0|37345|03/01/2024 16:03:54||36366|7737961312|8722651088
17210|0|48086|04/01/2024 01:13:54||3366|9604773912|25557474936
15438|0|13529|03/01/2024 12:47:57||48123|21733726128|22067768824
16506|0|24702|03/01/2024 20:10:37||21563|6299470712|8960580496
15917|0|73157|03/01/2024 16:15:56||35644|5253381984|5719275464
16748|0|73225|03/01/2024 21:59:51||15009|491623752|724807600
15803|0|48168|03/01/2024 15:29:44||38416|6588710376|8465953056
17265|0|7807|04/01/2024 01:32:17||2263|292412560|434310408
15753|0|59885|03/01/2024 15:06:59||39781|5399215912|7347789624
15308|0|78408|03/01/2024 11:50:05||51595|4837314752|6236717856
16878|0|96138|03/01/2024 22:57:39||11541|2088682200|3092531184
15309|0|26967|03/01/2024 11:51:18||51522|9422955392|13836752624
16377|0|51131|03/01/2024 19:13:48||24972|867413680|1100478904
16623|0|20752|03/01/2024 21:02:09||18471|54371077912|117079691104
16482|0|40629|03/01/2024 20:02:34||22046|4503804528|4590086976
15659|0|93265|03/01/2024 14:28:05||42115|63630457592|187696000432
15525|0|92304|03/01/2024 13:26:38||45802|32745401680|35688639880
17130|0|93360|04/01/2024 00:49:14||4846|1061300720|1315278832
15804|0|19374|03/01/2024 15:28:55||38465|128248860472|355556136816
17131|0|73511|04/01/2024 00:49:02||4858|565407456|716271928
16982|0|72068|03/01/2024 23:48:26||8494|1061578456|1078579536
16507|0|82373|03/01/2024 20:15:30||21270|2088628536|2295186824
15310|0|49835|03/01/2024 11:57:59||51121|4194867208|5648204000
17338|0|49479|04/01/2024 02:01:24||516|239848184|174607984
16817|0|20567|03/01/2024 22:20:23||13777|1434624216|1544598328
16456|0|58841|03/01/2024 19:55:01||22499|26553100288|70676275304
16856|0|73227|03/01/2024 22:40:57||12543|619697112|781142648
16624|0|51341|03/01/2024 21:01:57||18483|3771850344|4581336344
17027|0|48178|04/01/2024 00:05:05||7495|452736752|474560072
16334|0|12307|03/01/2024 18:53:57||26163|1174809592|1573521840
16394|0|74521|03/01/2024 19:27:52||24128|888991320|984809264
16269|0|48187|03/01/2024 18:39:01||27059|2400142072|3026017216
17228|0|97663|04/01/2024 01:27:29||2551|811743872|883674552
16270|0|85389|03/01/2024 18:38:55||27065|3281353912|3389502968
16395|0|40241|03/01/2024 19:22:19||24461|24546748120|54964723000
17211|0|96482|04/01/2024 01:14:10||3350|272365424|318557720
15717|0|78180|03/01/2024 14:56:31||40409|8164506560|10360081848
15870|0|48119|03/01/2024 15:54:59||36901|105764575176|232333708160
15783|0|28409|03/01/2024 15:15:50||39250|11460909896|11939526800
15965|0|29872|03/01/2024 16:32:37||34643|9249712968|10930164728
