IdSession|IdPSX|IdSubscriber|StartSession|EndSession|Duartion|UpTx|DownTx
20785|0|89621|05/01/2024 02:18:04||12116|1153138704|1277079960
20364|0|74301|04/01/2024 23:15:12||23088|5515587576|6971416136
19200|0|56609|04/01/2024 14:51:09||53331|192165210112|361975946096
20258|0|80035|04/01/2024 22:23:37||26183|1545005384|1796450944
21081|0|6516|05/01/2024 04:15:18||5082|766746128|846793232
21082|0|68512|05/01/2024 04:11:11||5329|823150056|979300856
19393|0|77688|04/01/2024 16:15:41||48259|7851700736|8768942056
19954|0|50870|04/01/2024 20:19:33||33627|15357718256|19477832288
20100|0|53666|04/01/2024 21:19:38||30022|93911425264|256557218824
21104|0|55450|05/01/2024 04:21:18||4722|557972344|814827168
18801|0|86264|04/01/2024 12:17:52||62528|5468484120|7833679360
20306|0|87007|04/01/2024 22:48:08||24712|52821805928|129044683776
21029|0|75538|05/01/2024 03:55:07||6293|1027128912|1371146800
20786|0|68238|05/01/2024 02:12:19||12461|3891122544|4226599280
19585|0|21998|04/01/2024 17:34:05||43555|11665853320|13704280448
20484|0|53028|05/01/2024 00:07:18||19962|7605072360|8917868952
20577|0|85282|05/01/2024 00:46:51||17589|3208611848|3920497080
20556|0|79536|05/01/2024 00:39:50||18010|441893304|444936808
20909|0|76237|05/01/2024 03:09:08||9052|1430820704|1603361896
21030|0|59994|05/01/2024 03:52:49||6431|1917834912|2089672408
20436|0|46637|04/01/2024 23:46:53||21187|1097261864|1502042112
19907|0|56069|04/01/2024 19:51:37||35303|4411127696|5090786064
19799|0|16186|04/01/2024 19:15:10||37490|3286329448|4043000536
19722|0|8960|04/01/2024 18:34:28||39932|5246538456|6741134720
20810|0|59205|05/01/2024 02:20:16||11984|34246739808|94956965800
19723|0|83585|04/01/2024 18:34:54||39906|12930015592|19235957800
19463|0|75051|04/01/2024 16:48:19||46301|6019671496|7411254928
19658|0|59414|04/01/2024 18:02:09||41871|14012900640|16220688632
21270|0|35204|05/01/2024 05:27:21||759|73708632|104764752
20528|0|89716|05/01/2024 00:27:40||18740|3959587152|5607732688
20981|0|65857|05/01/2024 03:31:24||7716|5502835496|7700915096
20348|0|89741|04/01/2024 23:08:19||23501|5593689496|7342372216
20077|0|60741|04/01/2024 21:06:51||30789|2767232088|4114536912
20851|0|47789|05/01/2024 02:41:05||10735|1401922344|1433126192
20926|0|9319|05/01/2024 03:14:56||8704|812891688|897840784
21221|0|25368|05/01/2024 05:09:46||1814|386856024|422752392
19023|0|92010|04/01/2024 13:41:11||57529|3498292688|4486639368
21222|0|77886|05/01/2024 05:08:59||1861|552623760|567764080
21190|0|24952|05/01/2024 04:55:04||2696|203531808|287128680
19047|0|33912|04/01/2024 13:55:32||56668|14045898600|18723281592
19168|0|86402|04/01/2024 14:41:11||53929|118455930120|226904532096
19544|0|69235|04/01/2024 17:18:26||44494|2168384608|2201350712
19517|0|27723|04/01/2024 17:03:44||45376|775143368|941514232
19887|0|11924|04/01/2024 19:46:36||35604|4151054536|5883987552
19099|0|6916|04/01/2024 14:14:28||55532|11993490424|16118674264
20910|0|11366|05/01/2024 03:03:44||9376|2436383120|2495773976
21031|0|57595|05/01/2024 03:53:31||6389|244334424|352044648
19464|0|94047|04/01/2024 16:45:20||46480|12661779288|18543485096
19438|0|85646|04/01/2024 16:35:49||47051|8416819600|9430667336
20327|0|92628|04/01/2024 22:53:25||24395|12757560368|14709642664
21105|0|60848|05/01/2024 04:23:56||4564|6008967072|8636687800
19888|0|83176|04/01/2024 19:42:46||35834|4552657624|4585575992
19930|0|96811|04/01/2024 20:05:20||34480|1679556648|1738843120
20619|0|68624|05/01/2024 01:00:05||16795|8680715480|9539693688
20927|0|57230|05/01/2024 03:17:03||8577|1002748688|1333136256
19889|0|61794|04/01/2024 19:46:22||35618|3826513936|4593800904
20787|0|11120|05/01/2024 02:15:08||12292|1965690776|2130516776
21083|0|5419|05/01/2024 04:10:31||5369|172100488|252307672
20696|0|73710|05/01/2024 01:36:16||14624|2718634512|3895668936
21160|0|23638|05/01/2024 04:43:23||3397|419152272|627019296
21084|0|35546|05/01/2024 04:19:24||4836|122490216|156173120
19221|0|23220|04/01/2024 15:02:57||52623|9539008872|10034782888
21106|0|65812|05/01/2024 04:24:26||4534|747976232|929615704
20213|0|91153|04/01/2024 22:00:01||27599|4775423248|5813690984
20911|0|30847|05/01/2024 03:04:47||9313|1609594392|2262011112
20578|0|44839|05/01/2024 00:41:49||17891|1666351048|2375998216
19024|0|43101|04/01/2024 13:47:44||57136|10572895384|15162902472
19587|0|47660|04/01/2024 17:37:19||43361|19489382592|21974368072
20697|0|96497|05/01/2024 01:37:41||14539|4175533184|4958509888
20912|0|42098|05/01/2024 03:00:15||9585|448836984|589157368
20829|0|97799|05/01/2024 02:30:23||11377|6106888288|7727168416
20620|0|20682|05/01/2024 01:07:23||16357|3469304168|3907604840
21161|0|35155|05/01/2024 04:45:49||3251|498618584|565293496
19687|0|5357|04/01/2024 18:18:07||40913|7105474280|9832031480
19588|0|42801|04/01/2024 17:35:44||43456|30868188536|43254424000
19908|0|5731|04/01/2024 19:55:24||35076|69777131112|181089987136
21032|0|78898|05/01/2024 03:58:21||6099|809547576|1068330656
21055|0|87164|05/01/2024 04:03:24||5796|2262391456|2664023672
20284|0|11390|04/01/2024 22:33:39||25581|7796411328|10336277448
20437|0|89313|04/01/2024 23:49:42||21018|738812936|861801752
21248|0|64480|05/01/2024 05:13:56||1564|171343688|191266296
21191|0|60137|05/01/2024 04:52:32||2848|2969411920|8623374096
19415|0|56049|04/01/2024 16:21:19||47921|8693249680|9901208240
21162|0|35390|05/01/2024 04:40:31||3569|741231024|889992096
18830|0|40685|04/01/2024 12:26:36||62004|549606984|622613256
21192|0|20349|05/01/2024 04:56:27||2613|187765336|196259912
19801|0|25130|04/01/2024 19:11:15|05/01/2024 05:38:42|37647|1327052544|1408485400
19316|0|53073|04/01/2024 15:42:44||50236|32492687248|38496217976
19971|0|59735|04/01/2024 20:25:31||33269|106049581408|237657065256
20579|0|51212|05/01/2024 00:47:29||17551|2550734600|3321367088
19996|0|64295|04/01/2024 20:33:40||32780|16632278792|19785740520
20878|0|51526|05/01/2024 02:52:34||10046|1144537704|1200366008
19802|0|84546|04/01/2024 19:13:39||37581|1513271000|1794674544
20121|0|70042|04/01/2024 21:29:25||29435|2210046448|3239425112
20602|0|81133|05/01/2024 00:53:16||17204|4290398048|5079098360
21223|0|87203|05/01/2024 05:05:34||2066|107350848|130457168
19202|0|60049|04/01/2024 14:58:41||52879|33437733856|43534922896
20982|0|61103|05/01/2024 03:38:02||7318|1748903808|2521496592
19394|0|59631|04/01/2024 16:16:31||48209|20336579728|26995859760
18928|0|13992|04/01/2024 13:01:14||59926|15111995000|17282739992
19589|0|98839|04/01/2024 17:35:46||43454|193307834312|139897294040
20485|0|68009|05/01/2024 00:04:52||20108|618039968|721018272
19909|0|73246|04/01/2024 19:51:02||35338|9161437832|12327110544
19562|0|80435|04/01/2024 17:23:09||44211|3784654856|4988560824
20830|0|31579|05/01/2024 02:39:18||10842|114530448|153841112
19955|0|90960|04/01/2024 20:13:27||33993|11278582200|16223842320
20788|0|68039|05/01/2024 02:12:56||12424|8319376160|8930725288
19956|0|59795|04/01/2024 20:19:12||33648|3723981456|4027938400
19932|0|9432|04/01/2024 20:03:25||34595|7472727368|9345071248
19049|0|61684|04/01/2024 13:52:41||56839|9843909800|14744584128
19805|0|47486|04/01/2024 19:12:41||37639|6240846984|6769921984
20928|0|26986|05/01/2024 03:11:18||8922|559060080|646017112
19910|0|72607|04/01/2024 19:52:00||35280|3743186736|4491889488
21163|0|44041|05/01/2024 04:48:48||3072|181176288|206045944
20529|0|35621|05/01/2024 00:24:36||18924|47256457224|93375204408
19518|0|71416|04/01/2024 17:01:25||45515|5340534872|7591415312
21107|0|64361|05/01/2024 04:29:12||4248|16012415648|34982657632
20122|0|16015|04/01/2024 21:26:49||29591|2938056208|3805332936
20400|0|57697|04/01/2024 23:32:35||22045|1558994176|2197851608
19243|0|49043|04/01/2024 15:10:03||52197|3669664704|4338188368
20580|0|98717|05/01/2024 00:48:12||17508|2441085560|3610133304
21224|0|26831|05/01/2024 05:01:04||2336|3620465848|8099429352
20027|0|23672|04/01/2024 20:47:12||31968|67474077208|133807615072
20811|0|96669|05/01/2024 02:27:05||11575|465546856|541968112
20328|0|95998|04/01/2024 22:54:35||24325|7460241152|8694216472
19957|0|6383|04/01/2024 20:18:22||33698|14687595208|16264184352
18583|0|73049|04/01/2024 10:41:08||68332|178639746344|464505909216
21001|0|42005|05/01/2024 03:40:47||7153|1751737584|2031640592
20812|0|24662|05/01/2024 02:28:03||11517|6758251032|10134411472
20180|0|34585|04/01/2024 21:54:07||27953|2618678480|3243601048
19440|0|83578|04/01/2024 16:39:05||46855|9437785656|10129241304
20637|0|23331|05/01/2024 01:19:45||15615|84804576|115213576
20181|0|32410|04/01/2024 21:52:46||28034|1194809688|1709792528
19172|0|89332|04/01/2024 14:41:28||53912|24564009104|33330574480
19702|0|60709|04/01/2024 18:29:46||40214|2524144784|3397501088
20384|0|14653|04/01/2024 23:21:21||22719|4622286912|6302896744
21056|0|29371|05/01/2024 04:06:09||5631|307408952|454612480
20509|0|84110|05/01/2024 00:10:19||19781|3355532520|3367488880
19441|0|85151|04/01/2024 16:38:55||46865|20906178200|28710826872
20852|0|69167|05/01/2024 02:43:32||10588|780966960|782224616
20879|0|57744|05/01/2024 02:50:04||10196|458962264|514111920
20078|0|7040|04/01/2024 21:00:09||31191|14870891000|15329172544
20401|0|75383|04/01/2024 23:32:46||22034|10683250064|13646913592
21033|0|10105|05/01/2024 03:53:03||6417|3775582672|4375935792
20948|0|98900|05/01/2024 03:25:34||8066|3023311776|4047233152
18698|0|47184|04/01/2024 11:33:40||65180|8857662048|9555463096
21002|0|31782|05/01/2024 03:40:04||7196|31653399152|62689464048
20853|0|36231|05/01/2024 02:44:24||10536|12243181936|34854864768
20880|0|31020|05/01/2024 02:50:20||10180|2788492328|3480886120
20622|0|37938|05/01/2024 01:00:16||16784|2139533872|2970850424
21225|0|36991|05/01/2024 05:04:06||2154|1381103912|1633702584
20764|0|26935|05/01/2024 02:04:37||12923|4430903400|5899797752
21137|0|92118|05/01/2024 04:36:08||3832|2017878536|2070957488
19265|0|31422|04/01/2024 15:26:10|05/01/2024 05:33:57|50867|22607642976|24556133056
21298|0|31422|05/01/2024 05:34:42||318|132816328|154802456
20664|0|66047|05/01/2024 01:22:20||15460|3007650096|3110244552
19935|0|5194|04/01/2024 20:07:37||34343|113942201432|241057971448
20665|0|9725|05/01/2024 01:20:21||15579|1504418216|1741727920
19519|0|50415|04/01/2024 17:08:39||45081|7703803960|8981642792
21193|0|27068|05/01/2024 04:50:23||2977|915987032|1339779896
19703|0|44729|04/01/2024 18:21:33||40707|16444407872|22966355080
18948|0|10326|04/01/2024 13:10:25||59375|144330166704|359292314640
20831|0|79621|05/01/2024 02:30:19||11381|263331384|392273576
20028|0|74615|04/01/2024 20:44:27||32133|7914240000|8030406448
19997|0|6884|04/01/2024 20:33:45||32775|5048825864|7208339752
21194|0|5370|05/01/2024 04:51:12||2928|6978254440|19842469200
20182|0|71970|04/01/2024 21:53:24||27996|4274817984|6400954616
20913|0|68885|05/01/2024 03:05:14||9286|520983344|613563456
20183|0|77556|04/01/2024 21:52:17||28063|3414098928|4214315392
20638|0|28712|05/01/2024 01:10:32||16168|7884433912|8653816312
20402|0|76675|04/01/2024 23:34:20||21940|1296460936|1726148032
20403|0|59764|04/01/2024 23:37:55||21725|53826097400|102890816000
20029|0|17658|04/01/2024 20:42:40||32240|3650582552|4405354288
19545|0|89175|04/01/2024 17:18:31||44489|13914332760|18534756232
20949|0|88428|05/01/2024 03:20:58||8342|2215040336|2756378128
21164|0|31271|05/01/2024 04:47:23||3157|5198039696|3472175056
19466|0|19713|04/01/2024 16:43:21||46599|6088461768|8012139504
20404|0|88989|04/01/2024 23:38:24||21696|3021565624|3375205648
20486|0|25576|05/01/2024 00:02:24||20256|790499144|851724920
20747|0|74337|05/01/2024 01:52:03||13677|6429627360|9104250368
20439|0|90836|04/01/2024 23:41:55||21485|4675968408|5572658744
20666|0|92971|05/01/2024 01:27:40||15140|1242780552|1754422536
21108|0|18359|05/01/2024 04:27:42||4338|8396642000|17343816240
19376|0|16548|04/01/2024 16:04:35||48925|6531037712|9117117264
20461|0|28599|04/01/2024 23:58:53||20467|287352104|417919624
19807|0|83441|04/01/2024 19:13:43||37577|3571371040|3885374992
21057|0|63085|05/01/2024 04:03:41||5779|10986639208|27723185888
20405|0|60360|04/01/2024 23:35:18||21882|11322288232|12099976008
20123|0|34528|04/01/2024 21:22:37||29843|5644379496|7321405848
20854|0|34312|05/01/2024 02:48:07||10313|883926776|1168906376
20184|0|30933|04/01/2024 21:56:45||27795|2502605312|3671959840
21271|0|16576|05/01/2024 05:22:20||1060|37630256|42641656
21272|0|83343|05/01/2024 05:25:42||858|26282424|34335784
20667|0|54478|05/01/2024 01:21:13||15527|4314568552|5473258880
19831|0|99171|04/01/2024 19:28:57||36663|57040737976|130709339984
20531|0|41802|05/01/2024 00:22:21||19059|413343888|486083000
20813|0|65097|05/01/2024 02:28:34||11486|202863320|270546832
20557|0|3991|05/01/2024 00:32:12||18468|2111351176|2397150320
20765|0|99295|05/01/2024 02:07:32||12748|3220711408|3626191640
20558|0|77356|05/01/2024 00:35:08||18292|3654863416|3926513384
18529|0|33320|04/01/2024 10:26:18||69222|12524673920|12574739904
20057|0|36815|04/01/2024 20:56:09||31431|8475084392|10377423784
19051|0|63099|04/01/2024 13:58:30||56490|1081983064|1166246696
21109|0|67316|05/01/2024 04:20:40||4760|746703440|955851224
20329|0|15500|04/01/2024 22:57:21||24159|3055059456|4126793776
19661|0|70269|04/01/2024 18:08:32||41488|57101141144|157188748136
19724|0|38628|04/01/2024 18:36:02||39838|5519657952|6284627896
20487|0|27619|05/01/2024 00:08:05||19915|3123367360|4129810296
20385|0|44150|04/01/2024 23:25:35||22465|8684719272|12445704440
20081|0|59111|04/01/2024 21:08:06||30714|15964155488|21574059360
21273|0|91247|05/01/2024 05:29:40||620|55814392|68861584
21110|0|92469|05/01/2024 04:29:01||4259|238616752|255453912
20881|0|77033|05/01/2024 02:52:22||10058|358827384|387277944
20058|0|89665|04/01/2024 20:52:16||31664|7662772640|11250510416
20124|0|83901|04/01/2024 21:25:16||29684|3336140752|3631810624
20366|0|40379|04/01/2024 23:17:24||22956|2287333960|2757477376
19347|0|38820|04/01/2024 15:57:57||49323|12675504776|15042941032
21226|0|98490|05/01/2024 05:06:27||2013|34177328|44414184
19859|0|6957|04/01/2024 19:36:00||36240|93761210968|183224914104
18969|0|13791|04/01/2024 13:20:51||58749|190865078200|456789338936
19245|0|24261|04/01/2024 15:12:55||52025|84649338832|50465185776
20914|0|99654|05/01/2024 03:02:01||9479|2259346528|2450236768
20308|0|50055|04/01/2024 22:41:30||25110|8646666288|12007530560
20814|0|55411|05/01/2024 02:26:16||11624|601728088|743210128
20367|0|70699|04/01/2024 23:11:00||23340|1674257128|2101757264
21165|0|75232|05/01/2024 04:46:03||3237|271266840|336425616
20698|0|29923|05/01/2024 01:35:05||14695|2178821840|2539011616
21227|0|44361|05/01/2024 05:07:23||1957|183759320|270978280
20215|0|18094|04/01/2024 22:01:23||27517|11881452480|15454024320
20855|0|23222|05/01/2024 02:40:50||10750|3667854472|4554933744
20533|0|10634|05/01/2024 00:27:49||18731|822681496|911114984
20104|0|8712|04/01/2024 21:13:37||30383|2276766184|3401114112
20950|0|27331|05/01/2024 03:22:27||8253|597695496|720355984
19026|0|10027|04/01/2024 13:40:35||57565|2270854160|3256960992
19911|0|29280|04/01/2024 19:55:52||35048|10250021416|11676450792
19890|0|73573|04/01/2024 19:42:26||35854|2241864888|2805397872
20462|0|38131|04/01/2024 23:57:08||20572|607516752|822503048
19740|0|88021|04/01/2024 18:47:59||39121|4021556832|4823033248
20669|0|70850|05/01/2024 01:27:52||15128|2641111808|3046919776
18656|0|60347|04/01/2024 11:11:35||66505|3030626800|4467594464
20463|0|50840|04/01/2024 23:50:13||20987|1338480024|1792936600
20719|0|66665|05/01/2024 01:43:36||14184|7570676024|9114510352
20832|0|82493|05/01/2024 02:39:20||10840|9662114144|7643827360
21195|0|88763|05/01/2024 04:54:24||2736|296204832|422312920
20406|0|97929|04/01/2024 23:37:14||21766|942959256|951668448
20144|0|93246|04/01/2024 21:35:20||29080|14086902240|20517733960
20640|0|55223|05/01/2024 01:12:06||16074|4846242976|7016460000
20604|0|80555|05/01/2024 00:56:56||16984|331220192|416726584
20882|0|86419|05/01/2024 02:51:41||10099|39367456|41930872
21166|0|86414|05/01/2024 04:40:13||3587|612578464|762944720
20145|0|63283|04/01/2024 21:35:30||29070|31996076376|25912689136
20951|0|49349|05/01/2024 03:27:45||7935|1397139560|1699373048
21138|0|92299|05/01/2024 04:35:01||3899|882522224|1269613400
19102|0|32170|04/01/2024 14:11:28||55712|228394851512|651475911376
18863|0|39735|04/01/2024 12:39:16||61244|11153236792|13196145808
21196|0|73047|05/01/2024 04:59:22||2438|131077696|169665136
20260|0|67772|04/01/2024 22:28:06||25914|4065859944|5976436360
20671|0|66862|05/01/2024 01:28:01||15119|72895061032|158397178360
20488|0|13812|05/01/2024 00:03:47||20173|16011395184|9966165560
21249|0|19540|05/01/2024 05:12:18||1662|465393672|537913968
21274|0|96145|05/01/2024 05:21:48||1092|14790528|21748168
20146|0|47180|04/01/2024 21:34:16||29144|6274300008|6817054704
20560|0|34910|05/01/2024 00:35:46||18254|3072257728|3522447720
21139|0|43637|05/01/2024 04:35:15||3885|694479896|754577984
20720|0|70485|05/01/2024 01:41:09||14331|3551614328|4074408608
20440|0|18173|04/01/2024 23:47:14||21166|50729771408|30590780224
21140|0|42861|05/01/2024 04:38:41||3679|168771568|214092400
21085|0|18259|05/01/2024 04:12:54||5226|19104915280|40336465664
20167|0|21463|04/01/2024 21:44:24||28536|6000864672|6165120528
19749|0|76826|04/01/2024 18:57:46||38534|2372143032|2836185904
19936|0|69571|04/01/2024 20:00:03||34797|3772799928|4434871192
19077|0|97429|04/01/2024 14:04:15||56145|9086296160|12723432832
19296|0|64769|04/01/2024 15:36:49||50591|350102128|470601096
19775|0|60623|04/01/2024 19:02:09||38271|8699392416|12831992328
21275|0|84902|05/01/2024 05:27:15||765|271258432|360863968
21059|0|98665|05/01/2024 04:02:34||5846|3227791968|4021041296
19620|0|64277|04/01/2024 17:47:05||42775|11001303296|11301174560
20030|0|7301|04/01/2024 20:48:03||31917|3830197600|3964233072
21250|0|26593|05/01/2024 05:16:01||1439|49186792|71950992
20699|0|35841|05/01/2024 01:36:20||14620|7892206512|11648062304
20125|0|58236|04/01/2024 21:25:37||29663|4896521744|6210620224
20489|0|53581|05/01/2024 00:01:44||20296|2464047536|3038546952
19350|0|4513|04/01/2024 15:55:14||49486|5061150752|7496197600
19808|0|55477|04/01/2024 19:18:33||37287|3905496480|4761863288
19027|0|21733|04/01/2024 13:44:10||57350|169323264104|333751144536
19809|0|89274|04/01/2024 19:18:55||37265|5759675288|6389925816
20441|0|78922|04/01/2024 23:45:43||21257|1017166272|1072061696
19663|0|86917|04/01/2024 18:08:17||41503|5115624080|6181146760
18618|0|77862|04/01/2024 10:50:11||67789|19352211312|27301826616
21276|0|36817|05/01/2024 05:26:29||811|56805528|63795072
19892|0|54327|04/01/2024 19:44:13||35747|6729549272|7410998192
20490|0|49992|05/01/2024 00:00:15||20385|27793082760|57895769144
19835|0|99900|04/01/2024 19:22:29||37051|11016426776|15744265328
19351|0|49965|04/01/2024 15:59:24||49236|7049373344|9893959504
19175|0|71810|04/01/2024 14:42:41||53839|5885985976|8353612480
19810|0|98016|04/01/2024 19:14:37||37523|6469178224|8860007624
20789|0|92737|05/01/2024 02:17:42||12138|22011604776|61537908768
21299|0|69431|05/01/2024 05:30:02||598|1703407232|3652141200
20561|0|61911|05/01/2024 00:36:03||18237|1254508512|1312935096
20491|0|40131|05/01/2024 00:04:51||20109|519893952|618349712
19028|0|26405|04/01/2024 13:47:23||57157|18141891904|18791046664
19319|0|57084|04/01/2024 15:48:03||49917|11231749432|14554442968
19249|0|13628|04/01/2024 15:14:52||51908|15220352208|17344712544
21060|0|57579|05/01/2024 04:06:14||5626|13701121920|29226411600
21228|0|87973|05/01/2024 05:05:04||2096|70998888|83353480
21277|0|88441|05/01/2024 05:23:05||1015|102904792|154212968
20407|0|79796|04/01/2024 23:33:54||21966|3427136808|4673687736
21061|0|51155|05/01/2024 04:09:39||5421|158154592|184367616
20492|0|28470|05/01/2024 00:03:02||20218|2735291688|3521348768
20856|0|16084|05/01/2024 02:47:58||10322|1127817472|1531021520
21197|0|55010|05/01/2024 04:52:53||2827|9349522024|20663922456
21229|0|17382|05/01/2024 05:09:00||1860|741231728|847692368
20262|0|89695|04/01/2024 22:20:31||26369|5050539840|5735866104
20583|0|64019|05/01/2024 00:40:46||17954|476805376|686349912
21004|0|30099|05/01/2024 03:40:00||7200|306815320|417631104
20815|0|19792|05/01/2024 02:21:22||11918|1552900456|1843674528
20534|0|93774|05/01/2024 00:22:40||19040|5959842880|5962029104
21035|0|40487|05/01/2024 03:55:20||6280|1465872376|1739594000
20147|0|90006|04/01/2024 21:30:33||29367|6627977992|8309102328
20562|0|91362|05/01/2024 00:30:06||18594|1192559896|1643614416
20672|0|87386|05/01/2024 01:26:26||15214|1230354992|1507006328
18723|0|37491|04/01/2024 11:47:45||64335|2349636656|2864300248
20442|0|21264|04/01/2024 23:48:37||21083|1661216640|1862654552
19959|0|56903|04/01/2024 20:13:19||34001|7240770992|10263395024
20105|0|98192|04/01/2024 21:16:50||30190|61164941296|131806660576
20464|0|12930|04/01/2024 23:56:16||20624|690485400|963609384
19622|0|52376|04/01/2024 17:41:34||43106|14931333872|15012737272
20983|0|26763|05/01/2024 03:35:41||7459|796123288|944903496
18836|0|95397|04/01/2024 12:27:45||61935|14660460792|17489538712
21167|0|74214|05/01/2024 04:43:15||3405|685171808|989062616
20263|0|57927|04/01/2024 22:20:29||26371|2639150400|3096417392
20929|0|42738|05/01/2024 03:17:00||8580|2041184032|2080443528
20349|0|21299|04/01/2024 23:07:13||23567|1963221832|2414797912
20185|0|99802|04/01/2024 21:53:26||27994|970686752|1110194328
20952|0|66642|05/01/2024 03:21:17||8323|1863651944|2209691168
20984|0|86893|05/01/2024 03:38:11||7309|1383196568|1966992176
21198|0|96448|05/01/2024 04:51:03||2937|470379272|628925656
19490|0|96996|04/01/2024 16:54:22||45938|10419624056|15152027920
20106|0|10821|04/01/2024 21:13:42||30378|3226199464|3808567616
20883|0|86044|05/01/2024 02:59:32||9628|2511774736|2912351192
20790|0|81524|05/01/2024 02:13:23||12397|41192915416|84068026224
20408|0|11355|04/01/2024 23:36:43||21797|283738168|392050680
20149|0|20804|04/01/2024 21:35:03||29097|5906600912|6533057672
20953|0|98032|05/01/2024 03:20:17||8383|2335011800|2505657752
20884|0|71963|05/01/2024 02:58:47||9673|941823728|1047389704
21278|0|51592|05/01/2024 05:23:29||991|53857800|68324960
19776|0|8331|04/01/2024 19:09:06||37854|1130382000|1596368200
20563|0|44972|05/01/2024 00:38:54||18066|3574454688|3971729744
20107|0|65972|04/01/2024 21:13:19||30401|4431567648|4614466736
21062|0|59898|05/01/2024 04:03:03||5817|23551223840|57104653296
21199|0|65105|05/01/2024 04:58:39||2481|225057696|278094392
20623|0|26450|05/01/2024 01:09:34||16226|3459471696|4287557008
20186|0|88869|04/01/2024 21:53:17||28003|1531047296|1772574760
19937|0|40483|04/01/2024 20:01:52||34688|48059049016|34497248048
20885|0|86916|05/01/2024 02:51:22||10118|3048685712|3230468208
20954|0|25685|05/01/2024 03:29:19||7841|1017740992|1360504800
20536|0|31414|05/01/2024 00:24:12||18948|5694216304|6311421568
20955|0|67864|05/01/2024 03:25:10||8090|50806848|57639352
21230|0|89996|05/01/2024 05:07:35||1945|415288144|450046208
20605|0|48010|05/01/2024 00:56:16||17024|51613651624|132297108456
19151|0|70053|04/01/2024 14:37:43||54137|5916912928|8486639248
20748|0|47816|05/01/2024 01:57:20||13360|11386137176|13348784112
20816|0|97428|05/01/2024 02:24:12||11748|3833658856|5314406376
19690|0|51469|04/01/2024 18:11:36||41304|9812531832|12218624488
18837|0|76536|04/01/2024 12:23:20||62200|5635244288|8281643776
21251|0|5022|05/01/2024 05:16:58||1382|1718418840|5097707072
21300|0|37953|05/01/2024 05:30:38||562|28912360|33312456
20444|0|61002|04/01/2024 23:41:00||21540|39104047088|114145842936
20956|0|73313|05/01/2024 03:29:58||7802|4527423072|6128433648
19706|0|59193|04/01/2024 18:22:57||40623|11267713480|15998280136
20833|0|87236|05/01/2024 02:30:59||11341|1081850616|1368327488
19667|0|14086|04/01/2024 18:05:31||41669|13361537800|14128338744
21200|0|59647|05/01/2024 04:54:33||2727|1368409272|1456575096
21231|0|59761|05/01/2024 05:05:48||2052|258241944|293348248
20886|0|35479|05/01/2024 02:51:58||10082|700932904|783243936
20493|0|75757|05/01/2024 00:06:47||19993|2150969488|2263518488
20985|0|59525|05/01/2024 03:34:55||7505|2133286936|2378626424
20930|0|63740|05/01/2024 03:14:34||8726|3174788192|3509976560
19894|0|37636|04/01/2024 19:43:17||35803|9192201416|13497815328
19750|0|68233|04/01/2024 18:50:02||38998|5398568472|6224451824
19524|0|7309|04/01/2024 17:00:21||45579|130554746632|256218278816
19777|0|53029|04/01/2024 19:05:20||38080|1194362704|1753734104
20817|0|82427|05/01/2024 02:23:29||11791|5599259656|10913067680
20701|0|51811|05/01/2024 01:39:45||14415|21358037736|51964520288
21232|0|13346|05/01/2024 05:00:34||2366|260892744|264836416
18638|0|45456|04/01/2024 11:05:12||66888|18724915504|27662350616
19668|0|24202|04/01/2024 18:07:20||41560|2404138952|3345830624
20510|0|62835|05/01/2024 00:17:42||19338|512171296|744722256
19493|0|63560|04/01/2024 16:54:29||45931|11772063616|14183915328
20857|0|27227|05/01/2024 02:41:33||10707|1227702048|1390114264
21141|0|87313|05/01/2024 04:33:57||3963|1440256096|1741878360
21201|0|52678|05/01/2024 04:56:11||2629|1462334552|1808514960
21005|0|70323|05/01/2024 03:43:49||6971|200503992|238151720
20957|0|64222|05/01/2024 03:25:05||8095|446836496|460148560
20584|0|29227|05/01/2024 00:40:22||17978|53737776|70494944
19419|0|57621|04/01/2024 16:26:19||47621|996487248|1380982120
20958|0|21811|05/01/2024 03:24:51||8109|1568193320|1811342568
20791|0|11099|05/01/2024 02:15:46||12254|1276125232|1898919216
20059|0|34470|04/01/2024 20:58:41||31279|10467152736|10756214328
21063|0|6911|05/01/2024 04:05:24||5676|3151558936|2244186616
21111|0|54831|05/01/2024 04:23:01||4619|1986528288|2150366208
20309|0|45514|04/01/2024 22:47:50||24730|3832197864|3985443176
19591|0|42847|04/01/2024 17:38:48||43272|8705028112|12119631464
20331|0|6427|04/01/2024 22:54:21||24339|670785224|864248528
21064|0|97624|05/01/2024 04:09:33||5427|1489775640|1579313400
19177|0|25541|04/01/2024 14:40:45||53955|15607390424|16365586760
20236|0|89298|04/01/2024 22:19:16||26444|2256151608|2789338064
19152|0|14240|04/01/2024 14:34:58||54302|14105899808|20464974624
20537|0|5332|05/01/2024 00:29:01||18659|4952297416|5404490184
19154|0|37448|04/01/2024 14:34:53||54307|1580856272|1656631648
20624|0|90953|05/01/2024 01:06:41||16399|6436397832|9222427392
19836|0|87556|04/01/2024 19:28:09||36711|4298552296|5997189200
19592|0|71946|04/01/2024 17:34:07||43553|8650467104|9324367432
21112|0|47809|05/01/2024 04:22:26||4654|654081640|756132096
21036|0|11854|05/01/2024 03:56:26||6214|1072079616|1550296392
19445|0|28891|04/01/2024 16:38:06||46914|5554587872|5619696048
20585|0|93935|05/01/2024 00:43:59|05/01/2024 05:38:56|17697|3152528080|3872182128
18950|0|70819|04/01/2024 13:16:47||58993|1183204608|1301390344
21037|0|75798|05/01/2024 03:57:27||6153|1392540688|1587393816
19469|0|88888|04/01/2024 16:42:43||46637|257465216|260684880
19779|0|56440|04/01/2024 19:03:43||38177|6709904704|7499611064
21233|0|97660|05/01/2024 05:01:17||2323|62199152|90877576
20445|0|45445|04/01/2024 23:43:28||21392|65859925112|168908991536
20538|0|19406|05/01/2024 00:29:28||18632|1914927384|2642588616
19707|0|86546|04/01/2024 18:29:05||40255|6434009760|8314959216
19939|0|52922|04/01/2024 20:03:58||34562|7262496456|8947642928
20466|0|80650|04/01/2024 23:50:05||20995|1691648648|1722763456
21038|0|39139|05/01/2024 03:50:55||6545|478482800|495469920
20332|0|72308|04/01/2024 22:50:10||24590|80218483688|166109584656
20722|0|36401|05/01/2024 01:46:40||14000|6692444856|9978516136
18809|0|17546|04/01/2024 12:10:43||62957|3265251656|4072843072
20931|0|63397|05/01/2024 03:17:56||8524|781073048|1073566816
21142|0|76155|05/01/2024 04:38:09||3711|99507696|133841808
19781|0|52676|04/01/2024 19:05:38||38062|7165071592|8761501408
21252|0|27504|05/01/2024 05:10:55||1745|29738488|42431160
20511|0|24183|05/01/2024 00:16:57||19383|2453247984|3509799032
21234|0|93921|05/01/2024 05:02:26||2254|128589064|149387928
19547|0|13972|04/01/2024 17:11:10||44930|311489792|363189032
20333|0|50025|04/01/2024 22:52:54||24426|84897204624|164193700128
19494|0|73294|04/01/2024 16:51:33||46107|8915435784|9748465800
20858|0|74976|05/01/2024 02:41:07||10733|1295008128|1928690408
21202|0|43310|05/01/2024 04:56:12||2628|656977584|978229576
20673|0|24372|05/01/2024 01:28:47||15073|2017822704|2763987264
19751|0|54872|04/01/2024 18:59:58||38402|105302310456|298031759048
20000|0|53832|04/01/2024 20:35:51||32649|21248640496|25738216000
20494|0|97025|05/01/2024 00:01:29||20311|463879696|592137408
20887|0|83204|05/01/2024 02:58:59||9661|1532493328|1987916128
20959|0|82698|05/01/2024 03:25:34||8066|1095668936|1356495912
20001|0|26199|04/01/2024 20:34:57||32703|69314745768|162717242280
18930|0|36075|04/01/2024 13:02:17||59863|1495632240|2232954624
21235|0|22708|05/01/2024 05:01:56||2284|535867456|622614888
21065|0|82437|05/01/2024 04:09:06||5454|2641859824|2885166736
21168|0|77855|05/01/2024 04:45:59||3241|1598801808|1601046472
19054|0|92233|04/01/2024 13:57:00||56580|5548044208|6720393744
21203|0|6812|05/01/2024 04:55:09||2691|480288680|542488248
19270|0|82855|04/01/2024 15:27:51||51129|23419586448|34097486456
20188|0|39092|04/01/2024 21:53:19||28001|3043457896|3622009000
21086|0|46481|05/01/2024 04:14:17||5143|3979041872|4181806304
20033|0|62682|04/01/2024 20:42:16||32264|3527428584|3816035520
19446|0|49972|04/01/2024 16:31:05||47335|11083319144|13247665568
20606|0|13402|05/01/2024 00:56:42||16998|2827086808|2997814776
20607|0|14885|05/01/2024 00:59:25||16835|4422646296|4922180104
19895|0|79969|04/01/2024 19:44:46||35714|23312097192|23962536288
19031|0|98219|04/01/2024 13:47:17||57163|2798877392|3358260640
21169|0|82683|05/01/2024 04:41:21||3519|101431672|138689304
21039|0|80405|05/01/2024 03:59:09||6051|1050957560|1451808464
20792|0|32304|05/01/2024 02:18:07||12113|516822336|746544872
19355|0|16883|04/01/2024 15:52:06||49674|968426216|1132328992
20674|0|8409|05/01/2024 01:26:46||15194|3205538176|3360131144
21279|0|95178|05/01/2024 05:22:29||1051|79291176|89885600
20085|0|84421|04/01/2024 21:00:35||31165|2795831616|3813671560
20189|0|18018|04/01/2024 21:56:28||27812|41702796560|113344244200
19271|0|43037|04/01/2024 15:26:34||51206|10379447760|13934848768
21040|0|44799|05/01/2024 03:59:42||6018|2057116456|2796902624
18681|0|98692|04/01/2024 11:20:23||65977|4057766152|4267747536
21143|0|54462|05/01/2024 04:32:03||4077|565974448|576566120
19225|0|90193|04/01/2024 15:03:40||52580|14698534312|17882197768
20512|0|50551|05/01/2024 00:12:59||19621|3887756160|4392336424
19380|0|73988|04/01/2024 16:00:57||49143|120451637136|269958852848
19641|0|82514|04/01/2024 17:59:32||42028|4919938224|6186093360
19814|0|61768|04/01/2024 19:11:05||37735|6312910688|6315834360
20564|0|53397|05/01/2024 00:33:10||18410|3244614856|3324365656
21236|0|94247|05/01/2024 05:09:08||1852|110978784|125595248
20467|0|93252|04/01/2024 23:56:17||20623|8452319344|8844905208
20287|0|5990|04/01/2024 22:39:30||25230|3479525136|5102455816
20540|0|68505|05/01/2024 00:26:39||18801|1090734224|1456702088
19079|0|90503|04/01/2024 14:08:44||55876|10915185608|13843678304
21204|0|25951|05/01/2024 04:55:27||2673|6751940584|15377359512
19974|0|52819|04/01/2024 20:24:03||33357|3171130688|4660258680
21144|0|98547|05/01/2024 04:30:39||4161|125915000|130531104
20126|0|7726|04/01/2024 21:27:37|05/01/2024 05:30:07|28950|3049975984|3959575912
21301|0|7726|05/01/2024 05:31:52||488|57479352|64901464
21041|0|77479|05/01/2024 03:59:15||6045|1725873896|2519734400
21113|0|94328|05/01/2024 04:21:34||4706|5342847712|5586932464
20642|0|33890|05/01/2024 01:14:23||15937|3969617728|3975580472
20002|0|93283|04/01/2024 20:35:10||32690|1248891232|1729873632
21087|0|10836|05/01/2024 04:18:07||4913|918508288|1198894952
20237|0|91395|04/01/2024 22:15:39||26661|351341944|492387560
20495|0|87833|05/01/2024 00:08:16||19904|1105938536|1125959808
20793|0|76372|05/01/2024 02:13:57||12363|1521775536|1700872656
20794|0|20221|05/01/2024 02:16:03||12237|2439735864|3058716816
20446|0|92396|04/01/2024 23:48:13||21107|957246288|1240238600
20350|0|52234|04/01/2024 23:03:30||23790|1839096072|2274675384
20447|0|7716|04/01/2024 23:46:11||21229|3841766832|5245414408
20288|0|52485|04/01/2024 22:36:58||25382|2608235880|3592469352
20834|0|52091|05/01/2024 02:39:39||10821|222623024|233864096
20351|0|57543|04/01/2024 23:00:45||23955|20721925464|27012815520
21088|0|54758|05/01/2024 04:16:43||4997|1444044432|1936335040
20702|0|37695|05/01/2024 01:31:35||14905|2389572400|2748276632
20513|0|51800|05/01/2024 00:17:51||19329|663832032|751068704
20960|0|53942|05/01/2024 03:29:18||7842|2102274640|2535045512
21253|0|38360|05/01/2024 05:12:07||1673|3760198856|8436946360
19156|0|23710|04/01/2024 14:34:04||54356|17915213720|20143595448
20749|0|19617|05/01/2024 01:57:30||13350|6125215864|7187954416
21145|0|89187|05/01/2024 04:33:59||3961|340728864|467783632
19273|0|93299|04/01/2024 15:23:41||51379|2309794864|2333577768
20609|0|58524|05/01/2024 00:59:53||16807|1492046208|1701078608
19961|0|63108|04/01/2024 20:10:24||34176|5972944656|6942298000
20750|0|13049|05/01/2024 01:54:28||13532|7955591544|9186662792
19975|0|14844|04/01/2024 20:29:56||33004|7039468136|7125833920
20610|0|77305|05/01/2024 00:54:30||17130|8513378528|9208755952
20190|0|51746|04/01/2024 21:58:56||27664|2342225960|2840319792
20915|0|15805|05/01/2024 03:09:49||9011|1497897560|1778649384
20611|0|44527|05/01/2024 00:55:46||17054|4088480624|5256424008
18810|0|12466|04/01/2024 12:16:02||62638|12931590392|16408161264
21170|0|97040|05/01/2024 04:43:59||3361|106519848|113205144
20289|0|87395|04/01/2024 22:31:56||25684|784630624|872955408
21006|0|39291|05/01/2024 03:48:56||6664|560038784|809799888
19691|0|6143|04/01/2024 18:17:25||40955|11378561952|13118123208
20612|0|93065|05/01/2024 00:50:09||17391|32287964120|89843745224
20961|0|85296|05/01/2024 03:20:37||8363|1574547360|2357072912
21237|0|55161|05/01/2024 05:04:46||2114|22683448|24093208
20310|0|77493|04/01/2024 22:45:56||24844|9212997176|9887758640
20932|0|89698|05/01/2024 03:15:05||8695|1094620216|1593323944
20369|0|58102|04/01/2024 23:17:34||22946|800987896|1165032432
20986|0|43201|05/01/2024 03:33:57||7563|4835447240|5056217600
21114|0|43493|05/01/2024 04:23:29||4591|695537000|956888992
21007|0|86597|05/01/2024 03:46:00||6840|1671016320|2127243176
20410|0|77343|04/01/2024 23:37:54||21726|8325697560|11812266136
20087|0|51755|04/01/2024 21:06:51||30789|87315072232|221040966080
20987|0|93848|05/01/2024 03:38:56||7264|241163360|253858240
19626|0|60463|04/01/2024 17:44:58||42902|25029759912|36756237832
19864|0|35482|04/01/2024 19:30:50||36550|1735200160|1793563480
19838|0|98240|04/01/2024 19:22:05||37075|44926673368|110106857728
20643|0|91669|05/01/2024 01:19:06||15654|3011725552|4492707608
21205|0|99020|05/01/2024 04:53:33||2787|6255511576|16825620968
21146|0|29100|05/01/2024 04:37:25||3755|658051200|849677616
21280|0|97371|05/01/2024 05:28:25||695|28446760|30558128
19670|0|47709|04/01/2024 18:01:14||41926|31100040|38552144
20625|0|79305|05/01/2024 01:08:49||16271|4238631800|6306692312
18979|0|39380|04/01/2024 13:28:55||58265|7536663456|8175472616
20291|0|91634|04/01/2024 22:38:23||25297|2146978104|2481932520
20292|0|12052|04/01/2024 22:30:27||25773|4483460672|4823630776
20541|0|39240|05/01/2024 00:21:19||19121|1243020912|1482475960
20835|0|13720|05/01/2024 02:34:00||11160|1154878264|1622776600
19302|0|86178|04/01/2024 15:37:41||50539|10595883088|12890470768
19595|0|72075|04/01/2024 17:30:00||43800|1103542096|1607955520
18663|0|47014|04/01/2024 11:13:13||66407|9079852152|12727642704
20334|0|71985|04/01/2024 22:54:07||24353|13915672008|15541602000
19033|0|15423|04/01/2024 13:48:23||57097|23892120856|32834034432
19728|0|78045|04/01/2024 18:31:42||40098|1728421960|1891395872
20191|0|15742|04/01/2024 21:59:05||27655|4780984136|6375158632
21254|0|89377|05/01/2024 05:12:57||1623|14762088|20447016
20675|0|92029|05/01/2024 01:22:04||15476|2733760736|3249388424
21042|0|71455|05/01/2024 03:52:37||6443|2123666384|2795269704
20542|0|16196|05/01/2024 00:21:53||19087|6487338208|7349441600
18933|0|72586|04/01/2024 13:07:45||59535|242533221696|455601683696
20514|0|66485|05/01/2024 00:15:14||19486|1512414560|1968107296
21089|0|50442|05/01/2024 04:17:43||4937|677435392|714110768
20352|0|80306|04/01/2024 23:08:02||23518|3928020096|4690861200
20004|0|39251|04/01/2024 20:36:04||32636|2116078952|2405302512
19815|0|95564|04/01/2024 19:14:31||37529|8865212424|10450511144
20217|0|81304|04/01/2024 22:01:11||27529|10288669024|13159500528
18886|0|13627|04/01/2024 12:40:01||61199|10122664152|10443481160
21066|0|90729|05/01/2024 04:00:50||5950|1891119608|2494082624
21043|0|33239|05/01/2024 03:59:14||6046|812843272|1177048120
20586|0|61581|05/01/2024 00:46:24||17616|666459072|760580944
19916|0|87943|04/01/2024 19:56:39||35001|89729113008|169699779112
20151|0|4296|04/01/2024 21:35:13||29087|2391827704|3533484928
19754|0|91413|04/01/2024 18:53:46||38774|1775970880|1968908504
19006|0|91252|04/01/2024 13:35:27||57873|11012585768|13859271384
21255|0|97711|05/01/2024 05:12:48||1632|142459376|205371112
21008|0|82474|05/01/2024 03:40:29||7171|11877261864|28643743272
18703|0|86483|04/01/2024 11:37:43||64937|7520235048|9098706752
20962|0|82979|05/01/2024 03:24:58||8102|2032192704|2841946560
19226|0|59992|04/01/2024 15:07:21||52359|32570781016|37644992648
19868|0|64117|04/01/2024 19:36:27||36213|440613064|617062392
19786|0|66209|04/01/2024 19:04:55||38105|5215019960|5358663152
19869|0|71739|04/01/2024 19:38:02||36118|129504252280|256973571152
20626|0|57000|05/01/2024 01:06:29||16411|16017526528|9994778976
20515|0|89778|05/01/2024 00:16:47||19393|602302752|715765848
19596|0|43049|04/01/2024 17:35:47||43453|52272394040|41945576456
20088|0|78022|04/01/2024 21:00:27||31173|2676960328|3622995128
20497|0|18643|05/01/2024 00:02:52|05/01/2024 05:35:01|19929|406377368|554349312
21302|0|18643|05/01/2024 05:36:08||232|1326264|1373552
20587|0|51709|05/01/2024 00:42:34||17846|1330118528|1494127232
20818|0|17515|05/01/2024 02:25:42||11658|682846416|984340808
20387|0|61527|04/01/2024 23:21:11||22729|9042460288|9731082504
20723|0|43307|05/01/2024 01:49:10||13850|38878494760|87504299312
20644|0|62485|05/01/2024 01:16:05||15835|2344339688|3015428280
20859|0|64240|05/01/2024 02:49:20||10240|628035160|866088096
19275|0|47177|04/01/2024 15:24:20||51340|17128694768|19439292552
21303|0|51283|05/01/2024 05:38:23||97|3006216|3204120
20060|0|48358|04/01/2024 20:55:24||31476|5328105112|7759312256
20311|0|25496|04/01/2024 22:44:28||24932|12979244072|17709135840
19472|0|93417|04/01/2024 16:42:23||46657|6056327320|8003380864
19473|0|37594|04/01/2024 16:40:27||46773|944865696|1328838880
21281|0|52740|05/01/2024 05:22:37||1043|81844200|92541992
19839|0|56085|04/01/2024 19:25:22||36878|4059209752|4629804848
21171|0|28674|05/01/2024 04:47:07||3173|125492752|177752696
21282|0|8062|05/01/2024 05:26:09||831|132672632|189079768
20795|0|86599|05/01/2024 02:11:03||12537|3854200856|4033707576
18594|0|51998|04/01/2024 10:41:16||68324|19953454856|27748362280
20796|0|93545|05/01/2024 02:15:04||12296|984773240|1256524088
20411|0|55761|04/01/2024 23:33:51||21969|61523849824|166182465816
20860|0|84826|05/01/2024 02:43:05||10615|275427232|337214528
19977|0|77115|04/01/2024 20:28:11||33109|2248761648|3076906928
20152|0|60730|04/01/2024 21:33:17||29203|779672968|958879920
21147|0|56414|05/01/2024 04:31:50||4090|98716016|141224272
20933|0|94648|05/01/2024 03:16:34||8606|1765831120|2463428192
19709|0|7824|04/01/2024 18:25:34||40466|22785519640|27633932856
19399|0|85659|04/01/2024 16:13:31||48389|461296160|583318120
19897|0|60821|04/01/2024 19:46:14||35626|2077789232|2272410656
19276|0|76230|04/01/2024 15:24:06||51354|17593473152|19393616208
21283|0|7655|05/01/2024 05:25:47||853|201101208|255183544
20565|0|39331|05/01/2024 00:35:49||18251|374231328|546795272
20861|0|36103|05/01/2024 02:44:53||10507|1555821304|1600479432
20312|0|41850|04/01/2024 22:44:56|05/01/2024 05:34:30|24574|3475926424|4169470968
20934|0|40103|05/01/2024 03:12:11||8869|1515176352|1700914384
18887|0|52977|04/01/2024 12:42:13||61067|5602215432|7443450936
20890|0|49389|05/01/2024 02:55:49||9851|607076120|647965224
20335|0|90604|04/01/2024 22:59:14||24046|5024690656|6795978192
20705|0|22765|05/01/2024 01:30:25||14975|2416503184|2958307560
20676|0|8097|05/01/2024 01:29:24||15036|8529780024|11743069872
21256|0|85185|05/01/2024 05:10:05||1795|27343840|28906472
20798|0|57109|05/01/2024 02:10:37||12563|1835522880|1907905888
21009|0|73648|05/01/2024 03:43:41||6979|1289027136|1860370936
19710|0|95204|04/01/2024 18:26:33||40407|126981768|141019168
19326|0|73504|04/01/2024 15:48:35||49885|176730643992|367085560296
21206|0|33020|05/01/2024 04:50:02||2998|608514456|775148248
21090|0|73318|05/01/2024 04:18:08||4912|1774212360|1807466848
19474|0|30647|04/01/2024 16:46:33||46407|14907982696|18696221088
21304|0|62807|05/01/2024 05:31:11||529|17578680|22222608
19943|0|26361|04/01/2024 20:01:34||34706|14423204752|19113968176
20153|0|77675|04/01/2024 21:33:02||29218|1805977048|2065985160
19496|0|16532|04/01/2024 16:53:34||45986|15133657592|16089420080
19755|0|90068|04/01/2024 18:56:49||38591|9015616312|9142160312
21238|0|41286|05/01/2024 05:08:09||1911|621775416|705603096
19756|0|46783|04/01/2024 18:51:46||38894|16084072928|20914025608
20239|0|37021|04/01/2024 22:13:45||26775|2644835528|3259457400
20154|0|74143|04/01/2024 21:32:16||29264|4342808624|6324715520
20645|0|59541|05/01/2024 01:10:17||16183|2350904688|3128908048
19034|0|15140|04/01/2024 13:41:00||57540|23331131408|25358576536
19898|0|28987|04/01/2024 19:45:10||35690|47848916504|100536097064
21115|0|64326|05/01/2024 04:28:33||4287|982291512|1411454040
19899|0|4837|04/01/2024 19:41:39||35901|5978200800|8289903688
20412|0|32456|04/01/2024 23:36:46||21794|5952659240|6634515664
19497|0|72622|04/01/2024 16:59:40||45620|3749140720|4238923848
20706|0|91944|05/01/2024 01:34:32||14728|4042235400|4451504024
20035|0|50867|04/01/2024 20:41:10||32330|1976507784|2904816248
19917|0|89679|04/01/2024 19:52:46||35234|4142657256|4602122160
20006|0|80271|04/01/2024 20:38:49||32471|99157564664|192545893392
20819|0|61819|05/01/2024 02:29:37||11423|1210246248|1282392608
19498|0|19178|04/01/2024 16:57:49||45731|419236064|489380064
20707|0|10537|05/01/2024 01:36:18||14622|1326836536|1542213840
20566|0|40603|05/01/2024 00:35:35||18265|1858748856|2699173648
21284|0|38040|05/01/2024 05:28:41||679|120955032|171081744
19729|0|74715|04/01/2024 18:35:49||39851|3253496072|3867557952
20498|0|13277|05/01/2024 00:08:17||19903|411090504|565296872
21116|0|96027|05/01/2024 04:20:43||4757|578379856|589297400
21305|0|35773|05/01/2024 05:31:00||540|81016320|94855152
19711|0|4867|04/01/2024 18:25:54||40446|41672475560|27570798264
20891|0|97513|05/01/2024 02:55:55||9845|542780400|600814040
20313|0|57202|04/01/2024 22:40:36||25164|60237100304|144593918432
19499|0|77085|04/01/2024 16:58:10||45710|42341541384|116940605952
19180|0|38660|04/01/2024 14:43:24||53796|200681120456|592411171616
19549|0|95449|04/01/2024 17:19:03||44457|13818554040|20514035616
20061|0|49933|04/01/2024 20:55:11||31489|3928787896|4824670800
20193|0|33874|04/01/2024 21:50:03||28197|4490517392|5677237296
20589|0|7030|05/01/2024 00:41:11||17929|46050303224|86774464392
20036|0|33654|04/01/2024 20:42:27||32253|8910432688|11418344344
20468|0|93708|04/01/2024 23:59:30||20430|2484993136|3408038128
20413|0|40723|04/01/2024 23:39:14||21646|1571118704|1924604680
20543|0|49538|05/01/2024 00:20:34||19166|2185304720|3219748608
21091|0|55162|05/01/2024 04:16:05||5035|6057364984|15385008760
20089|0|76364|04/01/2024 21:07:39||30741|9059131848|13370244248
21092|0|38058|05/01/2024 04:11:36||5304|666539328|485439232
19422|0|62081|04/01/2024 16:21:51||47889|62816408008|44063288360
20371|0|12671|04/01/2024 23:16:08||23032|16195728416|18798828312
21172|0|14586|05/01/2024 04:46:44||3196|306145840|371331184
20499|0|98312|05/01/2024 00:08:30||19890|217864072|298414736
20544|0|64198|05/01/2024 00:28:23||18697|4594440728|6574411752
20567|0|54205|05/01/2024 00:33:39||18381|2432613584|2477830552
19919|0|38338|04/01/2024 19:59:56||34804|7981487520|9501513104
20988|0|73062|05/01/2024 03:36:06||7434|2336734768|2511468840
20646|0|4636|05/01/2024 01:10:30||16170|7088880024|8051624496
21257|0|26752|05/01/2024 05:10:34||1766|44030400|47110160
20007|0|20797|04/01/2024 20:39:50||32410|10500001552|12465696024
20194|0|45454|04/01/2024 21:56:12||27828|87339197840|213357214848
20372|0|35027|04/01/2024 23:14:36||23124|451803000|496349864
20414|0|92903|04/01/2024 23:35:52||21848|63185615120|146694805736
20314|0|21135|04/01/2024 22:49:13||24647|4631481352|5671369512
21010|0|25911|05/01/2024 03:42:44||7036|2930717696|3904898184
20769|0|62772|05/01/2024 02:09:37||12623|1578257216|1744790784
20935|0|58204|05/01/2024 03:12:55||8825|1709068232|2318101800
19550|0|74424|04/01/2024 17:11:06||44934|58084916992|47072985600
19476|0|76400|04/01/2024 16:47:21||46359|6220040584|8365602512
20936|0|30506|05/01/2024 03:14:15||8745|2433485360|3153908824
20337|0|16471|04/01/2024 22:54:43||24317|8202854040|12017781312
20568|0|55039|05/01/2024 00:30:17||18583|1174678232|1211417104
20724|0|46180|05/01/2024 01:41:02||14338|2958739184|3654937104
20725|0|71494|05/01/2024 01:47:34||13946|3373951608|3979334656
20516|0|80757|05/01/2024 00:11:31||19709|52438774648|152722562360
20569|0|17110|05/01/2024 00:37:32||18148|3292505328|3417289192
19532|0|5980|04/01/2024 17:08:26||45094|10577331544|13341094616
20708|0|64906|05/01/2024 01:32:03||14877|43595914640|93346060624
21011|0|56618|05/01/2024 03:46:27||6813|1259661064|1601935232
19693|0|59622|04/01/2024 18:17:05||40975|20979418472|29359196336
20799|0|36498|05/01/2024 02:12:57||12423|453986032|595899128
19256|0|20751|04/01/2024 15:15:35||51865|19197474880|23290730248
20195|0|36976|04/01/2024 21:50:19||28181|4360786928|5692980336
20219|0|65716|04/01/2024 22:03:13||27407|4396892768|5993298192
21067|0|58689|05/01/2024 04:00:08||5992|2341124360|3440948128
20837|0|25313|05/01/2024 02:34:38||11122|1434591768|1780491904
18889|0|53605|04/01/2024 12:49:19||60641|14929611448|21196220376
20862|0|13437|05/01/2024 02:45:20||10480|24731085536|47114495760
19400|0|75299|04/01/2024 16:15:16||48284|4073991872|5332357496
19477|0|39330|04/01/2024 16:41:34||46706|3566152608|5113506000
19385|0|7520|04/01/2024 16:04:48||48912|1752708664|2027656008
20111|0|71628|04/01/2024 21:19:01||30059|6223401592|8842685752
20709|0|45472|05/01/2024 01:31:42||14898|6820020640|8719682488
19060|0|55803|04/01/2024 13:53:46||56774|2550427128|3170734912
21012|0|75433|05/01/2024 03:47:20||6760|3543249480|4618515664
21207|0|26853|05/01/2024 04:57:06||2574|311516536|327400112
20128|0|72960|04/01/2024 21:28:08||29512|847462920|1047856960
21173|0|47991|05/01/2024 04:40:22||3578|10245024080|24113357320
20677|0|81599|05/01/2024 01:23:37||15383|4522407256|4940357944
21148|0|90524|05/01/2024 04:31:27||4113|10124656|10823080
19303|0|63519|04/01/2024 15:30:36||50964|16628882656|21105380600
19817|0|39760|04/01/2024 19:15:56||37444|2257952704|2613695192
21044|0|53913|05/01/2024 03:50:52||6548|4921228072|7214653656
20112|0|9829|04/01/2024 21:17:48||30132|2331068944|3235848120
18843|0|18965|04/01/2024 12:25:06||62094|15848021264|20396879336
21117|0|37108|05/01/2024 04:21:49||4691|230834288|279465360
21013|0|10813|05/01/2024 03:44:17||6943|1065204976|1466804624
18870|0|25365|04/01/2024 12:36:28||61412|13407541840|16715195568
20008|0|24466|04/01/2024 20:37:18||32562|3428968536|3511844384
20294|0|55290|04/01/2024 22:32:57||25623|6628911368|6667785528
19712|0|66591|04/01/2024 18:24:18||40542|15951572840|19078330704
21174|0|16071|05/01/2024 04:49:01||3059|1928170504|1972637160
19840|0|16175|04/01/2024 19:28:21||36699|9837346816|10601297608
21118|0|18551|05/01/2024 04:28:57||4263|2971072720|4336718456
21149|0|49345|05/01/2024 04:37:31||3749|1010897936|1103091344
21239|0|74222|05/01/2024 05:00:17||2383|6312809816|14052247008
20220|0|74794|04/01/2024 22:07:29||27151|68609704152|134419555880
20063|0|14344|04/01/2024 20:57:58||31322|15847069920|19703904488
20591|0|95843|05/01/2024 00:49:31||17429|780596376|1073785544
20627|0|47930|05/01/2024 01:05:48||16452|2081889216|2711884520
18984|0|53099|04/01/2024 13:27:38||58342|2843345488|3374041704
20628|0|34787|05/01/2024 01:01:18||16722|586354816|598783960
18985|0|97886|04/01/2024 13:28:54|05/01/2024 05:37:00|58086|32556294376|33436429872
20892|0|78069|05/01/2024 02:51:08||10132|569779064|703875928
20501|0|82452|05/01/2024 00:01:21||20319|40993148992|82143330728
19730|0|74259|04/01/2024 18:31:10||40130|1238613008|1329110840
20647|0|54413|05/01/2024 01:10:23||16177|3169611008|3532845368
20613|0|68537|05/01/2024 00:57:57||16923|16576570296|16863193552
20266|0|10110|04/01/2024 22:25:13||26087|4219055760|6135472592
19035|0|12441|04/01/2024 13:42:05||57475|108161251016|315038523616
19503|0|30630|04/01/2024 16:56:21||45819|10093446832|13252338264
20545|0|13046|05/01/2024 00:28:23||18697|4987722928|6228551016
20678|0|73835|05/01/2024 01:20:09||15591|516401696|756504288
20295|0|75025|04/01/2024 22:37:49||25331|9710464896|12670991048
20546|0|18618|05/01/2024 00:24:14||18946|1247964720|1838984232
21285|0|95706|05/01/2024 05:28:49||671|12279072|13744768
20963|0|14275|05/01/2024 03:25:14||8086|117929376|146163072
20129|0|34756|04/01/2024 21:22:03||29877|5879517320|6629311328
18754|0|43904|04/01/2024 11:57:17||63763|26634964624|29382551672
20726|0|26605|05/01/2024 01:44:14||14146|36710521728|70936880680
19080|0|29712|04/01/2024 14:03:32||56188|4696415752|6628299440
18953|0|87945|04/01/2024 13:19:16||58844|8005381544|11688675832
19713|0|48746|04/01/2024 18:23:39||40581|4781212784|6769061904
20989|0|32244|05/01/2024 03:33:53||7567|3499841312|3608219368
20727|0|12082|05/01/2024 01:42:04||14276|313884608|424584704
20751|0|6171|05/01/2024 01:58:47||13273|2013838776|2587749760
20570|0|17759|05/01/2024 00:35:20||18280|1687306368|1906451840
19081|0|95893|04/01/2024 14:07:23||55957|5935098648|8728628976
21175|0|18035|05/01/2024 04:43:55||3365|41529768|58306240
19694|0|48767|04/01/2024 18:12:29||41251|3733234496|4689713512
20728|0|38388|05/01/2024 01:42:38||14242|3806232376|5095631160
21208|0|78153|05/01/2024 04:57:35||2545|104299800|155470440
20752|0|73922|05/01/2024 01:58:13||13307|1082893504|1439098928
20114|0|14554|04/01/2024 21:15:43||30257|1629754928|2057696496
20355|0|58073|04/01/2024 23:01:09||23931|7784746600|8683593008
20770|0|30767|05/01/2024 02:08:04||12716|714271216|1003975320
19331|0|35076|04/01/2024 15:40:27||50373|1684548024|2140892408
19401|0|20312|04/01/2024 16:18:58||48062|6566358272|9532895760
20415|0|88015|04/01/2024 23:36:31||21809|14778231864|15070698384
20729|0|69848|05/01/2024 01:40:07||14393|9572641272|12294559368
19082|0|67214|04/01/2024 14:00:40||56360|134487038376|381124429232
20296|0|31251|04/01/2024 22:36:00||25440|1414642368|1804979816
19572|0|15557|04/01/2024 17:24:27||44133|7462726400|7828297264
19643|0|84348|04/01/2024 17:53:09||42411|10050691584|10585727000
20916|0|90301|05/01/2024 03:07:21||9159|1009785816|1512144152
21150|0|59134|05/01/2024 04:32:39||4041|19329672600|37611496936
20267|0|78500|04/01/2024 22:22:00||26280|7682227008|8437474296
20730|0|10342|05/01/2024 01:41:46||14294|49186598264|95826751032
20917|0|97925|05/01/2024 03:05:07||9293|581540696|842958776
20710|0|23436|05/01/2024 01:32:02||14878|2974298720|3373191648
19644|0|48911|04/01/2024 17:52:28||42452|7574839680|9673601568
19744|0|58536|04/01/2024 18:43:18||39402|9192489440|12822819872
19159|0|50002|04/01/2024 14:33:39||54381|10656990960|15336125784
18540|0|27884|04/01/2024 10:23:56||69364|5765889272|4534404488
19423|0|15102|04/01/2024 16:24:29||47731|98633284904|284653375808
18915|0|78689|04/01/2024 12:58:23||60097|51041380344|58938760488
20115|0|91363|04/01/2024 21:14:59||30301|18900776|19150832
21240|0|56997|05/01/2024 05:02:11||2269|3801085152|9894984136
21014|0|64434|05/01/2024 03:48:25||6695|1572419248|2016356360
19361|0|6662|04/01/2024 15:55:33||49467|25366542472|28146694136
20648|0|84806|05/01/2024 01:17:38||15742|824260408|1157541184
20268|0|40681|04/01/2024 22:21:49||26291|19676751400|15417703040
20269|0|82127|04/01/2024 22:25:20||26080|6301402632|8399799264
20449|0|40283|04/01/2024 23:48:29||21091|259046768|341946512
20356|0|56746|04/01/2024 23:01:14||23926|8692035016|8711549584
20820|0|83758|05/01/2024 02:25:23||11677|4638395048|6411972296
20679|0|38313|05/01/2024 01:21:06||15534|15163339376|21678463976
21015|0|5515|05/01/2024 03:44:46|05/01/2024 05:39:01|6855|26572872560|57584769968
21306|0|5515|05/01/2024 05:39:51||9|0|0
20937|0|96286|05/01/2024 03:15:41||8659|1666640824|1698547904
20838|0|97865|05/01/2024 02:36:57||10983|10709448744|28049423752
20417|0|60882|04/01/2024 23:36:28||21812|21842870056|52416945888
21119|0|81789|05/01/2024 04:20:21||4779|595834184|701554208
21307|0|96892|05/01/2024 05:33:43||377|119987000|158847464
20339|0|67461|04/01/2024 22:58:14||24106|415901632|491393576
20450|0|42912|04/01/2024 23:42:21||21459|2545361688|2616167904
21093|0|78862|05/01/2024 04:19:10||4850|8523191424|24228591736
20964|0|46995|05/01/2024 03:25:51||8049|147001512|157640728
19629|0|23395|04/01/2024 17:41:48||43092|813705856|912680976
20893|0|47737|05/01/2024 02:51:42||10098|220066376|274880984
20518|0|65095|05/01/2024 00:13:57||19563|71683928|78834280
20800|0|34953|05/01/2024 02:11:56||12484|1146934752|1213153960
19788|0|26346|04/01/2024 19:07:51||37929|1573264168|1578917392
20038|0|86823|04/01/2024 20:47:31||31949|5723103752|8068930976
19760|0|39011|04/01/2024 18:56:58||38582|1026350056|1192598720
19843|0|38393|04/01/2024 19:24:18||36942|6765745928|7119985920
19160|0|33485|04/01/2024 14:39:30||54030|74330164440|208744230344
21094|0|62744|05/01/2024 04:10:00||5400|1907639048|2023302672
21308|0|85291|05/01/2024 05:30:02||598|71098592|77897504
20270|0|53429|04/01/2024 22:24:23||26137|9541058040|11345622200
20839|0|70084|05/01/2024 02:38:27||10893|4331576840|4641383104
20965|0|92860|05/01/2024 03:21:50||8290|2533116576|3055585536
19844|0|17728|04/01/2024 19:25:11||36889|1335877888|1671564560
19504|0|32920|04/01/2024 16:58:25||45695|4694235968|5766051632
21120|0|4535|05/01/2024 04:29:30||4230|6560253632|14346778536
18986|0|13907|04/01/2024 13:23:36||58584|2263290080|2708980832
20242|0|88712|04/01/2024 22:13:38||26782|2403408816|3398023760
20451|0|46218|04/01/2024 23:42:27||21453|294093336|434463856
20649|0|64998|05/01/2024 01:19:18||15642|4031346680|5850219632
20418|0|9390|04/01/2024 23:32:58||22022|5862232816|6731457664
21286|0|65370|05/01/2024 05:24:56||904|308081928|411355880
18686|0|92320|04/01/2024 11:27:19|05/01/2024 05:34:04|65205|1934408824|2700658520
21309|0|92320|05/01/2024 05:34:30||330|10887864|12438496
20419|0|67216|04/01/2024 23:31:22||22118|10675644776|12022049280
21209|0|37723|05/01/2024 04:52:51||2829|7908147808|19428793672
21176|0|62249|05/01/2024 04:46:56||3184|163829632|244437536
19845|0|93244|04/01/2024 19:20:41||37159|13205182816|15147809000
21121|0|46086|05/01/2024 04:22:17||4663|275787376|376976744
19505|0|27932|04/01/2024 16:53:32||45988|6570003128|8735903584
20340|0|69341|04/01/2024 22:56:11||24229|4653523336|6571436608
20680|0|35699|05/01/2024 01:25:19||15281|1175635224|1188660464
20801|0|38932|05/01/2024 02:13:38||12382|16507650136|40609085072
20918|0|4685|05/01/2024 03:01:13||9527|484988960|670148080
20271|0|27211|04/01/2024 22:21:16||26324|843340000|875911016
18892|0|61132|04/01/2024 12:45:54||60846|10451827896|14117500224
21122|0|59806|05/01/2024 04:27:17||4363|1528360560|1558284824
21310|0|76660|05/01/2024 05:34:16||344|28409168|31551992
18757|0|79986|04/01/2024 11:50:12||64188|107907020688|298391195896
20297|0|23892|04/01/2024 22:38:09||25311|7360581376|11018656368
20840|0|29580|05/01/2024 02:36:22||11018|1167301128|1221960112
20966|0|70352|05/01/2024 03:25:30||8070|3546573480|4679035224
20011|0|43609|04/01/2024 20:32:31||32849|15518057336|19386255392
21177|0|81020|05/01/2024 04:46:02||3238|900333680|928954248
19901|0|52242|04/01/2024 19:45:40||35660|5483084440|7467612656
19818|0|88198|04/01/2024 19:19:47||37213|11634832760|14416355080
20990|0|98160|05/01/2024 03:32:03||7677|2069285000|2596672720
20841|0|21853|05/01/2024 02:33:56||11164|398214744|464713736
21016|0|54461|05/01/2024 03:47:21||6759|2050424160|3027694480
20548|0|35495|05/01/2024 00:28:48||18672|269102392|381541352
20571|0|98672|05/01/2024 00:37:57||18123|8484018328|9687089864
20375|0|21866|04/01/2024 23:16:35||23005|892570360|656328936
19982|0|71131|04/01/2024 20:26:15||33225|52823764368|139783499928
21210|0|60185|05/01/2024 04:51:18||2922|450995744|457715840
20842|0|32354|05/01/2024 02:35:33||11067|634546200|848240680
20938|0|97433|05/01/2024 03:14:01||8759|4552313024|6262737936
20155|0|98573|04/01/2024 21:30:23||29377|2972890944|3064982040
20316|0|25331|04/01/2024 22:45:00||24900|2448599192|3065925152
20821|0|71535|05/01/2024 02:21:15||11925|5783212968|6391120440
18871|0|50341|04/01/2024 12:39:55|05/01/2024 05:31:24|60689|9131671312|12081794712
21311|0|50341|05/01/2024 05:31:55||485|28340216|35868096
21095|0|53738|05/01/2024 04:12:54||5226|756542920|796809136
19506|0|56024|04/01/2024 16:56:59||45781|5778920864|7122286080
20572|0|24447|05/01/2024 00:30:54||18546|59569560664|119741789128
20272|0|5708|04/01/2024 22:23:43||26177|7341625832|8387863064
20039|0|19015|04/01/2024 20:49:31||31829|19666049488|27180300816
20802|0|50746|05/01/2024 02:16:33||12207|1885317216|2754289160
19553|0|4734|04/01/2024 17:13:40||44780|19670934856|20255325696
21151|0|93110|05/01/2024 04:33:59||3961|1594957608|1661655128
19819|0|27556|04/01/2024 19:11:04||37736|9964496712|10280219832
19983|0|93403|04/01/2024 20:22:15||33465|2775771672|3320925152
19944|0|36625|04/01/2024 20:00:03||34797|13944023800|19961431760
20711|0|57591|05/01/2024 01:37:14||14566|10057153992|12867276496
20843|0|62869|05/01/2024 02:36:15||11025|476845552|533636264
21287|0|45373|05/01/2024 05:23:56||964|58106568|59654968
19984|0|80466|04/01/2024 20:27:27||33153|4569183792|5667084600
20844|0|98794|05/01/2024 02:38:33||10887|507578232|668420016
20420|0|78679|04/01/2024 23:36:45||21795|13150456472|16570856432
20845|0|27810|05/01/2024 02:39:13||10847|1206063912|1562565960
20421|0|95103|04/01/2024 23:31:25||22115|38612502032|92149582480
21017|0|78096|05/01/2024 03:41:15||7125|3217029760|3421539056
20733|0|59970|05/01/2024 01:44:38||14122|931703344|1284843760
19820|0|64459|04/01/2024 19:15:20||37480|850363368|1256694744
18712|0|68984|04/01/2024 11:38:44||64876|195526261464|397501185600
20012|0|4470|04/01/2024 20:34:07|05/01/2024 05:36:25|32538|9884564480|13357601840
21312|0|4470|05/01/2024 05:38:11||109|23794944|24144888
21045|0|6154|05/01/2024 03:57:58||6122|1542022144|1723763128
19363|0|57795|04/01/2024 15:59:43||49217|2263224544|2714776352
21018|0|72000|05/01/2024 03:40:34||7166|2498787832|2726499984
20549|0|74448|05/01/2024 00:21:59||19081|4160971624|4607515128
20592|0|39394|05/01/2024 00:42:31||17849|2334528696|3005419944
20173|0|8206|04/01/2024 21:43:57||28563|16119239752|21564374472
20341|0|44865|04/01/2024 22:52:38||24442|23637473664|24075471040
19534|0|85239|04/01/2024 17:01:03||45537|672841152|749244984
18872|0|87579|04/01/2024 12:30:54|05/01/2024 05:30:56|61202|1369277408|1469542240
20863|0|57716|05/01/2024 02:45:37||10463|14459776488|42625460824
19902|0|11571|04/01/2024 19:44:59||35701|744768152|941420232
19606|0|54472|04/01/2024 17:37:13||43367|19046385176|20346534040
19764|0|56631|04/01/2024 18:56:16||38624|9707520176|12497424624
20803|0|60600|05/01/2024 02:12:38||12442|1291771872|1575605096
18713|0|89760|04/01/2024 11:37:21||64959|11424177144|16582431344
19455|0|38775|04/01/2024 16:39:43||46817|98431916064|232703841168
20681|0|51521|05/01/2024 01:21:31||15509|6482489680|9546573720
20682|0|55005|05/01/2024 01:21:09||15531|2604176904|2757407960
19308|0|56704|04/01/2024 15:34:59||50701|223715824|290543968
20864|0|24602|05/01/2024 02:49:00||10260|441965416|481691400
19790|0|93681|04/01/2024 19:00:25||38375|4866346632|5638903984
20471|0|34214|04/01/2024 23:53:55||20765|4953714616|5768923856
20734|0|45796|05/01/2024 01:49:41||13819|2879558008|3839897848
20939|0|38586|05/01/2024 03:13:28||8792|418548096|472649064
21258|0|28106|05/01/2024 05:10:15||1785|2683334016|7596873360
19646|0|72386|04/01/2024 17:55:36||42264|2328049776|3092187160
19632|0|53326|04/01/2024 17:48:23||42697|6567868600|6739264056
21288|0|32111|05/01/2024 05:25:34||866|180254664|219013216
21046|0|5803|05/01/2024 03:57:28||6152|135098536|168190488
19041|0|45059|04/01/2024 13:47:52||57128|7196429776|8840165384
20197|0|33592|04/01/2024 21:53:44||27976|3578090400|4651800752
20520|0|52563|05/01/2024 00:19:56||19204|2933130976|3028478952
20823|0|7998|05/01/2024 02:28:31||11489|2708635216|3521416856
20357|0|14447|04/01/2024 23:03:04||23816|16156189824|20675149664
21152|0|54119|05/01/2024 04:39:11||3649|651030728|894809056
20991|0|90057|05/01/2024 03:34:50||7510|3157041896|4145466152
20343|0|36012|04/01/2024 22:53:11||24409|5971274408|8647861736
20629|0|8810|05/01/2024 01:03:31||16589|2207532800|2654851128
19607|0|24453|04/01/2024 17:32:51||43629|7632454656|8116421552
20014|0|9336|04/01/2024 20:33:03||32817|23578242672|26155854192
20846|0|61717|05/01/2024 02:36:16||11024|553250416|772526744
19876|0|38484|04/01/2024 19:36:53||36187|99805288808|243791967144
20274|0|33206|04/01/2024 22:20:14||26386|6871818528|9337857648
20992|0|70213|05/01/2024 03:37:20||7360|942168688|1352903552
19386|0|83186|04/01/2024 16:07:50||48730|2833808512|2867245600
21096|0|14517|05/01/2024 04:19:47||4813|1073818672|1589468632
19633|0|41963|04/01/2024 17:46:43||42797|2212094528|2480002400
20198|0|41406|04/01/2024 21:54:31||27929|12016151704|12207179352
19921|0|29228|04/01/2024 19:58:19||34901|8135759544|8194781336
19573|0|60581|04/01/2024 17:26:08||44032|8902523096|9081918000
20865|0|94050|05/01/2024 02:43:36||10584|438212400|546855768
20318|0|72481|04/01/2024 22:48:12||24708|6037201264|6576026744
20683|0|17619|05/01/2024 01:23:54||15366|1290678776|1315549864
19608|0|84564|04/01/2024 17:35:57||43443|8405432296|11035194824
20630|0|67169|05/01/2024 01:04:45||16515|9022717384|9390906344
19011|0|31189|04/01/2024 13:32:33||58047|7756008424|9105393024
21289|0|47248|05/01/2024 05:27:22||758|95874040|123069240
19734|0|71854|04/01/2024 18:38:04||39716|10229569936|11689629560
20866|0|39360|05/01/2024 02:41:09||10731|143628032|181385680
20244|0|15334|04/01/2024 22:10:14||26986|3969273488|4969645040
18847|0|21667|04/01/2024 12:29:28||61832|11198879400|14655913592
20847|0|7757|05/01/2024 02:35:20||11080|264786392|298156640
19258|0|27595|04/01/2024 15:18:11||51709|4721134888|5853874352
20132|0|79809|04/01/2024 21:27:24||29556|4402442984|5493447984
19877|0|94316|04/01/2024 19:38:50||36070|11680947664|17455995408
18893|0|97311|04/01/2024 12:49:16||60644|106710320560|225040989512
20040|0|85267|04/01/2024 20:48:13||31907|645420248|834167496
20452|0|34072|04/01/2024 23:48:40||21080|1905611568|2075769904
19509|0|90419|04/01/2024 16:58:40||45680|535905896|580558592
19575|0|18158|04/01/2024 17:24:39||44121|12614405360|16846305912
19406|0|32978|04/01/2024 16:14:09||48351|4708477904|5926990968
21097|0|83108|05/01/2024 04:11:34||5306|1250125424|1641360192
19847|0|86976|04/01/2024 19:27:09||36771|3037559736|3139036216
21259|0|73600|05/01/2024 05:12:18||1662|67277632|67690344
21313|0|20283|05/01/2024 05:33:29||391|14871712|18685656
21153|0|56933|05/01/2024 04:33:36||3984|182691704|183889216
19063|0|23425|04/01/2024 13:58:33||56487|88180274344|227071932272
20067|0|60085|04/01/2024 20:53:51||31569|5856705112|7309471416
19231|0|60363|04/01/2024 15:09:26||52234|2850195632|2934876168
21314|0|92726|05/01/2024 05:33:13||407|208246032|302398296
20684|0|74286|05/01/2024 01:27:15||15165|5676119568|6444270392
20755|0|33275|05/01/2024 01:56:54||13386|706898784|823652320
21123|0|34884|05/01/2024 04:20:37||4763|806759768|887242832
19695|0|44099|04/01/2024 18:12:20||41260|1130350640|1657918536
21211|0|52141|05/01/2024 04:54:20||2740|53529248|63910728
21154|0|55148|05/01/2024 04:34:22||3938|557998560|607055288
21178|0|51319|05/01/2024 04:40:36||3564|1222450128|1753336416
20651|0|10213|05/01/2024 01:19:28||15632|4680395040|4973945808
20551|0|72926|05/01/2024 00:28:24||18696|1119044744|1293655456
20652|0|63274|05/01/2024 01:13:23||15997|1674435480|2481111720
20615|0|87567|05/01/2024 00:55:53||17047|2156099200|2411247968
20174|0|52904|04/01/2024 21:41:07||28733|2109893104|3148863320
20756|0|74504|05/01/2024 01:58:12||13308|6105356408|6999116488
20735|0|96236|05/01/2024 01:43:02||14218|3174721200|4490697536
21047|0|93717|05/01/2024 03:55:52||6248|1547182504|1809160432
20653|0|54913|05/01/2024 01:11:19||16121|10592140272|14983188448
20156|0|75895|04/01/2024 21:32:02||29278|51268805488|152670202864
20757|0|84585|05/01/2024 01:52:16||13664|40337524112|90646394080
20245|0|76496|04/01/2024 22:11:40||26900|7440325632|8073321488
20015|0|56019|04/01/2024 20:32:11||32869|5824208376|6304466008
20804|0|18270|05/01/2024 02:11:00||12540|16614761880|39903810240
20775|0|43500|05/01/2024 02:06:40||12800|2393388568|2542128448
20654|0|37264|05/01/2024 01:14:09|05/01/2024 05:38:32|15863|3342690600|4722688280
20472|0|49081|04/01/2024 23:58:35||20485|653704616|928819544
20376|0|6376|04/01/2024 23:16:15||23025|7999934696|8973107384
19510|0|48108|04/01/2024 16:58:53||45667|20189224776|20470393552
20301|0|70009|04/01/2024 22:36:07||25433|21608173312|23453550456
19792|0|49117|04/01/2024 19:02:26||38254|1450951960|1587144832
20133|0|72601|04/01/2024 21:23:51||29769|1568582632|1975001528
20894|0|72466|05/01/2024 02:53:01||10019|401986064|476320248
19186|0|48931|04/01/2024 14:44:47||53713|1670637912|1708123624
20867|0|67407|05/01/2024 02:48:33||10287|180907616|269027760
21290|0|83148|05/01/2024 05:23:51||969|114982208|163330392
20377|0|60102|04/01/2024 23:14:42||23118|6378251352|8803641968
21212|0|39327|05/01/2024 04:50:33||2967|3846240408|11290294192
21019|0|55938|05/01/2024 03:47:39||6741|1647923568|2039361616
21241|0|20172|05/01/2024 05:03:46||2174|1871235824|3708755816
19088|0|61005|04/01/2024 14:01:18||56322|6134720656|8278680752
19116|0|41578|04/01/2024 14:19:24||55236|1382125456|1928160520
21242|0|16468|05/01/2024 05:00:21||2379|172203568|179846672
20302|0|39140|04/01/2024 22:31:04||25736|8674066152|12901994368
20175|0|21906|04/01/2024 21:44:23||28537|1710687944|2424692696
20967|0|77387|05/01/2024 03:27:34||7946|13705664880|32733057184
18938|0|21282|04/01/2024 13:04:51||59709|4227968792|4707794760
21124|0|72301|05/01/2024 04:22:47||4633|38428168|38850408
20685|0|61728|05/01/2024 01:26:06||15234|4103783328|4140134904
19821|0|93069|04/01/2024 19:11:06||37734|1162421408|1704332832
20712|0|57132|05/01/2024 01:31:07||14933|53412338712|134870458856
20199|0|85221|04/01/2024 21:51:42||28098|3947434248|4260186648
20320|0|70292|04/01/2024 22:40:57||25143|7039479440|9971253000
19232|0|50446|04/01/2024 15:07:16||52364|12798109264|13886766288
20868|0|25392|05/01/2024 02:44:59||10501|410953544|605979792
20247|0|26325|04/01/2024 22:19:23||26437|3265826936|3840239032
20848|0|95355|05/01/2024 02:32:51||11229|756879504|1021425560
20940|0|64575|05/01/2024 03:16:12||8628|1285955464|1429653936
19965|0|18394|04/01/2024 20:17:01||33779|4836081512|5046408000
20616|0|27239|05/01/2024 00:57:52||16928|3512217728|3950263352
19511|0|82476|04/01/2024 16:58:17||45703|11000224592|13286594424
20473|0|96247|04/01/2024 23:53:44||20776|3696425184|5121574400
20474|0|62292|04/01/2024 23:54:34||20726|103475952|151009944
20200|0|35329|04/01/2024 21:55:17||27883|6205274192|7521035960
18761|0|59834|04/01/2024 11:58:39||63681|10037598752|12079906744
19966|0|48439|04/01/2024 20:14:38||33922|21242574560|22251573064
19848|0|36067|04/01/2024 19:27:47||36733|760826192|1081044824
20201|0|76017|04/01/2024 21:59:10||27650|7546593544|10758063400
20869|0|68986|05/01/2024 02:44:55||10505|15606479992|33597543920
19717|0|52327|04/01/2024 18:27:15||40365|16066424480|16493080232
20248|0|6952|04/01/2024 22:19:16|05/01/2024 05:36:49|26253|101766920088|259101649024
19849|0|38590|04/01/2024 19:29:31||36629|25850754400|15602510624
20249|0|71648|04/01/2024 22:14:36||26724|3817872320|5263875848
21291|0|90382|05/01/2024 05:22:42||1038|437913848|606492304
21260|0|63445|05/01/2024 05:16:42||1398|17423160|24967944
20573|0|94709|05/01/2024 00:33:14||18406|274283480|303444144
20017|0|57503|04/01/2024 20:31:57||32883|25901185112|27698032872
20895|0|49028|05/01/2024 02:58:22||9698|1733933824|2162099312
18626|0|37225|04/01/2024 10:56:05||67435|27626025496|27712607144
20552|0|9656|05/01/2024 00:22:54||19026|634006176|424549984
20379|0|88937|04/01/2024 23:10:03||23397|14263696808|16217979944
21179|0|68634|05/01/2024 04:45:24||3276|277581552|295065328
19457|0|64101|04/01/2024 16:36:37||47003|1992939976|2862957272
20968|0|37568|05/01/2024 03:23:50||8170|1413498920|1973366672
20422|0|44964|04/01/2024 23:30:46||22154|7790418104|8035213760
20655|0|79861|05/01/2024 01:17:30||15750|2967872464|4165181728
20969|0|84886|05/01/2024 03:22:05||8275|536788072|591540504
20617|0|41207|05/01/2024 00:58:44||16876|1919487896|2151530136
19013|0|62620|04/01/2024 13:33:43||57977|15229558392|17854415760
19428|0|78994|04/01/2024 16:23:23||47797|74904591192|192564961712
20018|0|44755|04/01/2024 20:33:17||32803|161022736|169554416
19634|0|43370|04/01/2024 17:41:11||43129|6438635872|7248876504
19611|0|12359|04/01/2024 17:30:18||43782|11714341584|16677570904
20423|0|28498|04/01/2024 23:32:07||22073|45830501448|86776069672
19136|0|12270|04/01/2024 14:29:24||54636|5301355280|6712551072
20758|0|62055|05/01/2024 01:53:56||13564|9867719304|10052315216
19696|0|92104|04/01/2024 18:19:55||40805|468682000|581582472
18957|0|88450|04/01/2024 13:11:24||59316|5974497248|7582176696
20092|0|92170|04/01/2024 21:05:48||30852|2579788840|2623960904
20202|0|48735|04/01/2024 21:53:10||28010|5800681704|6052131312
20870|0|28176|05/01/2024 02:49:51||10209|63718459344|50220056240
20389|0|49522|04/01/2024 23:29:09||22251|2402832584|3184003344
21125|0|30265|05/01/2024 04:21:00||4740|2890079432|3314422896
21020|0|21518|05/01/2024 03:44:20||6940|2500037616|2609397696
20686|0|26922|05/01/2024 01:24:28||15332|187523440|260362640
21315|0|13757|05/01/2024 05:30:47||553|42339416|46009472
20019|0|61686|04/01/2024 20:39:38||32422|11876537928|13997253216
20424|0|78972|04/01/2024 23:33:05||22015|4340222376|6134850216
20093|0|14541|04/01/2024 21:02:54||31026|1173481216|1496167968
20993|0|67859|05/01/2024 03:31:48||7692|1014086936|1309235528
21261|0|31636|05/01/2024 05:11:02||1738|211544072|287265832
21126|0|13774|05/01/2024 04:26:29||4411|1214350328|1617575768
20594|0|85410|05/01/2024 00:40:16||17984|1283500032|1494267616
20390|0|99156|04/01/2024 23:27:21||22359|959384320|1364585192
20203|0|98210|04/01/2024 21:51:26||28114|1548305280|2109502704
20118|0|80363|04/01/2024 21:13:03||30417|1770364568|2201632960
20503|0|82385|05/01/2024 00:06:21||20019|644808552|700502912
20687|0|9107|05/01/2024 01:24:19||15341|1235551488|1412761168
20250|0|28518|04/01/2024 22:11:42||26898|6889601248|8066354872
20391|0|68377|04/01/2024 23:21:00||22740|6497366472|8831359152
19576|0|35733|04/01/2024 17:22:05||44275|712621632|888620840
19090|0|98856|04/01/2024 14:00:35||56365|16772045528|18442812784
19795|0|44658|04/01/2024 19:03:23||38197|1463704008|2023593256
20595|0|80125|05/01/2024 00:46:24||17616|4131658832|4804834032
20737|0|46270|05/01/2024 01:42:47||14233|3395663504|4429237432
21127|0|80476|05/01/2024 04:20:52||4748|12525125312|29347065056
19967|0|26828|04/01/2024 20:14:27||33933|10599691664|11880581104
20994|0|37861|05/01/2024 03:39:29||7231|685987800|893099184
20358|0|11231|04/01/2024 23:06:47||23593|15203436592|17244193768
21155|0|78128|05/01/2024 04:30:21||4179|1970973112|1976666992
21098|0|28951|05/01/2024 04:14:28||5132|773230360|996395704
21213|0|99977|05/01/2024 04:53:55||2765|251198768|363385768
21214|0|56604|05/01/2024 04:52:11||2869|616774648|664070664
20896|0|95872|05/01/2024 02:57:41||9739|1631829840|1856536472
20224|0|10802|04/01/2024 22:03:16||27404|101326458880|193631226296
19091|0|74166|04/01/2024 14:03:45||56175|16619005848|18424326384
21316|0|81072|05/01/2024 05:34:04||356|42374872|52514072
19879|0|29554|04/01/2024 19:38:35||36085|649345360|707604424
21262|0|26572|05/01/2024 05:10:08||1792|305981592|314192528
20251|0|9349|04/01/2024 22:14:57||26703|6475749680|8581651632
21156|0|37070|05/01/2024 04:35:11||3889|928982552|1280147424
19554|0|13737|04/01/2024 17:12:44||44836|16771908488|19422437432
21180|0|19087|05/01/2024 04:49:11||3049|4645215840|10302310912
20970|0|94461|05/01/2024 03:29:58||7802|1938549168|1988205672
19536|0|26277|04/01/2024 17:05:01||45299|3857208848|4284580256
19880|0|9872|04/01/2024 19:35:38||36262|9771541616|11849237200
19612|0|72764|04/01/2024 17:38:58||43262|160991197816|389160315888
21181|0|4771|05/01/2024 04:47:22||3158|45479728|47702688
20094|0|89879|04/01/2024 21:08:53||30667|80288575560|163657377680
19680|0|98621|04/01/2024 18:05:24||41676|13131839384|16669595736
18605|0|89278|04/01/2024 10:49:22||67838|31934108456|44603996304
19577|0|61032|04/01/2024 17:22:18||44262|13933224584|19302716392
20380|0|33062|04/01/2024 23:12:52||23228|51164342960|126757469496
21317|0|93666|05/01/2024 05:39:44||16|639968|747896
19765|0|27422|04/01/2024 18:57:07||38573|17463610648|19117978104
20596|0|90653|05/01/2024 00:40:57||17943|1799229680|2583849280
21318|0|97911|05/01/2024 05:30:22||578|69531720|100617304
18671|0|73668|04/01/2024 11:12:54||66426|13055676760|14859110768
19338|0|94248|04/01/2024 15:48:57||49863|17308613888|22688778944
19649|0|83558|04/01/2024 17:53:29||42391|20732810328|27814982288
21021|0|90872|05/01/2024 03:44:20||6940|2208598472|2314127432
21263|0|57080|05/01/2024 05:15:27||1473|165796584|212756240
20476|0|66317|04/01/2024 23:59:59||20401|662670128|688203328
19578|0|29753|04/01/2024 17:27:19||43961|27679812816|30249913224
20713|0|79350|05/01/2024 01:30:02||14998|2780543808|4076448552
18818|0|45092|04/01/2024 12:17:29||62551|18879962928|27207671624
21128|0|65483|05/01/2024 04:23:33||4587|122452312|170872536
21099|0|71539|05/01/2024 04:18:04||4916|112892448|137033968
19850|0|29526|04/01/2024 19:24:30||36930|445400808|536266488
21319|0|87128|05/01/2024 05:30:10||590|181580872|241813440
20688|0|39905|05/01/2024 01:21:05|05/01/2024 05:32:43|15098|11401367088|12555184432
20381|0|51311|04/01/2024 23:13:04||23216|17126268976|19464005352
20897|0|59045|05/01/2024 02:59:56||9604|310817488|400976096
21069|0|98268|05/01/2024 04:07:16||5564|250822392|340704800
20871|0|88489|05/01/2024 02:49:52||10208|1110480520|1200466144
20972|0|60223|05/01/2024 03:23:33||8187|32796232|37360688
21022|0|21100|05/01/2024 03:43:48||6972|136845752|186836328
20805|0|77284|05/01/2024 02:18:39||12081|4349942496|5452630416
20973|0|84365|05/01/2024 03:28:53||7867|855879560|929833320
19947|0|52489|04/01/2024 20:03:09||34611|30686979432|43084792528
21182|0|42570|05/01/2024 04:46:12||3228|506868744|648208880
18627|0|61799|04/01/2024 10:59:09||67251|9972244760|14005439184
20806|0|61015|05/01/2024 02:12:35||12445|10561259240|26794268504
20574|0|20383|05/01/2024 00:33:36||18384|989833592|1446308136
20825|0|59942|05/01/2024 02:26:24||11616|5284603616|5751192624
20597|0|58552|05/01/2024 00:43:04||17816|453614296|509639504
20392|0|90642|04/01/2024 23:27:03||22377|1367431760|1597308728
20020|0|93386|04/01/2024 20:32:20||32860|14108692696|14250229088
20974|0|69897|05/01/2024 03:27:05||7975|1252970632|1307464584
21129|0|62691|05/01/2024 04:20:17||4783|731997496|833298592
18923|0|10527|04/01/2024 12:59:25||60035|29895953792|32358721040
20359|0|8618|04/01/2024 23:03:47||23773|4555580440|4781683792
19430|0|63625|04/01/2024 16:20:27||47973|56886409920|113763859776
20521|0|11654|05/01/2024 00:11:27||19713|4047108648|5138506768
20689|0|80192|05/01/2024 01:26:59||15181|4153229920|4452561704
20158|0|86592|04/01/2024 21:30:20||29380|1135606448|1433907848
20777|0|20606|05/01/2024 02:01:22||13118|2375526040|2919700360
19636|0|91832|04/01/2024 17:41:47||43093|4533664984|6124020040
20553|0|64323|05/01/2024 00:27:27||18753|1203352696|1426363912
18766|0|69192|04/01/2024 11:52:50||64030|11267495992|14823844048
20657|0|87992|05/01/2024 01:12:32||16048|356382520|430692560
19513|0|48166|04/01/2024 16:52:34||46046|5651753184|7239904568
19555|0|14153|04/01/2024 17:10:22||44978|17672154264|23977465776
19766|0|94015|04/01/2024 18:53:37||38783|89531464968|178093823320
20658|0|8061|05/01/2024 01:19:29||15631|5221426784|6646567480
21130|0|93309|05/01/2024 04:26:30||4410|222044888|292590608
20522|0|11785|05/01/2024 00:15:35||19465|1620460472|2130738968
20021|0|34124|04/01/2024 20:38:48||32472|8909964016|9895970000
19139|0|82616|04/01/2024 14:26:48||54792|3324446192|3968705280
20898|0|42430|05/01/2024 02:56:29||9811|1308503888|1584618760
20523|0|15996|05/01/2024 00:14:56||19504|3785216368|4522858304
20778|0|98783|05/01/2024 02:08:34||12686|2593746568|2987357080
20738|0|27482|05/01/2024 01:48:42||13878|1421196832|1679733104
20345|0|76833|04/01/2024 22:50:30||24570|16902126968|20588611992
21292|0|86732|05/01/2024 05:27:44||736|124624400|133458608
19431|0|72404|04/01/2024 16:23:55||47765|6118359512|7645116248
20659|0|27751|05/01/2024 01:10:46||16154|2731611216|3485865288
19735|0|23676|04/01/2024 18:30:42||40158|8635403728|9192950528
20205|0|80336|04/01/2024 21:57:55||27725|4954425040|6024626096
20135|0|12454|04/01/2024 21:29:59||29401|7160328944|9051604264
21293|0|29916|05/01/2024 05:25:14||886|4126504|5548544
21183|0|36095|05/01/2024 04:40:22||3578|295011112|225718344
19681|0|8662|04/01/2024 18:00:04||41996|2255745168|2795179256
18628|0|89835|04/01/2024 10:52:47||67633|100651639456|279848033208
18672|0|77537|04/01/2024 11:12:31||66449|19113283632|19560994992
20899|0|43170|05/01/2024 02:53:42||9978|307618808|434269152
21184|0|70953|05/01/2024 04:45:00||3300|320667688|340028632
20941|0|76307|05/01/2024 03:19:20||8440|443872376|603714160
18850|0|80310|04/01/2024 12:29:55|05/01/2024 05:38:50|61735|9801087272|14666864616
21023|0|53841|05/01/2024 03:41:32||7108|9021767520|12589244216
20900|0|83949|05/01/2024 02:58:24||9696|2207159448|2936559520
19094|0|72067|04/01/2024 14:09:10||55850|127936871056|254098270376
20360|0|32098|04/01/2024 23:02:24||23856|1974990288|2095771728
20428|0|43380|04/01/2024 23:33:30||21990|5958374008|8210203824
19538|0|58849|04/01/2024 17:02:20||45460|6002642872|7587373912
21243|0|61584|05/01/2024 05:03:05||2215|1906683560|3956599176
20429|0|63678|04/01/2024 23:36:01||21839|6968155352|7474157000
20478|0|40546|04/01/2024 23:51:32|05/01/2024 05:31:21|20389|27531798304|62372145032
21320|0|40546|05/01/2024 05:32:25||455|528285360|1246317024
20479|0|45990|04/01/2024 23:54:25||20735|6549337592|8532718720
21070|0|10910|05/01/2024 04:06:59||5581|1647147856|2219555768
19736|0|24553|04/01/2024 18:31:27||40113|10818878456|15957410128
20176|0|90969|04/01/2024 21:48:41||28279|3526708384|4475279216
20901|0|79396|05/01/2024 02:54:29||9931|2011159432|2615915976
21321|0|6089|05/01/2024 05:39:17||43|7938552|11332152
20779|0|81479|05/01/2024 02:06:17||12823|6857704256|8992919304
21024|0|53027|05/01/2024 03:45:16||6884|113184776|165215248
20780|0|30620|05/01/2024 02:05:22||12878|2407539424|2498931680
20393|0|51043|04/01/2024 23:21:35||22705|2841145560|2953523560
20096|0|31608|04/01/2024 21:03:36||30984|47153389696|99780257048
19852|0|9222|04/01/2024 19:21:07||37133|13322955248|18778512400
20739|0|3972|05/01/2024 01:49:38||13822|3459333824|4467896232
19853|0|59158|04/01/2024 19:22:23||37057|96016196384|186927575600
20975|0|43877|05/01/2024 03:24:16||8144|1212256400|1270101152
21322|0|78144|05/01/2024 05:34:10||350|71935344|99770896
20554|0|19018|05/01/2024 00:24:15||18945|813991832|1057370536
20454|0|94727|04/01/2024 23:43:08||21412|13931817928|14523648968
20690|0|78465|05/01/2024 01:24:24||15336|7287906192|10787249808
20136|0|33645|04/01/2024 21:28:39||29481|1151503144|1398003128
20942|0|42604|05/01/2024 03:16:22||8618|2127976208|2287491400
20504|0|26143|05/01/2024 00:09:14||19846|7327031856|8146561480
19986|0|18283|04/01/2024 20:20:56||33544|2047537512|2165283584
20394|0|12302|04/01/2024 23:25:18||22482|6853022528|8144559432
20276|0|93058|04/01/2024 22:22:14||26266|6834659160|8914965168
20759|0|64643|05/01/2024 01:56:47||13393|173725512|217348184
21131|0|47108|05/01/2024 04:20:58||4742|1888507384|2156617984
19651|0|84432|04/01/2024 17:53:42||42378|35303843056|49757809640
21100|0|76141|05/01/2024 04:18:16||4904|2004086248|2158537712
19881|0|29307|04/01/2024 19:33:02|05/01/2024 05:34:04|36062|1389667984|1925116712
19854|0|39721|04/01/2024 19:29:23||36637|13423278896|15062547984
19095|0|4384|04/01/2024 14:04:23||56137|7143143120|10473087768
21025|0|59210|05/01/2024 03:42:02||7078|844454688|1084391840
19140|0|30142|04/01/2024 14:26:59||54781|14384250384|16103844728
20225|0|80075|04/01/2024 22:01:34||27506|1029620776|1122138160
21026|0|22725|05/01/2024 03:47:32|05/01/2024 05:36:51|6559|1836430672|2295089240
21323|0|22725|05/01/2024 05:37:25||155|20325912|24141136
18769|0|76358|04/01/2024 11:53:45||63975|12764393648|17739490272
20976|0|24844|05/01/2024 03:29:55||7805|2979505016|3106739824
19923|0|73063|04/01/2024 19:59:40||34820|6676169112|9644537904
21049|0|46420|05/01/2024 03:50:42||6558|1171364408|1292296472
20505|0|70097|05/01/2024 00:07:36||19944|1567844744|2220913992
19557|0|30082|04/01/2024 17:17:20|05/01/2024 05:34:53|44253|6639074024|8270711216
20226|0|56536|04/01/2024 22:07:42||27138|8177478744|10588137616
20480|0|72343|04/01/2024 23:59:15||20445|22828033272|52609253416
19066|0|75281|04/01/2024 13:51:41||56899|12614716056|14168761688
20159|0|79245|04/01/2024 21:30:43||29357|3166883128|3773620448
19906|0|53564|04/01/2024 19:43:15||35805|7315605048|8355887832
20691|0|61969|05/01/2024 01:24:33||15327|6372347888|7928476816
20455|0|98714|04/01/2024 23:46:15||21225|4418317216|5430488848
20598|0|5505|05/01/2024 00:41:43||17897|7146269360|9231381072
19949|0|49186|04/01/2024 20:01:29||34711|4619903056|5122603968
18992|0|33559|04/01/2024 13:23:43||58577|39918463240|47125724312
19141|0|41935|04/01/2024 14:20:32||55168|65388141608|42352505528
20740|0|17769|05/01/2024 01:42:24||14256|9057674712|12995079680
20921|0|70705|05/01/2024 03:09:58||9002|4350322088|4915448896
19745|0|73018|04/01/2024 18:45:40||39260|1312597136|1424090216
20632|0|7357|05/01/2024 01:04:48||16512|3627684488|4206865664
20977|0|63285|05/01/2024 03:20:04||8396|1917648552|2281187496
20208|0|13770|04/01/2024 21:58:43||27677|5041181624|5479001504
20524|0|37890|05/01/2024 00:11:35||19705|1069037752|1104089240
21050|0|36601|05/01/2024 03:52:19||6461|3002002280|4033451728
20826|0|82203|05/01/2024 02:23:48||11772|493758288|725137328
20781|0|23557|05/01/2024 02:00:36||13164|3209054376|3840848232
21324|0|43098|05/01/2024 05:38:42||78|6562232|9550368
21132|0|80536|05/01/2024 04:29:56||4204|1348368976|1740577504
20137|0|14719|04/01/2024 21:25:41||29659|8528770960|11275189768
20741|0|18008|05/01/2024 01:43:57||14163|1635162592|1787344272
20978|0|98932|05/01/2024 03:22:59||8221|3481215080|5100628920
20692|0|31820|05/01/2024 01:28:58||15062|5074875888|6640552232
19987|0|46233|04/01/2024 20:21:11||33529|24143187224|24549718712
19988|0|4559|04/01/2024 20:29:27||33033|16508740808|23826680992
20322|0|45743|04/01/2024 22:43:50||24970|8954036496|10114648464
19097|0|47619|04/01/2024 14:00:41||56359|1793787168|2457503152
18961|0|69219|04/01/2024 13:13:54||59166|4179280944|4598264984
20979|0|86147|05/01/2024 03:23:02||8218|768443304|861402416
20430|0|30617|04/01/2024 23:32:22||22058|5534108200|6288789912
21215|0|5490|05/01/2024 04:58:26||2494|187798288|277767912
20456|0|57378|04/01/2024 23:43:23||21397|1924033512|2516065824
20633|0|71057|05/01/2024 01:02:50||16630|10124470272|10990097752
19925|0|95342|04/01/2024 19:58:11||34909|8871528832|10224230072
21185|0|18438|05/01/2024 04:48:39||3081|308592264|339055536
21133|0|60703|05/01/2024 04:22:59||4621|8828123120|24109032424
20872|0|89189|05/01/2024 02:41:00||10740|45296608|55768600
21157|0|81412|05/01/2024 04:31:04||4136|589753000|805179248
20943|0|21007|05/01/2024 03:18:40||8480|787670544|1085360848
20395|0|17485|04/01/2024 23:28:04||22316|89596334472|193220481768
20618|0|22179|05/01/2024 00:51:47||17293|693257976|1032054592
21051|0|15877|05/01/2024 03:51:11||6529|1585370304|2212344896
20922|0|55026|05/01/2024 03:03:26||9394|1411284776|1649223200
20432|0|6576|04/01/2024 23:36:48||21792|6779053864|9191309112
20998|0|27843|05/01/2024 03:37:01||7379|11442353912|31501680408
20396|0|27004|04/01/2024 23:25:35||22465|2351737416|2733474256
20160|0|27568|04/01/2024 21:37:40||28940|4168483384|5060438688
21264|0|24426|05/01/2024 05:17:08||1372|40388064|45215320
19288|0|98002|04/01/2024 15:21:39||51501|911119024|1145454112
20227|0|11827|04/01/2024 22:09:46||27014|47042516656|133357721976
21216|0|72686|05/01/2024 04:54:02||2758|2948709008|5773222352
21071|0|87308|05/01/2024 04:08:59||5461|1225568112|1360436952
20742|0|89016|05/01/2024 01:40:49||14351|7851375544|10410991304
19613|0|87441|04/01/2024 17:30:35||43765|32330290736|48478566472
20253|0|87500|04/01/2024 22:19:17||26443|7430953296|7825219760
20807|0|75484|05/01/2024 02:17:32||12148|3066457424|4200134816
19684|0|74016|04/01/2024 18:07:09||41571|82019613848|245021161616
21217|0|86861|05/01/2024 04:55:46||2654|159700168|164592656
20433|0|43894|04/01/2024 23:34:48||21912|3127361016|4123961128
21218|0|89178|05/01/2024 04:53:56||2764|3842998560|10601927952
19121|0|95778|04/01/2024 14:15:36||55464|8292370992|11809441800
20902|0|94159|05/01/2024 02:58:03||9717|1700390232|1705669416
19685|0|78200|04/01/2024 18:07:54||41526|24337204776|32346440752
19883|0|93094|04/01/2024 19:38:35|05/01/2024 05:30:14|35499|6065714056|8189806016
21325|0|93094|05/01/2024 05:31:09||531|82529928|119947360
20923|0|4227|05/01/2024 03:04:42||9318|214869088|316756344
21072|0|30353|05/01/2024 04:05:31||5669|15854933704|36288337800
19068|0|51162|04/01/2024 13:58:50||56470|7711705744|10777579000
20873|0|33952|05/01/2024 02:43:16||10604|875934784|1187414016
19069|0|34767|04/01/2024 13:57:14||56566|13742847688|20165570528
19737|0|16681|04/01/2024 18:34:55||39905|6213492008|7554266064
20383|0|87183|04/01/2024 23:13:14||23206|29576842472|31568515640
20209|0|18192|04/01/2024 21:56:34||27806|1456418576|1724758920
19342|0|17620|04/01/2024 15:49:33||49827|3194736568|3857005888
19389|0|94145|04/01/2024 16:01:20||49120|14105101984|16523628200
20849|0|91768|05/01/2024 02:31:05||11335|86880056|104777448
20161|0|28246|04/01/2024 21:36:27||29013|9721884464|10187482016
21101|0|38175|05/01/2024 04:18:10||4910|2672693024|3404280936
20555|0|11997|05/01/2024 00:27:59||18721|4120384688|5047095848
20661|0|45049|05/01/2024 01:17:08||15772|7416491944|9760922384
21134|0|79283|05/01/2024 04:24:01||4559|437037664|591627968
19796|0|72638|04/01/2024 19:04:28||38132|19329877792|22708241312
20361|0|62436|04/01/2024 23:08:23||23497|4458956920|5048928328
21073|0|10095|05/01/2024 04:07:09||5571|3973614600|4359370200
20980|0|6521|05/01/2024 03:20:49||8351|3447229448|4590653568
19614|0|35031|04/01/2024 17:36:04||43436|71091206704|203789099920
20904|0|93769|05/01/2024 02:59:33||9627|435559752|565811624
18994|0|15025|04/01/2024 13:24:24||58536|19684884688|21712515376
19098|0|96673|04/01/2024 14:06:10||56030|2671270304|2759202192
20782|0|16867|05/01/2024 02:01:35||13105|243117400|252880968
20760|0|42561|05/01/2024 01:54:06||13554|7728877624|11468931240
20254|0|14926|04/01/2024 22:14:35||26725|10414413776|13882319584
20874|0|99310|05/01/2024 02:42:42||10638|2015050352|2395721496
20024|0|33808|04/01/2024 20:36:50||32590|8142357400|11298833712
20162|0|35837|04/01/2024 21:31:22||29318|3358611632|4688167376
21158|0|7336|05/01/2024 04:31:26||4114|2756615120|2960544368
18965|0|92649|04/01/2024 13:12:36||59244|15796881312|23333576576
19824|0|36939|04/01/2024 19:12:30||37650|3465409160|3905243232
20875|0|27795|05/01/2024 02:43:25||10595|222895200|294993720
19433|0|88155|04/01/2024 16:29:21||47439|7259056576|7482893272
21074|0|52703|05/01/2024 04:02:51||5829|480384808|708700632
20761|0|48809|05/01/2024 01:57:49||13331|2069000592|2888199816
20177|0|11424|04/01/2024 21:41:19||28721|1704963336|2429803136
19699|0|4621|04/01/2024 18:15:10||41090|8554666928|10367163056
21135|0|48062|05/01/2024 04:26:19||4421|1640090336|1965399272
20945|0|96836|05/01/2024 03:16:21||8619|463221360|468365720
19768|0|83954|04/01/2024 18:55:21||38679|1846429256|2362944096
19237|0|81606|04/01/2024 15:06:53||52387|15031648672|15466778072
20139|0|94384|04/01/2024 21:20:33||29967|4498615424|6352620880
19540|0|5299|04/01/2024 17:07:40||45140|314851944|381682376
20600|0|35685|05/01/2024 00:47:27||17553|3945259112|4222741824
20140|0|9840|04/01/2024 21:24:02||29758|8145656488|11945637904
20876|0|8768|05/01/2024 02:47:36||10344|707483192|1023342672
19164|0|49773|04/01/2024 14:31:14||54526|6255768192|7322178416
20924|0|14051|05/01/2024 03:04:11||9349|507049048|631070048
20576|0|30949|05/01/2024 00:38:35||18085|1487461488|1730251496
21102|0|99503|05/01/2024 04:16:18||5022|115167888|153832856
19884|0|93762|04/01/2024 19:38:12||36108|7404884312|9157553480
19615|0|19237|04/01/2024 17:37:25||43355|7562123160|7924104144
21186|0|93546|05/01/2024 04:40:58||3542|824757616|1186143704
20743|0|21312|05/01/2024 01:47:39||13941|6543191376|6706290960
21244|0|5886|05/01/2024 05:06:35||2005|458820808|517192088
21245|0|92486|05/01/2024 05:00:24||2376|639158688|682355944
20762|0|25749|05/01/2024 01:52:50||13630|3586715064|3807440264
19926|0|30427|04/01/2024 19:55:16||35084|745046784|1059771288
21265|0|73518|05/01/2024 05:19:32||1228|251125456|349271248
20362|0|69902|04/01/2024 23:07:59||23521|34643757384|89447375248
19654|0|54040|04/01/2024 17:54:09||42351|31985554024|40399918448
18798|0|63148|04/01/2024 12:02:35||63445|21837629384|22747972320
21052|0|84844|05/01/2024 03:58:24||6096|1798962184|1854273800
19700|0|65234|04/01/2024 18:10:51||41349|5585502000|8131386368
20279|0|96367|04/01/2024 22:24:17||26143|11404546976|8928436912
21053|0|42416|05/01/2024 03:52:10||6470|1218559144|1491787832
19290|0|78203|04/01/2024 15:28:50||51070|4358843928|4977559000
19797|0|60771|04/01/2024 19:03:46||38174|1041159712|1052942984
18945|0|23311|04/01/2024 13:07:01||59579|46852582312|110211852528
21075|0|62245|05/01/2024 04:08:04||5516|3331780744|4076859096
21187|0|44465|05/01/2024 04:45:17||3283|164216296|213627840
20877|0|27032|05/01/2024 02:43:42||10578|361658200|502022912
19927|0|30328|04/01/2024 19:50:39||35361|84876968888|195323063456
20280|0|94286|04/01/2024 22:28:58||25862|5460077472|7419451648
20601|0|68117|05/01/2024 00:41:29||17911|2260680672|3201628280
21294|0|47818|05/01/2024 05:24:15||945|36182448|49060296
19856|0|84226|04/01/2024 19:24:16||36944|1380181032|1622138112
19312|0|97109|04/01/2024 15:34:57||50703|3109013152|4172842104
20526|0|55752|05/01/2024 00:19:48||19212|2059566216|2131486096
20783|0|52206|05/01/2024 02:00:27||13173|5592893240|5733225400
20905|0|26607|05/01/2024 02:51:00||10140|961673424|1143792152
20784|0|14620|05/01/2024 02:09:19||12641|1276594184|1854097888
20048|0|7793|04/01/2024 20:45:48||32052|16719246288|18283489592
19581|0|10398|04/01/2024 17:21:26||44314|7795078600|10882551784
20946|0|70268|05/01/2024 03:19:36||8424|2473137400|2800722360
20693|0|55392|05/01/2024 01:24:40||15320|834323288|1069307952
19720|0|58996|04/01/2024 18:27:17||40363|11077593544|16445172448
20506|0|53891|05/01/2024 00:02:31||20249|163784176|180949264
21266|0|25715|05/01/2024 05:17:06||1374|24923584|29882672
18650|0|47323|04/01/2024 11:03:08||67012|1389285560|1756055192
19143|0|58617|04/01/2024 14:28:08||54712|15144772480|16212166096
21188|0|82966|05/01/2024 04:40:24||3576|1373801200|1660003936
20210|0|48804|04/01/2024 21:56:38||27802|6676272856|8028337552
21267|0|6555|05/01/2024 05:14:10||1550|190972736|200348200
19370|0|11814|04/01/2024 15:56:17||49423|4764632880|6623486152
19616|0|33801|04/01/2024 17:39:29||43231|29081656008|32664330840
21295|0|58407|05/01/2024 05:27:17||763|134173760|157832400
20715|0|50959|05/01/2024 01:30:43||14957|29364592352|66803440344
20049|0|57257|04/01/2024 20:49:19||31841|6762895832|7960966576
19993|0|60001|04/01/2024 20:28:55||33065|17667108720|23980983192
20256|0|34397|04/01/2024 22:10:29||26971|3822436224|4263238896
21268|0|31063|05/01/2024 05:17:52||1328|102922480|143237832
20850|0|60768|05/01/2024 02:31:44||11296|286383864|300615728
19411|0|19793|04/01/2024 16:11:14||48526|820032848|925741816
19021|0|26638|04/01/2024 13:34:01||57959|10116983112|10233833464
19968|0|86036|04/01/2024 20:15:09||33891|9332236912|11435638000
18878|0|73390|04/01/2024 12:34:12||61548|325115190000|729142794384
21219|0|16033|05/01/2024 04:57:22||2558|110833912|116750232
19738|0|44287|04/01/2024 18:32:36||40044|42604262896|112784121688
20211|0|31981|04/01/2024 21:53:21||27999|203000904|240966216
20808|0|69532|05/01/2024 02:11:24||12516|1372030168|1543246752
21296|0|79714|05/01/2024 05:29:06||654|26825856|31675448
20071|0|33279|04/01/2024 20:55:43||31457|25362200976|34999714760
20827|0|36694|05/01/2024 02:21:24||11916|3738829512|4548293904
19969|0|66255|04/01/2024 20:12:10||34070|5076437608|5240772264
21326|0|72714|05/01/2024 05:32:27||453|2255472|2314200
21076|0|25105|05/01/2024 04:02:27||5853|1780320040|2140110744
19122|0|97924|04/01/2024 14:19:26||55234|15047187712|15475440912
21027|0|74683|05/01/2024 03:48:40||6680|331696608|413359624
20906|0|63534|05/01/2024 02:56:07||9833|3933545568|4160310344
20073|0|15440|04/01/2024 20:53:07||31613|26950467768|31873062344
20662|0|57444|05/01/2024 01:13:15||16005|21949234504|43124962792
20347|0|5591|04/01/2024 22:57:34||24146|1483963168|2149372904
20999|0|62347|05/01/2024 03:39:20||7240|8450205720|5613389640
21327|0|15363|05/01/2024 05:30:46||554|49950448|68039352
21077|0|69344|05/01/2024 04:06:11||5629|1730718744|2424394224
20257|0|38818|04/01/2024 22:19:35||26425|2982217864|3708956880
20212|0|71403|04/01/2024 21:58:50||27670|3144810120|3465413096
20635|0|76464|05/01/2024 01:01:09||16731|9082799248|12994106272
21054|0|92467|05/01/2024 03:50:34||6566|240072088|327816504
21220|0|4556|05/01/2024 04:58:02||2518|421844672|447668184
20907|0|62223|05/01/2024 02:56:48||9792|752188584|972772200
20228|0|33021|04/01/2024 22:07:11||27169|2059674248|2955198984
20482|0|3869|04/01/2024 23:52:29||20851|2069505448|2355092840
19195|0|75980|04/01/2024 14:49:55||53405|3207011648|4455578864
19638|0|24742|04/01/2024 17:40:24||43176|8676808728|9695307472
20694|0|81178|05/01/2024 01:25:39||15261|4111691984|5224829760
20716|0|10376|05/01/2024 01:31:00||14940|6696422984|7651260376
20717|0|64229|05/01/2024 01:39:24||14436|34309400|38577760
20483|0|83766|04/01/2024 23:50:09||20991|67692265744|188918273736
21246|0|70548|05/01/2024 05:01:12||2328|547978368|795306728
21078|0|73418|05/01/2024 04:07:56||5524|2268477008|2584893752
20507|0|94785|05/01/2024 00:02:34||20246|92317856280|73140847744
19771|0|33542|04/01/2024 18:55:47||38653|12971801456|14544739784
19197|0|77991|04/01/2024 14:49:38||53422|11366378440|17031765248
20718|0|93103|05/01/2024 01:38:25||14495|7361185080|9879361048
19560|0|82808|04/01/2024 17:13:57||44763|14356004240|18272069856
19262|0|33809|04/01/2024 15:14:17||51943|32281518640|45323022912
19435|0|97715|04/01/2024 16:24:32||47728|1072868064|1290817048
19886|0|17928|04/01/2024 19:35:58||36242|12977108120|15192014744
20695|0|98159|05/01/2024 01:23:58||15362|5889572368|8357983128
20434|0|69420|04/01/2024 23:36:53||21787|44180096712|82531963448
21136|0|25538|05/01/2024 04:28:32||4288|74320104|109440176
21269|0|56616|05/01/2024 05:17:21||1359|4001828920|10551434624
21189|0|67195|05/01/2024 04:43:09||3411|320547216|437560176
20281|0|60607|04/01/2024 22:25:46||26054|5105869600|7459883856
21103|0|16794|05/01/2024 04:10:06||5394|1816580768|2204940328
20052|0|65834|04/01/2024 20:42:15||32265|8379622280|11264808344
20636|0|45922|05/01/2024 01:07:55||16325|850281224|924351184
20229|0|20072|04/01/2024 22:08:51||27069|4613301264|5261663976
18824|0|71492|04/01/2024 12:14:10||62750|9780747928|12869483048
20399|0|8083|04/01/2024 23:20:14||22786|1192101320|1362515008
20908|0|38309|05/01/2024 02:53:22||9998|36424088|53891976
20305|0|44564|04/01/2024 22:34:16||25544|17000111888|20166478968
20141|0|55259|04/01/2024 21:26:35||29605|1867403464|2014603808
19516|0|37345|04/01/2024 16:55:36||45864|7647127656|10587610456
20828|0|13529|05/01/2024 02:25:49||11651|365792872|460389752
21247|0|24702|05/01/2024 05:03:24||2196|907883904|1050792600
19413|0|4731|04/01/2024 16:14:41||48319|2019040072|2924584136
20925|0|73157|05/01/2024 03:02:26||9454|573185648|780992608
20527|0|73225|05/01/2024 00:12:55||19625|1390209768|1715108184
20508|0|26351|05/01/2024 00:09:46||19814|3849988696|4445537272
20163|0|38643|04/01/2024 21:31:36|05/01/2024 05:33:00|28884|7425675744|7901302304
20282|0|24671|04/01/2024 22:26:52||25988|2934829360|3979773592
20459|0|20752|04/01/2024 23:46:58||21182|47278326816|92908578272
20460|0|40629|04/01/2024 23:43:41|05/01/2024 05:37:06|21205|1062216152|1160769800
21079|0|93265|05/01/2024 04:04:48||5712|9674852400|24834187776
20230|0|49835|04/01/2024 22:00:21||27579|727504728|778671408
21159|0|43350|05/01/2024 04:38:49||3671|864291592|1029809016
21028|0|95158|05/01/2024 03:41:28||7112|4575498184|4674763992
21080|0|58841|05/01/2024 04:08:57||5463|7912141360|20107933064
19293|0|53797|04/01/2024 15:28:31||51089|9397953168|11145817632
21000|0|73227|05/01/2024 03:38:04||7316|1041636576|1332529288
19828|0|15615|04/01/2024 19:16:37||37403|20664995024|20956557392
19994|0|47955|04/01/2024 20:23:28||33392|1985677192|2813217336
20763|0|74521|05/01/2024 01:52:33||13647|2447799080|2954457696
19123|0|13561|04/01/2024 14:15:06||55494|3717806968|3763813392
20435|0|85389|04/01/2024 23:32:40||22040|2275493544|3359252536
18773|0|97466|04/01/2024 11:59:23||63637|3562892784|4901858848
19144|0|78180|04/01/2024 14:21:23||55117|11791259184|11897246576
20164|0|59435|04/01/2024 21:36:09||29031|392038432|525222216
21297|0|23350|05/01/2024 05:26:49||791|93333680|99415200
