IdSession|IdPSX|IdSubscriber|StartSession|EndSession|Duartion|UpTx|DownTx
26113|0|37974|06/01/2024 15:10:31||15569|4466498960|6154967176
26686|0|33927|06/01/2024 19:16:43||797|498131504|705898584
26423|0|56609|06/01/2024 17:11:30||8310|25254598856|71725867184
26561|0|6516|06/01/2024 18:10:15||4785|814811016|1175086696
25894|0|87799|06/01/2024 13:49:11|06/01/2024 19:24:48|20137|6405998112|8601966304
26712|0|87799|06/01/2024 19:26:14||226|70019096|102613568
26514|0|85070|06/01/2024 17:55:14||5686|320128384|360324968
25896|0|77688|06/01/2024 13:41:35||20905|8748239552|8848008288
25676|0|85502|06/01/2024 12:16:04||26036|3821237536|4160963792
26016|0|62355|06/01/2024 14:32:22||17858|21061818184|54053249328
25607|0|49346|06/01/2024 11:43:49||27971|2782681640|3447578480
24755|0|53666|06/01/2024 05:48:44||49276|235234581488|448414288688
26017|0|80501|06/01/2024 14:38:10||17510|1257786960|1667324792
25784|0|74669|06/01/2024 13:02:43||23237|1671917256|1908644432
25576|0|86264|06/01/2024 11:38:37||28283|2820714856|3808944784
25719|0|45253|06/01/2024 12:35:52||24848|3646525584|4452147936
26474|0|96559|06/01/2024 17:39:55||6605|577593440|838323600
25367|0|43777|06/01/2024 10:03:32||33988|84999670672|216261570152
26304|0|41083|06/01/2024 16:22:04|06/01/2024 19:25:07|10983|11463208968|29731263944
26713|0|41083|06/01/2024 19:26:44||196|181951856|363987400
25577|0|21645|06/01/2024 11:39:29||28231|2194868696|2608045808
26475|0|53028|06/01/2024 17:39:23||6637|3541575360|3675956328
25785|0|85282|06/01/2024 13:01:04||23336|4892464384|4993752160
25459|0|54570|06/01/2024 10:49:53||31207|57916627328|141084732032
26687|0|87485|06/01/2024 19:10:47||1153|3481584504|8074898480
26216|0|76237|06/01/2024 15:56:41||12799|3321726848|4242139640
25677|0|36265|06/01/2024 12:15:15||26085|1442674608|1597383496
24467|0|56069|06/01/2024 03:49:33||56427|6225812688|6524753352
25552|0|8960|06/01/2024 11:27:57||28923|4991620032|5170342624
25897|0|59414|06/01/2024 13:45:13||20687|6969868440|10369648968
26194|0|25097|06/01/2024 15:49:46||13214|7270410624|10605041608
25167|0|78882|06/01/2024 08:31:44||39496|4310934784|6368356584
26400|0|13652|06/01/2024 17:00:05||8995|1854004776|2379575320
25318|0|89741|06/01/2024 09:45:21||35079|3270674520|3912511992
25553|0|56849|06/01/2024 11:22:47||29233|10274081048|12542946160
26269|0|60741|06/01/2024 16:13:18||11802|2330455856|3122898368
25554|0|18892|06/01/2024 11:27:46||28934|6304368008|8798995904
26357|0|77886|06/01/2024 16:41:55||10085|3194028696|4049042712
26379|0|86402|06/01/2024 16:53:21||9399|18040457192|40628805056
26604|0|59587|06/01/2024 18:30:14||3586|88261816|116644776
26114|0|75263|06/01/2024 15:14:43||15317|971662288|1100045400
25786|0|27723|06/01/2024 13:09:42||22818|1063908736|1145028552
26688|0|6916|06/01/2024 19:18:00||720|149953824|220939200
25899|0|57595|06/01/2024 13:46:20||20620|794496696|960711120
26515|0|54404|06/01/2024 17:51:25||5915|716641216|778040128
26054|0|94047|06/01/2024 14:53:05||16615|2527005640|3141350680
26358|0|85646|06/01/2024 16:48:11||9709|2499041384|3001568224
26091|0|37317|06/01/2024 15:03:49||15971|2582070904|3684183128
25523|0|96811|06/01/2024 11:10:56||29944|3236092424|3369779496
26587|0|68624|06/01/2024 18:28:11||3709|1826611136|2042612496
25720|0|66423|06/01/2024 12:35:45||24855|4900507888|7019958016
26270|0|42806|06/01/2024 16:15:04||11696|2313839880|2708986440
25524|0|61794|06/01/2024 11:12:27||29853|2502334648|3319953320
24488|0|5419|06/01/2024 03:56:07||56033|3308864728|3639514504
25609|0|73710|06/01/2024 11:49:45||27615|5792576920|5945951248
26001|0|23638|06/01/2024 14:25:36||18264|2869830136|3568416408
25976|0|35546|06/01/2024 14:17:14||18766|375588984|490456856
25657|0|76483|06/01/2024 12:00:09||26991|778415880|1144021440
26689|0|23220|06/01/2024 19:18:18||702|138756728|161036432
25700|0|41896|06/01/2024 12:28:48||25272|6897948800|7748611472
26665|0|43101|06/01/2024 19:05:48||1452|180232928|212698800
25435|0|47660|06/01/2024 10:39:45||31815|15465002608|19523256128
25787|0|96233|06/01/2024 13:04:00||23160|66582551712|182702878536
26092|0|97799|06/01/2024 15:09:23||15637|2710001632|2902623824
26115|0|38204|06/01/2024 15:14:48||15312|2417736360|3325364616
25918|0|39037|06/01/2024 13:53:41||20179|2999100656|4178086016
24281|0|85701|06/01/2024 02:29:35||61225|12682090608|15469167824
25817|0|35155|06/01/2024 13:15:42||22458|926545360|1034957728
26305|0|82492|06/01/2024 16:23:31||11189|1279487648|1450888224
26037|0|5357|06/01/2024 14:43:18||17202|2020315496|2335116624
26055|0|10962|06/01/2024 14:53:36||16584|1325963112|1856116480
25168|0|5731|06/01/2024 08:34:25||39335|66660320120|177368657920
24115|0|99136|06/01/2024 01:19:20||65440|18669331848|24633631144
26056|0|76792|06/01/2024 14:57:40||16340|870266896|1871923600
26562|0|83266|06/01/2024 18:13:08||4612|480668208|511526296
26623|0|22791|06/01/2024 18:49:50||2410|787367504|1156312360
25041|0|14175|06/01/2024 07:45:19||42281|2661321080|3371371304
26666|0|64480|06/01/2024 19:09:23||1237|225397872|228041816
24175|0|60137|06/01/2024 01:47:23||63757|65041304544|165462017072
25630|0|56049|06/01/2024 11:54:02||27358|3646540840|3846866016
26306|0|8920|06/01/2024 16:29:25||10835|10123807056|11827337832
24807|0|89902|06/01/2024 06:09:00||48060|7879184664|10283212136
24590|0|55333|06/01/2024 04:31:05||53935|7312205216|8937132048
24337|0|40685|06/01/2024 02:49:30||60030|391812984|530134120
26271|0|20349|06/01/2024 16:13:34||11786|1799156568|1906061128
25742|0|13191|06/01/2024 12:41:32||24508|1875099504|2185008936
25919|0|59576|06/01/2024 13:56:51||19989|11401499616|13468387600
25135|0|51885|06/01/2024 08:21:31||40109|6470618240|6754276704
26093|0|43797|06/01/2024 15:02:58||16022|4651453016|4747232872
24757|0|5792|06/01/2024 05:49:50||49210|19674902792|25966866736
25610|0|66732|06/01/2024 11:45:20||27880|3489718936|4733398344
26690|0|34064|06/01/2024 19:11:33||1107|129756360|160085584
25764|0|64295|06/01/2024 12:55:15||23685|5361699664|7576121688
25190|0|51526|06/01/2024 08:41:02||38938|5461068920|5482526944
26563|0|70042|06/01/2024 18:18:17||4303|761511280|802017472
25679|0|11287|06/01/2024 12:17:03||25977|4597938328|5875415656
26307|0|46044|06/01/2024 16:24:56||11104|447665448|645886320
25110|0|81133|06/01/2024 08:16:55||40385|22629377600|24047456152
25631|0|60049|06/01/2024 11:59:30||27030|2951857736|3759618920
24229|0|13992|06/01/2024 02:02:10||62870|10252077680|13805382928
25344|0|94557|06/01/2024 09:50:26||34774|96930404400|202295783288
24521|0|68009|06/01/2024 04:00:12||55788|4174468544|5883540752
24117|0|69853|06/01/2024 01:13:04||65816|10480237696|12147344584
24359|0|82791|06/01/2024 02:54:41||59719|24004788128|27410508120
25819|0|60031|06/01/2024 13:19:19||22241|7144970168|9317757320
26241|0|27374|06/01/2024 16:04:54||12306|5773764992|6615762192
24643|0|31579|06/01/2024 04:56:36||52404|6863663312|9700567656
26094|0|68039|06/01/2024 15:09:13||15647|2573240888|3842133176
25415|0|47486|06/01/2024 10:27:21||32559|3913031328|4365032080
26272|0|26986|06/01/2024 16:13:27||11793|826463360|831051184
26588|0|96277|06/01/2024 18:26:19||3821|439879368|460992824
26242|0|72607|06/01/2024 16:08:26||12094|5764005920|6084929904
26359|0|62190|06/01/2024 16:40:50||10150|2091324168|2708340960
26095|0|83091|06/01/2024 15:05:42||15858|161734592|217774016
25632|0|57697|06/01/2024 11:52:16||27464|886135816|1025363080
24380|0|5281|06/01/2024 03:02:35|06/01/2024 19:24:22|58907|22392420032|31575221408
26714|0|5281|06/01/2024 19:25:59||241|8643520|11966872
26380|0|10721|06/01/2024 16:54:42||9318|999788128|1156933248
26424|0|91314|06/01/2024 17:10:45||8355|310689136|427682096
25081|0|23672|06/01/2024 08:05:41||41059|79393385144|225236338616
26564|0|33410|06/01/2024 18:15:28||4472|14221478104|41012939840
25474|0|6383|06/01/2024 10:59:31||30629|17804358208|23963821384
26217|0|79718|06/01/2024 15:50:02||13198|243407592|324900656
25460|0|86051|06/01/2024 10:46:34||31406|4371138008|6048847560
25136|0|24662|06/01/2024 08:21:30||40110|25551883464|26931931712
25278|0|20433|06/01/2024 09:29:10||36050|11835272|14572632
25901|0|34585|06/01/2024 13:40:40||20960|5902643520|7363011432
26565|0|36494|06/01/2024 18:14:08||4552|875320552|1200038192
25279|0|16928|06/01/2024 09:21:33||36507|5503514608|7535733728
25113|0|63513|06/01/2024 08:11:56||40684|9341443824|11126509392
26146|0|14653|06/01/2024 15:26:32||14608|2583873656|3439492568
26338|0|84110|06/01/2024 16:34:25||10535|1595092208|2176975408
25902|0|90469|06/01/2024 13:47:01||20579|3130138864|4247747320
24645|0|85151|06/01/2024 04:58:43||52277|19375429568|25377512072
26339|0|33870|06/01/2024 16:39:18||10242|1916642912|2169776328
25633|0|93506|06/01/2024 11:53:36||27384|1766584704|2267970104
24921|0|35012|06/01/2024 06:58:30||45090|2387298704|3474975160
25788|0|83926|06/01/2024 13:05:41||23059|6896557008|9040136776
26381|0|64718|06/01/2024 16:50:05||9595|2790507208|3018481840
26425|0|10105|06/01/2024 17:10:21||8379|744119376|761367392
26340|0|92558|06/01/2024 16:39:23||10237|4510741304|6024746264
26116|0|78522|06/01/2024 15:17:03||15177|1406453696|1465202000
26667|0|98900|06/01/2024 19:01:37||1703|346319240|389723824
26532|0|72641|06/01/2024 18:09:45||4815|1973826368|2113692440
25820|0|31782|06/01/2024 13:16:49||22391|88292150568|200337014112
25765|0|30969|06/01/2024 12:56:27||23613|3816571968|5520007824
24445|0|26935|06/01/2024 03:34:43||57317|21898003592|27532182400
26218|0|40573|06/01/2024 15:54:51||12909|3583450400|3971903456
24669|0|82453|06/01/2024 05:05:50||51850|3810354752|5427346744
25611|0|31422|06/01/2024 11:45:09||27891|13185032120|18425588272
25612|0|66047|06/01/2024 11:44:56||27904|5038681368|6885910328
25743|0|9725|06/01/2024 12:42:56||24424|2490568736|2766153272
26476|0|73845|06/01/2024 17:35:07||6893|741380416|1103625336
25613|0|27068|06/01/2024 11:48:17||27703|9802304672|12867398656
25345|0|44729|06/01/2024 09:52:53||34627|12083915008|12122896952
25255|0|10326|06/01/2024 09:14:10||36950|76230243256|191245515568
26533|0|46454|06/01/2024 18:05:56||5044|538627824|656342576
25475|0|79621|06/01/2024 10:50:58||31142|2478252168|3559996336
25790|0|6884|06/01/2024 13:03:21||23199|5372743088|6025617776
25556|0|5370|06/01/2024 11:20:56||29344|72858447120|218559465152
24783|0|16276|06/01/2024 05:57:58|06/01/2024 19:22:14|48256|7226151160|10286055688
26715|0|16276|06/01/2024 19:23:27||393|46046568|67800296
25903|0|11383|06/01/2024 13:47:21||20559|9305421744|11352416720
26096|0|68885|06/01/2024 15:06:21||15819|2146037056|3190831064
26426|0|77556|06/01/2024 17:10:17||8383|702932400|721309104
24855|0|17658|06/01/2024 06:29:21||46839|2197737408|2841037520
26308|0|27336|06/01/2024 16:20:34|06/01/2024 19:28:22|11268|2317037472|3439534728
25476|0|60295|06/01/2024 10:54:09||30951|18134242136|19401680312
26097|0|88989|06/01/2024 15:07:41||15739|2595182944|3589433912
26646|0|88728|06/01/2024 18:55:09||2091|1256977448|1722139656
26309|0|57284|06/01/2024 16:21:13||11327|2197962760|2784462296
24995|0|35340|06/01/2024 07:24:17||43543|4736772608|5442877504
26195|0|92971|06/01/2024 15:43:02||13618|301496712|390600384
25369|0|88799|06/01/2024 10:07:29||33751|34675297136|20211920256
25416|0|25121|06/01/2024 10:26:36||32604|4159870448|5294245504
25921|0|28599|06/01/2024 13:57:43||19937|458094936|518333968
25211|0|83441|06/01/2024 08:59:11||37849|6621024968|9155657424
24830|0|92612|06/01/2024 06:10:39||47961|16497675696|22306311152
25978|0|34312|06/01/2024 14:14:37||18923|2432986048|2999594752
26273|0|30933|06/01/2024 16:11:37||11903|1870339984|2614499576
26274|0|83343|06/01/2024 16:10:03||11997|5787174232|6485794528
25525|0|64355|06/01/2024 11:13:15||29805|74696117112|189689135368
26624|0|52955|06/01/2024 18:42:09||2871|144982408|200744200
26566|0|55584|06/01/2024 18:13:34||4586|1142957968|1421251176
25862|0|52439|06/01/2024 13:34:47||21313|66537368008|133232116072
25391|0|99171|06/01/2024 10:15:25||33275|51582796152|126868342016
25280|0|41802|06/01/2024 09:25:12||36288|1654953696|1662402816
26057|0|47771|06/01/2024 14:52:15||16665|1498022520|1517604016
25170|0|48954|06/01/2024 08:37:48||39132|1904056608|2085239248
25578|0|29673|06/01/2024 11:33:34||28586|98711286728|259344317144
25634|0|67795|06/01/2024 11:58:48||27072|4715057408|5257825368
25392|0|92343|06/01/2024 10:12:44||33436|2693180728|2700721920
25951|0|80004|06/01/2024 14:01:48||19692|2553290888|3106653600
26310|0|27619|06/01/2024 16:26:05||11035|590392992|630106496
25082|0|44150|06/01/2024 08:06:37||41003|11244889096|11422772384
25137|0|91247|06/01/2024 08:27:44||39736|24135479584|24369398488
26039|0|92469|06/01/2024 14:40:45||17355|461057224|653369096
26589|0|34605|06/01/2024 18:23:29||3991|7006140392|17123623952
24879|0|38820|06/01/2024 06:38:06||46314|10322939984|14685315768
26275|0|85924|06/01/2024 16:16:42||11598|3521795360|4817415088
25579|0|6957|06/01/2024 11:35:21||28479|94822844560|201824342592
24670|0|59348|06/01/2024 05:01:06||52134|6281330176|7584557760
26668|0|4122|06/01/2024 19:00:07||1793|5244060448|15160289400
25212|0|87720|06/01/2024 08:57:18||37962|9791623992|11668800448
25213|0|54025|06/01/2024 08:51:05||38335|21780613264|22877548968
24616|0|75232|06/01/2024 04:47:52||52928|7955073984|8495333248
25953|0|29923|06/01/2024 14:03:53||19567|2524024728|2734754296
24027|0|33548|06/01/2024 00:33:55||68165|26009329952|28807684984
26196|0|88644|06/01/2024 15:49:30|06/01/2024 19:29:19|13189|3016124368|4250296776
25744|0|77054|06/01/2024 12:46:36||24204|34610151936|20904587248
26171|0|41962|06/01/2024 15:33:33||14187|4969300392|5856183304
25863|0|44361|06/01/2024 13:39:57||21003|8879989136|9380770944
25745|0|23222|06/01/2024 12:41:24||24516|5818673992|8064436112
25477|0|10634|06/01/2024 10:53:41||30979|4784102048|5699091376
25635|0|10027|06/01/2024 11:51:53||27487|969150184|1018814848
24286|0|37519|06/01/2024 02:20:57||61743|17037275648|23423688608
26117|0|96649|06/01/2024 15:19:13||15047|7100345960|9943320008
26018|0|73573|06/01/2024 14:39:13||17447|1508757216|1915003456
25138|0|38356|06/01/2024 08:28:51||39669|6843841616|7487805952
24996|0|7959|06/01/2024 07:29:06||43254|98210615040|223491329624
26447|0|41399|06/01/2024 17:23:01||7619|918517352|1279839792
25822|0|60347|06/01/2024 13:11:56||22684|1202339656|1673806968
24383|0|75481|06/01/2024 03:07:23||58957|30014016376|34885620664
25823|0|47727|06/01/2024 13:14:02||22558|11336910328|14792416608
26098|0|15640|06/01/2024 15:02:05||16075|445577624|451416800
26341|0|88763|06/01/2024 16:32:11||10669|494381984|667243064
26147|0|67468|06/01/2024 15:25:29||14671|4064015704|4527958232
24880|0|55223|06/01/2024 06:33:40||46580|22285282576|26562357504
26534|0|56756|06/01/2024 18:05:51||5049|284417104|285178184
24571|0|86419|06/01/2024 04:21:18||54522|407803824|606885080
25417|0|79886|06/01/2024 10:23:25||32795|8081194880|9486576840
24947|0|86414|06/01/2024 07:00:10||44990|7441995736|8256890160
26040|0|69115|06/01/2024 14:47:10||16970|162219832|169664520
26172|0|6280|06/01/2024 15:32:01||14279|4191769416|4385461704
26691|0|11838|06/01/2024 19:14:22||938|247558472|356026312
26516|0|17534|06/01/2024 17:52:56||5824|1239322560|1538093688
25282|0|63283|06/01/2024 09:29:33||36027|39669995056|26270742944
26692|0|83443|06/01/2024 19:16:57||783|53426856|64715232
25614|0|89997|06/01/2024 11:45:29||27871|74624600472|181255857752
26567|0|32170|06/01/2024 18:15:34||4466|23685005416|57625133192
25581|0|73047|06/01/2024 11:37:57||28323|1454375784|1655618872
26059|0|92953|06/01/2024 14:54:57||16503|5589524872|7559399224
26382|0|69672|06/01/2024 16:57:55||9125|1283241272|1585526912
25954|0|52341|06/01/2024 14:05:08||19492|223524232|324822888
26243|0|19540|06/01/2024 16:07:17||12163|4782396840|5529115760
26517|0|96145|06/01/2024 17:58:08||5512|234672520|261911808
26716|0|34910|06/01/2024 19:27:13||167|31649992|37735408
25237|0|33806|06/01/2024 09:04:47||37513|10426547600|11769552832
25582|0|39888|06/01/2024 11:30:37||28763|5032390992|6956884944
26148|0|43637|06/01/2024 15:29:26||14434|4418087904|4578923000
26568|0|70485|06/01/2024 18:17:27||4353|987171840|1115307256
25346|0|18993|06/01/2024 09:59:43||34217|8176859600|10099289320
26173|0|18173|06/01/2024 15:36:24||14016|56055059704|33960888528
26535|0|21573|06/01/2024 18:06:41||4999|831994144|1132210104
24834|0|42861|06/01/2024 06:10:06||47994|4707158224|5407594808
26669|0|18259|06/01/2024 19:07:08||1372|5164568336|14442690448
24997|0|84995|06/01/2024 07:29:37||43223|636561376|885832120
26647|0|93139|06/01/2024 18:54:38||2122|15540528|23203464
25438|0|21463|06/01/2024 10:31:22||32318|5158825832|6746651880
24617|0|76826|06/01/2024 04:48:58||52862|3392522496|4847388856
26403|0|84902|06/01/2024 17:03:26||8794|3662854808|3747225760
24973|0|98665|06/01/2024 07:13:44||44176|7648628656|9399919880
26536|0|64277|06/01/2024 18:04:40||5120|535431528|796930352
26219|0|7301|06/01/2024 15:57:39||12741|1785828896|2543817888
26342|0|42083|06/01/2024 16:37:21||10359|16717348584|47528898872
25478|0|73608|06/01/2024 10:52:19||31061|16402088112|23872943856
24998|0|21733|06/01/2024 07:28:39|06/01/2024 19:22:16|42817|106775655064|198718730624
26717|0|21733|06/01/2024 19:23:34||386|972637944|2733625992
26404|0|85876|06/01/2024 17:09:44||8416|845761776|879479800
25979|0|7944|06/01/2024 14:11:53||19087|4107982864|5430150552
25239|0|44132|06/01/2024 09:07:07||37373|7083330080|8750047408
24836|0|9119|06/01/2024 06:14:37||47723|38735414888|40793756744
24097|0|77862|06/01/2024 01:04:55||66305|22664983248|30311100208
25583|0|59960|06/01/2024 11:33:48||28572|7124393568|10061312776
24859|0|68473|06/01/2024 06:25:25||47075|7362554456|9600347840
26569|0|31001|06/01/2024 18:15:04||4496|3880047464|4359946880
26693|0|82926|06/01/2024 19:14:06||954|66357216|77793744
25703|0|40880|06/01/2024 12:24:49||25511|8185010064|9027322072
26605|0|54327|06/01/2024 18:38:21||3099|2090814528|2245799352
26448|0|63427|06/01/2024 17:25:19||7481|367364400|434536368
26220|0|26030|06/01/2024 15:55:14||12886|5328325880|6355990568
24762|0|65392|06/01/2024 05:46:42||49398|16545583368|22870233896
25704|0|50202|06/01/2024 12:21:18||25722|2620288896|3431239728
26276|0|25089|06/01/2024 16:13:53||11767|8961656264|10893946144
24718|0|73296|06/01/2024 05:28:31||50489|101883599048|269372263992
25636|0|41825|06/01/2024 11:59:55||27005|2775988920|3412767488
25256|0|40131|06/01/2024 09:15:27||36873|1136946264|1388098608
25980|0|57084|06/01/2024 14:11:52||19088|3418346120|3642956696
26311|0|13628|06/01/2024 16:21:37||11303|2182345496|3150355864
25864|0|85510|06/01/2024 13:32:59||21421|6606774704|9226018160
25347|0|88441|06/01/2024 09:55:01||34499|14646324616|14749842376
25843|0|16738|06/01/2024 13:20:10||22190|2936177184|3806177568
25681|0|95146|06/01/2024 12:19:01||25859|13334912|13928648
26099|0|51155|06/01/2024 15:06:42||15798|252866120|289653512
25042|0|64019|06/01/2024 07:42:30||42450|1461581056|1812084952
23899|0|19792|05/01/2024 23:35:00||71700|32767243488|39607627672
25637|0|93774|06/01/2024 11:52:42||27438|7560680856|8011746712
24810|0|40487|06/01/2024 06:08:20||48100|22545093360|25180817096
25766|0|90006|06/01/2024 12:59:57||23403|4665203976|5787190080
25064|0|91362|06/01/2024 07:51:33||41907|8650408408|12423118000
24882|0|85395|06/01/2024 06:37:06||46374|4574794160|4778838656
25955|0|36677|06/01/2024 14:01:14||19726|615324168|691951184
25214|0|21002|06/01/2024 08:53:29||38191|2984124680|3900080672
25308|0|56994|06/01/2024 09:39:12||35448|5247930176|6821080472
24838|0|34817|06/01/2024 06:13:37||47783|11245943952|16366703856
26002|0|26763|06/01/2024 14:28:28||18092|1940963544|2472587584
25215|0|50925|06/01/2024 08:59:58||37802|74175832088|148928771928
26118|0|91337|06/01/2024 15:15:15||15285|8315088496|8677102448
26449|0|89625|06/01/2024 17:26:04||7436|169967872|253069760
25322|0|57927|06/01/2024 09:44:39||35121|3204045568|4329436824
26312|0|42738|06/01/2024 16:24:46||11114|1134365824|1217402976
25792|0|55048|06/01/2024 13:02:55||23225|3208311200|3558018840
24595|0|83656|06/01/2024 04:30:59||53941|9303240080|11020999248
24950|0|57316|06/01/2024 07:05:46||44654|10658103392|15349709008
25793|0|27439|06/01/2024 13:02:49||23231|4672489312|5691795088
26648|0|21299|06/01/2024 18:52:31||2249|82890664|99568440
24738|0|99802|06/01/2024 05:35:34||50066|4571226864|5097568376
25043|0|13130|06/01/2024 07:49:46||42014|9984115096|11683719088
25559|0|26964|06/01/2024 11:22:16||29264|49672927872|126939425120
25323|0|20340|06/01/2024 09:49:48||34812|5510064200|7380606152
25746|0|66642|06/01/2024 12:47:28||24152|3111678576|3315592072
26670|0|90151|06/01/2024 19:06:15||1425|277082848|292765192
25418|0|96448|06/01/2024 10:25:12||32688|11947941416|15174835872
25616|0|36110|06/01/2024 11:44:24||27936|6215495040|7454648064
26497|0|10821|06/01/2024 17:42:34||6446|2517956520|3025837136
25526|0|86044|06/01/2024 11:17:52||29528|5788071424|7483047832
25865|0|48388|06/01/2024 13:32:27||21453|5562113840|6944549864
25659|0|71230|06/01/2024 12:09:41||26419|2309871528|3217717408
25824|0|11355|06/01/2024 13:13:05||22615|1251117504|1495234080
24975|0|79678|06/01/2024 07:11:59||44281|463865384|560752848
24339|0|20804|06/01/2024 02:40:28||60572|18012663840|20513090344
25767|0|8331|06/01/2024 12:59:01||23459|243065552|322890096
24468|0|52713|06/01/2024 03:44:06||56754|40482309920|24743352856
24412|0|26450|06/01/2024 03:12:05||58675|12695845392|14711730072
26003|0|88869|06/01/2024 14:25:11||18289|706692920|866354016
25639|0|48843|06/01/2024 11:54:35||27325|1659639400|2086100360
26060|0|11544|06/01/2024 14:55:03||16497|5025251056|5186923296
24549|0|14425|06/01/2024 04:15:28||54872|8512728840|12528821992
26149|0|77299|06/01/2024 15:22:30||14850|935799152|1021265560
26649|0|86916|06/01/2024 18:56:17||2023|351652400|444045808
24883|0|31414|06/01/2024 06:39:20||46240|17887064336|22015350736
25560|0|61739|06/01/2024 11:29:32||28828|1196626472|1208999080
26498|0|84539|06/01/2024 17:43:27||6393|692898264|892299888
24860|0|13940|06/01/2024 06:24:01||47159|4857037240|5488498040
26174|0|91452|06/01/2024 15:32:06||14274|3493758392|3633949184
25956|0|51410|06/01/2024 14:09:37||19223|1522663712|1742195304
24861|0|62611|06/01/2024 06:25:15||47085|2484487448|2802685952
26718|0|66319|06/01/2024 19:25:28||272|204640960|157045424
26277|0|54749|06/01/2024 16:13:05||11815|2361481224|2446488112
26244|0|65216|06/01/2024 16:09:34||12026|7136632288|8255860168
25584|0|97428|06/01/2024 11:30:15||28785|7994978520|10599260200
26450|0|92706|06/01/2024 17:20:58||7742|20157454184|38350939128
26383|0|5022|06/01/2024 16:50:23||9577|18902894664|41800915128
26120|0|4076|06/01/2024 15:14:48||15312|60369109856|127363517824
26197|0|86912|06/01/2024 15:46:03||13437|2587850240|2657071232
24905|0|95892|06/01/2024 06:41:38||46102|12717541480|14247993680
26221|0|14216|06/01/2024 15:59:15||12645|12725167664|15962609704
25283|0|50648|06/01/2024 09:22:55||36425|85335509176|193580960176
26590|0|69690|06/01/2024 18:23:33||3987|686416328|719463312
25462|0|58138|06/01/2024 10:48:13||31307|3380706392|3673714784
25371|0|44230|06/01/2024 10:05:49||33851|2532326696|3787292640
26278|0|95327|06/01/2024 16:10:39||11961|1916813176|1060001760
25065|0|35479|06/01/2024 07:57:32||41548|15633305264|19259902608
25723|0|68233|06/01/2024 12:36:32||24808|5273981800|7253319896
24181|0|14836|06/01/2024 01:42:16||64064|78934755984|204842835512
26518|0|7309|06/01/2024 17:59:56||5404|8998435400|24992098960
26150|0|78976|06/01/2024 15:29:41||14419|7675180240|7875126480
26694|0|34893|06/01/2024 19:16:06||834|38929264|56422720
26537|0|53029|06/01/2024 18:04:08||5152|921537984|941966632
24766|0|82427|06/01/2024 05:48:47||49273|33313358840|64776910344
26671|0|55305|06/01/2024 19:08:25||1295|153395776|188879240
26121|0|51811|06/01/2024 15:11:32||15508|29550940496|77551930256
24648|0|65020|06/01/2024 04:52:57||52623|13024726616|17814421608
26019|0|90478|06/01/2024 14:30:52||17948|5900384608|7038290336
24952|0|62835|06/01/2024 07:02:34||44846|2946625064|3099448328
25705|0|9069|06/01/2024 12:29:26||25234|6688511760|6989760984
25825|0|80460|06/01/2024 13:18:18||22302|9254618072|9680940440
25660|0|60476|06/01/2024 12:06:52||26588|5820730400|7986985488
25216|0|63560|06/01/2024 08:54:39||38121|16752374072|24476821752
25706|0|27227|06/01/2024 12:24:58||25502|2666459808|3975554944
25641|0|70487|06/01/2024 11:57:33||27147|7079812384|7621699456
26405|0|6879|06/01/2024 17:09:28||8432|540474504|588664480
25284|0|87313|06/01/2024 09:23:43||36377|3754364520|4590787560
26477|0|98417|06/01/2024 17:30:40||7160|1001724704|1309740512
25923|0|70323|06/01/2024 13:55:34||20066|470868904|540638392
25794|0|47934|06/01/2024 13:07:07||22973|20738799280|11653885904
26122|0|57723|06/01/2024 15:10:25|06/01/2024 19:29:29|15544|1233933896|1413169440
25527|0|75947|06/01/2024 11:11:38||29902|495651152|649670896
25867|0|88959|06/01/2024 13:36:37||21203|4708340472|4803580344
26279|0|57621|06/01/2024 16:17:56||11524|712154560|833271176
25000|0|21811|06/01/2024 07:21:09||43731|930662080|1389342400
25285|0|6911|06/01/2024 09:27:06||36174|16065618640|11565897872
26538|0|54831|06/01/2024 18:06:56||4984|1241236272|1445451984
26570|0|41385|06/01/2024 18:18:45||4275|899308368|1073189520
26519|0|69945|06/01/2024 17:53:45||5775|6644711192|7398171576
26539|0|42847|06/01/2024 18:02:59||5221|1316936256|1483921072
26695|0|6427|06/01/2024 19:17:27||753|7482008|9313408
26151|0|25541|06/01/2024 15:25:59||14641|19510661424|14626832680
25419|0|73867|06/01/2024 10:26:11||32629|3069280824|4436722152
26384|0|5332|06/01/2024 16:51:57||9483|1532415816|2098020240
26625|0|47809|06/01/2024 18:47:18||2562|432420968|512395648
25420|0|62011|06/01/2024 10:26:57||32583|74379407704|182331987976
26004|0|11854|06/01/2024 14:24:06||18354|6955008472|7339633424
26020|0|62865|06/01/2024 14:32:44||17836|70169474136|133205717496
25286|0|28891|06/01/2024 09:24:31||36329|2222048808|2382616416
26571|0|75798|06/01/2024 18:14:08||4552|1175835728|1408428472
26385|0|87270|06/01/2024 16:53:11||9409|87958400|129967776
26650|0|19406|06/01/2024 18:53:52||2168|273622464|371276704
25845|0|57415|06/01/2024 13:29:05||21655|6340420768|7783642392
24721|0|86546|06/01/2024 05:20:24||50976|8442985744|8888943192
26198|0|82423|06/01/2024 15:45:53||13447|3178334648|3455331464
25442|0|49032|06/01/2024 10:32:06||32274|8159091408|8392796552
26222|0|87024|06/01/2024 15:53:47||12973|3193493080|3371257464
25724|0|3992|06/01/2024 12:30:03||25197|4106845696|5427021632
25172|0|72308|06/01/2024 08:39:27||39033|86814233224|259079456040
26540|0|57089|06/01/2024 18:05:05||5095|2074827272|2986477936
25846|0|50307|06/01/2024 13:27:35||21745|1549284120|1778185560
26199|0|36401|06/01/2024 15:46:49||13391|7375751712|7804221264
24699|0|83725|06/01/2024 05:17:21||51159|6505219608|9286239208
26672|0|13835|06/01/2024 19:08:38||1282|24981304|37190680
25115|0|41731|06/01/2024 08:12:51||40629|1391967752|1890450208
26427|0|93921|06/01/2024 17:16:13||8027|849028704|870404696
26100|0|61155|06/01/2024 15:01:54||16086|36653823872|105941971720
26428|0|50025|06/01/2024 17:10:03||8397|27507631968|68380736744
26245|0|54615|06/01/2024 16:09:25||12035|7596151704|7800077944
25142|0|70544|06/01/2024 08:26:28||39812|12218327600|15172510808
24671|0|22056|06/01/2024 05:07:11||51769|11459563456|13877883496
26246|0|73120|06/01/2024 16:02:35||12445|6413210976|7027843424
26451|0|6561|06/01/2024 17:29:28||7232|2422101656|2633183184
26572|0|51065|06/01/2024 18:17:02||4378|2362352312|3321972264
26062|0|44253|06/01/2024 14:57:18||16362|1650026256|2234451928
26101|0|43310|06/01/2024 15:08:25||15695|2043167096|2338907432
23967|0|19697|06/01/2024 00:00:27||70173|28398547880|31359015576
25747|0|54872|06/01/2024 12:49:30||24030|108601766792|244406598040
25748|0|84742|06/01/2024 12:49:02||24058|5322339128|6003095552
25661|0|85209|06/01/2024 12:05:39||26661|686155296|819311624
26063|0|78717|06/01/2024 14:52:24||16656|1312879936|1771422688
24977|0|83204|06/01/2024 07:18:57||43863|6588549328|8342504472
26626|0|82698|06/01/2024 18:41:46||2894|158090192|214448544
24767|0|26199|06/01/2024 05:42:16||49664|130441144528|243301899536
25826|0|99286|06/01/2024 13:16:25||22415|7743230928|10959306168
24448|0|88834|06/01/2024 03:30:36|06/01/2024 19:26:13|57337|14099006424|18696951032
26719|0|88834|06/01/2024 19:27:08||172|17293744|25362384
25924|0|41389|06/01/2024 13:50:17||20383|55400801792|112293525288
26478|0|92674|06/01/2024 17:33:07||7013|1499569744|1654687576
26541|0|82437|06/01/2024 18:00:50||5350|666327976|786341176
25173|0|61623|06/01/2024 08:30:40||39560|12409942232|14448142112
26479|0|35393|06/01/2024 17:33:46||6974|2848085304|3998842392
26720|0|6812|06/01/2024 19:22:50||430|59835288|74253920
25796|0|94644|06/01/2024 13:09:04||22856|7055183848|7675053312
26452|0|98465|06/01/2024 17:28:29||7291|955724192|1422993672
24620|0|82855|06/01/2024 04:49:57||52803|14269245864|18603486672
25981|0|5372|06/01/2024 14:19:09||18651|4309835912|4723170752
25683|0|14459|06/01/2024 12:11:46||26294|926607376|1099985280
26223|0|37387|06/01/2024 15:52:31||13049|995698632|1041124512
25394|0|25393|06/01/2024 10:16:44||33196|21756477808|25248108280
25725|0|32548|06/01/2024 12:34:52||24908|6853300472|6980859320
25750|0|30816|06/01/2024 12:44:25||24335|5148878128|6956592120
26123|0|46481|06/01/2024 15:13:39||15381|11406789320|12323982752
26480|0|62682|06/01/2024 17:34:31||6929|500419584|510960648
25847|0|18337|06/01/2024 13:23:44||21976|16827527152|19221969440
25349|0|39283|06/01/2024 09:58:32||34288|469796824|598074856
24979|0|49972|06/01/2024 07:15:44||44056|10834461320|12035269240
26200|0|98102|06/01/2024 15:46:51||13389|2907299944|3106725040
26573|0|64318|06/01/2024 18:12:04||4676|14234618600|29298086232
26247|0|79969|06/01/2024 16:06:18||12222|10092989896|10978366832
25586|0|38044|06/01/2024 11:35:51||28449|97253418496|181405919504
26627|0|80972|06/01/2024 18:45:24||2676|513670192|625709704
25684|0|38520|06/01/2024 12:11:53||26287|6062203768|7477414264
26606|0|92001|06/01/2024 18:38:29||3091|2495661120|3361846528
26201|0|32304|06/01/2024 15:43:32||13588|2090624080|2638386592
25769|0|23312|06/01/2024 12:56:21||23619|41352955656|93769075976
25258|0|28738|06/01/2024 09:14:25||36935|5093442232|6838907176
25957|0|87341|06/01/2024 14:09:08||19252|2536559032|2680188288
25561|0|86936|06/01/2024 11:26:30||29010|53023488488|147701947400
24650|0|8409|06/01/2024 04:51:23||52717|6533458848|9613800752
24925|0|20031|06/01/2024 06:54:54||45306|7258957664|7408563056
26281|0|95178|06/01/2024 16:16:06||11634|1735163472|1938933752
25797|0|84421|06/01/2024 13:00:15||23385|2914227120|2955923768
26224|0|43037|06/01/2024 15:51:49||13091|3045792848|3612466088
26064|0|44799|06/01/2024 14:55:45||16455|1944237544|2033967488
26006|0|73988|06/01/2024 14:25:47||18253|41650703248|113471212648
26607|0|82514|06/01/2024 18:39:25||3035|199903464|201717000
26696|0|82779|06/01/2024 19:13:22||998|172255984|231936720
26175|0|65673|06/01/2024 15:31:33||14307|14671374048|15798169992
25926|0|98097|06/01/2024 13:58:33||19887|5840851024|7239893672
26225|0|24060|06/01/2024 15:53:10||13010|291714616|430114296
25374|0|11651|06/01/2024 10:04:21||33939|615786744|852863136
26520|0|20167|06/01/2024 17:57:32||5548|866623416|1225538544
26651|0|87489|06/01/2024 18:56:29||2011|1068866648|1442329328
26176|0|74631|06/01/2024 15:36:27||14013|40988789728|91995675296
26628|0|90503|06/01/2024 18:49:17||2443|1591374864|1607966656
25259|0|17532|06/01/2024 09:12:13||37067|3667992288|4231233008
26453|0|98547|06/01/2024 17:22:12||7668|908662880|1320007288
25443|0|77479|06/01/2024 10:30:17||32383|8586558176|11519881856
26521|0|94328|06/01/2024 17:51:28||5912|2839636680|3343572352
26248|0|10836|06/01/2024 16:05:40||12260|3410395056|3691970160
25726|0|57796|06/01/2024 12:37:10||24770|3834304144|4901795840
26177|0|3862|06/01/2024 15:38:23||13897|925483960|931900816
25217|0|91395|06/01/2024 08:55:02||38098|1799904024|2492511216
25562|0|83858|06/01/2024 11:21:57||29283|2024333840|2140912064
25663|0|86841|06/01/2024 12:06:25||26615|84014872|96177736
24885|0|24050|06/01/2024 06:31:32||46708|123239198600|258140250576
25463|0|52234|06/01/2024 10:41:53||31687|2111614872|2793891672
26386|0|52485|06/01/2024 16:53:38||9382|878622080|1295813832
26360|0|41079|06/01/2024 16:42:30||10050|4203953528|5082619080
25505|0|65096|06/01/2024 11:07:47||30133|16712482280|22828687952
25529|0|57543|06/01/2024 11:14:01||29759|28626305880|34433667712
24814|0|54758|06/01/2024 06:04:16||48344|13937183728|14577845960
25530|0|88082|06/01/2024 11:10:49||29951|3111429048|3543692208
26226|0|95089|06/01/2024 15:58:57||12663|8583624512|9935325704
26454|0|69994|06/01/2024 17:23:52||7568|85084144|107325752
25563|0|53942|06/01/2024 11:21:04||29336|14193333672|19014102368
26697|0|89187|06/01/2024 19:16:10||830|66875408|79756344
26227|0|73332|06/01/2024 15:56:17||12823|3852939784|4857487280
26124|0|62677|06/01/2024 15:19:39||15021|1249454392|1839085328
25564|0|93299|06/01/2024 11:22:24||29256|2428829704|2869895680
26652|0|57589|06/01/2024 18:57:56||1924|68472872|81396096
26007|0|51746|06/01/2024 14:25:37|06/01/2024 19:23:07|17850|1197609352|1591548048
24672|0|12466|06/01/2024 05:02:39||52041|10949448232|12760227216
24290|0|24091|06/01/2024 02:22:16||61664|1890830920|2643377728
25326|0|87395|06/01/2024 09:41:58||35282|5897666712|5952310256
25395|0|41832|06/01/2024 10:18:25||33095|4446500768|6075117688
26228|0|6143|06/01/2024 15:54:24||12936|2766497384|3061819832
25350|0|43267|06/01/2024 09:50:50||34750|43756357888|31132597040
25642|0|50780|06/01/2024 11:54:27||27333|2115941336|2954351960
24316|0|57108|06/01/2024 02:31:55||61085|28704665296|35406108840
25770|0|88911|06/01/2024 12:54:11||23749|78718239240|163433828112
26313|0|91423|06/01/2024 16:27:14||10966|3776750176|4427188848
26698|0|77493|06/01/2024 19:11:39||1101|176622464|231866160
25196|0|5298|06/01/2024 08:45:43||38657|9904380416|10230928656
26361|0|58102|06/01/2024 16:44:24||9936|347409792|378671752
25242|0|43201|06/01/2024 09:02:36||37644|9901384248|10320629008
26282|0|99181|06/01/2024 16:10:29||11971|1764397280|2160951216
24529|0|19829|06/01/2024 04:07:30||55350|2641809440|2827287848
25444|0|33153|06/01/2024 10:32:00||32280|17876337072|24647116048
26653|0|81041|06/01/2024 18:55:07||2093|611595424|646056952
26481|0|7558|06/01/2024 17:33:28||6992|1744280616|2149341856
26407|0|60463|06/01/2024 17:02:06||8874|4631169816|6822097288
26542|0|85769|06/01/2024 18:03:54||5166|1853432984|2062255864
25928|0|98240|06/01/2024 13:55:26||20074|19600798712|55724353304
25868|0|51344|06/01/2024 13:36:37||21203|9185587008|9264612944
26699|0|72617|06/01/2024 19:13:25||995|140857480|173277976
26522|0|91669|06/01/2024 17:58:20||5500|1281320136|1549083664
26700|0|99020|06/01/2024 19:18:21||699|1430488920|3451140512
25144|0|29100|06/01/2024 08:23:46||39974|10945577112|15587969648
26315|0|97371|06/01/2024 16:26:15||11025|39128552|47567504
25351|0|85520|06/01/2024 09:56:56||34384|20953612536|58574734960
25218|0|79305|06/01/2024 08:53:12||38208|6374848616|6578499496
26499|0|91634|06/01/2024 17:44:57||6303|726465912|918115680
25445|0|12052|06/01/2024 10:33:38||32182|5235283336|6265875280
26021|0|13720|06/01/2024 14:35:17||17683|1438076752|1764084496
26250|0|75206|06/01/2024 16:09:30||12030|21584876680|50462200888
26408|0|71985|06/01/2024 17:03:08||8812|438211480|523645776
26283|0|15423|06/01/2024 16:13:33||11787|8475759944|9513882528
24981|0|78045|06/01/2024 07:17:53||43927|475317128|689837632
24700|0|15742|06/01/2024 05:17:35||51145|10174468792|10394106224
25422|0|25899|06/01/2024 10:20:14||32986|1662287864|2020373512
25929|0|92029|06/01/2024 13:57:10||19970|3089182552|3635549536
26102|0|29236|06/01/2024 15:01:11||16129|5281990776|6086404800
25028|0|77649|06/01/2024 07:31:37||43103|17896060336|18315947624
26482|0|71455|06/01/2024 17:38:10||6710|421038088|570061064
25197|0|72586|06/01/2024 08:45:53||38647|151048100024|348834888328
26178|0|66485|06/01/2024 15:31:05||14335|1861434616|2084728680
24743|0|50442|06/01/2024 05:39:07||49853|14824829464|15253745152
25219|0|81304|06/01/2024 08:57:29||37951|21176203776|26020209496
26362|0|13627|06/01/2024 16:46:15||9825|878641256|1024609176
26409|0|58968|06/01/2024 17:06:03||8637|1210667968|1657376624
25220|0|29163|06/01/2024 08:54:58||38102|1932119520|2886352184
26629|0|61581|06/01/2024 18:40:01||2999|338831040|436129000
24429|0|38182|06/01/2024 03:26:25||57815|23699774320|25809537544
25507|0|32575|06/01/2024 11:04:37||30323|3498048456|4546317904
26202|0|10817|06/01/2024 15:41:33||13707|9934630016|11940961384
25587|0|4296|06/01/2024 11:39:38||28222|6712999064|8137530936
25827|0|26203|06/01/2024 13:11:24||22716|504388296|635401656
24841|0|5238|06/01/2024 06:10:01||47999|18827796344|23873996848
26179|0|91252|06/01/2024 15:33:43||14177|4163054680|4846458872
26410|0|58992|06/01/2024 17:02:31||8849|96527744|131971320
24726|0|48037|06/01/2024 05:25:20||50680|8240487376|10527901288
26455|0|86483|06/01/2024 17:22:11||7669|1180253352|1732153104
26251|0|66806|06/01/2024 16:03:44||12376|5271700600|6722747408
25686|0|58654|06/01/2024 12:14:37|06/01/2024 19:28:31|26034|85684003568|178973090608
26721|0|58654|06/01/2024 19:29:13||47|110264976|260049240
26630|0|71739|06/01/2024 18:43:16||2804|8386114344|16724954696
24318|0|93577|06/01/2024 02:37:21||60759|17878927824|21903783648
26229|0|83444|06/01/2024 15:58:06||12714|1293364640|1554336808
25771|0|8779|06/01/2024 12:52:59||23821|2798278456|2820226616
26252|0|5526|06/01/2024 16:03:21||12399|5387803760|5390993696
26483|0|43049|06/01/2024 17:33:41||6979|9513834792|6424428472
26523|0|78022|06/01/2024 17:52:20||5860|261083040|312765696
26673|0|63244|06/01/2024 19:03:27||1593|255373016|260189312
26429|0|64240|06/01/2024 17:19:51||7809|667455296|796247520
26674|0|67487|06/01/2024 19:01:17||1723|1583117624|1650471120
26456|0|11819|06/01/2024 17:25:04||7496|492511440|574205600
26203|0|38992|06/01/2024 15:46:58||13382|3594472936|5139513656
25849|0|51283|06/01/2024 13:28:44||21676|2385561400|2588114264
25260|0|48358|06/01/2024 09:10:19||37181|6458730480|7358181624
25644|0|25496|06/01/2024 11:56:31||27209|3035538832|4219062920
26608|0|41827|06/01/2024 18:31:22||3518|315899280|360565768
24473|0|37594|06/01/2024 03:42:41||56839|1691730184|2356427200
26152|0|99055|06/01/2024 15:23:22||14798|12325131768|9003932616
26500|0|52740|06/01/2024 17:40:26||6574|844573808|1200123104
26344|0|10788|06/01/2024 16:33:51||10569|26066726536|66836669584
26609|0|37466|06/01/2024 18:36:12||3228|670433272|782363008
26284|0|8062|06/01/2024 16:11:22||11918|2641406152|3359519544
26631|0|51998|06/01/2024 18:43:38||2782|1024388704|1213991496
25958|0|60316|06/01/2024 14:08:39||19281|6708953200|8750744200
25532|0|55761|06/01/2024 11:15:35||29665|90564568816|212150770056
26008|0|84826|06/01/2024 14:28:49||18071|2439718176|3472341632
25828|0|77115|06/01/2024 13:19:43||22217|1335806920|1635358256
26574|0|56414|06/01/2024 18:13:07||4613|107280416|109269280
26022|0|69735|06/01/2024 14:35:50||17650|2154875088|2734264392
26610|0|50506|06/01/2024 18:32:24||3456|880710080|970325424
26575|0|85659|06/01/2024 18:14:54||4506|69386176|93306000
26701|0|76230|06/01/2024 19:16:15||825|272268728|353206184
26125|0|9300|06/01/2024 15:18:19||15101|3317727312|4247816584
24954|0|45174|06/01/2024 07:02:58||44822|12413301128|18039695248
24368|0|69355|06/01/2024 02:57:53||59527|5918048456|6565075600
26043|0|41850|06/01/2024 14:46:24||17016|632527336|887342984
25930|0|98194|06/01/2024 13:52:06||20274|1231458696|1329106184
25665|0|40103|06/01/2024 12:00:20||26980|12488506576|13352222928
25905|0|18851|06/01/2024 13:48:45||20475|2876060568|2893159784
25375|0|74918|06/01/2024 10:08:24||33696|11559360792|15045286384
25480|0|52977|06/01/2024 10:53:26||30994|4349241208|5269122528
25798|0|90604|06/01/2024 13:06:57||22983|5717199280|7694177088
26611|0|10372|06/01/2024 18:34:56||3304|682961992|700019408
26576|0|85185|06/01/2024 18:16:09||4431|1526092112|1978368424
26612|0|57109|06/01/2024 18:30:35||3565|793062968|1090731824
24792|0|87346|06/01/2024 05:55:34||48866|5043589656|6393557352
26285|0|73648|06/01/2024 16:15:10||11690|4071044480|5275631112
24235|0|71532|06/01/2024 02:07:34||62546|10367110392|14042583440
26044|0|33020|06/01/2024 14:48:36||16884|3740157720|4110287936
26654|0|73318|06/01/2024 18:51:50||2290|564515136|640877304
26023|0|62807|06/01/2024 14:39:16||17444|1130865672|1693752352
26154|0|74728|06/01/2024 15:29:21||14439|5780474000|8430321192
24843|0|77675|06/01/2024 06:14:14||47746|6646852768|7690971080
25687|0|14526|06/01/2024 12:15:27||26073|8996662008|9629424688
25288|0|41286|06/01/2024 09:24:02||36358|15587229224|22045372136
25727|0|37021|06/01/2024 12:36:19||24821|2351103672|2841392048
26024|0|59541|06/01/2024 14:34:16||17744|1380490512|1503651344
25799|0|73320|06/01/2024 13:06:42||22998|4577491728|4735287984
25618|0|32456|06/01/2024 11:45:31||27869|2539048824|3304986360
26702|0|72622|06/01/2024 19:12:05||1075|128668096|137684304
24727|0|50867|06/01/2024 05:27:38||50542|1697489584|2474415176
26180|0|96249|06/01/2024 15:34:42||14118|17006379600|32981270928
26230|0|61819|06/01/2024 15:54:46||12914|606296704|713847368
26543|0|61221|06/01/2024 18:04:40||5120|552027696|625646856
25870|0|89958|06/01/2024 13:39:48||21012|1666438152|1779410680
26675|0|53347|06/01/2024 19:08:45||1275|9667760|10036392
25446|0|82959|06/01/2024 10:34:32||32128|7288821568|8565942304
25447|0|96027|06/01/2024 10:30:23||32377|2408306120|3031870968
26703|0|4867|06/01/2024 19:11:40||1100|1314929000|989093472
26155|0|77085|06/01/2024 15:22:30|06/01/2024 19:21:16|14326|12497214872|35857458176
26722|0|77085|06/01/2024 19:22:01||479|590642024|1357319440
24867|0|99342|06/01/2024 06:25:12||47088|23479106192|24612754240
26387|0|33874|06/01/2024 16:55:02||9298|395820296|403451272
25069|0|7030|06/01/2024 07:53:43||41777|89325655096|228822555288
25772|0|83628|06/01/2024 12:53:59||23761|7535001920|10391628696
26156|0|51188|06/01/2024 15:23:10||14810|1262739088|1757857784
26157|0|93708|06/01/2024 15:25:54||14646|4761130432|5120839552
25773|0|72619|06/01/2024 12:58:46||23474|46692180288|129278369336
26103|0|45898|06/01/2024 15:04:53||15907|21370794520|14491566056
25751|0|49538|06/01/2024 12:48:13||24107|5013811120|6066920904
26204|0|37349|06/01/2024 15:46:48||13392|38571704024|75185846624
26316|0|53235|06/01/2024 16:29:00||10860|7191490832|21005861904
25175|0|78439|06/01/2024 08:35:52||39248|13289039280|15326365656
25800|0|93704|06/01/2024 13:08:50||22870|2287408752|2849548720
25465|0|8183|06/01/2024 10:41:04||31736|10053548928|14671520232
25666|0|12671|06/01/2024 12:09:17||26443|9250130032|10018432144
24793|0|43443|06/01/2024 05:50:57||49143|573319400|762535600
25907|0|21420|06/01/2024 13:44:18||20742|3780576480|5666832112
25688|0|14586|06/01/2024 12:14:39||26121|1801132976|2527245704
26317|0|55807|06/01/2024 16:22:32||11248|8600338048|8787893104
26066|0|98312|06/01/2024 14:52:49||16631|1572904440|2041963040
25261|0|64198|06/01/2024 09:16:58||36782|15467594904|18614251080
24888|0|95348|06/01/2024 06:36:36||46404|20227560464|22952429720
26104|0|38338|06/01/2024 15:07:42||15738|3690688384|4750279080
26129|0|49374|06/01/2024 15:11:09||15531|4127297912|4248908312
26286|0|45454|06/01/2024 16:12:25||11855|27471751968|74540340264
26181|0|34760|06/01/2024 15:33:53||14167|3912944584|5838764096
25221|0|54849|06/01/2024 08:54:39||38121|14150531744|17227799800
26577|0|93332|06/01/2024 18:16:37||4403|923628376|1368281696
26430|0|35027|06/01/2024 17:18:17||7903|795957664|825231552
26130|0|92786|06/01/2024 15:11:38||15502|3378164272|4965492752
25311|0|92903|06/01/2024 09:39:59||35401|83982178184|243245749856
26067|0|74424|06/01/2024 14:57:37||16343|22821320920|14356510200
25802|0|55039|06/01/2024 13:09:37||22823|8213142048|10273411368
25959|0|98373|06/01/2024 14:05:21||19479|833123872|1109623352
25176|0|22040|06/01/2024 08:30:18||39582|10446610664|10496738576
25086|0|5980|06/01/2024 08:07:00||40980|14424620000|15456100424
26723|0|56618|06/01/2024 19:20:12||588|33256504|49265024
26411|0|59622|06/01/2024 17:03:07||8813|3426797368|4378438896
25177|0|20751|06/01/2024 08:37:58||39122|31584805112|18704681080
24676|0|58689|06/01/2024 05:08:05||51715|15479428384|17978605448
26676|0|20427|06/01/2024 19:05:27||1473|192626632|249625496
25312|0|53605|06/01/2024 09:39:43||35417|4702158592|6186676968
26158|0|9867|06/01/2024 15:23:04||14816|566769832|610592888
24578|0|75299|06/01/2024 04:22:12||54468|10555044896|14962327800
24844|0|39330|06/01/2024 06:17:18||47562|4103791920|4210189200
24503|0|7520|06/01/2024 03:50:27||56373|2253066816|2846890592
26131|0|78553|06/01/2024 15:16:01||15239|11246887336|15055466368
25931|0|85187|06/01/2024 13:51:57|06/01/2024 19:28:50|20213|1420771416|3414690272
24982|0|33929|06/01/2024 07:12:32||44248|17506090672|24991126208
25534|0|80530|06/01/2024 11:16:11||29629|1433253320|1625835312
26363|0|24083|06/01/2024 16:49:27||9633|302477328|447546840
25048|0|75433|06/01/2024 07:47:51||42129|19149117920|23881939088
26544|0|47638|06/01/2024 18:03:59||5161|1539637304|2003609432
25005|0|72960|06/01/2024 07:24:20||43540|2675392920|2852949584
26412|0|47991|06/01/2024 17:02:59||8821|18935859792|42566305760
26287|0|63519|06/01/2024 16:16:48||11592|5470500096|6042674520
26288|0|27053|06/01/2024 16:17:09||11571|4225262120|4758321408
26159|0|82153|06/01/2024 15:28:35||14485|8701242720|10144411568
25645|0|18965|06/01/2024 11:55:43||27257|4280644440|5341047288
26364|0|87016|06/01/2024 16:49:35||9625|830264064|925480784
24597|0|37108|06/01/2024 04:34:03||53757|3340393880|4961664656
25146|0|81904|06/01/2024 08:23:24||39996|8308622208|11450094328
26133|0|10813|06/01/2024 15:13:41||15379|2023245352|2584355384
25646|0|25365|06/01/2024 11:57:35||27145|3771890272|4376891128
24655|0|55547|06/01/2024 04:54:41||52519|4241223024|5900411656
24769|0|8416|06/01/2024 05:41:19||49721|27405250608|28111208856
26182|0|93018|06/01/2024 15:36:21||14019|2041657320|2908159904
26724|0|88885|06/01/2024 19:25:40||260|37341216|38540608
26591|0|66591|06/01/2024 18:20:15||4185|476871464|637323016
26345|0|41634|06/01/2024 16:38:11||10309|796515216|1146820232
25007|0|68333|06/01/2024 07:20:17||43783|1948986992|2324960176
25871|0|49345|06/01/2024 13:30:39||21561|9798055448|11750757800
26592|0|16914|06/01/2024 18:22:47||4033|686605296|955624736
26655|0|74794|06/01/2024 18:56:40||2000|3378005280|9718721144
25619|0|95843|06/01/2024 11:49:58||27602|2264707264|2841202456
25119|0|26733|06/01/2024 08:18:11||40309|4282334288|5256401032
24794|0|53099|06/01/2024 05:53:31||48989|2967600568|3044306848
26365|0|55895|06/01/2024 16:41:49||10091|5661591152|6451325720
26134|0|97886|06/01/2024 15:17:33||15147|3176818584|3860393232
26135|0|83793|06/01/2024 15:16:01||15239|8910317472|10009452728
24373|0|78069|06/01/2024 02:53:12||59808|10348477704|12800602008
26413|0|86872|06/01/2024 17:09:03||8457|84645976|89736472
26458|0|82452|06/01/2024 17:22:29||7651|19399754352|43046691696
26068|0|46123|06/01/2024 14:59:58||16202|436204856|587877528
25289|0|78328|06/01/2024 09:29:00||36060|71316822984|140497794768
26578|0|74259|06/01/2024 18:10:10||4790|245813536|265220248
25667|0|68537|06/01/2024 12:00:11||26989|1476386872|1934425952
25728|0|52004|06/01/2024 12:33:05||25015|19385451624|46556659240
25290|0|74991|06/01/2024 09:24:42||36318|16200258232|18238816488
25850|0|25915|06/01/2024 13:29:41||21619|370170768|544399984
26010|0|30630|06/01/2024 14:28:16||18104|6653754800|6739387352
25961|0|13046|06/01/2024 14:00:47||19753|6658128816|9671033608
25872|0|74651|06/01/2024 13:30:07||21593|2702225680|3118053216
25729|0|64768|06/01/2024 12:30:15||25185|3746167616|3858462672
26593|0|78433|06/01/2024 18:22:43||4037|1526645768|1598408704
26725|0|75025|06/01/2024 19:21:33||507|33531920|35920504
24656|0|18618|06/01/2024 04:51:37||52703|2942076152|3668277632
24746|0|95706|06/01/2024 05:30:38||50362|890568672|1220301048
24239|0|26605|06/01/2024 02:03:39||62781|142925341624|379719495072
25120|0|32244|06/01/2024 08:18:38||40282|13588244784|18831828696
26704|0|51161|06/01/2024 19:18:33||687|2404000|3290048
25008|0|81939|06/01/2024 07:22:33||43647|2834234624|2920705168
26160|0|48767|06/01/2024 15:27:47||14533|619396144|651743832
26501|0|72896|06/01/2024 17:43:29||6391|2284953440|2803179240
25932|0|38388|06/01/2024 13:52:20||20260|3425088528|3578692856
26069|0|39302|06/01/2024 14:59:17||16243|55519180320|138192503464
25399|0|25702|06/01/2024 10:10:20||33580|8206184720|10669498848
24320|0|14554|06/01/2024 02:32:15||61065|9977329688|10973491360
26319|0|61330|06/01/2024 16:23:07||11213|58562312|79207848
25482|0|99359|06/01/2024 10:55:19||30881|18775369656|20485862296
24554|0|37105|06/01/2024 04:13:08||55012|17771079312|21082461232
24415|0|13025|06/01/2024 03:16:38||58402|27452217208|30071841584
24532|0|20312|06/01/2024 04:05:07||55493|8111472352|10466255768
24910|0|65677|06/01/2024 06:48:55||45665|2276080784|2384188280
25400|0|88015|06/01/2024 10:17:00||33180|7675316824|9814622672
24347|0|22916|06/01/2024 02:45:42||60258|1948419056|2078558008
26161|0|16674|06/01/2024 15:23:23||14797|2378130568|2538692056
25933|0|69848|06/01/2024 13:55:07||20093|9720944280|12867157200
25149|0|39740|06/01/2024 08:23:21||39999|8932018728|12085897184
26632|0|28393|06/01/2024 18:45:32||2668|9361113768|19311331472
25029|0|16695|06/01/2024 07:32:19||43061|11030524232|13039541848
26613|0|76609|06/01/2024 18:37:27||3153|991506368|1383354856
25829|0|35713|06/01/2024 13:19:13||22247|12924743360|19163865232
25668|0|90732|06/01/2024 12:00:00||27000|1740191928|2117751560
25565|0|81038|06/01/2024 11:22:27|06/01/2024 19:22:51|28824|18406089928|23265837792
25934|0|31251|06/01/2024 13:54:14||20146|2149248600|2939400376
26677|0|78500|06/01/2024 19:02:42||1638|372862576|398178224
26431|0|97925|06/01/2024 17:14:33||8127|1091901368|1131471920
25830|0|29649|06/01/2024 13:13:19||22601|35161114888|69835856896
24457|0|79407|06/01/2024 03:39:44||57016|36410328352|44612708224
26726|0|50002|06/01/2024 19:23:52||368|29337032|31990176
26594|0|27884|06/01/2024 18:23:06||4014|395625752|229191040
25403|0|14697|06/01/2024 10:14:48||33312|8821082136|11201079736
25466|0|6399|06/01/2024 10:40:20||31780|8218887784|9184170112
24796|0|6662|06/01/2024 05:58:33||48687|29429134896|33241054680
26070|0|16812|06/01/2024 14:54:04||16556|1375866272|1627316320
25510|0|84806|06/01/2024 11:09:31||30029|1854694704|2287264856
24894|0|35461|06/01/2024 06:31:13||46727|5793317744|8255260752
26253|0|19079|06/01/2024 16:07:06||12174|20945022376|12767371760
26415|0|71562|06/01/2024 17:09:20||8440|20111869224|46098108616
25379|0|12088|06/01/2024 10:08:39||33681|7665888696|8273345360
25935|0|40681|06/01/2024 13:52:40||20240|10003506088|7676909504
26459|0|78684|06/01/2024 17:21:50||7690|769548264|1118258160
26289|0|41706|06/01/2024 16:16:25||11615|510959912|534007984
24160|0|55644|06/01/2024 01:34:55||64505|8942433656|10515218872
24960|0|40283|06/01/2024 07:01:47||44893|4783210056|5369361832
24393|0|56746|06/01/2024 03:05:12||59088|12591859800|14196731232
26011|0|75667|06/01/2024 14:26:13||18227|17071024248|47255483816
24533|0|88332|06/01/2024 04:01:49||55691|5111695568|6035546024
26320|0|73186|06/01/2024 16:20:36||11364|1112202080|1437173728
26205|0|41227|06/01/2024 15:49:21||13239|1511832912|2256524808
26579|0|11781|06/01/2024 18:14:36||4524|2418505816|3250178224
25831|0|42205|06/01/2024 13:10:12||22788|2351528312|2448963416
25483|0|96286|06/01/2024 10:55:31||30869|13827797848|16595139112
25752|0|94788|06/01/2024 12:49:22||24038|11137530384|13087078440
24623|0|4517|06/01/2024 04:40:44||53356|164010659240|351009664280
24241|0|81789|06/01/2024 02:08:48|06/01/2024 19:28:37|62389|2736730808|2990718344
25936|0|42912|06/01/2024 13:58:41||19879|3747297528|4235367328
26071|0|93168|06/01/2024 14:50:58||16742|5151429176|5804378664
25352|0|46995|06/01/2024 09:57:33||34347|1097973672|1607020016
26366|0|90959|06/01/2024 16:44:08||9952|5284914200|6159874600
26025|0|34953|06/01/2024 14:34:14||17746|961061408|1128080976
25774|0|26346|06/01/2024 12:56:13||23627|3217007624|3623589984
26321|0|75914|06/01/2024 16:22:50||11230|292876512|388575048
25404|0|26218|06/01/2024 10:17:33||33147|7745331456|10053877312
25121|0|39011|06/01/2024 08:14:13||40547|1774875816|1841929128
24677|0|62744|06/01/2024 05:01:44||52096|29524174152|23237213984
26727|0|85291|06/01/2024 19:24:21||339|42510824|59022240
26595|0|70084|06/01/2024 18:29:47||3613|1782277520|1910509208
25648|0|17728|06/01/2024 11:56:49||27191|455117960|682321120
26072|0|74386|06/01/2024 14:51:33||16707|2015118568|2149618296
25224|0|65088|06/01/2024 08:58:54||37866|25035185744|30434452416
26545|0|89551|06/01/2024 18:07:09||4971|1594712312|2373660656
25449|0|13907|06/01/2024 10:32:37||32243|665097288|764724080
25537|0|48714|06/01/2024 11:14:55||29705|5144689584|5288547136
26367|0|66299|06/01/2024 16:42:55||10025|27108261736|59610063472
26633|0|64998|06/01/2024 18:49:53||2407|1034405768|1103136792
26614|0|9390|06/01/2024 18:38:53||3067|675556448|971080824
26026|0|82516|06/01/2024 14:33:35||17785|4897344360|4986316936
25291|0|25789|06/01/2024 09:26:34||36206|4832666544|6571788920
25330|0|99134|06/01/2024 09:43:17||35203|6543472152|6662229112
25804|0|98009|06/01/2024 13:04:34||23126|14452902104|15277818656
25985|0|66200|06/01/2024 14:18:57||18663|1866644256|1952609952
25450|0|22741|06/01/2024 10:32:32||32248|12430780352|16204194816
26728|0|46086|06/01/2024 19:22:54||426|28001768|29356864
25669|0|25673|06/01/2024 12:03:06||26814|2165345944|2182152544
25909|0|48483|06/01/2024 13:46:00||20640|610410448|853168960
26046|0|69341|06/01/2024 14:47:25||16955|802914560|1174471624
24580|0|53107|06/01/2024 04:23:10||54410|182119247408|344519579232
26615|0|35699|06/01/2024 18:38:41||3079|398656752|556813640
26368|0|38932|06/01/2024 16:44:11||9949|13094599176|28075430336
25538|0|70346|06/01/2024 11:10:38||29962|13045454016|13505681616
26460|0|42168|06/01/2024 17:26:33||7407|1585046136|2292488128
25539|0|27211|06/01/2024 11:17:14||29566|2574379576|3370643120
26580|0|61132|06/01/2024 18:15:58||4442|796515192|909122944
26546|0|59806|06/01/2024 18:06:28||5012|1311479712|1491530416
24868|0|64838|06/01/2024 06:24:37||47123|80698665352|166839565704
26346|0|23892|06/01/2024 16:36:17||10423|1664905032|2413438576
26027|0|35867|06/01/2024 14:38:27||17493|1531162672|1763449488
25590|0|29580|06/01/2024 11:33:04||28616|3205305576|3627170168
26291|0|21722|06/01/2024 16:16:07||11633|1169112176|1346029360
25264|0|61125|06/01/2024 09:12:58||37022|3409881888|4358640256
26502|0|87581|06/01/2024 17:47:25||6155|570739328|775084792
26105|0|22794|06/01/2024 15:05:42||15858|5858505312|5922306544
24194|0|81020|06/01/2024 01:46:28||63812|14137748336|19814801920
26656|0|23048|06/01/2024 18:54:02||2158|918763856|1096263096
25621|0|30280|06/01/2024 11:41:42||28098|4911117864|5023051088
26616|0|92824|06/01/2024 18:38:08||3112|3666920456|10310553984
26183|0|54461|06/01/2024 15:30:34||14366|3692140680|4151689864
26136|0|92593|06/01/2024 15:18:41||15079|4547460744|5441502872
25246|0|98672|06/01/2024 09:01:13||37727|21628154816|28569584016
25591|0|13901|06/01/2024 11:35:03||28497|2049391808|2659447064
26484|0|71131|06/01/2024 17:39:07||6653|12555422832|27738325696
25937|0|60185|06/01/2024 13:57:11||19969|10028646968|11496831008
26254|0|38417|06/01/2024 16:00:46||12554|6152298632|4990719416
25754|0|71535|06/01/2024 12:42:34||24446|3560672232|4084624360
26184|0|50341|06/01/2024 15:30:44||14356|2604259632|3671527256
26461|0|53738|06/01/2024 17:25:57||7443|781712760|1016966328
24374|0|56024|06/01/2024 02:56:47||59593|13824465936|16290245784
24933|0|24447|06/01/2024 06:53:29||45391|129485605688|277893871248
25469|0|99612|06/01/2024 10:44:13||31547|8742519512|9054795944
26503|0|5708|06/01/2024 17:43:43||6377|1718473120|2162111152
24322|0|17446|06/01/2024 02:39:54||60606|9024235656|11844201440
25623|0|96844|06/01/2024 11:44:26||27934|1504046840|2022595904
25851|0|35826|06/01/2024 13:25:41||21859|3852629536|5538068504
25179|0|95806|06/01/2024 08:38:29||39091|12509225968|13347406024
26416|0|45386|06/01/2024 17:08:37||8483|1542488816|1559064728
26462|0|31448|06/01/2024 17:20:15||7785|731720248|877679472
26322|0|19015|06/01/2024 16:27:50||10930|6029318192|8173646592
26417|0|62285|06/01/2024 17:08:49||8471|21920334480|62132207968
25938|0|27556|06/01/2024 13:53:52||20168|3674563688|4441303104
25540|0|22375|06/01/2024 11:18:47||29473|18768779160|28105052888
26617|0|93403|06/01/2024 18:30:03||3597|506116760|537413848
25152|0|36625|06/01/2024 08:29:51||39609|16878228112|17148386896
25873|0|57591|06/01/2024 13:34:53||21307|16615707104|18566126552
25624|0|45373|06/01/2024 11:40:15||28185|576734400|820768480
26255|0|80466|06/01/2024 16:09:54||12006|1879163480|2092160328
26432|0|57945|06/01/2024 17:14:10||8150|646127024|688031048
25691|0|27810|06/01/2024 12:10:43||26357|2851729728|2855079688
26292|0|78096|06/01/2024 16:19:55||11405|7205121792|9715744328
25939|0|98179|06/01/2024 13:55:11||20089|1123501384|1164674000
25122|0|59970|06/01/2024 08:12:27||40653|3325623200|4642316304
25090|0|68984|06/01/2024 08:04:21||41139|142208878784|369480581040
26073|0|34272|06/01/2024 14:56:17||16423|3704386576|3937690680
25181|0|44387|06/01/2024 08:35:43||39257|592838728|728612208
26618|0|10085|06/01/2024 18:34:54||3306|1233804184|1498591752
26634|0|57795|06/01/2024 18:40:58||2942|54770200|74220512
25625|0|43550|06/01/2024 11:49:27||27633|6529824848|7847913856
26206|0|7412|06/01/2024 15:45:18||13482|1531975800|1580428160
26323|0|22156|06/01/2024 16:20:45||11355|20891101960|53033286352
26293|0|98113|06/01/2024 16:19:51||11409|5372532112|7484057848
26231|0|29749|06/01/2024 15:59:28||12632|25341624200|70475194104
25292|0|8206|06/01/2024 09:29:15||36045|17318112968|22484504664
26678|0|57836|06/01/2024 19:04:27||1533|2690865504|7831216504
26388|0|89172|06/01/2024 16:53:31||9389|283734072|369012096
26389|0|87579|06/01/2024 16:58:04||9116|39450136|43291560
26074|0|13118|06/01/2024 14:57:19||16361|4129822208|5923613384
24934|0|93213|06/01/2024 06:53:06||45414|4041346280|5121226856
26635|0|89760|06/01/2024 18:49:12||2448|1156355328|1209562496
25182|0|33855|06/01/2024 08:38:41||39079|18935663128|27158348888
26390|0|75669|06/01/2024 16:56:40||9200|14202136080|39600530288
25986|0|3904|06/01/2024 14:15:46||18854|1566209040|2248922640
24679|0|54089|06/01/2024 05:04:54||51906|21856263624|27552545528
25486|0|62816|06/01/2024 10:56:00||30840|18925307008|24669329264
25266|0|55005|06/01/2024 09:10:48||37152|4606896192|5672800624
26596|0|50675|06/01/2024 18:25:45||3855|340101672|469263192
26636|0|56704|06/01/2024 18:49:26||2434|16654048|24215760
26106|0|16540|06/01/2024 15:01:24||16116|4695312576|5305639312
26524|0|24602|06/01/2024 17:59:33||5427|542836360|630444368
25123|0|34214|06/01/2024 08:17:56||40324|7726578816|11367248424
26547|0|93820|06/01/2024 18:04:24||5136|2229681664|2622443240
25592|0|45796|06/01/2024 11:33:56||28564|7622084672|9781020608
26637|0|28490|06/01/2024 18:40:55||2945|957287952|1059289784
26028|0|91127|06/01/2024 14:35:12||17688|3334344704|3722257920
24295|0|28106|06/01/2024 02:24:09||61551|127895242112|325382815048
26294|0|61191|06/01/2024 16:12:45||11835|7003898848|8331370432
26504|0|53326|06/01/2024 17:48:04||6116|343743296|466376712
24935|0|84453|06/01/2024 06:54:26||45334|7273047832|8393648512
25154|0|13013|06/01/2024 08:22:42||40038|9977221344|10264940768
25380|0|41544|06/01/2024 10:01:43||34097|182263440|206970752
26138|0|45059|06/01/2024 15:13:54||15366|928162376|1188877224
25649|0|52563|06/01/2024 11:51:31||27509|3275220672|3491359264
24680|0|29237|06/01/2024 05:02:56||52024|10413491272|12312072360
25541|0|7998|06/01/2024 11:10:29||29971|6412793688|8496422592
25940|0|66081|06/01/2024 13:52:30||20250|58548648632|160775723704
25333|0|36012|06/01/2024 09:45:34||35066|8265674144|11851074448
24602|0|27698|06/01/2024 04:37:26||53554|2515600648|3434369584
25833|0|38484|06/01/2024 13:15:17||22483|66060330640|146152799984
25941|0|33206|06/01/2024 13:59:23||19837|6575264920|9586620912
25650|0|70213|06/01/2024 11:50:00||27600|1282738520|1351400104
25876|0|83186|06/01/2024 13:34:15||21345|1783654888|2443517968
24603|0|50917|06/01/2024 04:33:54||53766|4618223128|4769687480
24818|0|41963|06/01/2024 06:02:24||48456|1523354024|2163453728
26295|0|29228|06/01/2024 16:11:23||11917|1956452072|2535441816
26369|0|84541|06/01/2024 16:44:54||9906|742382104|796822336
26433|0|60581|06/01/2024 17:14:15||8145|654474560|804029152
25202|0|94050|06/01/2024 08:48:25||38495|5417644152|5648608176
26029|0|21356|06/01/2024 14:31:27||17913|619411784|648389384
25513|0|8169|06/01/2024 11:00:18||30582|21390670160|28470540080
26107|0|72481|06/01/2024 15:01:47||16093|2353984376|2653240208
25425|0|44585|06/01/2024 10:20:40||32960|20966598912|22184132984
25381|0|17619|06/01/2024 10:01:55||34085|2744434832|3706082432
26232|0|84564|06/01/2024 15:58:32||12688|1844536888|2356821432
25353|0|47248|06/01/2024 09:57:16||34364|9107251824|10606158120
24162|0|71854|06/01/2024 01:37:42||64338|15448896232|22447948064
26048|0|39360|06/01/2024 14:43:07||17213|797791656|800296480
24912|0|15334|06/01/2024 06:46:25||45815|10437454296|11862339760
25834|0|41267|06/01/2024 13:16:01||22439|1191059272|1623210544
25051|0|11766|06/01/2024 07:47:39||42141|4311947152|5573887288
25710|0|7757|06/01/2024 12:21:03||25737|2552956048|3306460608
26485|0|43993|06/01/2024 17:30:08||7192|1579306192|1759750520
26391|0|94316|06/01/2024 16:51:52||9488|2686412160|3989260320
25382|0|72700|06/01/2024 10:03:19||34001|7617222056|11339174328
26370|0|97311|06/01/2024 16:44:50||9910|14227803288|35801135392
25877|0|42553|06/01/2024 13:33:06||21414|15132776056|21746747376
26418|0|85267|06/01/2024 17:09:28||8432|1417783312|1977223392
26075|0|83108|06/01/2024 14:54:05||16555|4793885552|6273293336
25355|0|16744|06/01/2024 09:56:15||34425|8024681576|9443859136
25014|0|86976|06/01/2024 07:23:39||43581|4315274472|4492447448
26108|0|73600|06/01/2024 15:00:54||16146|5374106616|5464516184
25091|0|24156|06/01/2024 08:02:39||41241|11043668416|14150406520
24658|0|23425|06/01/2024 04:52:15||52665|80434640000|227627896128
25912|0|33275|06/01/2024 13:49:26||20434|2556689280|2910415048
26076|0|99107|06/01/2024 14:57:55||16325|1256538264|1827447752
26162|0|75722|06/01/2024 15:22:40||14840|1150970000|1548130720
26371|0|77345|06/01/2024 16:45:04||9896|1813577352|1948379928
26139|0|52141|06/01/2024 15:19:18||15042|2441259152|2459543560
25962|0|51319|06/01/2024 14:01:27||19713|13410758144|18153165224
25776|0|89917|06/01/2024 12:59:30||23430|2725111168|3023112928
26324|0|72926|06/01/2024 16:20:37||11363|1197077176|1251793408
26505|0|53434|06/01/2024 17:40:07||6593|925941520|1224329448
25805|0|87567|06/01/2024 13:06:28||23012|5017206752|6167385184
24775|0|52904|06/01/2024 05:46:26||49414|15166065568|18531894872
26619|0|93717|06/01/2024 18:31:21||3519|1196341768|1358320008
25015|0|54913|06/01/2024 07:23:10||43610|13793142000|19458200536
25987|0|5416|06/01/2024 14:16:55||18785|2559010776|2674026808
25016|0|75895|06/01/2024 07:21:44||43696|98328356072|193317283016
26233|0|33346|06/01/2024 15:57:36||12744|2649090408|3515137320
25963|0|84585|06/01/2024 14:09:40||19220|54264072224|126260426608
26486|0|56019|06/01/2024 17:36:19||6821|1114283352|1281772896
25406|0|18270|06/01/2024 10:18:34||33086|46864001992|140170303520
26620|0|84629|06/01/2024 18:39:40||3020|681163088|803161104
26049|0|43500|06/01/2024 14:45:16||17084|4055380656|4283491312
26679|0|89489|06/01/2024 19:02:56||1624|397482352|587193800
26487|0|62527|06/01/2024 17:36:19||6821|12797037792|26127186440
26506|0|33390|06/01/2024 17:47:46||6134|1718118512|2369852968
25755|0|22991|06/01/2024 12:43:40||24380|59806167176|159034509384
26207|0|79189|06/01/2024 15:49:56||13204|3026273496|3148454552
25267|0|70009|06/01/2024 09:14:49||36911|6798401752|7423676624
24913|0|49117|06/01/2024 06:48:31||45689|1524785608|2011314704
26185|0|71014|06/01/2024 15:36:24||14016|2924179728|3432856824
25356|0|55177|06/01/2024 09:52:14||34666|3987468080|5123144664
26434|0|87607|06/01/2024 17:13:54||8166|1179259992|1341455816
26507|0|13824|06/01/2024 17:41:25||6515|1604204464|2381264704
26463|0|67407|06/01/2024 17:23:24||7596|307673864|336454344
25357|0|38018|06/01/2024 09:56:09||34431|4421015512|5072003400
26140|0|98663|06/01/2024 15:18:41||15079|4042461008|4260615536
24557|0|55938|06/01/2024 04:18:11||54709|5169975512|5970464048
25806|0|61005|06/01/2024 13:05:53||23047|3120823704|4145981896
24871|0|41578|06/01/2024 06:27:46||46934|1155624456|1303078312
26296|0|89323|06/01/2024 16:17:33||11547|1656549160|1666358528
24985|0|21906|06/01/2024 07:11:58||44282|3326711208|3744291280
24606|0|77387|06/01/2024 04:38:11||53509|93422280216|191163812520
26325|0|19955|06/01/2024 16:21:53||11287|419038304|551725120
25293|0|35695|06/01/2024 09:22:00||36480|12685912832|15879937416
25018|0|67239|06/01/2024 07:25:03||43497|8958603312|9758422128
25313|0|61728|06/01/2024 09:35:57||35643|2500426728|3276982168
26597|0|35567|06/01/2024 18:20:29||4171|1278996904|1476577072
25426|0|38967|06/01/2024 10:26:11||32629|11843296080|12397420720
24847|0|57132|06/01/2024 06:13:00||47820|133072372136|399196847704
24914|0|85221|06/01/2024 06:49:24||45636|4764425824|6136088816
26392|0|58966|06/01/2024 16:54:40||9320|3427512168|4548939464
24872|0|50446|06/01/2024 06:24:04||47156|12662580480|15839602400
25358|0|25604|06/01/2024 09:59:55||34205|70459409216|153148408064
26508|0|26325|06/01/2024 17:42:28||6452|835845896|901335616
26234|0|19601|06/01/2024 15:58:49||12671|5080717216|6402047712
25942|0|8328|06/01/2024 13:59:49||19811|6459568992|8678230576
26435|0|71174|06/01/2024 17:15:20||8080|2558913352|3285786648
26077|0|96247|06/01/2024 14:54:21||16539|1290403976|1476992152
25879|0|62292|06/01/2024 13:36:43||21197|173596176|245110856
25203|0|32468|06/01/2024 08:47:52||38528|24181178752|17635085224
25427|0|88518|06/01/2024 10:23:33||32787|4763934680|5367799112
25052|0|17356|06/01/2024 07:46:57||42183|4516385304|5668382336
26598|0|11043|06/01/2024 18:28:36||3684|380823920|399678256
26235|0|32108|06/01/2024 15:59:58||12602|1533261192|2252389440
25514|0|48001|06/01/2024 11:03:55||30365|25943185768|49961736264
25515|0|6952|06/01/2024 11:04:33||30327|113364991576|268989914360
26525|0|71648|06/01/2024 17:53:37||5783|889827560|1289470120
25268|0|49738|06/01/2024 09:10:28||37172|2495876512|3037817464
24965|0|40431|06/01/2024 07:02:11||44869|4121581080|5985911160
26030|0|63445|06/01/2024 14:34:44||17716|591680056|670641200
25489|0|39713|06/01/2024 10:59:33||30627|106378254864|218772444256
26348|0|57503|06/01/2024 16:35:54||10446|5626359240|6649022264
25756|0|46611|06/01/2024 12:48:16||24104|2183027080|2506562144
25294|0|85434|06/01/2024 09:22:45||36435|2061743160|2104906952
26349|0|15099|06/01/2024 16:39:21||10239|53440064|65637328
26464|0|45237|06/01/2024 17:27:30||7350|168344752|231807112
25730|0|88937|06/01/2024 12:37:28||24752|9154740432|11934269072
25452|0|68634|06/01/2024 10:35:03||32097|4495878056|6008798736
24820|0|45886|06/01/2024 06:03:40||48380|7293532384|10866524056
26657|0|64101|06/01/2024 18:57:16||1964|12381528|17202200
24109|0|95683|06/01/2024 01:09:57||66003|4099938408|4236788880
25471|0|44964|06/01/2024 10:43:48||31572|9661305272|14470764544
25183|0|34682|06/01/2024 08:33:54||39366|4654265184|5229152480
24776|0|28349|06/01/2024 05:42:10||49670|13096842640|16379596416
25594|0|82940|06/01/2024 11:37:36||28344|2177043760|2975172264
25757|0|41207|06/01/2024 12:44:53||24307|2048082776|3035895488
26465|0|78994|06/01/2024 17:24:23||7537|14495163456|30545936112
26638|0|43370|06/01/2024 18:43:20||2800|230388056|230509528
26078|0|12359|06/01/2024 14:57:58||16322|904606504|921229904
24986|0|82182|06/01/2024 07:13:44||44176|9539700088|13787400648
25626|0|28498|06/01/2024 11:42:52||28028|39460699008|115135760552
25383|0|88450|06/01/2024 10:02:38||34042|2737561512|3601136616
26509|0|90225|06/01/2024 17:41:55||6485|1762312088|1983096232
26141|0|22823|06/01/2024 15:14:04||15356|1369103360|1972423696
24478|0|11534|06/01/2024 03:45:50||56650|28357234888|32039376136
25076|0|28176|06/01/2024 07:58:23||41497|299162419216|202081216952
26488|0|49522|06/01/2024 17:32:21||7059|1121881840|1422567944
25595|0|30265|06/01/2024 11:32:04||28676|6341805760|8923479368
26489|0|37567|06/01/2024 17:30:52||7148|1001099248|1120206784
25853|0|95237|06/01/2024 13:28:07||21713|4504042440|6365564112
25836|0|31543|06/01/2024 13:11:12||22728|2717189016|3343419400
25671|0|13757|06/01/2024 12:08:25||26495|2628749848|3169431192
24630|0|93993|06/01/2024 04:48:06||52914|23323922280|31748089448
26419|0|60296|06/01/2024 17:02:54||8826|464292392|545085840
24585|0|61686|06/01/2024 04:21:00||54540|15930750952|18893234128
24709|0|78972|06/01/2024 05:15:40||51260|11684539576|12651580888
26208|0|39025|06/01/2024 15:41:51||13689|4713403072|5418708304
26705|0|14541|06/01/2024 19:17:21||759|9946696|11595424
26658|0|31636|06/01/2024 18:56:53||1987|565346064|605728144
25943|0|12056|06/01/2024 13:56:51||19989|7079711096|10037127880
25651|0|57247|06/01/2024 11:59:59||27001|68789969032|134585593456
24915|0|48607|06/01/2024 06:46:42||45798|11858537112|12413273800
25964|0|85410|06/01/2024 14:07:58||19322|947259448|1310007128
25226|0|82385|06/01/2024 08:59:16||37844|7352105944|9032536280
26079|0|9107|06/01/2024 14:52:27||16653|978801624|1226528464
24873|0|54339|06/01/2024 06:23:02||47218|33905686568|82032297104
26393|0|4054|06/01/2024 16:59:30||9030|4000863672|4524745528
24798|0|35733|06/01/2024 05:58:53|06/01/2024 19:22:26|48213|1101187224|1481825328
26729|0|35733|06/01/2024 19:23:55||365|2455120|2790400
26143|0|86828|06/01/2024 15:16:57||15183|7368126424|8259462376
25490|0|80476|06/01/2024 10:57:41||30739|94962703008|177200223608
26680|0|37861|06/01/2024 19:07:48||1332|124749968|167820520
25596|0|65772|06/01/2024 11:37:16||28364|6756865856|7394322608
25335|0|45568|06/01/2024 09:43:44||35176|4387101792|5215493736
24461|0|11231|06/01/2024 03:34:37||57323|33220513536|45225193712
24660|0|95872|06/01/2024 04:53:31||52589|11879326528|14845823320
25315|0|10802|06/01/2024 09:36:54||35586|104955367944|299767533592
26706|0|6670|06/01/2024 19:19:57||603|507418496|532821336
26420|0|44731|06/01/2024 17:09:22||8438|64671056|85008104
25807|0|58029|06/01/2024 13:09:52||22808|2701302104|2873128344
24326|0|27027|06/01/2024 02:33:18||61002|1667440624|1959365080
25731|0|81072|06/01/2024 12:33:16||25004|2908450216|4191928736
25544|0|29554|06/01/2024 11:14:37||29723|892594024|1038370400
26681|0|79990|06/01/2024 19:07:47||1333|287380344|351705784
26526|0|19097|06/01/2024 17:51:00||5940|1615408|2320032
25914|0|9872|06/01/2024 13:41:23||20917|13228485704|16137702176
25295|0|4771|06/01/2024 09:23:37||36383|243025352|249396552
26050|0|89278|06/01/2024 14:47:02||16978|7462404104|8966305032
26326|0|61032|06/01/2024 16:28:54||10866|4511722328|6601688344
26394|0|7199|06/01/2024 16:58:59||9061|2366756520|3122271520
26209|0|33062|06/01/2024 15:40:14||13786|46186010880|92992450952
26421|0|27279|06/01/2024 17:04:17||8743|1547014560|1848730912
26256|0|90653|06/01/2024 16:08:21||12099|3834552208|4565835072
24536|0|30292|06/01/2024 04:08:10||55310|121898852120|348220767576
24661|0|80603|06/01/2024 04:58:10||52310|3738317224|5298764800
25808|0|97911|06/01/2024 13:01:55||23285|10111809136|13321695056
26327|0|68440|06/01/2024 16:23:15||11205|9605946872|11956950824
26051|0|16948|06/01/2024 14:41:53||17287|3559733616|4170188832
26350|0|65387|06/01/2024 16:37:01||10379|1020522872|1398720920
25880|0|83558|06/01/2024 13:31:57||21483|10805265656|15045604968
25359|0|27019|06/01/2024 09:58:59||34261|3154853624|4695115248
25491|0|11066|06/01/2024 10:52:27||31053|1997961504|2583961248
26466|0|79350|06/01/2024 17:24:09||7551|1335047640|1585621840
24916|0|45092|06/01/2024 06:45:06||45894|11084063528|12667997120
24274|0|71539|06/01/2024 02:11:39||62301|2737288320|3449947944
25988|0|9206|06/01/2024 14:10:32||19168|849527888|941553912
26490|0|75279|06/01/2024 17:39:45||6615|846720192|1049499624
26510|0|29526|06/01/2024 17:42:52||6428|70051904|92477424
26186|0|69929|06/01/2024 15:30:31||14369|9141870200|10305817400
26163|0|97039|06/01/2024 15:20:02||14998|383138136|495554064
25429|0|35168|06/01/2024 10:26:44||32596|79355681040|182838519672
26395|0|59045|06/01/2024 16:59:11||9049|229101232|331518808
26467|0|88489|06/01/2024 17:21:40||7700|615597144|766764536
25056|0|56025|06/01/2024 07:46:15||42225|17302938424|25297126680
25227|0|77284|06/01/2024 08:51:43||38297|11779265904|16343927328
26599|0|53030|06/01/2024 18:28:09||3711|649330760|810961888
25598|0|38170|06/01/2024 11:30:12||28788|1770688656|2110653904
26491|0|86032|06/01/2024 17:33:53||6967|1504077120|1762263208
24437|0|52489|06/01/2024 03:25:28||57872|37388512656|50006997720
24899|0|38265|06/01/2024 06:36:10||46430|3250972944|3658139472
26257|0|15906|06/01/2024 16:05:57||12243|29723812888|59790273704
26297|0|58552|06/01/2024 16:18:02||11518|540583552|696992616
25989|0|90642|06/01/2024 14:16:44||18796|824664712|872423408
24297|0|9532|06/01/2024 02:28:44||61276|21556246296|22179845312
24586|0|10527|06/01/2024 04:22:22||54458|21600156240|25558897752
26621|0|91752|06/01/2024 18:31:05||3535|2270844424|2313264632
25247|0|63625|06/01/2024 09:05:05||37495|42830556240|83836929896
25965|0|11466|06/01/2024 14:05:31||19469|2006330216|2650545336
26372|0|86592|06/01/2024 16:43:46||9974|847287640|861106704
24966|0|70337|06/01/2024 07:08:20||44500|48229219264|97463278928
25360|0|33681|06/01/2024 09:52:01||34679|9229364320|10945667400
24480|0|91832|06/01/2024 03:44:56||56704|5512058792|7443838760
26396|0|64323|06/01/2024 16:52:21||9459|232034952|257381200
24662|0|90727|06/01/2024 04:50:22||52778|11137514472|16160343056
25854|0|53508|06/01/2024 13:25:57||21843|9716185664|10348045560
25915|0|47866|06/01/2024 13:42:26||20854|4904798784|4926126008
25316|0|87992|06/01/2024 09:36:10||35630|276439216|345322760
26109|0|88561|06/01/2024 15:02:08||16072|293845640|435086768
25966|0|14153|06/01/2024 14:09:21||19239|2601795744|3820547832
25248|0|68764|06/01/2024 09:06:38||37402|13109057488|13135376896
26548|0|85454|06/01/2024 18:00:15||5385|8921236464|5727212896
25099|0|53519|06/01/2024 08:07:10||40970|1514968048|1738052944
25249|0|40656|06/01/2024 09:01:41||37699|19385032480|26336672120
25837|0|67809|06/01/2024 13:19:34||22226|15152488072|18804642368
26033|0|30443|06/01/2024 14:30:46||17954|630031168|772221624
25944|0|9807|06/01/2024 13:51:54||20286|9750014496|12796286664
24989|0|11785|06/01/2024 07:19:14||43846|9677377112|12015092376
25693|0|76735|06/01/2024 12:12:11||26269|185706272|213675208
26210|0|57856|06/01/2024 15:42:20||13660|3986703336|4518150880
26211|0|34124|06/01/2024 15:42:53||13627|4324522992|6367131920
24821|0|91568|06/01/2024 06:02:23||48457|8843985488|13252308728
25384|0|67632|06/01/2024 10:02:15||34065|5298321776|5515060264
26639|0|23103|06/01/2024 18:49:54||2406|5336147536|10575963600
25100|0|98783|06/01/2024 08:09:35||40825|6673318744|9461230600
26468|0|87315|06/01/2024 17:21:53||7687|1035004696|1400719136
26436|0|37926|06/01/2024 17:13:46||8174|3898734888|4294842744
26397|0|65288|06/01/2024 16:52:12||9468|13683837352|9148196520
25493|0|76833|06/01/2024 10:58:44||30676|18755308880|24332078680
26549|0|29837|06/01/2024 18:06:52||4988|701954024|733370136
25732|0|86732|06/01/2024 12:31:53||25087|5599294208|6108994048
26298|0|72404|06/01/2024 16:15:58||11642|1215323632|1512607088
24464|0|41338|06/01/2024 03:37:09|06/01/2024 19:26:28|56959|6180790512|8150107792
25128|0|9849|06/01/2024 08:19:50||40210|28057992680|28254067472
25777|0|70242|06/01/2024 12:53:16||23804|2942437376|1795241840
26581|0|51334|06/01/2024 18:14:55||4505|1442956376|2024822264
25967|0|23676|06/01/2024 14:07:39||19341|3576049144|5030628696
26236|0|19157|06/01/2024 15:53:43||12977|135781096|161118064
26164|0|94627|06/01/2024 15:21:26||14914|451407576|605848608
26707|0|12454|06/01/2024 19:14:28||932|242427944|334190864
25855|0|29916|06/01/2024 13:27:52||21728|129561328|190373968
26437|0|65470|06/01/2024 17:10:39||8361|2300431768|3343488728
24990|0|35937|06/01/2024 07:18:58||43862|13547660176|17757441344
26398|0|54314|06/01/2024 16:52:24||9456|7239250720|5900114296
26527|0|26784|06/01/2024 17:59:18||5442|2403131312|3177637208
26299|0|4273|06/01/2024 16:19:50||11410|5390267888|6314876976
25694|0|89835|06/01/2024 12:18:41||25879|36451081752|86252194824
24398|0|77537|06/01/2024 03:00:56||59344|27421300376|28088456808
26582|0|70953|06/01/2024 18:15:37||4463|3282613096|3836713792
26422|0|94290|06/01/2024 17:01:47||8893|631601464|717283864
26080|0|84882|06/01/2024 14:50:40||16760|376276064|403436680
25034|0|80310|06/01/2024 07:30:46||43154|10086753880|10514440192
24514|0|25689|06/01/2024 03:52:18||56262|24220035568|34427605856
26469|0|83641|06/01/2024 17:26:52||7388|31228886472|60302480312
26258|0|51236|06/01/2024 16:01:44||12496|1933862144|2551607288
25733|0|83949|06/01/2024 12:30:06||25194|6039373824|8021833440
25759|0|25341|06/01/2024 12:41:55||24485|3861678776|5122796912
24801|0|32098|06/01/2024 05:53:06||49014|3121892112|4161167016
24111|0|66006|06/01/2024 01:04:54||66306|32290402216|24816367464
25881|0|3865|06/01/2024 13:34:39||21321|12034408528|17920960760
26034|0|90491|06/01/2024 14:30:43||17957|1757507744|1848326656
25882|0|94482|06/01/2024 13:38:30||21090|2556900808|3672004016
26081|0|40546|06/01/2024 14:56:34||16406|29271506688|58584153288
26351|0|21276|06/01/2024 16:35:47||10453|1806745392|2622677824
25101|0|79396|06/01/2024 08:02:31|06/01/2024 19:29:44|41233|9185560384|10254236760
26730|0|81479|06/01/2024 19:29:27||33|22703576|30185704
25078|0|53027|06/01/2024 07:52:20||41860|3879522512|4650879400
24145|0|6761|06/01/2024 01:24:20||65140|20621251600|28347423784
25883|0|31608|06/01/2024 13:32:13||21467|35743384384|83361869984
25271|0|98043|06/01/2024 09:10:54||37146|3051238440|3650011944
24823|0|13423|06/01/2024 06:05:31||48269|30844897744|40403332472
25990|0|84025|06/01/2024 14:15:04||18896|1212469240|1711279176
24937|0|3972|06/01/2024 06:53:31||45389|10279472736|13342530544
25760|0|12811|06/01/2024 12:43:30||24390|79160884984|160100870768
26622|0|94733|06/01/2024 18:38:59||3061|1682551512|1754865728
26511|0|78144|06/01/2024 17:45:00||6300|1108417296|1579736984
24991|0|91772|06/01/2024 07:18:05||43915|5495021120|7495310488
24561|0|19018|06/01/2024 04:18:37||54683|4264525384|5195573376
25456|0|15878|06/01/2024 10:37:53||31927|7419933368|7737207560
26328|0|8224|06/01/2024 16:24:34||11126|4125619760|4692214528
26373|0|18106|06/01/2024 16:43:01||10019|18430896016|44079133736
26470|0|50805|06/01/2024 17:21:26||7714|1077366312|1286544664
25336|0|10391|06/01/2024 09:43:29||35191|5566226720|8238127504
24712|0|78465|06/01/2024 05:16:16||51224|17422103896|24664192864
25991|0|33645|06/01/2024 14:11:38||19102|1696146400|2298876632
26082|0|42604|06/01/2024 14:55:01||16499|3067224376|3858454360
25916|0|55090|06/01/2024 13:42:10||20870|3107286376|3551381432
25672|0|26143|06/01/2024 12:06:49||26591|8806657360|12966114648
26550|0|13857|06/01/2024 18:06:53||4987|115152632|141019744
24049|0|12302|06/01/2024 00:39:45|06/01/2024 19:27:05|67640|14266694120|18637924144
26731|0|12302|06/01/2024 19:28:52||68|13232712|17207504
26551|0|74530|06/01/2024 18:08:58||4862|1439132120|2050014824
26471|0|29307|06/01/2024 17:26:05||7435|290565080|299377688
25430|0|34139|06/01/2024 10:20:47||32953|372209672|479487416
24968|0|97623|06/01/2024 07:04:32|06/01/2024 19:25:01|44429|12156030856|13678456184
25885|0|22725|06/01/2024 13:37:01||21179|4312837272|5157805952
26640|0|11020|06/01/2024 18:41:32||2908|3820718784|7822495192
26708|0|57389|06/01/2024 19:13:04||1016|5573008|6639328
26512|0|35573|06/01/2024 17:41:57||6483|1212812584|1250022744
25156|0|96071|06/01/2024 08:29:21||39639|17999155056|26513586016
26732|0|31350|06/01/2024 19:24:42||318|372953136|747687832
25518|0|29115|06/01/2024 11:07:18||30162|7573931320|7611748320
26013|0|51817|06/01/2024 14:28:56||18064|1343363528|1564649720
26187|0|6217|06/01/2024 15:36:52||13988|3049302144|4127651288
25409|0|93688|06/01/2024 10:13:37||33383|11198731656|13074370040
25228|0|72343|06/01/2024 08:52:41||38239|50208302096|110097480280
26659|0|79245|06/01/2024 18:50:03||2397|350227456|395279344
26583|0|61969|06/01/2024 18:14:35||4525|1858911984|1886913136
26035|0|62224|06/01/2024 14:34:07||17753|479187432|704048712
25057|0|69650|06/01/2024 07:46:40||42200|6378721336|7619451984
25695|0|33559|06/01/2024 12:11:18||26322|8513129384|11042540184
26144|0|17769|06/01/2024 15:14:41||15319|11188399280|13334547544
24938|0|42589|06/01/2024 06:58:31||45089|1316808112|1751109504
26552|0|73018|06/01/2024 18:05:28||5072|201967568|289630440
25653|0|39214|06/01/2024 11:59:45||27015|9639191136|9850401272
26083|0|7357|06/01/2024 14:51:01||16739|1482129832|2121160048
26438|0|46401|06/01/2024 17:17:39||7941|848820312|1213408776
25157|0|54186|06/01/2024 08:28:03||39717|9025112952|10427622936
26145|0|82203|06/01/2024 15:15:05||15295|165540312|231792216
24993|0|50590|06/01/2024 07:14:14||44146|11887768872|14782937520
25547|0|16359|06/01/2024 11:14:49||29711|15482448672|16172707104
25317|0|36252|06/01/2024 09:37:02||35578|56775684544|136720250488
26492|0|41285|06/01/2024 17:35:50||6850|18871973624|42021539552
24686|0|80536|06/01/2024 05:04:10||51950|6940423912|8934443640
25992|0|46233|06/01/2024 14:12:42||19038|2018346560|2767310216
26528|0|46850|06/01/2024 17:59:01||5459|873129032|933825456
26260|0|47619|06/01/2024 16:04:59||12301|676145632|768515792
25036|0|69219|06/01/2024 07:38:48||42672|2535703368|3090551688
26553|0|12842|06/01/2024 18:09:37||4823|888202096|1321951880
26329|0|43844|06/01/2024 16:28:36||10884|2861127648|3017394808
25361|0|95342|06/01/2024 09:58:04||34316|8088712504|8517784592
24802|0|10481|06/01/2024 05:55:53||48847|15481485664|17630443960
26084|0|19385|06/01/2024 14:59:31||16229|4888235072|5538207144
26682|0|81412|06/01/2024 19:07:12||1368|228946992|319430744
24420|0|21007|06/01/2024 03:11:58||58682|14376714408|21446045832
26085|0|15792|06/01/2024 14:54:14||16546|29237843816|54398649224
26261|0|15877|06/01/2024 16:07:24||12156|9029368704|6915589696
26600|0|54956|06/01/2024 18:24:36||3924|7835446752|19572623552
25570|0|5186|06/01/2024 11:25:20||29080|4309761072|5671470928
26709|0|24426|06/01/2024 19:16:15||825|20582392|30146984
25810|0|95338|06/01/2024 13:07:55||22925|3043963304|3050164536
25103|0|15088|06/01/2024 08:08:23||40897|25399948848|32026863104
25230|0|17325|06/01/2024 08:58:21||37899|104523362504|235608764248
26086|0|87441|06/01/2024 14:54:17||16543|4308291512|4750461192
26710|0|16603|06/01/2024 19:11:58||1082|76933200|97452536
24563|0|87500|06/01/2024 04:13:57||54963|10323428968|11160376008
25571|0|74773|06/01/2024 11:25:11||29089|75958279016|146798290584
25472|0|75484|06/01/2024 10:42:56||31624|12854061328|13318398120
24636|0|43894|06/01/2024 04:43:44||53176|5752243432|6840599584
26262|0|9151|06/01/2024 16:04:51||12309|3112977928|3689570656
24918|0|94159|06/01/2024 06:47:07||45773|20792365888|26479399120
26111|0|54623|06/01/2024 15:03:23||15997|1288632128|1558999080
25968|0|78200|06/01/2024 14:09:18||19242|5578013792|5782802216
26165|0|8801|06/01/2024 15:23:39||14781|10524092912|14131112040
25856|0|48966|06/01/2024 13:24:19||21941|5820268840|7906666448
25887|0|36119|06/01/2024 13:35:04||21296|7993577120|8668575104
26330|0|72432|06/01/2024 16:22:55||11225|3288229680|4481322968
25037|0|27202|06/01/2024 07:39:02||42658|9227030336|12865915352
26263|0|13942|06/01/2024 16:09:50||12010|18877079344|11537700912
23978|0|85887|06/01/2024 00:09:38||69622|63671844088|37215085760
26513|0|74573|06/01/2024 17:44:18||6342|5165748488|4102378688
25839|0|51162|06/01/2024 13:13:54||22566|4018731248|4822847144
26166|0|43304|06/01/2024 15:24:16||14744|3337561224|4319953808
26352|0|33272|06/01/2024 16:35:45||10455|3016480776|3231668648
25059|0|86750|06/01/2024 07:48:57||42063|1462690960|1758833440
26683|0|18959|06/01/2024 19:02:47||1633|741099568|882291664
26353|0|47552|06/01/2024 16:34:42||10518|2875844656|3242771152
25185|0|74235|06/01/2024 08:35:58||39242|339992152|343319848
26167|0|63732|06/01/2024 15:27:33||14547|6130013184|7750212528
24588|0|11739|06/01/2024 04:20:40||54560|57321439440|41304148152
25339|0|41299|06/01/2024 09:48:22||34898|3225552288|4768867800
26439|0|28246|06/01/2024 17:13:57||8163|2132133840|2443596608
25969|0|13124|06/01/2024 14:04:11||19549|5467316184|5518492520
25945|0|11997|06/01/2024 13:54:09||20151|5223502056|7054185720
26087|0|79283|06/01/2024 14:51:00||16740|766723784|889077632
25857|0|88454|06/01/2024 13:29:12||21648|4876195200|6130249160
26237|0|72638|06/01/2024 15:56:44||12796|6179191552|7820269832
26472|0|10095|06/01/2024 17:28:09||7311|814480696|865248464
25411|0|99379|06/01/2024 10:18:21||33099|1518318144|2260949008
26660|0|35031|06/01/2024 18:52:16||2264|2977569224|8349712840
26213|0|73304|06/01/2024 15:49:16||13244|41839586448|106526456920
24732|0|15025|06/01/2024 05:21:01|06/01/2024 19:27:48|50807|22675098072|26698082920
26733|0|15025|06/01/2024 19:28:59||61|5824064|8017592
26265|0|85628|06/01/2024 16:07:38||12142|37177633808|88966802128
25362|0|96165|06/01/2024 09:57:23||34357|6915903960|9540881424
26331|0|16867|06/01/2024 16:22:43|06/01/2024 19:27:52|11109|721324968|986425896
26734|0|16867|06/01/2024 19:28:25||95|291352|398264
25431|0|65443|06/01/2024 10:25:39|06/01/2024 19:25:10|32371|3174716400|3774754176
26493|0|14926|06/01/2024 17:37:25||6755|859403080|945922664
26554|0|87069|06/01/2024 18:00:50||5350|9021973992|18546678664
25432|0|58910|06/01/2024 10:21:00||32940|10388365336|15352975072
26601|0|35837|06/01/2024 18:22:51||4029|1277041456|1441488488
25970|0|17103|06/01/2024 14:01:42||19698|6640137640|8654726296
25386|0|36939|06/01/2024 10:04:15||33945|1159524840|1417058712
25993|0|28877|06/01/2024 14:10:35||19165|14511417576|8595016816
25779|0|66656|06/01/2024 12:53:13||23807|3792820624|5354340936
25273|0|27795|06/01/2024 09:11:05||37135|2808402760|3252558048
25298|0|88155|06/01/2024 09:20:47||36553|2567334064|2725176112
25079|0|36521|06/01/2024 07:50:24||41976|5939744544|8843261008
25387|0|48809|06/01/2024 10:05:57||33843|4771759264|5623886616
26555|0|11424|06/01/2024 18:08:39||4881|1016070952|1363438144
25858|0|66456|06/01/2024 13:20:44||22156|8573039216|9632105600
25104|0|4621|06/01/2024 08:01:35||41305|8717980944|11574728264
25971|0|48062|06/01/2024 14:01:05||19735|6878487824|8801400384
26641|0|61230|06/01/2024 18:44:50||2710|241063744|346876936
25713|0|13216|06/01/2024 12:22:41||25639|1114846328|1651867192
24994|0|94384|06/01/2024 07:17:15||43965|10639432920|14187131080
25994|0|89980|06/01/2024 14:19:08||18652|9644272|11416272
24849|0|45665|06/01/2024 06:17:14||47566|4354425016|6407725304
25299|0|68055|06/01/2024 09:27:57||36123|29512313440|84502518512
25161|0|9840|06/01/2024 08:27:10||39770|26324346680|35478074968
26354|0|37570|06/01/2024 16:33:52||10568|1903325024|2617120224
25947|0|35354|06/01/2024 13:53:17||20203|679723248|988035176
26088|0|43189|06/01/2024 14:56:06||16434|589012648|602080776
26684|0|30949|06/01/2024 19:06:48||1392|101928120|147354880
26642|0|99503|06/01/2024 18:45:41||2659|62884224|80594600
24919|0|40021|06/01/2024 06:42:26||46054|3849678480|3937967928
24589|0|19237|06/01/2024 04:29:32||54028|4837305576|5396220000
25859|0|93513|06/01/2024 13:23:06||22014|58665545744|141030025576
26529|0|76056|06/01/2024 17:57:30||5550|2832057080|3009151952
26332|0|25749|06/01/2024 16:27:23||10957|940716832|1096641544
25738|0|73518|06/01/2024 12:38:30||24690|3450871240|5129865168
26189|0|85539|06/01/2024 15:35:56||14044|23664860384|57360372232
25972|0|13461|06/01/2024 14:01:07||19733|653715592|978795544
26355|0|54040|06/01/2024 16:39:24||10236|2901817744|4068339336
26238|0|63148|06/01/2024 15:53:15||13005|3764461632|4244846400
26643|0|86493|06/01/2024 18:47:12||2568|410959592|571605856
24637|0|84844|06/01/2024 04:41:54||53286|20109102464|25584234984
25739|0|65234|06/01/2024 12:33:58||24962|4952323368|6071015704
24688|0|54789|06/01/2024 05:07:19||51761|5065699496|5407617992
25496|0|96367|06/01/2024 10:59:45||30615|13539087224|10888138840
26053|0|89454|06/01/2024 14:48:58||16862|17359454704|11018522040
25627|0|56566|06/01/2024 11:46:56||27784|10254770072|11168196936
25889|0|94111|06/01/2024 13:33:01||21419|12837061672|16847718736
24638|0|30362|06/01/2024 04:40:28||53372|5068693256|5360671672
26190|0|21475|06/01/2024 15:32:50||14230|2156244616|2602001696
26584|0|77620|06/01/2024 18:17:34||4346|1173883648|1711604072
26441|0|39120|06/01/2024 17:19:28||7832|529880616|645077344
24484|0|27032|06/01/2024 03:44:41||56719|15254178344|15851077056
26661|0|30846|06/01/2024 18:51:51||2289|1167074512|1665855032
25996|0|68117|06/01/2024 14:17:23||18757|1636854200|2063780056
26556|0|99100|06/01/2024 18:02:33||5247|1484185152|1950136096
26557|0|47967|06/01/2024 18:04:14||5146|1361790824|1464928472
26333|0|34328|06/01/2024 16:28:51||10869|25605573296|49341647624
24611|0|10616|06/01/2024 04:30:16||53984|13772244112|19263298504
26442|0|21038|06/01/2024 17:19:17||7843|2436994240|3581277008
25363|0|97109|06/01/2024 09:54:43||34517|923366408|1362302336
26602|0|94043|06/01/2024 18:25:45||3855|130607440|168498616
24850|0|35035|06/01/2024 06:11:49||47891|8092960048|8798244880
25812|0|26607|06/01/2024 13:07:56||22924|4245384976|4686290992
26585|0|40206|06/01/2024 18:14:16||4544|1427882856|1766341488
26089|0|27215|06/01/2024 14:54:38||16522|357108224|407096784
25498|0|24209|06/01/2024 10:57:41||30739|27529642520|32068624536
26443|0|55356|06/01/2024 17:18:47||7873|898079000|1278139528
26399|0|29905|06/01/2024 16:50:49||9551|1330235592|1412745904
24639|0|85501|06/01/2024 04:45:59||53041|137018079280|270150300328
26239|0|55392|06/01/2024 15:57:58||12722|957892536|1238027536
25134|0|58996|06/01/2024 08:19:55||40205|11947861664|16042409376
25412|0|53891|06/01/2024 10:18:18||33102|2939152592|3972035592
25841|0|4084|06/01/2024 13:17:13||22367|5948214000|7566642792
25780|0|25715|06/01/2024 12:54:01||23759|835374704|1177539128
25674|0|93729|06/01/2024 12:02:44||26836|2289081184|2311114088
25714|0|84646|06/01/2024 12:20:54||25746|10655494688|14821631168
26214|0|6555|06/01/2024 15:42:28||13652|831270640|833584952
25813|0|5549|06/01/2024 13:07:11||22969|32434421472|22443947512
25891|0|50959|06/01/2024 13:36:24||21216|33920813456|93534784640
25842|0|60001|06/01/2024 13:18:33||22287|14241504904|16841758944
26334|0|34397|06/01/2024 16:22:06||11274|657958768|840561704
25740|0|69505|06/01/2024 12:31:48||25092|5584109688|5992442160
25761|0|19793|06/01/2024 12:41:46||24494|753538824|785269936
25413|0|26638|06/01/2024 10:15:49||33251|3903241472|4693769256
25207|0|22311|06/01/2024 08:44:11||38749|18559130488|27553970016
25038|0|77909|06/01/2024 07:35:49||42851|113367699624|266113551848
25340|0|73390|06/01/2024 09:48:21||34899|205030587520|381158843144
25550|0|16239|06/01/2024 11:11:10||29930|16194792544|16737989376
26335|0|16033|06/01/2024 16:28:06||10914|3567331432|5346016544
24147|0|7874|06/01/2024 01:27:22||64958|2614172048|3681216816
26301|0|31981|06/01/2024 16:17:02||11578|272125016|339478136
25892|0|69970|06/01/2024 13:31:23||21517|4141847272|6008964672
24665|0|69532|06/01/2024 04:52:19||52661|5352663240|7130217680
26267|0|79714|06/01/2024 16:09:03||12057|1221110216|1568093392
24403|0|36694|06/01/2024 03:02:33||59247|16205925656|18518975680
25274|0|35120|06/01/2024 09:11:17||37123|317806831424|178139672016
26090|0|16240|06/01/2024 14:52:18||16662|3271559216|3288691280
26375|0|66255|06/01/2024 16:43:17||10003|2399291560|2669980424
24133|0|72714|06/01/2024 01:15:18||65682|339532824|411963352
26356|0|92044|06/01/2024 16:31:33||10707|5368504120|5532395360
26644|0|33190|06/01/2024 18:43:56||2764|356670176|478132984
25275|0|17848|06/01/2024 09:19:45||36615|9784508032|11978390960
26268|0|23029|06/01/2024 16:02:54||12426|3215861488|3728231136
26494|0|14117|06/01/2024 17:30:22||7178|836568848|929430896
24851|0|15440|06/01/2024 06:16:57||47583|32819164592|42798945248
25675|0|57444|06/01/2024 12:02:53||26827|25827757184|48916859672
24071|0|5591|06/01/2024 00:41:11||67729|3755481968|4211705088
25232|0|62347|06/01/2024 08:56:17||38023|31824829576|18932697712
25974|0|89490|06/01/2024 14:01:11||19729|924551992|1229458352
25814|0|59260|06/01/2024 13:06:56||22984|3013589984|4503136624
25656|0|38818|06/01/2024 11:51:05||27535|1973315216|2671583032
26215|0|67654|06/01/2024 15:48:41||13279|4550347584|4812619960
25997|0|46314|06/01/2024 14:12:25||19055|40772142936|84283638160
25233|0|58747|06/01/2024 08:54:05||38155|1324559656|1972487584
26558|0|29417|06/01/2024 18:06:29||5011|4168021488|4781330008
25388|0|91802|06/01/2024 10:06:08||33832|5629915272|6445854528
25603|0|71418|06/01/2024 11:33:31||28589|74215601192|191007704368
25715|0|31249|06/01/2024 12:20:42||25758|4736599688|6135764280
26662|0|4556|06/01/2024 18:59:46||1814|192947056|215505224
26735|0|62223|06/01/2024 19:27:23||157|116745920|131140304
25521|0|45040|06/01/2024 11:01:42||30498|21914243032|27940583184
26663|0|3869|06/01/2024 18:55:45||2055|259630544|282494752
26530|0|82717|06/01/2024 17:57:23||5557|1520619336|1634746392
26664|0|65092|06/01/2024 18:53:53||2167|3733888072|7407240112
25300|0|81178|06/01/2024 09:22:36||36444|43859067912|26795908336
24228|0|73418|06/01/2024 01:50:49||63551|9849510872|11807988640
25781|0|27726|06/01/2024 12:52:04||23876|6796645456|9409572264
25163|0|33542|06/01/2024 08:23:22||39998|11522865912|12919235400
26192|0|77991|06/01/2024 15:31:02||14338|4149067816|5625304016
24466|0|94623|06/01/2024 03:32:43||57437|55301149104|60368038280
26559|0|93103|06/01/2024 18:01:00||5340|1020448920|1526460256
26685|0|66892|06/01/2024 19:09:53||1207|955478024|2729777592
25998|0|59854|06/01/2024 14:11:26||19114|11171351800|11334097128
25716|0|64500|06/01/2024 12:22:43||25637|5394248536|5496601936
26376|0|82808|06/01/2024 16:40:34||10166|1740298344|1992779992
25365|0|33809|06/01/2024 09:52:05||34675|10683400288|13774279680
25500|0|7343|06/01/2024 10:55:50||30850|7574801704|8943759208
24754|0|35936|06/01/2024 05:39:39||49821|33372607824|41926619112
25782|0|97715|06/01/2024 12:56:27||23613|1035883704|1413921168
26336|0|44196|06/01/2024 16:25:51||11049|1462590488|2165999776
25717|0|70909|06/01/2024 12:25:53||25447|1217526296|1618002208
25699|0|68685|06/01/2024 12:16:29||26011|938290520|1139093128
25783|0|4905|06/01/2024 12:51:16||23924|15857786792|20587782816
26444|0|56616|06/01/2024 17:14:34||8126|34954234752|76904886936
24254|0|67195|06/01/2024 02:06:24||62616|3714855584|4302169624
25948|0|28826|06/01/2024 13:58:05||19915|33653116576|91787528400
26711|0|42284|06/01/2024 19:18:44||676|34906680|37982536
26193|0|60607|06/01/2024 15:32:19||14261|4465585584|4747793296
23921|0|52151|05/01/2024 23:35:32||71668|13225242688|18452423520
25573|0|23957|06/01/2024 11:26:11||29029|1540194224|2094980736
26377|0|8203|06/01/2024 16:47:05||9775|634235544|803567696
25860|0|65834|06/01/2024 13:22:50||22030|5473014312|8067118936
25604|0|88203|06/01/2024 11:38:02||28318|15049349000|29211399448
26531|0|71492|06/01/2024 17:59:49||5411|1402730840|1403445368
25999|0|8083|06/01/2024 14:13:02||19018|2267950064|2767326664
26337|0|14706|06/01/2024 16:27:45||10935|895627608|1014667592
26495|0|84637|06/01/2024 17:36:31||6809|103916344|104981368
25457|0|37345|06/01/2024 10:35:27||32073|10153644464|12898255152
24355|0|48086|06/01/2024 02:48:33||60087|193519281376|423198297528
25605|0|82147|06/01/2024 11:37:40||28340|2481090904|2713270480
24404|0|83760|06/01/2024 03:06:18||59022|71827312912|56833025984
26736|0|73157|06/01/2024 19:28:34||86|4957832|6440680
26603|0|7807|06/01/2024 18:20:57||4143|701750936|749429576
24690|0|59885|06/01/2024 05:04:46||51914|9084672144|12347406760
25861|0|78408|06/01/2024 13:22:38||22042|4821622272|5210878840
25893|0|38643|06/01/2024 13:34:34||21326|3279814928|3597409288
26000|0|16496|06/01/2024 14:13:05||19015|3081016256|3369954760
24613|0|20752|06/01/2024 04:34:42|06/01/2024 19:28:37|53635|136676129592|306999030040
24735|0|37389|06/01/2024 05:26:18||50622|10582137760|15208830200
26378|0|61063|06/01/2024 16:46:58||9782|5304526944|5794121552
25414|0|96516|06/01/2024 10:18:03||33117|89602390392|266167118152
25107|0|41928|06/01/2024 08:08:22||40898|18038180288|25070038016
25975|0|93265|06/01/2024 14:00:41||19759|37706474392|89257916640
26496|0|73511|06/01/2024 17:35:12||6888|495929144|510245336
25276|0|11331|06/01/2024 09:16:10||36830|2818732528|2937770752
26473|0|76492|06/01/2024 17:26:59||7381|27301864|32162648
25949|0|72068|06/01/2024 13:51:20||20320|2968513856|2976046248
25165|0|82373|06/01/2024 08:26:45||39795|2524816312|3632283296
26560|0|49479|06/01/2024 18:03:14||5206|3750133352|2170863912
26302|0|10088|06/01/2024 16:14:15||11745|10205704328|8167858672
25763|0|96799|06/01/2024 12:45:53||24247|5824987272|7721266632
25950|0|86300|06/01/2024 13:57:22||19958|2747114464|4076807200
24614|0|43629|06/01/2024 04:34:19||53741|5508920024|6490490632
25188|0|53797|06/01/2024 08:30:24||39576|8125886880|11009238768
24205|0|15615|06/01/2024 01:46:50||63790|37912311312|38693389232
26169|0|51341|06/01/2024 15:21:08||14932|2744615776|3402526936
25166|0|47955|06/01/2024 08:24:00||39960|2458005080|2622346216
25574|0|74521|06/01/2024 11:27:16||28964|3049037800|4361900248
25302|0|48187|06/01/2024 09:26:33||36207|754951080|810812784
24901|0|62736|06/01/2024 06:38:38||46282|143950164400|281946889264
24405|0|64828|06/01/2024 03:02:34||59246|28457664424|30274252840
25606|0|97663|06/01/2024 11:38:57||28263|11266813312|13645266624
26586|0|96482|06/01/2024 18:19:17||4243|1040338696|1490486488
26303|0|97466|06/01/2024 16:12:40|06/01/2024 19:25:03|11543|557585608|835990296
25816|0|78180|06/01/2024 13:02:56||23224|4313272592|5864285248
24945|0|48119|06/01/2024 06:56:57||45183|132630067568|348679595952
25575|0|59657|06/01/2024 11:21:49||29291|5693368232|6913156856
24852|0|28409|06/01/2024 06:16:08||47632|9671857048|9768747664
26645|0|29872|06/01/2024 18:42:44||2836|2881781560|3385808520
