IdSession|IdPSX|IdSubscriber|StartSession|EndSession|Duartion|UpTx|DownTx
22993|0|72937|05/01/2024 17:28:13||33707|10975207408|11580294384
23941|0|37974|05/01/2024 23:53:28||10592|6947425160|10372521568
24054|0|74301|06/01/2024 00:40:57||7743|406524280|497224512
22189|0|56609|05/01/2024 11:52:31||53849|168671491376|450760722816
22494|0|87799|05/01/2024 14:01:12|06/01/2024 02:46:48|45936|10503026920|11379613680
24334|0|87799|06/01/2024 02:48:30||90|4598616|5818464
23224|0|19040|05/01/2024 18:58:51||28269|3978370680|5645866344
23981|0|85070|06/01/2024 00:10:26||9574|1128335424|1480444576
23982|0|77688|06/01/2024 00:19:09||9051|242678368|270308856
22565|0|80501|05/01/2024 14:34:18||44142|3352233656|3382099360
23643|0|85519|05/01/2024 21:48:32||18088|2795097512|3548751728
23714|0|55450|05/01/2024 22:16:50||16390|2302160496|2514122848
24055|0|59125|06/01/2024 00:43:02||7618|17189840|18438296
22591|0|87007|05/01/2024 14:43:58||43562|88245472120|249410693616
23791|0|18826|05/01/2024 22:40:04||14996|23904954256|70851845952
24206|0|45253|06/01/2024 01:55:09||3291|1309000344|1585218816
24280|0|77661|06/01/2024 02:27:26||1354|7090440|10230272
23548|0|75538|05/01/2024 21:08:25||20495|2742864200|2964505336
22922|0|43777|05/01/2024 16:51:12||35928|90449686856|226348106096
23411|0|21645|05/01/2024 20:01:41||24499|3099891224|3172975520
23942|0|85282|05/01/2024 23:55:56||10444|1202243152|1391159224
24113|0|79536|06/01/2024 01:11:16||5924|256973984|355521656
24149|0|42228|06/01/2024 01:39:56||4204|765868440|856230464
22782|0|90678|05/01/2024 15:51:36||39504|4920190592|6340631648
24072|0|54570|06/01/2024 00:51:59||7081|15428163624|34394787616
22440|0|87485|05/01/2024 13:43:36||47184|135604532760|385159595480
23807|0|76237|05/01/2024 22:53:05||14215|2676233696|2978480536
24172|0|35261|06/01/2024 01:41:57||4083|1280947184|1525179736
22466|0|16186|05/01/2024 13:51:56||46684|6665971840|7096833552
22091|0|8960|05/01/2024 11:14:30||56130|7793843320|8995471424
23764|0|4732|05/01/2024 22:36:06||15234|2404389304|3322979752
23596|0|25097|05/01/2024 21:25:29||19471|1354510000|1586828112
24114|0|13652|06/01/2024 01:13:30||5790|2368864184|3341277824
22398|0|60741|05/01/2024 13:22:30||48450|7765682128|8676055720
22370|0|47789|05/01/2024 13:17:07||48773|7812282528|11214759024
23039|0|62627|05/01/2024 17:47:17||32563|21030085472|46012025888
24173|0|18892|06/01/2024 01:43:45||3975|1591811520|1775350736
23983|0|63329|06/01/2024 00:17:45||9135|72156848|104002464
22702|0|92010|05/01/2024 15:21:32||41308|9321628552|9507387840
23244|0|24952|05/01/2024 19:01:31||28109|4496819496|4890664784
22866|0|88167|05/01/2024 16:32:12||37068|10274775696|13606235216
23194|0|88791|05/01/2024 18:47:36||28944|8827900496|12862430784
23089|0|33912|05/01/2024 18:08:55||31265|20326301600|21535002832
24335|0|75263|06/01/2024 02:40:48||552|137865536|183529120
23245|0|6916|05/01/2024 19:09:51||27609|5306048096|5499902632
24150|0|11366|06/01/2024 01:38:48||4272|1012792392|1423359184
23999|0|94047|06/01/2024 00:25:50||8650|1226389152|1493949008
23549|0|85646|05/01/2024 21:02:19||20861|5721042856|5789422416
23332|0|92628|05/01/2024 19:32:42||26238|7853266824|11256721776
24207|0|37317|06/01/2024 01:57:31||3149|991349248|1214138432
23520|0|9681|05/01/2024 20:59:43||21017|10260468152|13537373072
22330|0|57230|05/01/2024 12:56:19||50021|24578075256|26603219128
23071|0|66423|05/01/2024 17:50:10||32390|13683105376|18104829016
23412|0|53757|05/01/2024 20:03:39||24381|646398368|659308512
24174|0|37529|06/01/2024 01:41:15||4125|9153879944|25232542272
23943|0|61794|05/01/2024 23:58:32||10288|473993536|599804936
23521|0|11120|05/01/2024 20:54:17||21343|12863159800|14560761840
24000|0|5419|06/01/2024 00:26:12||8628|119711680|157215472
22678|0|49253|05/01/2024 15:14:05||41755|5389270216|6842727112
23225|0|73710|05/01/2024 18:51:31||28709|5176888848|5784780400
23226|0|23220|05/01/2024 18:54:04||28556|4579193752|5743463960
23808|0|30881|05/01/2024 22:53:20||14200|12931851648|15006761232
23011|0|44839|05/01/2024 17:34:00||33360|7931709840|9183777976
23377|0|43101|05/01/2024 19:58:21||24699|4712793056|5612371120
23575|0|47660|05/01/2024 21:11:39||20301|5677384096|5913182776
24208|0|5259|06/01/2024 01:51:34||3506|104487392|113534680
23120|0|96233|05/01/2024 18:16:30||30810|112690793376|318236048192
24336|0|39037|06/01/2024 02:48:23||97|1945568|2051112
24281|0|85701|06/01/2024 02:29:35||1225|256222840|324963912
22039|0|82492|05/01/2024 10:53:30||57390|10534399224|13140701952
22567|0|58783|05/01/2024 14:33:02||44218|10872978104|10918939000
23878|0|74466|05/01/2024 23:25:46||12254|949765648|1146638248
23304|0|42801|05/01/2024 19:26:01||26639|6452262632|8491716640
22754|0|5731|05/01/2024 15:44:10||39950|64057330472|170188354912
24115|0|99136|06/01/2024 01:19:20||5440|2693597448|2716790328
23333|0|81147|05/01/2024 19:36:27||26013|2105688928|2621954640
22331|0|22791|05/01/2024 12:56:11||50029|10582268864|12385770272
24175|0|60137|06/01/2024 01:47:23||3757|3182939128|9409743120
24151|0|56049|06/01/2024 01:33:28||4592|2020053808|2877612688
22592|0|29223|05/01/2024 14:47:08||43372|539747336|547217936
23305|0|4719|05/01/2024 19:29:44||26416|76037184|100132472
24309|0|55333|06/01/2024 02:39:10||650|18039448|19885368
23671|0|82031|05/01/2024 21:52:19||17861|7027047232|10279991848
24337|0|40685|06/01/2024 02:49:30||30|103584|144432
24282|0|20349|06/01/2024 02:27:08||1372|17762560|22746848
21910|0|13191|05/01/2024 09:50:29||61171|7003792784|7762421696
22898|0|17160|05/01/2024 16:40:13||36587|3039376552|3628445480
23792|0|25130|05/01/2024 22:44:25||14735|1838119192|1941668416
23832|0|51885|05/01/2024 23:02:13||13667|2195705368|2508581752
23195|0|53073|05/01/2024 18:47:09||28971|8071974648|10970726048
23715|0|66732|05/01/2024 22:14:29||16531|2182215120|3104584176
23879|0|28628|05/01/2024 23:21:02||12538|2262740200|3163584192
22867|0|38258|05/01/2024 16:33:34||36986|61288708712|177800793544
23716|0|34064|05/01/2024 22:13:12||16608|4675298832|5233312960
23150|0|81488|05/01/2024 18:24:40||30320|65932941880|154409593816
23849|0|64295|05/01/2024 23:14:25||12935|6962394248|9646995160
24024|0|8347|06/01/2024 00:36:28||8012|396720872|506755936
22899|0|51526|05/01/2024 16:46:59||36181|3277498184|4466774848
24073|0|11287|06/01/2024 00:56:38||6802|832733936|905632288
22283|0|81133|05/01/2024 12:33:03||51417|20746270896|22112486000
24116|0|60049|06/01/2024 01:10:23||5977|5332789328|6844566576
23765|0|61103|05/01/2024 22:30:51||15549|2949687056|3398572768
24229|0|13992|06/01/2024 02:02:10||2870|1174117544|1380507816
21741|0|68009|05/01/2024 08:34:55||65705|6411548472|9262644520
24117|0|69853|06/01/2024 01:13:04||5816|621928416|804091600
23793|0|90960|05/01/2024 22:42:30||14850|6820497488|6926449768
23924|0|68039|05/01/2024 23:42:13||11267|8113035488|10845051504
22019|0|9432|05/01/2024 10:41:40||58100|17654979216|21238794104
23169|0|61684|05/01/2024 18:33:07||29813|5813218408|6299271784
23672|0|47486|05/01/2024 21:56:27||17613|3035681416|3942819936
24283|0|26986|06/01/2024 02:28:33||1287|22149792|25760056
23717|0|23998|05/01/2024 22:11:31||16709|2283092192|2922251232
24134|0|83091|06/01/2024 01:28:33||4887|118702632|142936768
23597|0|87798|05/01/2024 21:28:23||19297|8008105128|9918942648
24310|0|71416|06/01/2024 02:32:19||1061|47322600|55651936
23378|0|64361|05/01/2024 19:52:33||25047|71758396856|136538789680
23040|0|16015|05/01/2024 17:44:16||32744|1881972864|2689155488
23523|0|89833|05/01/2024 20:57:58||21122|10692431688|14753021352
23673|0|23672|05/01/2024 21:50:20||17980|25863794384|52903927840
23274|0|85834|05/01/2024 19:16:07||27233|1276517016|1815076000
24257|0|96669|06/01/2024 02:16:30||2010|71487112|104241088
24209|0|33410|06/01/2024 01:56:28||3212|12090322776|25234999304
23476|0|79031|05/01/2024 20:35:55||22445|3062454856|3508415000
23494|0|6383|05/01/2024 20:49:54||21606|17294417144|17777160936
22441|0|48614|05/01/2024 13:43:47||47173|10104414520|12147094144
23433|0|62240|05/01/2024 20:13:43||23777|179538663360|96716529192
22569|0|24662|05/01/2024 14:36:25||44015|24425045744|24887760640
22646|0|20433|05/01/2024 15:00:09||42591|60097552|68782528
23306|0|34585|05/01/2024 19:23:19||26801|2229836816|2918353352
24210|0|31706|06/01/2024 01:59:02||3058|251573824|343068680
24025|0|29747|06/01/2024 00:37:05||7975|691078856|743814656
22498|0|16928|05/01/2024 14:06:40||45800|8727745136|12819879720
23434|0|44331|05/01/2024 20:19:18||23442|730936656|910086856
24074|0|60709|06/01/2024 00:50:19||7181|928484056|1311179880
24311|0|14653|06/01/2024 02:32:09||1071|137206448|155167840
24095|0|69167|06/01/2024 01:01:29||6511|862912104|1167563128
22192|0|35012|05/01/2024 11:55:03||53697|4639571376|5346276704
22399|0|75383|05/01/2024 13:29:58||48002|24099248544|24930050360
24176|0|64718|06/01/2024 01:40:00||4200|840760016|930491104
22869|0|92558|05/01/2024 16:37:52||36728|21413694920|23696522736
22705|0|26789|05/01/2024 15:20:05||41395|66538079936|139895804104
24026|0|47184|06/01/2024 00:39:26||7834|758590336|942743592
23809|0|31782|05/01/2024 22:59:01||13859|60348759752|114035689912
23644|0|70263|05/01/2024 21:47:16||18164|2819983592|3151857328
24258|0|31422|06/01/2024 02:13:48||2172|1291418120|1358602800
22820|0|66047|05/01/2024 16:13:55||38165|8592029360|12347385552
22783|0|5194|05/01/2024 15:51:52||39488|113791032272|250319980592
21515|0|33231|05/01/2024 07:09:32||70828|18851975336|22026623824
23170|0|14516|05/01/2024 18:39:29||29431|3101075040|3666270160
24230|0|27764|06/01/2024 02:04:20||2740|145171744|183457432
23524|0|77364|05/01/2024 20:56:34||21206|7924234680|9008602544
23414|0|74615|05/01/2024 20:04:02||24358|2164778448|2234411368
23495|0|29220|05/01/2024 20:48:32||21688|54205908800|144991628096
23984|0|94862|06/01/2024 00:10:42||9558|320365272|331437288
23645|0|77556|05/01/2024 21:42:03||18477|1703696872|2531117368
22239|0|28712|05/01/2024 12:12:35||52645|13111219544|17932581424
23171|0|5586|05/01/2024 18:37:07||29573|33997554536|73713043664
22870|0|59764|05/01/2024 16:36:00||36840|70591436648|198423789240
22706|0|66215|05/01/2024 15:24:08||41152|21059557792|25173705880
23121|0|31271|05/01/2024 18:19:18||30642|42325145352|34070481008
22943|0|60295|05/01/2024 17:04:47||35113|6141028384|6395854784
23810|0|88728|05/01/2024 22:57:36||13944|5303910080|5916519008
23695|0|57284|05/01/2024 22:07:53||16927|3474162944|4388457064
22426|0|35340|05/01/2024 13:31:31||47909|3579882448|5024325832
24211|0|88707|06/01/2024 01:59:09||3051|5914231672|13124248840
23041|0|18359|05/01/2024 17:43:16||32804|65157662592|141906447440
23091|0|28599|05/01/2024 18:00:56||31744|644943640|813214224
22240|0|83441|05/01/2024 12:12:13||52667|12565562368|13445965600
23624|0|54847|05/01/2024 21:30:36|06/01/2024 02:42:52|18736|2682620648|3377355448
23718|0|34312|05/01/2024 22:11:44||16696|3980868960|5368741592
22147|0|16576|05/01/2024 11:30:11||55189|16151824432|16298450368
24177|0|83343|06/01/2024 01:42:18||4062|1375837960|1871206192
23625|0|62267|05/01/2024 21:36:13||18827|545005128|624865568
22681|0|37157|05/01/2024 15:12:41||41839|20112209928|23584106672
21719|0|95796|05/01/2024 08:22:21||66459|8799420792|9158238968
23766|0|52439|05/01/2024 22:36:18||15222|43594925032|106876388040
24284|0|41802|06/01/2024 02:22:16||1664|193179704|237043352
22172|0|47771|05/01/2024 11:47:15||54165|1870969016|1903165472
22841|0|29673|05/01/2024 16:27:06||37374|123261651008|312213992416
24312|0|67795|06/01/2024 02:34:46||914|108037840|154385760
22944|0|14645|05/01/2024 17:06:29||35011|315823696|389446200
22900|0|33320|05/01/2024 16:48:13||36107|2898427432|3106750432
22647|0|10493|05/01/2024 15:07:07||42173|9868706536|10037578528
23739|0|81734|05/01/2024 22:23:24||15996|1241563064|1679255416
23944|0|36815|05/01/2024 23:50:43||10757|2240350880|2845180624
23925|0|63099|05/01/2024 23:41:14||11326|430744536|629261760
23811|0|67316|05/01/2024 22:55:43||14057|2750923128|2946322304
23496|0|15500|05/01/2024 20:45:30||21870|1762280472|2469817704
23794|0|53701|05/01/2024 22:44:38||14722|1590116632|1756823704
22901|0|70269|05/01/2024 16:49:52||36008|63284268896|139700163680
22784|0|27619|05/01/2024 15:59:20|06/01/2024 02:40:06|38446|4047992760|4538034240
24338|0|27619|06/01/2024 02:41:52||488|50086544|50347432
23926|0|44150|05/01/2024 23:46:07||11033|5284515456|5529250376
23012|0|59111|05/01/2024 17:35:13||33287|7195233520|10116171720
23881|0|92469|05/01/2024 23:28:50||12070|3120401056|3962415040
24178|0|26148|06/01/2024 01:43:08||4012|531111416|616601128
22594|0|89665|05/01/2024 14:48:10||43310|10258118448|13948103152
22263|0|83901|05/01/2024 12:26:40||51800|10615128280|11512899672
23173|0|40379|05/01/2024 18:33:40||29780|606060552|789908184
22945|0|85924|05/01/2024 17:05:14||35086|9813970992|13684578216
23985|0|59195|06/01/2024 00:12:58||9422|706534096|954024208
23152|0|22637|05/01/2024 18:28:34||30086|6149613576|6328747448
22614|0|59348|05/01/2024 14:55:10||42890|6028482072|6079190040
22470|0|13791|05/01/2024 13:57:38||46342|107332537344|308393521000
24313|0|4122|06/01/2024 02:35:42||858|3247487704|7655125344
21954|0|99654|05/01/2024 10:10:20||59980|15300876752|18996711040
24285|0|50055|06/01/2024 02:29:34||1226|846458808|1179007320
22500|0|87720|05/01/2024 14:04:50||45910|6540250112|7401026280
24231|0|70699|06/01/2024 02:08:54||2466|15694480|19963896
23646|0|75232|05/01/2024 21:48:36||18084|434470280|456647656
23964|0|85082|06/01/2024 00:09:45||9615|481691960|524273288
24027|0|33548|06/01/2024 00:33:55||8165|1654372328|2154523264
23525|0|88644|05/01/2024 20:52:49||21431|5183514192|5856100576
24212|0|77054|06/01/2024 01:54:45||3315|5039853392|3098094712
23850|0|41962|05/01/2024 23:15:20||12880|3657535480|5254809056
22264|0|84833|05/01/2024 12:27:04||51776|20762321256|23945931528
22842|0|8712|05/01/2024 16:23:16||37604|4355446216|4743512360
22708|0|59979|05/01/2024 15:23:08||41212|5129135400|6424877496
22193|0|10027|05/01/2024 11:51:39||53901|2660504336|2773298896
23945|0|29280|05/01/2024 23:56:10||10430|1258156816|1349491480
24286|0|37519|06/01/2024 02:20:57||1743|265224032|293318872
24259|0|94737|06/01/2024 02:11:03||2337|1063073336|1140969176
24179|0|39463|06/01/2024 01:41:04||4136|2607866816|2700822944
23248|0|56813|05/01/2024 19:08:41||27679|2069159968|2228447872
21998|0|38131|05/01/2024 10:32:23||58657|3093111344|3311668536
22924|0|88021|05/01/2024 16:53:17||35803|4149393336|5120301456
23769|0|70850|05/01/2024 22:38:03||15117|3177561800|4600199496
24096|0|91375|06/01/2024 01:02:41||6439|623031952|653283592
23455|0|60347|05/01/2024 20:20:20||23380|1873147976|1939125096
23013|0|50840|05/01/2024 17:33:31||33389|7037565896|7398347008
24056|0|75481|06/01/2024 00:49:13||7247|3735372112|3813485728
22095|0|66665|05/01/2024 11:19:02||55858|14625254376|16273178904
23576|0|82493|05/01/2024 21:11:16||20324|15560323384|10161275088
21690|0|15640|05/01/2024 08:11:51||67089|2011306480|2071718032
24075|0|97929|06/01/2024 00:50:17||7183|503540016|651776944
22311|0|55223|05/01/2024 12:46:26||50614|20515344920|28927530360
22871|0|56756|05/01/2024 16:36:06||36834|1169530704|1724355472
23477|0|80555|05/01/2024 20:33:06||22614|396202528|511891784
22071|0|98062|05/01/2024 11:02:10||56870|17463109016|25928275560
23552|0|86419|05/01/2024 21:04:27||20733|219478744|221733808
23436|0|11838|05/01/2024 20:16:47||23593|5671786520|7526886568
24213|0|6125|06/01/2024 01:54:12||3348|986467520|1020522328
23497|0|17534|05/01/2024 20:48:36||21684|8132177296|10409652160
24001|0|54065|06/01/2024 00:25:39||8661|349923040|371362912
23153|0|86974|05/01/2024 18:28:15||30105|12785784904|18726123176
23833|0|92299|05/01/2024 23:04:15||13545|404913392|503908432
23674|0|92953|05/01/2024 21:52:40||17840|892875072|1114471640
23498|0|53819|05/01/2024 20:46:50||21790|110107440896|73943251096
23553|0|69672|05/01/2024 21:03:45||20775|14739439160|17604986384
23334|0|17109|05/01/2024 19:32:52||26228|1526005344|2076723664
23154|0|66862|05/01/2024 18:22:24||30456|143321788824|295422968232
24002|0|19540|06/01/2024 00:28:32||8488|2364536040|3501091488
24232|0|33806|06/01/2024 02:03:09||2811|1100173320|1195775512
24057|0|9727|06/01/2024 00:49:30||7230|13647300112|36543625120
23965|0|18259|06/01/2024 00:06:55||9785|22927091136|59582618832
23813|0|84995|05/01/2024 22:59:08||13852|48584848|69638200
23228|0|98665|05/01/2024 18:50:59||28741|3195908584|3471731136
23946|0|73673|05/01/2024 23:57:17||10363|18903945224|36356939992
24233|0|26593|06/01/2024 02:05:07||2693|2146234768|2274622872
23526|0|73608|05/01/2024 20:53:17||21403|15559488168|21255632480
23499|0|98838|05/01/2024 20:41:20||22120|8944667976|9551342224
23249|0|83536|05/01/2024 19:01:05||28135|2934846480|4092503840
21979|0|4513|05/01/2024 10:28:36||58884|10820953840|14497334840
23986|0|21733|06/01/2024 00:12:09||9471|24663468064|65286472584
21980|0|89274|05/01/2024 10:20:34||59366|9812731752|10567436112
23719|0|85876|05/01/2024 22:15:47||16453|2960423080|3845078976
22615|0|51731|05/01/2024 14:54:40||42920|1393768176|1491258480
23275|0|81050|05/01/2024 19:13:34||27386|413923952|442985440
22042|0|78922|05/01/2024 10:54:09||57351|2547448712|3590849440
24028|0|35604|06/01/2024 00:32:36||8244|11272232056|6302271672
24097|0|77862|06/01/2024 01:04:55||6305|1135600896|1180565072
24076|0|68473|06/01/2024 00:57:47||6733|2437597240|2590146544
24029|0|42655|06/01/2024 00:36:49||7991|645473664|923715000
23740|0|31001|05/01/2024 22:26:19||15821|14454843552|16335915464
22401|0|82926|05/01/2024 13:28:11||48109|2755778344|3704495264
21544|0|32908|05/01/2024 07:11:43||70697|16365847504|19707290464
23478|0|97187|05/01/2024 20:33:46||22574|29968808|39358376
22785|0|36817|05/01/2024 15:50:06||39594|23290716840|26008144144
22759|0|54327|05/01/2024 15:40:44||40156|19005138040|20338154080
21889|0|63427|05/01/2024 09:40:25||61775|3067471176|3638449776
22970|0|96618|05/01/2024 17:16:50||34390|5995720504|6157237072
23230|0|99900|05/01/2024 18:56:55||28385|6743683568|8568397608
22786|0|49965|05/01/2024 15:50:44||39556|7254021544|9060442736
23479|0|71810|05/01/2024 20:35:27||22473|3481557056|3534193744
23437|0|57084|05/01/2024 20:15:44||23656|5423082016|7733037880
22444|0|42803|05/01/2024 13:46:24||47016|961052688|1198966632
22822|0|57579|05/01/2024 16:11:04||38336|72741759856|144397460184
23554|0|18352|05/01/2024 21:01:40||20900|33323956608|70754811104
23696|0|79796|05/01/2024 22:04:30||17130|2931870784|2952120016
23358|0|95146|05/01/2024 19:46:39||25401|19151080|20732336
22709|0|17382|05/01/2024 15:21:59||41281|14559679496|20834191712
23042|0|12313|05/01/2024 17:46:41||32599|28066331232|28722903120
24260|0|64019|06/01/2024 02:14:39||2121|159485936|213589680
23899|0|19792|05/01/2024 23:35:00||11700|9681025368|10833136352
23277|0|24718|05/01/2024 19:16:26||27214|4408969728|5028733208
23155|0|87386|05/01/2024 18:26:09||30231|1404328160|1930896680
22445|0|85395|05/01/2024 13:48:35||46885|5291142800|6647009192
23457|0|9790|05/01/2024 20:21:00||23340|7383857840|10136042200
22617|0|21264|05/01/2024 14:51:03||43137|3784204152|4084614080
23438|0|12808|05/01/2024 20:15:16||23684|5165808600|5907503264
23947|0|21002|05/01/2024 23:50:51||10749|1244431568|1813652184
24152|0|56994|06/01/2024 01:37:51||4329|617881608|649121264
22072|0|56903|05/01/2024 11:08:01||56519|12587300744|15055491512
24098|0|68857|06/01/2024 01:01:31||6509|17759578112|33428841512
23251|0|12930|05/01/2024 19:01:28||28112|1612435008|2234014872
24314|0|52376|06/01/2024 02:37:54||726|44061216|44207280
22544|0|50925|05/01/2024 14:29:58||44402|73570100896|149555280904
24118|0|55135|06/01/2024 01:17:04||5576|1395044856|1835561000
23676|0|17295|05/01/2024 21:55:05||17695|1073969136|1249883728
23380|0|69971|05/01/2024 19:57:00||24780|510383200|547316912
24261|0|83656|06/01/2024 02:13:23||2197|932088752|1058243040
23987|0|57316|06/01/2024 00:18:42||9078|1628502408|2047477960
23599|0|21299|05/01/2024 21:25:13||19487|1112647728|1269871936
23795|0|99802|05/01/2024 22:42:49||14831|1595142848|1706241144
22268|0|35952|05/01/2024 12:27:25||51755|5202928968|6077906088
23043|0|97176|05/01/2024 17:47:13||32567|10723629936|13291939136
23741|0|96448|05/01/2024 22:20:10||16190|4739389392|7029700560
23278|0|77865|05/01/2024 19:10:44||27556|3764087192|4138852544
23252|0|56399|05/01/2024 19:02:48||28032|22628350208|24977069616
22736|0|86044|05/01/2024 15:30:35||40765|9962182496|13041805256
22403|0|93857|05/01/2024 13:27:40||48140|11883191312|17599121952
24339|0|20804|06/01/2024 02:40:28||572|124847696|142887944
23416|0|69728|05/01/2024 20:04:02||24358|3204953920|3775060128
23381|0|76684|05/01/2024 19:55:44||24856|7183470240|9560969696
24058|0|71963|06/01/2024 00:40:23||7777|557158736|761597504
22873|0|8331|05/01/2024 16:34:15||36945|2109106512|3063098000
21830|0|44972|05/01/2024 09:11:21||63519|12795398968|15845356912
24119|0|26450|06/01/2024 01:17:42||5538|866410184|1265914872
23126|0|48843|05/01/2024 18:17:50||30730|2732647880|3762570648
24059|0|11544|06/01/2024 00:40:07||7793|3334178584|4223055080
24077|0|14425|06/01/2024 00:50:11||7189|3442252424|3636905352
22760|0|40483|05/01/2024 15:49:19||39641|40278526336|31325211744
22596|0|77299|05/01/2024 14:47:48||43332|2917679064|3134743000
22761|0|84094|05/01/2024 15:47:39||39741|30510322640|31064763952
23647|0|25685|05/01/2024 21:40:22||18578|769698088|834284312
23439|0|67864|05/01/2024 20:12:52||23828|131281224|179528608
22737|0|61739|05/01/2024 15:37:53||40327|1362384832|1932100312
23720|0|57917|05/01/2024 22:14:59||16501|2760180944|2916840112
23742|0|84539|05/01/2024 22:27:12||15768|1062707744|1345195864
22545|0|35194|05/01/2024 14:24:34||44726|5169966416|6917445672
23600|0|6013|05/01/2024 21:21:05||19735|721581232|862513472
22711|0|47816|05/01/2024 15:26:18||41022|26152928352|32446926248
23175|0|51410|05/01/2024 18:35:25||29675|1400246856|1743622616
21872|0|85419|05/01/2024 09:33:06||62214|858544896|863001480
23882|0|82161|05/01/2024 23:29:13||12047|17275312448|10798764432
22338|0|20365|05/01/2024 12:59:20||49840|13673241768|14977608712
22650|0|65216|05/01/2024 15:06:34||42206|12665582528|16873553816
22762|0|92706|05/01/2024 15:41:57||40083|86791500160|243428709752
23988|0|51469|06/01/2024 00:10:45||9555|871029408|1217353088
22788|0|76536|05/01/2024 15:54:20||39340|4695050864|5219328376
23851|0|4076|05/01/2024 23:12:52||13028|53871426744|109469212552
23337|0|61002|05/01/2024 19:30:05||26395|57465173384|115090205184
23834|0|59193|05/01/2024 23:00:18||13782|6788233200|8305566528
22597|0|95892|05/01/2024 14:45:48||43452|15619710624|16384998280
24180|0|94244|06/01/2024 01:40:29||4171|534679344|627798584
23900|0|50648|05/01/2024 23:39:17||11443|25415671992|76239907048
23440|0|65854|05/01/2024 20:19:41||23419|8746947240|11063860096
23721|0|14086|05/01/2024 22:14:26||16534|3373075656|4191088840
23814|0|69690|05/01/2024 22:52:09||14271|2245708600|3057585224
23359|0|90465|05/01/2024 19:49:37|06/01/2024 02:42:42|24785|22512677376|65833258776
23458|0|35015|05/01/2024 20:21:20||23320|5909243400|8531056168
23127|0|68548|05/01/2024 18:10:11||31189|6367899048|7581566448
23577|0|75757|05/01/2024 21:11:08||20332|2208096632|2860269456
22351|0|46140|05/01/2024 13:00:12||49788|11231921728|13242421032
23016|0|68233|05/01/2024 17:33:47||33373|11650901872|14104513648
24181|0|14836|06/01/2024 01:42:16||4064|5776301672|13698243584
23815|0|67432|05/01/2024 22:59:27||13833|3802582608|3893896680
22971|0|78976|05/01/2024 17:15:42||34458|9857410848|11825613768
24182|0|91417|06/01/2024 01:47:03||3777|1583020872|2366578096
22002|0|55305|05/01/2024 10:35:15||58485|21405548648|26797419264
23555|0|51811|05/01/2024 21:09:03||20457|32862210064|74844066424
23743|0|90478|05/01/2024 22:21:36||16104|2990972712|3052347400
23927|0|45456|05/01/2024 23:40:11||11389|7184119888|7369286416
23231|0|9069|05/01/2024 18:55:21||28479|1703429712|2282890736
22524|0|80460|05/01/2024 14:13:50||45370|10075219568|14350063024
24214|0|60476|06/01/2024 01:59:20||3040|827656168|921794736
22949|0|25048|05/01/2024 17:09:32||34828|4767364792|6703392136
24078|0|70487|06/01/2024 00:59:43||6617|1196087104|1444179320
23966|0|6879|06/01/2024 00:07:28||9752|4073310616|5357496568
23698|0|87313|05/01/2024 22:09:15||16845|3577173544|4475318056
22876|0|72139|05/01/2024 16:32:22||37058|6826728528|7328834760
23044|0|57723|05/01/2024 17:49:24||32436|5080983328|5872826632
23648|0|29227|05/01/2024 21:40:04||18596|11547272|16396696
23072|0|88959|05/01/2024 17:58:41||31879|3897844288|5603887816
24030|0|18001|06/01/2024 00:38:38||7882|9545770856|21727153168
24031|0|57621|06/01/2024 00:37:00||7980|86766552|112497000
22877|0|21811|05/01/2024 16:34:37||36923|3291696480|3701936760
24315|0|34470|06/01/2024 02:38:50||670|182909352|247482104
23816|0|6911|05/01/2024 22:53:52||14168|9136815568|6781350312
23901|0|54831|05/01/2024 23:37:45||11535|4283353168|4408686600
23817|0|42847|05/01/2024 22:50:49||14351|3050358728|3216141208
23459|0|6427|05/01/2024 20:29:28||22832|476228824|483850688
23928|0|48967|05/01/2024 23:45:48||11052|6872953152|8355450232
23649|0|5332|05/01/2024 21:44:02||18358|3247666688|4104350600
24099|0|90953|06/01/2024 01:03:49||6371|3317902360|3605657408
24079|0|11854|06/01/2024 00:53:16||7004|608413488|663200968
22973|0|28891|05/01/2024 17:17:55||34325|2355490872|3460438448
24135|0|75798|06/01/2024 01:29:56||4804|1478235584|1539399984
24183|0|46043|06/01/2024 01:46:03||3837|171038864|187143360
23528|0|56440|05/01/2024 20:50:29||21571|11557642616|17036161096
21813|0|87270|05/01/2024 09:09:56||63604|567933064|610470712
22878|0|53853|05/01/2024 16:35:51||36849|7860720280|8458259256
23253|0|10739|05/01/2024 19:09:41||27619|3314181392|3387363912
22047|0|57415|05/01/2024 10:50:15||57585|14374547248|15491123000
23989|0|82423|06/01/2024 00:17:01||9179|1058458496|1324083368
23601|0|70417|05/01/2024 21:21:16||19724|78554203512|44695289440
22974|0|72308|05/01/2024 17:14:45||34515|86983303544|197702088928
23460|0|57089|05/01/2024 20:28:00||22920|10434186312|14527621952
24340|0|76155|06/01/2024 02:40:51||549|33233208|39537576
22950|0|13835|05/01/2024 17:06:49||34991|899397080|1057105248
22429|0|52676|05/01/2024 13:38:50||47470|9667851208|12218378800
23338|0|27504|05/01/2024 19:30:48||26352|4675635968|6329183080
23818|0|41731|05/01/2024 22:53:06||14214|1564871120|2184997904
23819|0|93921|05/01/2024 22:59:54||13806|16671231336|16984837920
23820|0|57612|05/01/2024 22:56:22||14018|3634028592|5063137792
22376|0|61155|05/01/2024 13:16:03||48837|94567353368|233055115344
24287|0|50025|06/01/2024 02:24:18||1542|4721581360|13887551960
23821|0|73294|05/01/2024 22:56:07||14033|2178334408|2309117472
22879|0|70544|05/01/2024 16:39:41||36619|2019135752|2893753696
23626|0|57900|05/01/2024 21:36:18||18822|27959241584|59475249360
21850|0|22056|05/01/2024 09:23:11||62809|10865736328|14656690912
24341|0|73120|06/01/2024 02:41:48||492|42567512|63819976
23884|0|5401|05/01/2024 23:21:42||12498|18344250136|41232737432
23967|0|19697|06/01/2024 00:00:27||10173|474377872|527113040
22880|0|24372|05/01/2024 16:38:48||36672|4881905816|6257921392
22902|0|30656|05/01/2024 16:47:19||36161|101515616|126966800
22074|0|56185|05/01/2024 11:03:20||56800|184966080584|497996376024
23254|0|28135|05/01/2024 19:07:19||27761|12174903016|15946036152
24032|0|97025|06/01/2024 00:36:25||8015|377513136|553094984
23361|0|41512|05/01/2024 19:44:27||25533|7480374256|9957506152
22292|0|82698|05/01/2024 12:39:27||51033|7954674512|8322470656
22823|0|26199|05/01/2024 16:14:51||38109|65536683816|149246028016
21655|0|88834|05/01/2024 07:52:03||68277|15314207936|20265457336
23501|0|41389|05/01/2024 20:48:12||21708|52951210088|129248005368
23529|0|92674|05/01/2024 20:54:54||21306|4521595376|5151088048
23017|0|61623|05/01/2024 17:35:45||33255|4053606648|4084450064
24033|0|35393|06/01/2024 00:33:58||8162|519567312|582097392
22952|0|84162|05/01/2024 17:06:21||35019|494277152|736780464
23627|0|6812|05/01/2024 21:34:00|06/01/2024 02:49:40|18940|2487018896|3237347664
22547|0|94644|05/01/2024 14:27:49||44531|7495044808|9940658272
22652|0|98465|05/01/2024 15:09:06||42054|34927031576|36769828904
22048|0|82855|05/01/2024 10:51:00||57540|38397244384|49439845992
21958|0|5372|05/01/2024 10:19:22||59438|13549912312|15707484184
23503|0|37387|05/01/2024 20:41:37||22103|670759352|681357392
22293|0|32548|05/01/2024 12:31:00||51540|14548704784|15879695520
22881|0|95133|05/01/2024 16:33:58|06/01/2024 02:43:31|36573|604888288|796349136
23094|0|54646|05/01/2024 18:09:45||31215|6977784408|9379972048
23461|0|46481|05/01/2024 20:28:35||22885|15271825480|21047653920
23852|0|62682|05/01/2024 23:13:07||13013|2636400752|2827947768
24288|0|18337|06/01/2024 02:28:18||1302|163821512|197961712
23603|0|49972|05/01/2024 21:22:44||19636|3449536528|4302412808
24184|0|38043|06/01/2024 01:47:43||3737|145373632|174631624
23383|0|92526|05/01/2024 19:58:04||24716|63296656264|150599964264
23462|0|98102|05/01/2024 20:29:40||22820|5528995592|7468669464
23722|0|98867|05/01/2024 22:10:17||16783|1266038696|1607701376
24060|0|79969|06/01/2024 00:48:06||7314|3514970176|4493341688
22977|0|38044|05/01/2024 17:17:21||34359|112898061392|294351133432
23929|0|9408|05/01/2024 23:44:50||11110|2966176896|3345823624
22004|0|34584|05/01/2024 10:31:33||58707|10940311944|11838281536
23699|0|5866|05/01/2024 22:08:51||16869|1111266264|1191108920
23628|0|15558|05/01/2024 21:38:27||18693|6131187824|6615037696
24342|0|82683|06/01/2024 02:49:24||36|3579304|5343896
23339|0|23312|05/01/2024 19:36:45||25995|34128904640|94710082552
23417|0|12906|05/01/2024 20:09:19||24041|9805669664|11494835520
23723|0|99463|05/01/2024 22:14:21||16539|2435766232|2851421768
23047|0|7349|05/01/2024 17:41:14||32926|3896302288|4005072568
23463|0|58846|05/01/2024 20:26:07||23033|9240873088|11822944856
24153|0|95178|06/01/2024 01:31:01||4739|1288961392|1531467056
23835|0|84421|05/01/2024 23:02:38||13642|1783274904|2065088672
22101|0|16393|05/01/2024 11:17:45||55935|4696642920|4967076616
23990|0|54462|06/01/2024 00:15:55||9245|867304416|877276624
22005|0|73988|05/01/2024 10:36:34||58406|160350246192|426052713424
24154|0|75523|06/01/2024 01:37:42||4338|36071864|45954816
24185|0|52232|06/01/2024 01:44:14||3946|10186126008|19298808528
23442|0|82514|05/01/2024 20:12:56||23824|3916645808|5049089568
23968|0|94247|06/01/2024 00:03:53||9967|3359300328|3812575656
22714|0|87489|05/01/2024 15:21:00||41340|32703179784|43589152840
24136|0|74631|06/01/2024 01:20:53||5347|18059611640|42859383248
24289|0|68505|06/01/2024 02:22:48||1632|73690760|74750320
23700|0|82321|05/01/2024 22:07:33||16947|3148693464|4076703144
23744|0|25951|05/01/2024 22:25:00||15900|66282418664|138684643928
24003|0|52819|06/01/2024 00:25:37||8663|427556064|610272440
23701|0|49951|05/01/2024 22:05:54||17046|2206037328|2961931752
23232|0|17532|05/01/2024 18:54:47||28513|2396862056|2952711760
24081|0|98547|06/01/2024 00:50:48||7152|481682448|535249128
23418|0|77479|05/01/2024 20:03:57||24363|4123932648|4260330000
24155|0|33890|06/01/2024 01:34:18||4542|840581352|1166616936
24120|0|22979|06/01/2024 01:10:48||5952|65996064|93596048
23650|0|3862|05/01/2024 21:46:26||18214|1785451920|2014315936
24186|0|37181|06/01/2024 01:41:12||4128|634726056|883026296
22406|0|87833|05/01/2024 13:24:12||48348|20395065584|21507699144
22715|0|20221|05/01/2024 15:23:26||41194|10503960664|13064771096
23902|0|92396|05/01/2024 23:36:10||11630|422168240|576730320
22314|0|52485|05/01/2024 12:47:35||50545|6572718240|9216844120
23629|0|52091|05/01/2024 21:38:59||18661|1096487232|1429736416
23557|0|65096|05/01/2024 21:01:06|06/01/2024 02:48:18|20832|13929641088|14147794584
24343|0|65096|06/01/2024 02:48:42||78|761544|959176
24004|0|57543|06/01/2024 00:27:18||8562|730882632|743192520
24034|0|37695|06/01/2024 00:38:44||7876|227589472|235962632
23770|0|95089|05/01/2024 22:37:05||15175|10662749176|14616915456
23796|0|35424|05/01/2024 22:43:49||14771|3337147784|4868016576
23580|0|69994|05/01/2024 21:16:01||20039|493477720|600876840
23384|0|51800|05/01/2024 19:51:15||25125|3059721048|3542736880
23198|0|53942|05/01/2024 18:47:19||28961|14508428192|20609066472
23949|0|38360|05/01/2024 23:55:43||10457|35134086736|77773467920
22655|0|32448|05/01/2024 15:03:06||42414|21327229968|21965761336
23558|0|60799|05/01/2024 21:07:35||20545|58126319320|130343483920
22656|0|40142|05/01/2024 15:03:37||42383|71899690880|177918998928
23903|0|89187|05/01/2024 23:30:59||11941|564440312|757125016
22954|0|73332|05/01/2024 17:03:30||35190|9059964104|13112092312
23176|0|28144|05/01/2024 18:35:39||29661|94808264952|202001142320
22378|0|93299|05/01/2024 13:10:51||49149|1999372520|2410928032
22103|0|58524|05/01/2024 11:19:37||55823|3010781520|4327556880
23480|0|40896|05/01/2024 20:34:52||22508|20292445824|21218704704
21673|0|26214|05/01/2024 08:03:20||67600|108643639280|320883456904
23385|0|13049|05/01/2024 19:57:16||24764|15527992424|19382975192
24262|0|14844|06/01/2024 02:18:54||1866|530890168|649800096
23950|0|49925|05/01/2024 23:57:07||10373|1288714976|1406923840
24100|0|57589|06/01/2024 01:08:34||6086|793390736|1166990448
24290|0|24091|06/01/2024 02:22:16||1664|100268608|141341896
23930|0|37693|05/01/2024 23:48:42||10878|1808925824|2577922360
24082|0|93065|06/01/2024 00:58:47||6673|14206975768|36019919976
22448|0|85296|05/01/2024 13:42:48||47232|13456227384|18062683600
23096|0|43267|05/01/2024 18:08:21||31299|42007397024|29439060496
23797|0|50780|05/01/2024 22:46:30||14610|1660106040|2122904840
24316|0|57108|06/01/2024 02:31:55||1085|432019464|501160160
23097|0|26294|05/01/2024 18:08:30||31290|9354138312|12682527360
23724|0|88911|05/01/2024 22:11:02||16738|55454095520|127994834528
23798|0|50993|05/01/2024 22:44:32||14728|5243165176|7304557416
23725|0|91423|05/01/2024 22:15:25||16475|988200424|1472242536
24101|0|50286|06/01/2024 01:03:00||6420|1486899992|2008458176
23340|0|79156|05/01/2024 19:35:51||26049|2938502488|3481845016
23156|0|77493|05/01/2024 18:23:37|06/01/2024 02:41:33|29876|6976996600|9811596136
24344|0|77493|06/01/2024 02:43:13||407|81421000|86842784
22996|0|43201|05/01/2024 17:23:42||33978|15889451080|17184747760
23969|0|36627|06/01/2024 00:00:09||10191|10952453664|22543242728
24035|0|45750|06/01/2024 00:30:50||8350|3758308608|4660739360
24187|0|99181|06/01/2024 01:48:51||3669|730006096|866679680
22845|0|19829|05/01/2024 16:24:35||37525|520907360|622946544
24083|0|33153|06/01/2024 00:50:48||7152|3633374640|5156147552
23505|0|7558|05/01/2024 20:45:59||21841|8824728168|13018887816
23951|0|77343|05/01/2024 23:50:23||10777|3461701112|3544908856
21551|0|4879|05/01/2024 07:15:48||70452|13538906384|20227515848
23581|0|72617|05/01/2024 21:19:29||19831|6495013176|8903673600
24263|0|99020|06/01/2024 02:11:44||2296|5761142360|15124044528
22525|0|29100|05/01/2024 14:15:18||45282|11350013488|14826486128
22793|0|79305|05/01/2024 15:58:00||39120|5968816264|7080271688
24215|0|39380|06/01/2024 01:53:01||3419|483129064|684018704
24102|0|12052|06/01/2024 01:02:40||6440|1231530632|1436130984
24084|0|53568|06/01/2024 00:53:05||7015|4781278376|5888713384
24188|0|86178|06/01/2024 01:42:14||4066|1421666888|1678643272
24061|0|67384|06/01/2024 00:43:16||7604|1582457984|1910708352
24317|0|41453|06/01/2024 02:33:27||993|36649984|40046576
22505|0|72075|05/01/2024 14:05:36||45864|1170225552|1278406272
22526|0|71985|05/01/2024 14:18:21||45099|6438979024|8916903936
24216|0|15423|06/01/2024 01:51:18||3522|2499179616|2698762744
23312|0|14742|05/01/2024 19:21:56||26884|7615988272|9731543848
23073|0|15742|05/01/2024 17:53:05||32215|5920558200|6467865896
23280|0|92029|05/01/2024 19:10:03||27597|1336165384|1459255992
24189|0|29236|06/01/2024 01:47:43||3737|1135597176|1221782760
24036|0|77649|06/01/2024 00:30:38||8362|468077792|576878640
24103|0|71455|06/01/2024 01:05:17||6283|1162495616|1500720088
22451|0|72586|05/01/2024 13:48:51||46869|151958623632|363682785512
23099|0|66485|05/01/2024 18:07:19||31361|8304976776|8308676016
23822|0|13717|05/01/2024 22:56:51||13989|1258371744|1357611048
23131|0|80306|05/01/2024 18:18:16||30704|2880438304|3977318552
23559|0|48112|05/01/2024 21:04:12||20748|7522627032|7756500184
23234|0|49359|05/01/2024 18:57:05||28375|11137479200|13223465072
24104|0|13627|06/01/2024 01:08:19||6101|436635224|597903440
23132|0|66943|05/01/2024 18:13:09||31011|22920299160|32515576368
21959|0|49985|05/01/2024 10:14:57||59703|46788203464|137192291344
23256|0|33239|05/01/2024 19:04:50||27910|5762418128|6269767968
23853|0|29163|05/01/2024 23:10:33||13167|1141676224|1214272064
22379|0|38182|05/01/2024 13:10:04||49196|27936354296|28631011368
23854|0|87943|05/01/2024 23:16:55||12785|20992557400|55328871632
23745|0|10817|05/01/2024 22:26:44||15796|10713710696|13776117328
24122|0|26203|06/01/2024 01:17:23||5557|127333992|138179432
22997|0|91413|05/01/2024 17:28:10|06/01/2024 02:44:26|33376|5226650192|7150824280
23726|0|51087|05/01/2024 22:12:38||16642|650932544|943945104
23281|0|91252|05/01/2024 19:17:35||27145|6512769096|7215725328
22316|0|97711|05/01/2024 12:41:43||50897|18164217816|26400221552
23727|0|48037|05/01/2024 22:11:42||16698|1465566528|2013866488
21726|0|36071|05/01/2024 08:29:22||66038|34367794552|38007374120
23855|0|22758|05/01/2024 23:17:53||12727|1597551792|1773787880
23702|0|18801|05/01/2024 22:00:49||17351|3674770600|4294563376
23560|0|16310|05/01/2024 21:07:14||20566|7605430792|7685394840
23856|0|71739|05/01/2024 23:10:04||13196|35381004352|92739430016
23728|0|69771|05/01/2024 22:18:55||16265|856578712|1062898464
24318|0|93577|06/01/2024 02:37:21||759|49618392|59625696
24005|0|83444|06/01/2024 00:25:14||8686|481402736|621851240
23341|0|32044|05/01/2024 19:38:20||25900|8889660760|10537469080
24217|0|57830|06/01/2024 01:53:12||3408|3580035360|2613438408
24218|0|61636|06/01/2024 01:50:37||3563|1803860896|1916466952
23561|0|43049|05/01/2024 21:01:31||20909|19933997616|11757028192
23772|0|91320|05/01/2024 22:33:05||15415|5657301728|6548917368
22690|0|67176|05/01/2024 15:13:44||41776|23389295208|23682223608
24156|0|84700|06/01/2024 01:38:59||4261|1276271048|1436396480
23970|0|43307|06/01/2024 00:04:02||9958|21934921264|52953820176
23562|0|64240|05/01/2024 21:02:28||20852|9894898560|14528155968
22739|0|67487|05/01/2024 15:31:43||40697|28994197024|29803882552
23652|0|11819|05/01/2024 21:40:42||18558|623155016|653469408
23465|0|47177|05/01/2024 20:20:39||23361|8170552704|8716484320
24137|0|25496|06/01/2024 01:29:35||4825|1756319344|1930382088
22076|0|37594|05/01/2024 11:01:07||56933|2931236928|4211189656
24264|0|34693|06/01/2024 02:11:49||2291|87001608|124531496
22452|0|99055|05/01/2024 13:49:59||46801|30286142816|24026527304
23481|0|15530|05/01/2024 20:30:35||22765|1251622816|1752156336
22354|0|19006|05/01/2024 13:03:33||49587|9494580088|10092696512
23530|0|86599|05/01/2024 20:57:22||21158|8161348664|9323495024
24006|0|51998|06/01/2024 00:27:39||8541|2940205496|3380566648
23857|0|60316|05/01/2024 23:12:43||13037|3781020680|4989992104
23257|0|55761|05/01/2024 19:08:44||27676|99653005784|198480394672
22926|0|94648|05/01/2024 16:51:04||35936|4727220432|6280457320
24085|0|7824|06/01/2024 00:54:56||6904|1973676536|2323692960
24291|0|85659|06/01/2024 02:22:01||1679|222619120|246972608
24063|0|76230|06/01/2024 00:44:45||7515|1375785560|1893339232
23584|0|75468|05/01/2024 21:18:43||19877|2446944248|2524962232
24037|0|71821|06/01/2024 00:34:00||8160|433690792|553136896
22691|0|45174|05/01/2024 15:12:56|06/01/2024 02:41:22|41306|10240939008|13999423128
24234|0|36103|06/01/2024 02:07:20||2560|1494893928|1764748208
22154|0|69355|05/01/2024 11:36:18||54822|3307325656|4588706056
22765|0|41850|05/01/2024 15:44:13||39947|3048891240|3870168896
23678|0|18851|05/01/2024 21:52:39||17841|491792528|537872520
23858|0|64751|05/01/2024 23:15:30||12870|6901263168|9750488352
22599|0|90604|05/01/2024 14:41:03||43737|8163206752|12084003672
23836|0|86023|05/01/2024 23:05:58||13442|3173375128|3858444920
23074|0|85185|05/01/2024 17:55:25||32075|13704059336|16744507616
23630|0|57109|05/01/2024 21:39:39||18621|1428771408|1720813528
23053|0|85899|05/01/2024 17:49:11||32449|958558448|1027149720
23507|0|87346|05/01/2024 20:49:03||21657|1994028456|2194629544
23342|0|95204|05/01/2024 19:38:19||25901|99358360|116082072
22127|0|73504|05/01/2024 11:27:46||55334|133887545480|341121843896
24235|0|71532|06/01/2024 02:07:34||2546|381027304|415196968
24138|0|40578|06/01/2024 01:27:32||4948|1221342304|1317686648
23313|0|33020|05/01/2024 19:23:35||26785|4905463368|7277980760
23178|0|75736|05/01/2024 18:33:25||29795|13288571544|15643318360
23952|0|8075|05/01/2024 23:57:12||10368|381329080|465839000
22341|0|30647|05/01/2024 12:52:06||50274|27985023448|31132649904
23563|0|62807|05/01/2024 21:03:17||20803|4724934768|5669840336
23157|0|77675|05/01/2024 18:27:12||30168|1730505440|2296721200
23482|0|9006|05/01/2024 20:33:47||22573|3498941952|5119970400
23953|0|92661|05/01/2024 23:55:56||10444|2037492888|2509536904
21788|0|14526|05/01/2024 08:52:23|06/01/2024 02:46:26|64443|23875474192|26699329672
23886|0|41286|05/01/2024 23:20:40||12560|6588508768|8241312048
24007|0|6635|06/01/2024 00:22:16||8864|1227875616|1494395072
23859|0|46783|05/01/2024 23:19:25||12635|9575797440|10365855960
23101|0|37021|05/01/2024 18:00:23||31777|4468432072|6057930072
22659|0|14784|05/01/2024 15:07:10||42170|9757485120|12328730296
24124|0|59541|06/01/2024 01:13:43||5777|567670544|835207608
22766|0|4530|05/01/2024 15:41:50||40090|5877311248|8139682000
22741|0|73320|05/01/2024 15:36:44||40396|10472410392|12631462752
23054|0|81360|05/01/2024 17:43:04||32816|62672088952|164422082792
22220|0|4837|05/01/2024 12:04:31||53129|13056688912|14012997648
24219|0|32456|06/01/2024 01:53:09||3411|1596303184|2310982392
24157|0|47997|06/01/2024 01:30:47||4753|887147168|926680920
23991|0|42551|06/01/2024 00:18:33||9087|599982232|848113040
22221|0|72622|05/01/2024 12:07:33||52947|5565796248|6522598336
23179|0|91944|05/01/2024 18:34:24||29736|8132456128|9718915816
23180|0|60110|05/01/2024 18:34:29|06/01/2024 02:43:22|29333|9857570744|13409561416
22026|0|10537|05/01/2024 10:45:54||57846|3733089152|5202366088
22246|0|40603|05/01/2024 12:16:43||52397|9359215400|10529604536
22742|0|26748|05/01/2024 15:32:40||40640|11318286136|13302046104
24190|0|61221|06/01/2024 01:41:32||4108|844660472|1032206816
22382|0|74715|05/01/2024 13:17:01||48779|3693379456|4996390256
23201|0|13277|05/01/2024 18:47:58||28922|1057670752|1131617024
23679|0|87588|05/01/2024 21:55:02||17698|11307593568|6318535712
24265|0|53347|06/01/2024 02:18:43||1877|70113160|79343072
23102|0|82959|05/01/2024 18:05:04||31496|8409402280|11405021368
23387|0|86994|05/01/2024 19:58:55||24665|5524750056|8216908856
23283|0|44184|05/01/2024 19:15:09||27291|788316616|902779552
22906|0|50071|05/01/2024 16:43:32||36388|12989723952|14242052528
24191|0|84148|06/01/2024 01:46:15||3825|322695352|453055072
22847|0|38660|05/01/2024 16:29:23||37237|136695766016|291970375432
24064|0|95449|06/01/2024 00:49:38||7222|2193613816|3022190888
23075|0|83628|05/01/2024 17:57:56||31924|9246996880|10212050744
21727|0|51188|05/01/2024 08:27:50||66130|3491538472|4741146528
23388|0|93708|05/01/2024 19:52:20||25060|7024848768|8225810360
24039|0|70282|06/01/2024 00:32:50||8230|422295504|585741832
23389|0|95931|05/01/2024 19:52:31||25049|463875696|669642688
24236|0|33480|06/01/2024 02:03:48||2772|2106135576|3004099344
23259|0|49538|05/01/2024 19:07:03||27777|2284088144|2858999664
23631|0|53235|05/01/2024 21:32:17||19063|12301986704|31167896360
23653|0|78439|05/01/2024 21:43:25||18395|4071098584|4186691208
23181|0|6099|05/01/2024 18:37:37||29543|737560864|948519896
22552|0|93704|05/01/2024 14:22:05||44875|2067686000|3017740408
23202|0|55162|05/01/2024 18:48:07||28913|38646992176|84814957584
22318|0|76364|05/01/2024 12:41:55||50885|23103335256|26328405464
22956|0|38058|05/01/2024 17:02:37||35243|4505703760|3590032384
22529|0|62081|05/01/2024 14:18:04||45116|55389537288|37368989360
21919|0|8183|05/01/2024 09:59:49||60611|16164839168|19276710528
23681|0|21420|05/01/2024 21:57:48||17532|4044934656|4628107248
23363|0|14586|05/01/2024 19:49:15||25245|3700255640|3837817976
23703|0|64866|05/01/2024 22:03:00||17220|887418152|1179730400
23531|0|98312|05/01/2024 20:59:27||21033|5614331768|6444108432
23799|0|96692|05/01/2024 22:49:30||14430|5877207440|7615437112
22848|0|39264|05/01/2024 16:20:19||37781|109567322176|237390885464
23020|0|50798|05/01/2024 17:30:37||33563|7842858136|8435122088
23314|0|92786|05/01/2024 19:24:44||26716|4710647056|4718451008
23344|0|15993|05/01/2024 19:34:53||26107|8343075120|9391983072
22454|0|92903|05/01/2024 13:43:37||47183|136973645176|278038575608
22248|0|36213|05/01/2024 12:15:10||52490|5801459080|8001072960
23055|0|21135|05/01/2024 17:48:34||32486|5022510680|5449133752
24345|0|70256|06/01/2024 02:49:00||60|2420016|3182536
22849|0|46103|05/01/2024 16:27:43||37337|16750530048|24586653928
24237|0|62772|06/01/2024 02:04:22||2738|496836312|650925344
23000|0|7858|05/01/2024 17:27:28||33752|91193381392|244051919016
24158|0|58204|06/01/2024 01:33:23||4597|735386848|1023040024
23182|0|66956|05/01/2024 18:39:06||29454|6117177224|6125960080
22927|0|42596|05/01/2024 16:59:47||35413|5110523480|5924074632
21698|0|30506|05/01/2024 08:18:03||66717|14532419328|15927065560
23021|0|17919|05/01/2024 17:30:20||33580|6705639104|8839125144
24266|0|46180|06/01/2024 02:18:04||1916|301219616|375635136
22270|0|98373|05/01/2024 12:25:45||51855|7153856656|9323048968
23284|0|7703|05/01/2024 19:12:49||27431|6815428504|8725693848
23056|0|22040|05/01/2024 17:43:27||32793|4686916528|6309924376
24125|0|64906|06/01/2024 01:19:58||5402|12328416248|33503498704
24105|0|59622|06/01/2024 01:06:36||6204|2422007128|2840491944
24319|0|20751|06/01/2024 02:39:53||607|366541648|380074032
23585|0|64889|05/01/2024 21:18:49||19871|2672812136|2812807232
21609|0|25313|05/01/2024 07:32:41||69439|55814673240|69135812120
22884|0|39989|05/01/2024 16:35:16||36884|1962198000|2394957872
23133|0|53605|05/01/2024 18:13:11||31009|9326745344|12959288528
23510|0|9867|05/01/2024 20:47:32||21748|1132343592|1213304552
23604|0|75299|05/01/2024 21:29:48||19212|5622538760|6486920384
23682|0|7520|05/01/2024 21:58:53|06/01/2024 02:44:40|17147|297728920|298293144
22907|0|71628|05/01/2024 16:43:10||36410|11500776880|12454155200
23364|0|33929|05/01/2024 19:48:07||25313|29091544112|31198767272
22356|0|45472|05/01/2024 13:04:44||49516|21045351120|29105931480
22692|0|24083|05/01/2024 15:14:30||41730|582695712|854390512
23315|0|41749|05/01/2024 19:21:07||26933|1969083080|2480515464
23022|0|73903|05/01/2024 17:35:25||33275|5225068064|6561954480
22851|0|75433|05/01/2024 16:23:32||37588|8370410048|12337225024
22343|0|39615|05/01/2024 12:52:16||50264|30824363776|33187000504
23103|0|71600|05/01/2024 18:01:36||31704|25740745584|31224937952
22768|0|47991|05/01/2024 15:47:20||39760|107596379360|309818360072
21938|0|41275|05/01/2024 10:02:50||60430|3156461336|4395105904
23316|0|81599|05/01/2024 19:26:20||26620|2288181800|3031029648
23861|0|90524|05/01/2024 23:12:12||13068|42843128|53928952
21789|0|27053|05/01/2024 08:54:11||64549|15541332864|20585150600
23345|0|55461|05/01/2024 19:37:34||25946|3056530624|3959590112
23887|0|18965|05/01/2024 23:28:39||12081|5085191728|5306594640
23906|0|56152|05/01/2024 23:31:18||11922|9231351912|11121336152
22430|0|80005|05/01/2024 13:39:54||47406|3982560216|4106456280
21820|0|55547|05/01/2024 09:06:01||63839|3696123752|5037526416
23077|0|8416|05/01/2024 17:55:22||32078|17997661704|18729711768
22574|0|55290|05/01/2024 14:35:03||44097|6779145104|7648819160
24086|0|88885|06/01/2024 00:57:49||6731|1717856912|2454745200
22249|0|66591|05/01/2024 12:16:59||52381|10055935136|12155662928
21699|0|77560|05/01/2024 08:11:27||67113|27236132304|28068997264
24346|0|59169|06/01/2024 02:48:20||100|6937368|7942880
22508|0|18551|05/01/2024 14:00:34||46166|20380484736|27390257888
22457|0|74222|05/01/2024 13:49:51||46809|113794318728|268226321992
23390|0|16914|05/01/2024 19:55:04||24896|3513784336|4508541720
23134|0|74794|05/01/2024 18:17:04||30776|58593758288|154746413096
23746|0|26733|05/01/2024 22:24:25||15935|1859334208|2660799048
24192|0|53099|06/01/2024 01:46:07||3833|139403456|165574536
24087|0|55895|06/01/2024 00:58:31||6689|1293188696|1754694328
24008|0|82452|06/01/2024 00:23:15||8805|19551621320|38173933688
21660|0|46123|05/01/2024 07:54:04||68156|2053941368|2701392856
22958|0|54515|05/01/2024 17:08:56||34864|875277120|1137473376
24238|0|52004|06/01/2024 02:01:14||2926|1903744280|5348706776
22718|0|55258|05/01/2024 15:27:04||40976|2520310944|3431038616
23683|0|71485|05/01/2024 21:52:34||17846|1801139448|1944138192
23704|0|25915|05/01/2024 22:03:05||17215|242780112|291008040
24159|0|30630|06/01/2024 01:37:41||4339|1485681432|1535300432
23285|0|74641|05/01/2024 19:12:57||27423|2950476840|3115763888
23800|0|13046|05/01/2024 22:46:59||14581|4524265072|4950009408
23346|0|74651|05/01/2024 19:39:20||25840|685307464|828520528
23057|0|64768|05/01/2024 17:42:38||32842|5523720672|7833277528
24220|0|72204|06/01/2024 01:51:55||3485|987893520|1221263136
24221|0|18618|06/01/2024 01:59:57||3003|233627728|255420448
24267|0|14275|06/01/2024 02:19:12||1848|-41968656|-54702288
21962|0|34756|05/01/2024 10:10:27||59973|9223377296|13712043480
24239|0|26605|06/01/2024 02:03:39||2781|8041657736|21022382752
22028|0|99645|05/01/2024 10:48:58||57662|14040638040|19509923360
23823|0|12082|05/01/2024 22:57:10||13970|250614240|277473248
24106|0|17759|06/01/2024 01:04:31||6329|980165896|1347035184
23862|0|95893|05/01/2024 23:12:56||13024|2081087512|2815323680
23863|0|18035|05/01/2024 23:13:51||12969|152897088|158471440
23203|0|89120|05/01/2024 18:44:28||29132|8435382944|8916233704
22928|0|10465|05/01/2024 16:52:19||35861|18615536712|21275285432
24292|0|78806|06/01/2024 02:29:56||1204|3702571240|10079870072
22886|0|25702|05/01/2024 16:39:21||36639|14220030248|19283046072
22477|0|73922|05/01/2024 13:52:00|06/01/2024 02:46:44|46484|921753296|1346382240
24320|0|14554|06/01/2024 02:32:15||1065|56660072|71302024
21767|0|99359|05/01/2024 08:46:18||65022|30036501656|39830726208
23972|0|90367|06/01/2024 00:03:07||10013|3640565296|5295313136
24139|0|37105|06/01/2024 01:24:34||5126|3415764648|3956443344
24009|0|6960|06/01/2024 00:27:42||8538|16494094568|47979518184
23992|0|37801|06/01/2024 00:17:15||9165|20568119912|38994562056
24088|0|35076|06/01/2024 00:52:03||7077|327314848|429759992
23511|0|22544|05/01/2024 20:45:31||21869|2154720016|3141784272
22081|0|20312|05/01/2024 11:02:23||56857|10129138504|11346127928
24321|0|65677|06/01/2024 02:39:02||658|28512672|32696144
23420|0|56364|05/01/2024 20:00:04||24596|4856795336|5119656408
24347|0|22916|06/01/2024 02:45:42||258|4596336|5382016
24240|0|16674|06/01/2024 02:08:28||2492|35263384|52192768
24193|0|40671|06/01/2024 01:44:12||3948|751130304|892021704
22272|0|15557|05/01/2024 12:23:22||51998|6622835400|7862077240
23955|0|40511|05/01/2024 23:56:59||10381|7830157504|7915405144
21790|0|34412|05/01/2024 08:55:43||64457|2631702240|3280841432
23483|0|78500|05/01/2024 20:34:59||22501|4125994144|5232067888
23705|0|97925|05/01/2024 22:00:23||17377|1635335736|2358955584
23801|0|29649|05/01/2024 22:44:35||14725|18468521760|54785617880
22410|0|58536|05/01/2024 13:21:11||48529|17074071088|19891798128
24268|0|79407|06/01/2024 02:10:26||2374|1826604720|2524458440
24010|0|73069|06/01/2024 00:26:46||8594|589129024|636598696
23973|0|15102|06/01/2024 00:04:56||9904|22729261880|60163553272
22128|0|78709|05/01/2024 11:23:17||55603|4295444808|4450255632
22601|0|98489|05/01/2024 14:46:07||43433|14832429320|20631651048
24065|0|6662|06/01/2024 00:46:42||7398|2359965720|2631284480
23104|0|16812|05/01/2024 18:06:34||31406|2738985712|3993569136
23204|0|84806|05/01/2024 18:46:54||28986|1955082480|2543599048
24011|0|42910|06/01/2024 00:23:24||8796|1262824672|1842349616
24066|0|71562|06/01/2024 00:41:20||7720|17071365824|44654770832
24089|0|12088|06/01/2024 00:50:32||7168|1254869096|1572315312
23024|0|78684|05/01/2024 17:35:55||33245|6723693632|7957551760
22531|0|84330|05/01/2024 14:14:37||45323|13537181896|13952847376
23907|0|32459|05/01/2024 23:39:51||11409|1962180160|2021655088
23533|0|95702|05/01/2024 20:53:13||21407|45285430696|92899589000
22660|0|56872|05/01/2024 15:03:16||42404|64334750328|162291377728
24269|0|55279|06/01/2024 02:11:31||2309|960104000|1293565104
24160|0|55644|06/01/2024 01:34:55||4505|994356400|1094138704
22576|0|40283|05/01/2024 14:36:32||44008|2419171216|3541613144
22577|0|50061|05/01/2024 14:34:16||44144|9216356000|11219248760
23205|0|83758|05/01/2024 18:45:00||29100|10877229680|12422507664
23235|0|41227|05/01/2024 18:55:48||28452|826745552|1046804912
23730|0|90699|05/01/2024 22:11:44||16696|927230952|977418312
23775|0|94788|05/01/2024 22:35:07||15293|8233452544|10792833480
24107|0|95901|06/01/2024 01:04:03||6357|185011968|222278376
24241|0|81789|06/01/2024 02:08:48||2472|62672112|69710624
23206|0|21114|05/01/2024 18:44:20||29140|1001825672|1198725720
22693|0|67461|05/01/2024 15:14:56||41704|517291528|687258784
22623|0|42912|05/01/2024 14:56:04||42836|4014474312|5295687312
24270|0|46995|06/01/2024 02:12:32||2248|134588920|179476864
23365|0|90959|05/01/2024 19:43:33||25587|3227334960|4118297728
23864|0|71511|05/01/2024 23:14:15||12945|6226674368|7414471832
23534|0|23395|05/01/2024 20:52:45||21435|1398615184|1737951952
22959|0|47737|05/01/2024 17:05:10||35090|5327632248|7077418824
23207|0|65095|05/01/2024 18:41:43|06/01/2024 02:46:08|29065|414286720|453970600
22826|0|26346|05/01/2024 16:13:00||38220|3832801976|5034902336
22555|0|86009|05/01/2024 14:24:05||44755|10108209320|15088499760
23106|0|86823|05/01/2024 18:03:08||31612|5148214176|6739444016
23685|0|83405|05/01/2024 21:58:51||17469|1528812984|1568663472
23865|0|4972|05/01/2024 23:19:03||12657|3884614656|5243913008
24242|0|92212|06/01/2024 02:09:26||2434|335391688|465160216
24067|0|85291|06/01/2024 00:45:42||7458|473270080|561310896
21965|0|53429|05/01/2024 10:15:34||59666|17870507208|18201422112
23993|0|55486|06/01/2024 00:16:28||9212|2223540048|2335170600
22887|0|28617|05/01/2024 16:38:33||36687|2685240848|3839738776
23587|0|17728|05/01/2024 21:11:44||20296|1975780480|2141566240
22480|0|74386|05/01/2024 13:52:42||46638|7455657952|7479201136
23837|0|87954|05/01/2024 23:06:45||13395|5431347536|6529714128
23655|0|65088|05/01/2024 21:43:56||18364|879672216|1310880104
24271|0|46218|06/01/2024 02:12:34||2246|22551424|29783632
23208|0|64998|05/01/2024 18:49:04||28856|10038467488|14342893512
24293|0|65987|06/01/2024 02:24:02||1558|1456968264|3436510664
23421|0|76428|05/01/2024 20:06:21||24219|7602168600|11248574888
23633|0|50225|05/01/2024 21:36:14||18826|81293952024|176643662640
23566|0|82516|05/01/2024 21:06:30||20610|5666325320|7590132672
23392|0|25789|05/01/2024 19:54:29||24931|5851259504|5966536656
23366|0|65370|05/01/2024 19:42:43||25637|4231330624|6074367648
24272|0|66200|06/01/2024 02:17:02||1978|458171952|479457360
23933|0|67216|05/01/2024 23:46:14||11026|6221347096|6474177704
23686|0|62249|05/01/2024 21:58:08||17512|1368287280|1548916880
23287|0|93244|05/01/2024 19:16:56||27184|6738618600|7600713096
22827|0|27932|05/01/2024 16:14:49||38111|5948437984|5966005936
23747|0|48483|05/01/2024 22:28:00||15720|298628752|350348888
23748|0|6966|05/01/2024 22:24:03||15957|50400921480|121448245664
23058|0|35699|05/01/2024 17:49:35||32425|6482174384|6885893672
24040|0|42383|06/01/2024 00:38:07||7913|888963856|917144848
22625|0|44017|05/01/2024 14:57:20||42760|15730158488|18637006824
23512|0|17172|05/01/2024 20:44:19||21941|4315898936|5184049496
22389|0|47698|05/01/2024 13:12:08|06/01/2024 02:49:38|49050|5956562104|8921904432
24243|0|84443|06/01/2024 02:09:45||2415|17922176|19472288
23445|0|42168|05/01/2024 20:16:07||23633|6621475336|8679960696
24014|0|27211|06/01/2024 00:25:47||8653|560907152|685072088
22130|0|39988|05/01/2024 11:28:32||55288|111741462944|213394733912
24294|0|99120|06/01/2024 02:26:45||1395|88589376|107720112
24015|0|23892|06/01/2024 00:26:30||8610|1294873856|1479736832
23588|0|29580|05/01/2024 21:13:53||20167|1970808656|2454176136
23484|0|21722|05/01/2024 20:34:49||22511|3562291816|5267316704
23027|0|61125|05/01/2024 17:35:18||33282|4390392976|4999539320
22979|0|12956|05/01/2024 17:11:13||34727|9344416224|13394887144
23348|0|22794|05/01/2024 19:34:37||26123|7562249784|9576952544
24194|0|81020|06/01/2024 01:46:28||3812|686820648|966677056
22626|0|97158|05/01/2024 14:56:19||42821|12432979312|12721414776
23107|0|92824|05/01/2024 18:09:18||31242|40424911824|110254837008
23908|0|54461|05/01/2024 23:30:57||11943|4694915912|5469218104
22482|0|75069|05/01/2024 13:56:01||46439|1919033280|2024602488
23731|0|92593|05/01/2024 22:17:46||16334|2960503752|3623253320
23934|0|35495|05/01/2024 23:40:59||11341|1260291024|1619230704
22298|0|21866|05/01/2024 12:32:42||51438|2303713408|1449375392
23288|0|13901|05/01/2024 19:14:15||27345|707016952|923720648
23749|0|31852|05/01/2024 22:23:18||16002|3593717160|4527997544
23732|0|71131|05/01/2024 22:16:20||16420|27292447360|65514057848
24244|0|32354|06/01/2024 02:01:53||2887|521814616|549139952
24090|0|45060|06/01/2024 00:59:09||6651|1917100008|2371109712
23422|0|39654|05/01/2024 20:04:02||24358|4123143016|5580328848
22889|0|79668|05/01/2024 16:38:11||36709|3544230112|4268602528
22694|0|68311|05/01/2024 15:15:31||41669|1686050520|2446329896
22772|0|53738|05/01/2024 15:44:19||39941|9423395584|10263152688
23059|0|24447|05/01/2024 17:40:31||32969|87088688192|259275366016
22299|0|99612|05/01/2024 12:30:50||51550|16600870520|18256855352
22413|0|11302|05/01/2024 13:28:30||48090|23814196728|26396894464
22158|0|18160|05/01/2024 11:36:50||54790|160499585168|361576168168
24322|0|17446|06/01/2024 02:39:54||606|130471152|154474216
23776|0|96844|05/01/2024 22:31:37||15503|1446898616|1455803640
22961|0|95806|05/01/2024 17:04:19||35141|6279536648|6919321136
23909|0|19015|05/01/2024 23:38:48||11472|7481715592|8748789720
22132|0|50746|05/01/2024 11:25:38||55462|3966205936|4355709888
23513|0|49696|05/01/2024 20:40:17||22183|10529655824|15263730784
24126|0|72187|06/01/2024 01:12:57||5823|46802992|61358456
22720|0|62869|05/01/2024 15:21:23||41317|3342989480|4227045672
23994|0|98794|06/01/2024 00:18:11||9109|1171864264|1283010320
23209|0|34950|05/01/2024 18:49:27||28833|9526546256|10724690416
22721|0|30638|05/01/2024 15:26:08||41032|21308876808|25829842936
24161|0|78096|06/01/2024 01:33:51||4569|1128352672|1275071960
23485|0|98179|05/01/2024 20:38:39||22281|1926845880|2881723312
22201|0|74441|05/01/2024 11:53:27||53793|12014249944|12205905160
23423|0|68984|05/01/2024 20:06:39||24201|89118721184|200331037928
24273|0|34272|06/01/2024 02:18:52||1868|494441544|505086296
23184|0|44387|05/01/2024 18:38:47||29473|266949240|313484440
24068|0|61060|06/01/2024 00:47:28||7352|2232406320|3344781744
21899|0|86250|05/01/2024 09:48:50|06/01/2024 02:40:09|60679|13838477616|19525786536
24323|0|57795|06/01/2024 02:31:55||1085|20346288|29514488
23321|0|72000|05/01/2024 19:26:49||26591|3551538920|5170067264
23289|0|43550|05/01/2024 19:12:31||27449|4995991008|7053109144
23656|0|7412|05/01/2024 21:43:37||18383|1516439144|2124710336
22853|0|39394|05/01/2024 16:27:19||37361|5245342296|6859479792
22828|0|57150|05/01/2024 16:14:06||38154|8503307072|11143325840
22484|0|44803|05/01/2024 13:50:05||46795|58526210744|41360171624
23108|0|29749|05/01/2024 18:06:06||31434|73005492616|143625440264
24108|0|8206|06/01/2024 01:01:20||6520|2064935256|2178514328
22773|0|57836|05/01/2024 15:49:59||39601|71165294904|205302859880
24016|0|29885|06/01/2024 00:28:44||8476|911867200|1048263144
24091|0|87579|06/01/2024 00:50:08||7192|256059808|355279048
24222|0|57716|06/01/2024 01:50:47||3553|8610469272|19507821192
23322|0|13118|05/01/2024 19:22:37||26843|10540591208|12486232432
23910|0|54472|05/01/2024 23:35:34||11666|6813744840|7584223136
22176|0|93213|05/01/2024 11:43:10||54410|5508654624|7290475488
23395|0|37978|05/01/2024 19:52:55||25025|3260591320|3309011712
24223|0|56631|06/01/2024 01:50:29||3571|1781491984|1812562424
24127|0|58941|06/01/2024 01:13:17||5803|910823728|1327498592
23658|0|86335|05/01/2024 21:42:14||18466|5491777776|5763332776
23396|0|51521|05/01/2024 19:54:44||24916|9851999584|11522438296
23777|0|75669|05/01/2024 22:37:07||15173|18035857088|34464982616
23751|0|16540|05/01/2024 22:29:39||15621|5656574992|7048890024
23062|0|14219|05/01/2024 17:49:44||32416|1778180856|2456139272
23607|0|57735|05/01/2024 21:27:30||19350|2979166624|4090947416
24245|0|34214|06/01/2024 02:02:33||2847|662367376|903682008
24017|0|28587|06/01/2024 00:20:58||8942|520813728|640928832
22890|0|35091|05/01/2024 16:33:44||36976|2478898232|3453199304
24295|0|28106|06/01/2024 02:24:09||1551|2370101560|6891502072
22434|0|61191|05/01/2024 13:37:56||47524|18147336688|24537484040
22414|0|53326|05/01/2024 13:23:54|06/01/2024 02:46:39|48165|6893360680|7253846432
23706|0|13013|05/01/2024 22:09:04||16856|2899737512|3176944504
23974|0|41544|06/01/2024 00:03:54||9966|10653496|13231568
22301|0|29237|05/01/2024 12:32:59||51421|7304691840|8081380984
23752|0|7998|05/01/2024 22:27:45||15735|1669328360|2363775688
22695|0|66081|05/01/2024 15:16:02||41638|87264681432|214311112784
22910|0|30404|05/01/2024 16:43:55||36365|3657064288|4338339016
24195|0|24453|06/01/2024 01:41:55||4085|726752168|836336104
23186|0|9336|05/01/2024 18:36:38||29602|16550572160|23973845064
23291|0|61717|05/01/2024 19:19:41||27019|2381376024|3015105064
21900|0|27698|05/01/2024 09:43:07||61613|6728799680|7789199696
23162|0|70213|05/01/2024 18:25:25||30275|6413198656|8249076928
24296|0|85692|06/01/2024 02:21:20||1720|1220893472|1254223064
23659|0|83186|05/01/2024 21:42:41||18439|1152395376|1555821328
23911|0|50917|05/01/2024 23:38:31||11489|1005904752|1409368736
23468|0|14517|05/01/2024 20:22:02||23278|3428296856|4837627608
22225|0|41963|05/01/2024 12:05:00||53100|2954821360|3876193360
22797|0|96647|05/01/2024 15:59:18||39042|14938831680|18665721512
22226|0|30781|05/01/2024 12:03:34||53186|1164287560|1617735776
22930|0|36760|05/01/2024 16:57:31||35549|6234909872|7619249688
24246|0|84541|06/01/2024 02:05:23||2677|334569008|359223528
23424|0|94050|05/01/2024 20:03:47||24373|3160762032|3405563312
23660|0|21356|05/01/2024 21:49:08||18052|661903736|905337632
23469|0|71749|05/01/2024 20:20:15||23385|2046304368|2558635040
21985|0|44585|05/01/2024 10:22:37||59243|35516926912|44842667992
23778|0|17619|05/01/2024 22:39:56||15004|1943681744|2012321112
22602|0|67169|05/01/2024 14:42:00||43680|11801099144|16639401232
23262|0|47248|05/01/2024 19:01:36||28104|5816911224|7449361504
24162|0|71854|06/01/2024 01:37:42||4338|824442944|1184375392
24042|0|91279|06/01/2024 00:30:27||8373|512298696|732424416
22032|0|39360|05/01/2024 10:43:52||57968|8798158976|11677202344
22665|0|15334|05/01/2024 15:08:09||42111|6409376104|7912238288
23568|0|11766|05/01/2024 21:01:03||20937|4221869528|4587964640
23236|0|7757|05/01/2024 18:55:33||28467|2420741496|3536323840
23733|0|11701|05/01/2024 22:15:09||16491|884240120|1034682600
23187|0|12379|05/01/2024 18:33:07||29813|596608456|755906920
24348|0|79809|06/01/2024 02:48:05||115|11629816|11850456
23707|0|94316|05/01/2024 22:00:51||17349|4460261712|5243782952
23063|0|42553|05/01/2024 17:43:37||32783|28324268904|34095600464
24247|0|18158|06/01/2024 02:04:37||2723|1263740688|1406456088
24140|0|32978|06/01/2024 01:23:56||5164|1163786152|1579531144
21679|0|86976|05/01/2024 08:04:56||67504|10504520688|14828462736
23425|0|73600|05/01/2024 20:01:58||24482|8224376896|9441642632
23912|0|24156|05/01/2024 23:32:29||11851|2620297728|2841897776
22133|0|43115|05/01/2024 11:26:43||55397|3844861272|5764611872
22962|0|75722|05/01/2024 17:04:48||35112|1512424008|2261956624
24224|0|44099|06/01/2024 01:51:15||3525|233928704|243854960
21824|0|63807|05/01/2024 09:06:37||63803|26789704032|36638690360
23004|0|53471|05/01/2024 17:27:25||33755|117490616992|265956937320
23397|0|10213|05/01/2024 19:51:09||25131|5632685432|6504714120
23779|0|89917|05/01/2024 22:31:01||15539|1777969952|2052296936
24128|0|63274|06/01/2024 01:13:57||5763|543688168|786421128
23488|0|87567|05/01/2024 20:31:34||22706|7883707456|8629895048
22110|0|52904|05/01/2024 11:15:14||56086|10707718040|15668030528
23398|0|93717|05/01/2024 19:51:52||25088|4777962792|6713555264
22829|0|75895|05/01/2024 16:13:55||38165|61290722960|179539418336
22013|0|33346|05/01/2024 10:30:37||58763|9405429496|12447340656
23956|0|76496|05/01/2024 23:50:37||10763|2459538808|2588188000
23734|0|86562|05/01/2024 22:14:16||16544|1966259936|2651147312
22417|0|56019|05/01/2024 13:22:56||48424|5962046152|6918255392
23839|0|71391|05/01/2024 23:09:21||13239|3575179224|3843493576
23661|0|43500|05/01/2024 21:49:47||18013|4527666512|6343241264
22533|0|49081|05/01/2024 14:18:04||45116|6453965728|8185768424
24043|0|79189|06/01/2024 00:31:16||8324|539030136|662963736
23470|0|86389|05/01/2024 20:25:47||23053|4036779288|4723584992
21561|0|71014|05/01/2024 07:17:44||70336|18366076368|19294902024
22274|0|55177|05/01/2024 12:22:04||52076|9511277896|10696126512
23995|0|84127|06/01/2024 00:12:07||9473|3144107136|3767497848
23079|0|87607|05/01/2024 17:55:33||32067|14370649632|19394355672
23569|0|72601|05/01/2024 21:02:53||20827|2563650080|3323783616
24248|0|13824|06/01/2024 02:01:10||2930|2255953952|2599098560
23635|0|43954|05/01/2024 21:30:21||19179|1453789192|2001375912
23890|0|48931|05/01/2024 23:28:03||12117|253775096|262599408
24092|0|98663|06/01/2024 00:51:58||7082|946809984|1253477064
24044|0|83148|06/01/2024 00:30:22||8378|1365675744|1665473464
22981|0|60102|05/01/2024 17:16:32||34408|4830425328|5906697608
23237|0|90954|05/01/2024 18:55:38||28462|2005438936|2151874216
22253|0|61005|05/01/2024 12:13:52||52568|4563162808|5259149928
22982|0|41578|05/01/2024 17:19:10||34250|2449738344|3309235784
23064|0|16468|05/01/2024 17:42:39||32841|3578183312|4070498352
23709|0|35705|05/01/2024 22:06:00||17040|3817356040|4462791752
23471|0|42723|05/01/2024 20:23:46||23174|3446684384|4300100400
22391|0|67239|05/01/2024 13:14:39||48921|21500295216|24015760048
24324|0|61728|06/01/2024 02:34:20||940|23293224|30928648
23957|0|93069|05/01/2024 23:57:06||10374|254484232|274852328
24018|0|57132|06/01/2024 00:29:38||8422|27092557192|58920476000
23323|0|15806|05/01/2024 19:23:44||26776|8755182072|9821512272
23802|0|68077|05/01/2024 22:41:42||14898|22435618440|57451642936
21757|0|58966|05/01/2024 08:34:28||65732|22161608064|25578749312
23608|0|70292|05/01/2024 21:24:42||19518|5013213936|6963880008
23754|0|26325|05/01/2024 22:26:24||15816|2531367360|3407912168
24325|0|95355|06/01/2024 02:36:37||803|5239288|7634592
23866|0|64575|05/01/2024 23:12:29||13051|11383636664|11611782912
23427|0|18394|05/01/2024 20:01:36|06/01/2024 02:43:34|24118|3675068032|5135677256
22628|0|27239|05/01/2024 14:50:27||43173|7808328040|9977699256
23913|0|62292|05/01/2024 23:35:08||11692|83646936|94851624
23867|0|35329|05/01/2024 23:18:43||12677|9702781248|10242680424
23080|0|59834|05/01/2024 17:51:49||32291|11761852504|12875429568
22111|0|48439|05/01/2024 11:17:26||55954|28852660952|41531917256
23188|0|39373|05/01/2024 18:34:57||29703|3983609168|4241841632
23780|0|32108|05/01/2024 22:33:32||15388|3429730304|4830636904
22667|0|48001|05/01/2024 15:07:04||42176|29815203480|61435567232
24070|0|35862|06/01/2024 00:41:21||7719|2235420600|2503801448
22933|0|68986|05/01/2024 16:52:23||35857|52994074304|123770285504
22227|0|38590|05/01/2024 12:00:17||53383|39086737944|23483327408
23710|0|39713|05/01/2024 22:03:47||17173|67102505640|147650987360
22984|0|16348|05/01/2024 17:19:38||34222|10123252744|11076885864
24249|0|57503|06/01/2024 02:06:16||2624|2434472784|2937358104
23868|0|7251|05/01/2024 23:16:26||12814|15523754672|33576132496
24129|0|46611|06/01/2024 01:12:19||5861|497396496|538556208
24130|0|39968|06/01/2024 01:13:42||5778|511960200|681163248
23292|0|37225|05/01/2024 19:15:53||27247|1443929984|1923902552
23781|0|85434|05/01/2024 22:38:32||15088|1462271992|1559693272
24163|0|45237|06/01/2024 01:34:22||4538|426917088|508988600
22912|0|88937|05/01/2024 16:42:46||36434|2355360720|2483463896
23324|0|70307|05/01/2024 19:20:12||26988|55378137600|137309926424
24141|0|37568|06/01/2024 01:22:45||5235|1260120632|1805711768
24109|0|95683|06/01/2024 01:09:57||6003|491489968|708300496
23110|0|44964|05/01/2024 18:09:12||31248|10560036920|15790984496
23537|0|19376|05/01/2024 20:55:51||21249|10290212792|11557025184
23538|0|79861|05/01/2024 20:56:44||21196|3779806888|4584886136
23869|0|41207|05/01/2024 23:14:47||12913|3581132120|3647866664
23609|0|43370|05/01/2024 21:29:56||19204|1432792520|1679596008
23755|0|82182|05/01/2024 22:29:42||15618|1279184608|1735584768
23399|0|47033|05/01/2024 19:54:01||24959|13831732464|17838210928
23065|0|88450|05/01/2024 17:46:00||32640|5847235840|7192819800
23570|0|48735|05/01/2024 21:01:09||20931|15534622936|19044819624
23111|0|11534|05/01/2024 18:07:31||31349|12775170152|17851652352
24046|0|30265|06/01/2024 00:36:43||7997|510432616|615227936
23066|0|37567|05/01/2024 17:49:30||32430|16910231440|17862633720
23539|0|8811|05/01/2024 20:58:51||21069|2837523768|3285368024
23082|0|31543|05/01/2024 17:59:59||31801|5486360104|6218325240
23238|0|93993|05/01/2024 18:57:18||28362|5201909384|6931621656
22136|0|60296|05/01/2024 11:22:46||55634|7044764864|7197395264
24349|0|6248|06/01/2024 02:41:12||528|130676672|141703792
23975|0|61686|06/01/2024 00:07:41||9739|3730071360|3824087168
21904|0|14541|05/01/2024 09:49:19||61241|2456841136|3677208928
22229|0|31636|05/01/2024 12:04:42||53118|15210326128|18039441200
22137|0|48607|05/01/2024 11:27:38||55342|11774109416|13155117200
22393|0|80363|05/01/2024 13:11:38||49102|4102415448|4869045872
23636|0|82385|05/01/2024 21:36:54||18786|1250013752|1383272168
23112|0|83497|05/01/2024 18:03:40||31580|17904968984|19213739208
22557|0|9107|05/01/2024 14:22:38||44842|3020043792|3780067688
24350|0|12065|06/01/2024 02:41:02||538|26245256|38672192
22854|0|35733|05/01/2024 16:21:27||37713|493433640|534858224
22207|0|98856|05/01/2024 11:59:27||53433|16328728552|17510110192
23326|0|7143|05/01/2024 19:22:22||26858|6253961864|8238665672
22696|0|44658|05/01/2024 15:18:48||41472|2966035624|3900170352
23782|0|80125|05/01/2024 22:35:51||15249|2361556600|2728481400
22668|0|86828|05/01/2024 15:08:25||42095|18025900344|22462760712
21986|0|69201|05/01/2024 10:24:14||59146|31494792376|44980121976
24110|0|59526|06/01/2024 01:01:20||6520|2258632816|2733316152
22512|0|26828|05/01/2024 14:08:07||45713|11302004248|14213708672
23783|0|89721|05/01/2024 22:37:57||15123|1232619000|1630908512
22855|0|37861|05/01/2024 16:27:22||37358|1732418792|2049775672
23870|0|65772|05/01/2024 23:13:29||12991|2349245248|2428770088
23711|0|54961|05/01/2024 22:07:40||16940|26754325968|55036059032
23871|0|85011|05/01/2024 23:17:42||12738|1221879528|1640447184
23211|0|56604|05/01/2024 18:42:47||29233|5847849440|7174790488
22985|0|41364|05/01/2024 17:19:21||34239|10842650616|13284451488
22256|0|95872|05/01/2024 12:11:04||52736|9316645072|12389228872
23735|0|10802|05/01/2024 22:12:47||16633|53240936504|147222313936
23610|0|6670|05/01/2024 21:25:54||19446|9932011728|13022353896
23190|0|44731|05/01/2024 18:34:34||29726|590684328|663669632
24326|0|27027|06/01/2024 02:33:18||1002|52529560|53508848
23367|0|81072|05/01/2024 19:41:14||25726|2877993296|3360513904
24327|0|29554|06/01/2024 02:30:14||1186|23905552|33561904
23736|0|36455|05/01/2024 22:11:45||16695|41977570400|84030328120
22163|0|67867|05/01/2024 11:37:51||54729|1169890208|1499462400
24142|0|9349|06/01/2024 01:25:12||5088|2164211536|2514406616
22986|0|19087|05/01/2024 17:15:36||34464|52736216088|139331636456
22747|0|4771|05/01/2024 15:38:21||40299|1184462000|1559390200
24047|0|89278|06/01/2024 00:33:21||8199|3936494688|5426514640
23891|0|61032|05/01/2024 23:22:34||12446|7774160336|10624810312
23006|0|8632|05/01/2024 17:22:48||34032|54939725512|31110232304
23662|0|33062|05/01/2024 21:48:23||18097|54222598184|103592533112
24143|0|93666|06/01/2024 01:29:45||4815|448050976|665493416
22346|0|90653|05/01/2024 12:57:49||49931|7435534448|10027190888
23030|0|30292|05/01/2024 17:37:55||33125|96679444368|272695009648
23240|0|73668|05/01/2024 18:58:14||28306|3696742464|4483801120
23840|0|85081|05/01/2024 23:06:11||13429|8150816632|8361982456
23067|0|5529|05/01/2024 17:43:05||32815|19776330616|27365229424
23841|0|43678|05/01/2024 23:00:07||13793|4688923488|5403682616
22697|0|92618|05/01/2024 15:13:36||41784|7908417800|8448979344
23083|0|16948|05/01/2024 17:59:05||31855|8875196000|10831874072
22208|0|65210|05/01/2024 11:58:36||53484|9132091872|12065283560
23212|0|83558|05/01/2024 18:42:18||29262|16411129016|20712087648
23687|0|27019|05/01/2024 21:58:37||17483|923776960|1229230544
22059|0|57080|05/01/2024 10:59:47||57013|19890819160|28362248424
23368|0|29753|05/01/2024 19:40:39||25761|11561102264|11694302408
24164|0|57413|06/01/2024 01:36:22||4418|403533240|592812624
22630|0|79350|05/01/2024 14:56:22||42818|5349295584|6952592920
24019|0|45092|06/01/2024 00:23:36||8784|1345118080|1720438192
23996|0|65483|06/01/2024 00:14:40||9320|574623816|777556808
24274|0|71539|06/01/2024 02:11:39||2301|27870600|29410960
23213|0|97039|05/01/2024 18:42:16||29264|2626914008|3068900000
22916|0|35168|05/01/2024 16:42:01||36479|62260211968|143557054984
23447|0|88489|05/01/2024 20:16:03||23637|16290411704|19539985160
22798|0|60223|05/01/2024 15:54:35||39325|463362816|566525008
22748|0|84365|05/01/2024 15:39:26||40234|6603670448|9882684048
23663|0|70536|05/01/2024 21:42:17||18463|689916400|858891728
21905|0|38170|05/01/2024 09:47:18||61362|7903171976|10689412536
21927|0|9192|05/01/2024 09:51:03||61137|7072619624|7663882024
23872|0|86032|05/01/2024 23:10:18||13182|5193314376|5941462296
23914|0|82954|05/01/2024 23:34:51||11709|140392832|144845368
22582|0|42570|05/01/2024 14:38:16||43904|4387610120|5146848224
23842|0|14794|05/01/2024 23:06:33||13407|3099260728|3320705560
23611|0|61799|05/01/2024 21:26:00||19440|3744998744|5537258000
24048|0|27940|06/01/2024 00:31:45||8295|23822391992|47802213472
24196|0|20383|06/01/2024 01:40:55||4145|2010590968|2362264416
23113|0|59942|05/01/2024 18:04:44||31516|11638913904|12611261472
24275|0|58552|06/01/2024 02:11:09||2331|82633800|116971816
24297|0|9532|06/01/2024 02:28:44||1276|303963264|384269536
23688|0|83741|05/01/2024 21:59:57||17403|807781544|856527112
24351|0|62691|06/01/2024 02:41:33||507|60580920|67649176
24197|0|10527|06/01/2024 01:48:40||3680|2540103280|3234611024
24298|0|56666|06/01/2024 02:29:31||1229|3154268184|7800913376
23958|0|48068|05/01/2024 23:57:54||10326|564466056|682598640
23264|0|58379|05/01/2024 19:06:53||27787|2986878304|3869083664
23737|0|11226|05/01/2024 22:18:08||16312|1972117144|2915014920
23892|0|91832|05/01/2024 23:26:45||12195|2471905248|3014361680
24328|0|43601|06/01/2024 02:33:51||969|1810485400|4586812640
22513|0|32541|05/01/2024 14:07:47||45733|5371310432|6015073040
23293|0|64323|05/01/2024 19:17:34||27146|3825120008|5314409848
24276|0|53508|06/01/2024 02:16:37||2003|457688552|494220648
23803|0|11314|05/01/2024 22:43:29||14791|89095617240|60098701656
23114|0|47866|05/01/2024 18:03:13||31607|7443125144|9524472792
24144|0|87992|06/01/2024 01:29:40||4820|77094560|87174016
23959|0|68764|05/01/2024 23:55:47||10453|4471301080|5084723128
23216|0|53519|05/01/2024 18:44:14||29146|2100446128|2170396160
24277|0|94015|06/01/2024 02:14:30||2130|4115590744|8710640456
22360|0|40656|05/01/2024 13:08:29||49291|30296855408|39987151088
24198|0|23651|06/01/2024 01:40:50||4150|7742445832|19106697104
23712|0|67809|05/01/2024 22:06:11||17029|4476570424|5296393720
22726|0|8061|05/01/2024 15:20:15||41385|12064098872|14649706024
23873|0|71910|05/01/2024 23:10:56||13144|4343425200|5903089616
23139|0|62164|05/01/2024 18:12:32||31048|2177429688|3050883304
23472|0|19078|05/01/2024 20:22:13||23267|6427191544|7524826616
23689|0|75327|05/01/2024 21:52:05||17875|7647260288|4674843168
24299|0|86790|06/01/2024 02:25:53||1447|225683824|233737480
21944|0|82616|05/01/2024 10:02:29||60451|6298352328|9297470856
23294|0|91568|05/01/2024 19:12:38||27442|1103368128|1197384160
23589|0|67632|05/01/2024 21:10:34||20366|5345747144|5870252872
23612|0|15996|05/01/2024 21:20:27||19773|2956497216|3693824032
23844|0|37926|05/01/2024 23:01:16||13724|4476046968|6186301912
24225|0|65288|06/01/2024 01:51:13||3527|5317322800|2900564496
22606|0|69206|05/01/2024 14:41:57||43683|108649680|133988768
23976|0|61352|06/01/2024 00:02:43||10037|593366560|817688056
23757|0|74822|05/01/2024 22:21:59||16081|3306261144|3837598976
23295|0|41338|05/01/2024 19:19:02||27058|2310851008|3106779336
23638|0|81786|05/01/2024 21:39:16||18644|1116456016|1573732232
22857|0|9849|05/01/2024 16:21:29||37711|7991860760|8930149608
22558|0|43917|05/01/2024 14:25:32||44668|4440268472|5795253328
23400|0|12454|05/01/2024 19:52:43||25037|3695832712|5410921264
23449|0|29916|05/01/2024 20:19:52||23408|174995888|246681392
22894|0|56045|05/01/2024 16:39:25||36635|4879237368|5757288240
23401|0|65470|05/01/2024 19:57:56||24724|4390483240|6148121480
23165|0|47842|05/01/2024 18:26:48||30192|2791719832|2965828752
23402|0|89835|05/01/2024 19:50:21||25179|35658156696|103754799304
23664|0|14050|05/01/2024 21:42:41||18439|2323996208|2634338608
23935|0|77537|05/01/2024 23:44:37||11123|1834171312|1926256592
23613|0|43170|05/01/2024 21:25:34||19466|936228088|1383782488
23217|0|94290|05/01/2024 18:48:21||28899|2752219224|3531725056
24250|0|86003|06/01/2024 02:09:02||2458|172122520|223255120
23241|0|25240|05/01/2024 18:55:17||28483|337786440|402401680
23115|0|8563|05/01/2024 18:09:24||31236|1605206368|1809720136
23614|0|83949|05/01/2024 21:24:40||19520|3406470888|4631410584
21945|0|72067|05/01/2024 10:02:51||60429|140541899280|360988088840
21837|0|58849|05/01/2024 09:11:38||63502|6119911160|7332332440
24111|0|66006|06/01/2024 01:04:54||6306|3386827216|2204510808
23590|0|74201|05/01/2024 21:17:27||19953|4553749672|5662023960
23369|0|40546|05/01/2024 19:43:13||25607|34543505496|77778814680
22936|0|13713|05/01/2024 16:53:12||35808|6257607192|7724686560
22833|0|21276|05/01/2024 16:13:41||38179|8424316752|11921741136
22179|0|45990|05/01/2024 11:48:07||54113|16317283352|22069203344
22895|0|51323|05/01/2024 16:31:23||37117|3488832696|3887909816
23515|0|10910|05/01/2024 20:49:19||21641|5807667160|8330596808
24300|0|24553|06/01/2024 02:26:53||1387|80204592|93090296
23784|0|30620|05/01/2024 22:33:55||15365|5282588064|6295631624
24145|0|6761|06/01/2024 01:24:20||5140|3033269416|4340265320
23328|0|33055|05/01/2024 19:29:14||26446|5114083192|7553638256
22260|0|9222|05/01/2024 12:11:10||52730|17122623312|20046490224
21879|0|98043|05/01/2024 09:37:48||61932|10271391496|12489018696
24352|0|81657|06/01/2024 02:41:53||487|1176713488|2961747760
23540|0|12811|05/01/2024 20:57:16||21164|51830650744|122948020352
23825|0|94733|05/01/2024 22:56:07||14033|3517296328|5147814216
24131|0|78144|06/01/2024 01:14:44||5716|2485461216|3183881448
23639|0|91772|05/01/2024 21:33:59||18961|1415641088|1936735632
23141|0|19018|05/01/2024 18:14:09||30951|2127358584|2942536952
22015|0|85709|05/01/2024 10:34:05|06/01/2024 02:47:29|58404|9903300144|11349678584
22834|0|50805|05/01/2024 16:15:39||38061|6320786944|7841568032
21988|0|78465|05/01/2024 10:22:43||59237|25472447840|31602048296
23541|0|26143|05/01/2024 20:53:54||21366|18147079128|24210110632
24049|0|12302|06/01/2024 00:39:45||7815|1426203432|1504335064
22633|0|84612|05/01/2024 14:56:49||42791|253907376|364784408
22322|0|45404|05/01/2024 12:48:10||50510|2436152864|2997364440
24251|0|84432|06/01/2024 02:08:38||2482|2718757384|3311047736
22016|0|29307|05/01/2024 10:35:45||58455|4603282344|5847658896
24301|0|4384|06/01/2024 02:29:44||1216|35687208|47687392
23219|0|34139|05/01/2024 18:42:57||29223|614126232|902050720
22306|0|30142|05/01/2024 12:33:37||51383|10690690464|15064309888
22835|0|43549|05/01/2024 16:15:42||38058|2897389104|2976563736
22799|0|97623|05/01/2024 15:52:10||39470|18468844904|21675061312
22672|0|60631|05/01/2024 15:09:49||42011|16542020752|18315774904
22347|0|40430|05/01/2024 12:55:28||50072|20419527888|26000856344
22860|0|34505|05/01/2024 16:25:19||37481|30540854752|21321533784
23785|0|56536|05/01/2024 22:38:54||15066|6825112680|6957709160
22234|0|34348|05/01/2024 12:06:41||52999|18709718936|18828516456
23266|0|93688|05/01/2024 19:09:26||27634|956783456|1205530632
22607|0|72343|05/01/2024 14:43:32||43588|79082109864|164622706912
23069|0|95799|05/01/2024 17:49:24||32436|8971152832|11387611184
24093|0|75281|06/01/2024 00:58:55||6665|3327297240|4793661200
21880|0|53564|05/01/2024 09:33:16||62204|12176947320|15724193152
23490|0|98714|05/01/2024 20:38:36||22284|4084010312|4888430768
23191|0|69650|05/01/2024 18:34:10||29750|3223218928|4042683512
23329|0|5505|05/01/2024 19:22:12||26868|3543148592|5078116536
23370|0|41935|05/01/2024 19:44:46||25514|29710793520|16090165424
22836|0|17769|05/01/2024 16:14:51||38109|12050744888|16590593976
23786|0|70705|05/01/2024 22:36:59||15181|10174900528|15178402888
22139|0|52901|05/01/2024 11:26:10|06/01/2024 02:40:38|54868|3542498848|5136686520
23542|0|63285|05/01/2024 20:57:54||21126|4028764216|4057556944
22086|0|13770|05/01/2024 11:06:33||56607|4500159336|6491062944
22348|0|46401|05/01/2024 12:57:46||49934|26450953608|36516064144
22586|0|54186|05/01/2024 14:34:15||44145|6035616728|7140846240
23591|0|82203|05/01/2024 21:17:19||19961|261249488|385542016
23516|0|16359|05/01/2024 20:40:53||22147|9176573584|12146599312
22063|0|83596|05/01/2024 10:54:46||57314|12922979512|17301474416
24302|0|5254|06/01/2024 02:28:31||1289|532428368|588590240
24165|0|16285|06/01/2024 01:33:23||4597|1128246440|1621399824
22938|0|57847|05/01/2024 16:55:13||35687|49435503648|113640114472
23428|0|80536|05/01/2024 20:03:15||24405|4563501344|6740583616
23031|0|26226|05/01/2024 17:31:29||33511|35277065392|25143540048
22323|0|18008|05/01/2024 12:41:23||50917|3532447600|4230531552
24050|0|98932|06/01/2024 00:39:53||7807|4108349328|5085329112
22990|0|59358|05/01/2024 17:19:54||34206|26230850784|60154425488
23804|0|46850|05/01/2024 22:42:16||14864|1850862360|1993444064
23372|0|30968|05/01/2024 19:45:22||25478|3247848160|3380418496
23267|0|63548|05/01/2024 19:08:58||27662|26633027664|19024102160
23895|0|69219|05/01/2024 23:21:39||12501|1045256168|1505180536
23544|0|32243|05/01/2024 20:53:13||21407|2677509704|3358195536
24132|0|30617|06/01/2024 01:14:52||5708|2608302288|3466654464
22800|0|97008|05/01/2024 15:59:53||39007|18471614016|23318589224
24252|0|43844|06/01/2024 02:00:36||2964|794289224|872412256
23296|0|97160|05/01/2024 19:16:04||27236|73390888|105838648
23827|0|60703|05/01/2024 22:54:30||14130|35026116152|96266500480
24051|0|81412|06/01/2024 00:31:04||8336|1672569088|2144068568
24199|0|21007|06/01/2024 01:48:45||3675|1946132424|2691882424
24146|0|83505|06/01/2024 01:21:24||5316|2563689616|3601174320
23896|0|77127|05/01/2024 23:21:15||12525|32481755848|96128629808
23787|0|76673|05/01/2024 22:30:23||15577|6893746752|10217526128
24303|0|15877|06/01/2024 02:21:54||1686|-174194272|-97347256
22364|0|21702|05/01/2024 13:03:19||49601|7490858752|9919612776
22141|0|54956|05/01/2024 11:26:47||55393|82728317104|213811381112
23874|0|6576|05/01/2024 23:11:54||13086|6083230504|7288827544
23473|0|27843|05/01/2024 20:21:02||23338|38731686048|88239192264
24200|0|27004|06/01/2024 01:41:38||4102|497947960|627217984
21863|0|10940|05/01/2024 09:29:15||62445|10234134440|14186866528
23404|0|87104|05/01/2024 19:58:27||24693|5153360112|5645228752
22278|0|60691|05/01/2024 12:25:22||51878|7723310520|9175047648
23008|0|95338|05/01/2024 17:21:06||34134|3229845904|4795094160
22918|0|15088|05/01/2024 16:43:08||36412|5186394792|7004114976
22939|0|17325|05/01/2024 16:55:44||35656|94519874664|234613455152
22324|0|87308|05/01/2024 12:43:53||50767|13184129456|19064731528
23405|0|40253|05/01/2024 19:51:12||25128|62069767984|162126915760
24329|0|16603|06/01/2024 02:37:00||780|14125496|16848928
24201|0|49136|06/01/2024 01:44:01||3959|515426712|563696488
21590|0|74773|05/01/2024 07:28:22||69698|156385982856|303927060328
22675|0|75484|05/01/2024 15:07:13||42167|12720584856|16177202672
22635|0|50462|05/01/2024 14:50:02||43198|6454193432|7837499824
23828|0|62763|05/01/2024 22:54:31||14129|673983912|940212832
22636|0|43894|05/01/2024 14:58:25||42695|3975957584|5098377112
23847|0|95778|05/01/2024 23:03:23||13597|2918885464|3594689280
22540|0|26577|05/01/2024 14:15:39||45261|6660501616|7132211456
22608|0|94159|05/01/2024 14:48:33||43287|11259918400|12858338128
22490|0|95768|05/01/2024 13:50:45||46755|62802519648|127573517368
22588|0|81698|05/01/2024 14:31:00||44340|4877467376|5796558664
22814|0|54623|05/01/2024 16:06:51||38589|13070829528|19563341488
23406|0|8801|05/01/2024 19:58:24||24696|13322594704|17400294368
23143|0|48966|05/01/2024 18:11:06||31134|12548644144|13066602848
23351|0|69320|05/01/2024 19:39:50||25810|4694522016|6352404304
24304|0|36119|06/01/2024 02:24:24||1536|525929024|651197800
24021|0|93094|06/01/2024 00:25:46||8654|1940322736|2596908616
23805|0|13942|05/01/2024 22:47:59||14521|22146851896|14549905064
23978|0|85887|06/01/2024 00:09:38||9622|7627892472|4706389808
22815|0|30353|05/01/2024 16:08:08|06/01/2024 02:49:48|38500|138564484048|306340740592
24305|0|74573|06/01/2024 02:20:06||1794|-567644632|-389400176
23297|0|34767|05/01/2024 19:19:01||27059|5600075040|5867592544
23220|0|87183|05/01/2024 18:44:58||29102|31564293048|39987002888
24353|0|18192|06/01/2024 02:40:23||577|17343072|20929632
24202|0|17620|06/01/2024 01:42:23||4057|264276720|392061944
23829|0|94145|05/01/2024 22:50:08||14392|7116465040|9742621272
23875|0|18959|05/01/2024 23:18:24||12696|8087701184|9045395208
23665|0|4931|05/01/2024 21:40:00||18600|1067125056|1325138344
23758|0|20625|05/01/2024 22:27:56||15724|10499119992|11097411816
22676|0|91768|05/01/2024 15:07:56||42124|3183500880|4095367808
22749|0|63732|05/01/2024 15:31:03||40737|17485147512|19437290232
24330|0|11739|06/01/2024 02:36:07||833|519756704|357994992
23517|0|46516|05/01/2024 20:41:03||22137|6721445768|8193028064
21686|0|28246|05/01/2024 08:03:06|06/01/2024 02:43:41|67235|20492952376|22360118920
24226|0|38175|06/01/2024 01:55:51||3249|1799120720|1842603776
22919|0|88454|05/01/2024 16:47:14||36166|9004557200|9829295904
23243|0|9410|05/01/2024 18:59:09||28251|2582150960|2843312736
22365|0|72638|05/01/2024 13:02:07||49673|21200303304|30812707576
22515|0|62436|05/01/2024 14:01:21||46119|7353569488|9220614080
22778|0|48440|05/01/2024 15:45:33||39867|24080382928|27704719568
24306|0|99379|06/01/2024 02:22:56||1624|16760280|19433664
23640|0|79532|05/01/2024 21:35:28||18872|5288650088|6282737248
23593|0|93769|05/01/2024 21:16:30||20010|2589100704|2896424616
23429|0|15025|05/01/2024 20:09:36||24024|13434513216|13778743400
22463|0|96673|05/01/2024 13:47:49||46931|2042735336|2261975920
23491|0|65443|05/01/2024 20:31:25||22715|2093569072|2969502360
22801|0|61359|05/01/2024 15:55:37||39263|9689924160|14522204552
23116|0|14926|05/01/2024 18:01:32||31708|14945140624|14982999360
23573|0|87069|05/01/2024 21:07:22||20558|51414529896|125842708752
22729|0|99310|05/01/2024 15:27:15||40965|7400420880|11029194448
22609|0|35837|05/01/2024 14:40:58||43742|4485015992|6615684592
24166|0|3906|06/01/2024 01:38:35||4285|976566408|1267124072
23474|0|28152|05/01/2024 20:25:10||23090|9246363832|9403679376
23451|0|17103|05/01/2024 20:18:51||23469|4746280584|6804072392
23144|0|53321|05/01/2024 18:15:11||30889|3947121960|5636353128
23192|0|48809|05/01/2024 18:38:34||29486|2915179568|3313372192
22991|0|11424|05/01/2024 17:12:44||34636|3938889320|5850079928
23193|0|66456|05/01/2024 18:34:10||29750|13441725416|15347305312
22366|0|4621|05/01/2024 13:02:22||49658|7413357616|10286996000
22089|0|48062|05/01/2024 11:07:14||56566|17790506960|26133455008
23475|0|64251|05/01/2024 20:23:49||23171|804172128|854270160
23546|0|61230|05/01/2024 20:57:01||21179|1719758104|2468278528
22165|0|94384|05/01/2024 11:30:21||55179|14141091248|19999863208
23330|0|45665|05/01/2024 19:24:51||26709|1010408832|1306276456
23615|0|68055|05/01/2024 21:28:14||19306|13367174288|39776986040
23269|0|98779|05/01/2024 19:03:32||27988|518238504|699746720
24253|0|9840|06/01/2024 02:04:11||2749|2933184096|3863059576
23032|0|21862|05/01/2024 17:32:46||33434|9679483560|11663872536
23222|0|37570|05/01/2024 18:46:39||29001|5846653984|7629910640
24167|0|43189|06/01/2024 01:37:38||4342|232082488|239929344
24331|0|45031|06/01/2024 02:34:51||909|172170576|250146696
23033|0|45437|05/01/2024 17:38:15||33105|102572008|136904800
23084|0|66683|05/01/2024 17:54:59||32101|2633578888|2717117000
23145|0|21312|05/01/2024 18:17:11||30769|9922976792|11512456968
23641|0|93513|05/01/2024 21:33:45||18975|85477302904|169790942688
23759|0|76056|05/01/2024 22:25:05||15895|6560398536|9096359472
24278|0|50811|06/01/2024 02:16:53||1987|104392488|153187472
22210|0|30427|05/01/2024 11:51:48||53892|2766032840|3436674752
21907|0|85539|05/01/2024 09:46:52||61388|101930051216|292544822608
22819|0|63148|05/01/2024 16:08:31||38489|11866399776|15065064264
23848|0|86493|05/01/2024 23:04:26||13534|1734825696|2129412392
23408|0|84844|05/01/2024 19:53:03||25017|8826441728|10383399104
23916|0|96367|05/01/2024 23:36:31||11609|4834875680|3077382160
24203|0|94111|06/01/2024 01:44:45||3915|3331266608|4590260936
21806|0|30362|05/01/2024 08:56:06||64434|7549734576|10238235480
23270|0|77620|05/01/2024 19:06:52||27788|5932230176|8315621016
24094|0|62234|06/01/2024 00:56:07|06/01/2024 02:47:35|6688|729999080|901017256
24354|0|62234|06/01/2024 02:48:30||90|1347336|1534872
22802|0|23311|05/01/2024 15:57:53||39127|36399543264|88639412456
23917|0|30846|05/01/2024 23:31:12||11928|5853639160|6810899824
23936|0|94286|05/01/2024 23:47:57||10923|5034299384|5898360288
23738|0|68117|05/01/2024 22:13:50||16570|2788495504|3133548304
23035|0|47967|05/01/2024 17:30:35||33565|5429809192|7201395400
24022|0|84226|06/01/2024 00:29:52||8408|321977936|412788520
23009|0|97109|05/01/2024 17:29:32||33628|1530393168|2036905936
23760|0|55752|05/01/2024 22:27:56||15724|3079472216|3424352688
24023|0|9203|06/01/2024 00:28:05||8515|645659704|772494112
23761|0|35035|05/01/2024 22:20:41||16159|1636395168|2346668848
23452|0|27215|05/01/2024 20:14:41||23719|1219293792|1254502792
22992|0|14620|05/01/2024 17:18:38||34282|8455070408|8851610080
23298|0|24209|05/01/2024 19:16:04||27236|3033503528|3146960752
22368|0|55356|05/01/2024 13:01:23||49717|9506639616|9883708992
23961|0|10398|05/01/2024 23:59:44||10216|3428106168|3923798672
22730|0|29905|05/01/2024 15:25:49||41051|25211744288|37260455072
22610|0|85501|05/01/2024 14:45:06||43494|81634233256|205473000728
23518|0|58996|05/01/2024 20:49:05||21655|5451463656|5657565088
23997|0|86099|06/01/2024 00:16:37||9203|386513760|521018344
22279|0|25715|05/01/2024 12:28:00||51720|6032818528|8250694648
22562|0|58617|05/01/2024 14:21:07||44933|6851389608|8434360824
22142|0|82966|05/01/2024 11:26:12||55428|26629568776|30943744128
23036|0|48804|05/01/2024 17:37:03||33177|10115658104|11050677848
24168|0|5549|06/01/2024 01:38:52||4268|6222366536|3591789648
23492|0|33801|05/01/2024 20:38:22||22298|15598379624|18439134640
23409|0|28133|05/01/2024 19:56:37||24803|4800378856|5086966624
22837|0|10215|05/01/2024 16:14:23||38137|20580653544|24556404696
23148|0|50959|05/01/2024 18:10:27||31173|59588850936|127448605288
23806|0|57257|05/01/2024 22:48:56||14464|3749202048|4942353584
24332|0|76907|06/01/2024 02:33:09||1011|29242032|36794592
23616|0|60001|05/01/2024 21:27:10||19370|2751999336|2847987512
23617|0|69505|05/01/2024 21:25:14||19486|1278256888|1473970848
23937|0|19793|05/01/2024 23:49:45||10815|129054248|131696064
23690|0|26638|05/01/2024 21:59:10||17450|2641850296|3185309200
21712|0|22311|05/01/2024 08:15:30||66870|34106913776|35990208048
23830|0|23211|05/01/2024 22:54:36||14124|1964672208|2009305424
23300|0|77909|05/01/2024 19:15:14||27286|71210528072|208075498560
23876|0|86036|05/01/2024 23:18:05||12715|2675861216|3966736056
24147|0|7874|06/01/2024 01:27:22||4958|510115712|723699672
24112|0|31981|06/01/2024 01:07:38||6142|91899576|117241400
22965|0|69970|05/01/2024 17:09:25||34835|5515146528|7598538952
23918|0|79714|05/01/2024 23:33:28||11792|558551336|693989024
24169|0|33279|06/01/2024 01:36:15||4425|2115074112|2141192800
22518|0|35120|05/01/2024 14:02:27||46053|346766566672|232375595600
23998|0|74769|06/01/2024 00:15:49||9251|1194014480|1599649960
24133|0|72714|06/01/2024 01:15:18||5682|54224272|64691976
23010|0|6784|05/01/2024 17:27:00||33780|5528094528|6704966120
23618|0|92044|05/01/2024 21:23:51||19569|7463534136|7531164552
23877|0|14117|05/01/2024 23:14:28||12932|4985796440|5863386928
23919|0|63534|05/01/2024 23:36:29||11611|5124727568|6439647504
23223|0|15440|05/01/2024 18:46:55||28985|17230935248|21975443360
24307|0|91047|06/01/2024 02:29:36||1224|561932904|819880720
22118|0|57444|05/01/2024 11:15:12||56088|46426241464|131795972448
24071|0|5591|06/01/2024 00:41:11||7729|97542128|120099664
23374|0|62347|05/01/2024 19:47:50||25330|26589457776|16522233936
24148|0|89490|06/01/2024 01:24:11||5149|1007714024|1106664912
23980|0|69344|06/01/2024 00:06:09||9831|130585152|178373088
23762|0|67654|05/01/2024 22:24:23||15937|4301249248|5180163592
23302|0|71403|05/01/2024 19:16:18||27222|411789520|443848832
22731|0|76464|05/01/2024 15:26:08||41032|29353171624|29657214336
23691|0|62004|05/01/2024 21:53:26||17794|15851779840|31430847088
23493|0|62223|05/01/2024 20:34:47||22513|12841137352|14950243880
24170|0|33021|06/01/2024 01:39:56||4204|655514752|699764600
24227|0|3869|06/01/2024 01:53:40||3380|1232786912|1560308200
23519|0|65092|05/01/2024 20:43:24||21996|38271968328|87115871696
21930|0|75980|05/01/2024 09:57:33||60747|3364369704|5023722024
23790|0|48242|05/01/2024 22:35:32||15268|2009160648|2556712344
22940|0|10376|05/01/2024 16:52:24||35856|4199664896|4485309040
23547|0|46922|05/01/2024 20:54:15||21345|4090595304|4473938768
24228|0|73418|06/01/2024 01:50:49||3551|2029337104|2300665952
24052|0|94785|06/01/2024 00:31:08||8332|41952448272|24616406352
23897|0|41602|05/01/2024 23:22:22||12458|28949426992|59325198952
22864|0|26412|05/01/2024 16:25:58||37442|5521796832|8066872800
21807|0|77991|05/01/2024 08:52:37||64643|29856108528|32926254528
23086|0|68011|05/01/2024 17:53:03||32217|1695819656|2247644328
21842|0|25959|05/01/2024 09:10:21||63579|4357212744|6076272544
24308|0|44196|06/01/2024 02:28:22||1298|324191760|443333368
22543|0|30827|05/01/2024 14:17:24||45156|2205459512|2297842968
22612|0|25324|05/01/2024 14:42:57||43623|7355396896|7585509680
24254|0|67195|06/01/2024 02:06:24||2616|29453000|40382968
23921|0|52151|05/01/2024 23:35:32||11668|4779223552|5531062096
24333|0|16794|06/01/2024 02:36:11||829|115592472|147976712
23087|0|37816|05/01/2024 17:56:15||32025|3394316192|3894442448
23713|0|8203|05/01/2024 22:06:16||17024|967036864|1437202584
24255|0|65834|06/01/2024 02:07:17||2563|106016808|153339000
23167|0|20072|05/01/2024 18:23:50||30370|9027830512|10183974616
23620|0|9616|05/01/2024 21:22:35||19645|843834704|1170569696
23693|0|88203|05/01/2024 21:57:21||17559|8224126128|21596352872
23763|0|14706|05/01/2024 22:20:27||16173|4930326112|5379986912
23431|0|38309|05/01/2024 20:03:54||24366|532005096|549998880
24279|0|34607|06/01/2024 02:11:00||2340|1633999000|2192597720
22701|0|84637|05/01/2024 15:15:54||41646|1304889288|1473773352
22897|0|37345|05/01/2024 16:33:13||37007|2484022656|2957276848
23574|0|48086|05/01/2024 21:06:02|06/01/2024 02:47:12|20470|54775566336|111413533792
24355|0|48086|06/01/2024 02:48:33||87|194297208|408479480
23831|0|82147|05/01/2024 22:52:30||14250|1326147648|1551676896
23938|0|24702|05/01/2024 23:41:38||11302|4350457208|5062119448
23922|0|7807|05/01/2024 23:32:40||11840|6499730488|7264515448
23939|0|78408|05/01/2024 23:45:53||11047|2326133496|2337788256
22643|0|96138|05/01/2024 14:56:04||42836|6886231024|7652749304
23119|0|61063|05/01/2024 18:08:27||31293|16068315888|20776186960
23088|0|41928|05/01/2024 17:54:53||32107|17808776336|21151710280
24204|0|19374|06/01/2024 01:42:11||4069|13257516392|36469927624
23963|0|73511|05/01/2024 23:55:31||10469|4370291680|5202092912
22438|0|43350|05/01/2024 13:32:58||47822|14581339600|16105273088
23272|0|49479|05/01/2024 19:08:13||27707|13995255920|8820912768
22732|0|20567|05/01/2024 15:23:35||41185|10240089280|10920065528
23940|0|10088|05/01/2024 23:49:40||10820|10175738704|7772929800
23303|0|53797|05/01/2024 19:13:52||27368|1352046328|1443938496
23923|0|73227|05/01/2024 23:31:51||11889|815783712|904862800
24205|0|15615|06/01/2024 01:46:50||3790|4416754168|4705066552
22439|0|49984|05/01/2024 13:34:27||47733|15962130720|18026393672
23594|0|51341|05/01/2024 21:17:04||19976|1775686512|1946707376
24256|0|12307|06/01/2024 02:03:02||2818|166007848|217673328
21845|0|62736|05/01/2024 09:15:17||63283|211406849744|452377280424
23667|0|40241|05/01/2024 21:48:27||18093|18214133832|47364491680
24171|0|97466|06/01/2024 01:37:32||4348|366834240|537020864
22920|0|59435|05/01/2024 16:47:05||36175|1414863120|1635371120
23375|0|59657|05/01/2024 19:45:17||25483|5192827608|5860461952
24053|0|28409|06/01/2024 00:30:45||8355|234199736|301714088
22329|0|29409|05/01/2024 12:47:58||50522|31325908016|42887109616
