IdSession|IdPSX|IdSubscriber|StartSession|EndSession|Duartion|UpTx|DownTx
8369|0|89621|01/01/2024 11:17:38||37942|7068929672|9048100760
8813|0|33927|01/01/2024 14:35:19||26081|4224272024|5837494400
9765|0|56609|01/01/2024 21:48:24||96|357296848|997054624
7299|0|87799|01/01/2024 05:10:52||59948|8111870952|12067889184
9478|0|19040|01/01/2024 19:48:28||7292|965904736|1027517376
9697|0|85070|01/01/2024 21:10:37||2363|347573640|462518632
9429|0|77688|01/01/2024 19:21:00||8940|210874032|225929344
8600|0|85502|01/01/2024 12:36:09||33231|5436511760|5527635592
8960|0|62355|01/01/2024 15:49:28||21632|38902261272|77929545768
8293|0|49346|01/01/2024 10:51:07||39533|4046799520|4926866784
8121|0|80501|01/01/2024 10:06:54||42186|3537895032|3691574848
8689|0|74669|01/01/2024 13:20:44||30556|2191455944|3271315264
9644|0|24528|01/01/2024 20:53:49||3371|1914475864|2709569592
9357|0|55450|01/01/2024 18:57:59||10321|930331800|1085035984
7442|0|59125|01/01/2024 06:15:55||56045|244143432|346675784
6890|0|96559|01/01/2024 02:26:08||69832|17889090136|18167078512
9479|0|77027|01/01/2024 19:42:16||7664|378274176|524058472
9336|0|77463|01/01/2024 18:41:10||11330|10718252696|12138328072
9645|0|79536|01/01/2024 20:52:59||3421|143675504|154802312
9157|0|38260|01/01/2024 17:14:11||16549|3253516952|3414061464
9698|0|87485|01/01/2024 21:16:40||2000|9108623232|17794647944
7558|0|59994|01/01/2024 07:07:29||52951|6258845424|7919914456
9744|0|36265|01/01/2024 21:30:07||1193|43477400|48074136
7278|0|4732|01/01/2024 05:06:12||60228|7740361712|8322065808
9132|0|59414|01/01/2024 17:06:18||17022|4624922248|4769418816
9616|0|25097|01/01/2024 20:45:55||3845|2496104328|2941249616
9745|0|89716|01/01/2024 21:31:22||1118|225458232|293162264
9501|0|65857|01/01/2024 19:52:31||7049|782105704|991514024
8862|0|60741|01/01/2024 14:51:40||25100|3299977200|3915620888
9670|0|45696|01/01/2024 21:01:35||2905|395297664|395618104
9715|0|17166|01/01/2024 21:27:13||1367|1973810776|5848645032
8053|0|27076|01/01/2024 09:45:58||43442|2777782520|4025384120
9699|0|33912|01/01/2024 21:10:04||2396|2134317576|2466882280
8791|0|86402|01/01/2024 14:29:55||26405|40652771424|111640978936
7502|0|93219|01/01/2024 06:38:55||54665|4706902592|6897954120
9358|0|70465|01/01/2024 18:50:48||10752|5882095344|7035842080
7931|0|75263|01/01/2024 09:05:19||45881|7703902936|10134620792
8017|0|69235|01/01/2024 09:31:01||44339|727666528|769424152
9646|0|11924|01/01/2024 20:53:21||3399|359283136|418861040
8084|0|57595|01/01/2024 09:59:08||42652|3484844280|4793951824
8404|0|71399|01/01/2024 11:27:46||37334|11272622784|12627855328
8987|0|54404|01/01/2024 15:56:28||21212|1472964528|2125959488
7350|0|92628|01/01/2024 05:36:06||58434|26651195800|31402180232
7072|0|68624|01/01/2024 03:47:39||64941|20699454168|26531067280
9107|0|71658|01/01/2024 16:54:59||17701|430863344|591423528
7893|0|42806|01/01/2024 08:54:37||46523|9100570328|12959613720
6990|0|71383|01/01/2024 03:09:21||67239|19956478992|23155468368
7774|0|23638|01/01/2024 08:10:21||49179|5661776784|6530420504
7559|0|65812|01/01/2024 07:07:13|01/01/2024 21:41:00|52427|14140889112|15158931632
8690|0|21813|01/01/2024 13:22:27||30453|46698563520|104943424264
8940|0|44839|01/01/2024 15:35:16||22484|6759851568|10003549256
7894|0|96132|01/01/2024 08:55:35||46465|4854500888|5362494520
9570|0|41896|01/01/2024 20:22:20||5260|2575368648|2717460664
7800|0|47660|01/01/2024 08:20:27||48573|16791758080|24612583608
7932|0|5259|01/01/2024 09:06:54||45786|5883877648|8661727480
9359|0|97799|01/01/2024 18:58:16||10304|4628904608|6716550376
7560|0|16048|01/01/2024 07:06:40||53000|11704081320|13582504912
8370|0|82492|01/01/2024 11:11:42||38298|4730126712|5846094912
8863|0|5357|01/01/2024 14:55:21||24879|2643031736|3274740216
7736|0|85076|01/01/2024 08:05:41||49459|12216012520|13256038984
8733|0|58783|01/01/2024 13:53:27||28593|18540082296|25610806952
8158|0|5731|01/01/2024 10:15:48||41652|107226334928|212118605864
8815|0|78898|01/01/2024 14:38:43||25877|496347752|503851952
8988|0|99136|01/01/2024 15:57:25||21155|8987159768|12041401608
9746|0|81147|01/01/2024 21:39:24||636|22056456|25453776
9387|0|11390|01/01/2024 19:03:12||10008|4033947600|5678764816
9671|0|22791|01/01/2024 21:07:44||2536|856186488|1070297800
9672|0|14175|01/01/2024 21:02:55||2825|839291472|928633040
8371|0|63873|01/01/2024 11:18:44||37876|12509890944|12936285032
9716|0|89902|01/01/2024 21:29:59||1201|217649520|239599488
9133|0|82031|01/01/2024 17:08:38||16882|2570101960|3060510384
9243|0|17160|01/01/2024 17:58:01||13919|2245958984|2887592024
8792|0|59576|01/01/2024 14:24:15||26745|3917359824|4998636952
9388|0|43797|01/01/2024 19:00:53||10147|2420214384|3303664752
7394|0|51212|01/01/2024 05:57:21||57159|8413767544|9409195168
9717|0|66732|01/01/2024 21:28:51||1269|188897280|208090360
8754|0|38258|01/01/2024 14:07:10||27770|61272975128|132639438096
9452|0|34064|01/01/2024 19:30:19||8381|813429632|1022109840
9360|0|64295|01/01/2024 18:54:09||10551|5478822680|6394848744
7775|0|8347|01/01/2024 08:12:46||49034|1350605368|1496919352
8548|0|51526|01/01/2024 12:00:23||35377|3381097464|3482419848
7592|0|70042|01/01/2024 07:17:01||52379|5255374488|5718542760
9593|0|81133|01/01/2024 20:37:20||4360|1594158208|1947444432
9647|0|87203|01/01/2024 20:56:14||3226|119845496|147743832
9244|0|61103|01/01/2024 17:55:46||14054|4725749264|4865024128
9673|0|13992|01/01/2024 21:05:22||2678|1244606456|1375712744
9617|0|51438|01/01/2024 20:42:35||4045|1062484440|1553092280
9618|0|94557|01/01/2024 20:40:13||4187|5853484680|16982883432
8638|0|80435|01/01/2024 12:56:36||32004|2843885384|2960579232
7470|0|82791|01/01/2024 06:29:24||55236|33967797072|38617669144
8691|0|14428|01/01/2024 13:25:42||30258|5781492680|6161153920
9180|0|60031|01/01/2024 17:22:45||16035|1113526408|1174981208
9226|0|48759|01/01/2024 17:41:50||14890|1209325936|1767101032
9201|0|31579|01/01/2024 17:39:57||15003|2948407208|3591983832
7981|0|9432|01/01/2024 09:25:48||44652|4409519416|6148874768
9029|0|61684|01/01/2024 16:16:28||20012|3002200808|4248192192
8620|0|96277|01/01/2024 12:43:41||32779|4673797464|4934979320
9227|0|67555|01/01/2024 17:43:10||14810|695915376|835563016
9502|0|35621|01/01/2024 19:52:08||7072|17237546816|32032126056
8816|0|16015|01/01/2024 14:31:05||26335|1542299704|2136509656
9430|0|98717|01/01/2024 19:28:34||8486|373010832|522349824
9453|0|26831|01/01/2024 19:32:14||8266|11220010312|26920085744
9480|0|89833|01/01/2024 19:47:17||7363|401607920|406859136
8086|0|82843|01/01/2024 09:59:00||42660|3047502912|3205618736
7835|0|10721|01/01/2024 08:36:58||47582|24930841232|28959425552
8657|0|85834|01/01/2024 13:05:54||31446|3671525000|4314543584
8755|0|96669|01/01/2024 14:02:53||28027|1341761784|1999513872
8692|0|79718|01/01/2024 13:29:39||30021|879028856|1021007472
7226|0|48614|01/01/2024 04:40:39||61761|11624491424|16559210760
7227|0|86051|01/01/2024 04:48:05||61315|1145307416|1544391728
9619|0|29747|01/01/2024 20:49:55||3605|99717896|142312912
9011|0|16928|01/01/2024 16:04:51||20709|13110662944|13461964696
7139|0|32410|01/01/2024 04:17:17||63163|3219246296|4400665032
9315|0|89332|01/01/2024 18:33:55||11765|5393822928|5625831496
9481|0|58718|01/01/2024 19:45:49||7451|1414775672|1748610512
9718|0|31462|01/01/2024 21:27:55||1325|598461432|750801376
8328|0|60709|01/01/2024 11:08:42||38478|3666666168|4876442648
9316|0|14653|01/01/2024 18:30:56||11944|4400852216|5334205752
9202|0|84110|01/01/2024 17:36:55||15185|1216711952|1266868720
9648|0|33870|01/01/2024 20:51:58||3482|492110624|493158696
8658|0|57785|01/01/2024 13:04:33||31527|12096219112|12801737656
9521|0|93506|01/01/2024 20:06:13||6227|1384724400|1773015784
9649|0|83926|01/01/2024 20:54:15||3345|1474710008|1511245208
9338|0|75383|01/01/2024 18:40:34||11366|6233258776|8869739432
8601|0|64718|01/01/2024 12:30:45||33555|4989353408|5963366912
9747|0|10105|01/01/2024 21:38:08||712|60567472|67270160
7803|0|98900|01/01/2024 08:22:40||48440|15187247088|18015744904
7247|0|41384|01/01/2024 04:51:17||61123|14379791184|16512042832
8572|0|47184|01/01/2024 12:17:10||34370|3189853752|3232444704
9650|0|36231|01/01/2024 20:58:35||3085|4194992704|12028630504
9012|0|30969|01/01/2024 16:02:23||20857|4089627072|4144315896
9571|0|31020|01/01/2024 20:22:36||5244|2857153032|2976161360
8886|0|37938|01/01/2024 15:01:48||24492|2872276760|3363035056
9361|0|26935|01/01/2024 18:57:44||10336|3291174544|3456503608
7836|0|93818|01/01/2024 08:36:23||47617|9000137888|11195432728
9700|0|33467|01/01/2024 21:19:38||1822|9291632|13278016
8817|0|78745|01/01/2024 14:32:05||26275|3100917432|4249524480
7525|0|66047|01/01/2024 06:44:25||54335|8756318728|8924986160
9362|0|79751|01/01/2024 18:57:09||10371|19194462728|46484914800
9203|0|51146|01/01/2024 17:34:43||15317|2875119536|3681832240
8122|0|73845|01/01/2024 10:01:29||42511|5351581104|5614775208
7982|0|14516|01/01/2024 09:24:40||44720|4906391288|5505636728
7013|0|94663|01/01/2024 03:13:21||66999|24987738096|25729662088
9431|0|27068|01/01/2024 19:25:41||8659|3352830584|3769091672
8941|0|77364|01/01/2024 15:33:43||22577|9679716016|10843642384
7620|0|74615|01/01/2024 07:29:22||51638|4242136344|6324570024
7446|0|16276|01/01/2024 06:13:54||56166|8576464320|12697245368
9701|0|71970|01/01/2024 21:11:46||2294|336641280|395057112
8942|0|11383|01/01/2024 15:30:37||22763|4705252488|5373127120
9363|0|29220|01/01/2024 18:53:27||10593|23227727312|62101915552
9049|0|68885|01/01/2024 16:25:08||19492|3723789944|4178503176
9748|0|94862|01/01/2024 21:39:32||628|23243160|23855352
7621|0|28712|01/01/2024 07:25:28||51872|17752512408|20710355472
9340|0|66215|01/01/2024 18:45:59||11041|9579421608|9848589776
8330|0|60295|01/01/2024 11:00:41||38959|21913754912|22717513544
8087|0|25576|01/01/2024 09:58:31||42689|11674537720|12654815424
9454|0|88728|01/01/2024 19:35:57||8043|653204712|677569544
8197|0|74337|01/01/2024 10:27:58||40922|20466000560|29263753096
8407|0|57284|01/01/2024 11:23:29||37591|5851743952|5979758760
9389|0|35340|01/01/2024 19:00:34||10166|845811816|1175756768
8989|0|92971|01/01/2024 15:53:52||21368|1531150808|1683587616
9545|0|18359|01/01/2024 20:15:33||5667|10657928936|25949803008
7776|0|88799|01/01/2024 08:11:34||49106|15494899312|20909995472
8963|0|25121|01/01/2024 15:40:04||22196|2502995568|2744885632
8777|0|83441|01/01/2024 14:16:43||27197|2086629920|2774092320
9651|0|92612|01/01/2024 20:58:05||3115|1046043584|1365893832
8899|0|54847|01/01/2024 15:15:53||23647|2525932992|2651708320
9317|0|34312|01/01/2024 18:36:14||11626|10429014608|11243848192
7352|0|30933|01/01/2024 05:37:04||58376|8793678144|10421151128
7838|0|54478|01/01/2024 08:33:57||47763|20692883864|23770451792
9546|0|16816|01/01/2024 20:12:33||5847|801033920|896704000
8793|0|43712|01/01/2024 14:21:51||26889|20891095120|60823770792
9364|0|65097|01/01/2024 18:57:10||10370|1849797280|2315166536
9455|0|47771|01/01/2024 19:34:57||8103|952205072|1080732664
8840|0|29673|01/01/2024 14:43:44||25576|82568625744|176225916424
7303|0|17145|01/01/2024 05:16:53||59587|23758858704|26505633448
9594|0|67795|01/01/2024 20:37:12||4368|265255144|388814832
8089|0|99295|01/01/2024 09:57:30||42750|3712345824|5254107552
9341|0|77356|01/01/2024 18:45:49||11051|2615169472|3631641864
8588|0|14645|01/01/2024 12:28:42||33678|266977488|302015096
9390|0|81734|01/01/2024 19:06:45||9795|1993888088|2084099728
8778|0|80004|01/01/2024 14:13:25||27395|3270414616|4131905792
8943|0|15500|01/01/2024 15:30:20||22780|3439481040|3670335648
9766|0|27619|01/01/2024 21:42:20||460|8946880|10454288
8693|0|24242|01/01/2024 13:25:59||30241|3630843736|4303164872
9547|0|44150|01/01/2024 20:17:42||5538|859000160|1246616136
9158|0|59111|01/01/2024 17:15:40||16460|1831570296|2193453200
8294|0|92469|01/01/2024 10:52:41||39439|10150678120|11029943320
9620|0|26148|01/01/2024 20:49:31||3629|366192568|537152672
9292|0|89665|01/01/2024 18:22:36||12444|5045664104|5717022920
8123|0|40379|01/01/2024 10:06:56||42184|1118974912|1578249320
8756|0|22637|01/01/2024 14:02:01||28079|3582617776|3823109248
9260|0|6957|01/01/2024 18:06:38|01/01/2024 21:43:24|13006|23971825472|65381616144
9595|0|59348|01/01/2024 20:31:09||4731|585437712|739899232
9548|0|13739|01/01/2024 20:12:04||5876|166606192|177552808
7861|0|4122|01/01/2024 08:47:43||46937|168926495424|406642857704
9391|0|99654|01/01/2024 19:07:02||9778|3279033888|3684045032
9674|0|50055|01/01/2024 21:02:31||2849|2332906640|2773102992
9074|0|55411|01/01/2024 16:36:54||18786|550245944|672014496
8659|0|93165|01/01/2024 13:05:12||31488|3205464136|4694574376
7648|0|87720|01/01/2024 07:33:45||51375|6668030008|9296916120
9110|0|75232|01/01/2024 16:51:08||17932|541590280|680838360
8233|0|33548|01/01/2024 10:34:11||40549|16565293416|17899563496
8512|0|88644|01/01/2024 11:56:30||35610|5628451864|7784125832
8990|0|84833|01/01/2024 15:56:17||21223|10688353176|11720150280
8295|0|40282|01/01/2024 10:52:56||39424|83461196752|203467776976
8198|0|44361|01/01/2024 10:28:43||40877|15399116120|22060109864
9749|0|18094|01/01/2024 21:36:34||806|473331608|523232480
9393|0|23222|01/01/2024 19:01:52||10088|3594996264|5386296112
8758|0|59979|01/01/2024 14:01:44||28096|3042833192|3442843112
8660|0|10027|01/01/2024 13:04:26||31534|527360176|644960976
7738|0|94737|01/01/2024 08:02:09||49671|40435274952|54029830768
8735|0|96649|01/01/2024 13:58:45||28275|6269750776|7210242952
9522|0|73573|01/01/2024 20:07:22||6158|946377392|1045293528
9013|0|38356|01/01/2024 16:03:56||20764|3124288096|3182982024
9293|0|38131|01/01/2024 18:21:26||12514|1317067064|1530305288
7933|0|48207|01/01/2024 09:03:34||45986|20462034104|22498561536
7934|0|91375|01/01/2024 09:06:23||45817|7401558832|8739310624
9159|0|75481|01/01/2024 17:15:14||16486|1881362608|2399599064
8589|0|66665|01/01/2024 12:29:31||33629|14416732344|15592338984
8445|0|15640|01/01/2024 11:32:14||37066|789227016|1044619952
9523|0|88763|01/01/2024 20:04:59||6301|456153104|472244272
9279|0|79886|01/01/2024 18:17:05||12775|4696243144|5747978592
9549|0|86414|01/01/2024 20:18:12||5508|592648120|602500488
9416|0|6125|01/01/2024 19:15:12||9288|483443912|540349544
7839|0|46819|01/01/2024 08:39:48||47412|317748280|458835776
9652|0|17534|01/01/2024 20:50:23||3577|1158235344|1249602824
9075|0|54065|01/01/2024 16:32:50||19030|5405842432|6011639504
8483|0|63283|01/01/2024 11:44:26||36334|30389974648|24706349424
8720|0|29503|01/01/2024 13:41:55||29285|64663508832|127362730552
8446|0|32170|01/01/2024 11:33:35||36985|129968250088|321738394856
8296|0|65393|01/01/2024 10:59:25||39035|10036351192|14993010200
7710|0|91907|01/01/2024 07:56:49||49991|6316271232|6910922872
8944|0|67772|01/01/2024 15:37:49||22331|3984321312|4173226128
9432|0|69672|01/01/2024 19:20:35||8965|686844432|862480152
7986|0|17109|01/01/2024 09:28:55||44465|3100405296|3292258208
9550|0|96145|01/01/2024 20:19:34||5426|223455520|269311096
8125|0|47180|01/01/2024 10:02:18||42462|14472125456|16636297488
8022|0|35497|01/01/2024 09:33:50||44170|10334125528|11420223360
8603|0|34910|01/01/2024 12:35:36||33264|4567817512|6308640648
8126|0|33806|01/01/2024 10:07:46||42134|6795788392|8794000048
9261|0|39888|01/01/2024 18:01:44||13696|2024228656|2472501512
7987|0|18173|01/01/2024 09:24:58||44702|54580683408|125491223824
8916|0|42861|01/01/2024 15:29:46||22814|1417411896|1995670944
9767|0|18259|01/01/2024 21:41:45||495|1186007928|3117050824
8297|0|75822|01/01/2024 10:57:38||39142|18119439728|20688074080
8269|0|93139|01/01/2024 10:42:12||40068|48395152|68771344
9090|0|69571|01/01/2024 16:47:33||18147|2470782032|2663324800
7740|0|64769|01/01/2024 08:03:28||49592|415456464|529690136
8721|0|96461|01/01/2024 13:48:58||28862|76022686752|151968099048
7896|0|98665|01/01/2024 08:54:05||46555|10421173440|12682556800
8090|0|74557|01/01/2024 09:55:13||42887|3315013384|3580532432
8760|0|92901|01/01/2024 14:04:40||27920|2022969784|2849728744
8163|0|73608|01/01/2024 10:11:06||41934|14005649096|16770062456
9702|0|4513|01/01/2024 21:18:02||1918|383067200|433061016
9295|0|39458|01/01/2024 18:28:37||12083|4141228896|4255396616
9524|0|51731|01/01/2024 20:02:19||6461|919921360|1094154512
8917|0|86917|01/01/2024 15:25:44||23056|2906706640|3825301120
8448|0|35604|01/01/2024 11:35:51||36849|9303699944|12223966584
7779|0|91653|01/01/2024 08:17:17||48763|18587368408|20662385096
9572|0|59960|01/01/2024 20:29:28||4832|2041931392|2853472672
8887|0|82926|01/01/2024 15:08:03||24117|1235395480|1444312936
9394|0|32908|01/01/2024 19:05:49||9851|1617714288|2260773688
8449|0|97187|01/01/2024 11:37:32||36748|143329776|211877992
8761|0|40880|01/01/2024 14:01:54||28086|11963533816|13057353728
9182|0|36817|01/01/2024 17:21:45||16095|5028714664|6920707952
8334|0|54327|01/01/2024 11:06:00||38640|18015081112|18183853024
9482|0|63427|01/01/2024 19:46:43||7397|170494744|184852168
8722|0|26169|01/01/2024 13:48:25||28895|49202090024|123678042040
9318|0|26594|01/01/2024 18:38:41||11479|4105962840|4374911464
8335|0|41313|01/01/2024 11:04:53||38707|16886406536|24305140272
9525|0|49965|01/01/2024 20:01:59||6481|1371964976|1693962872
7841|0|71810|01/01/2024 08:33:49||47771|5985622656|6572692016
8865|0|50202|01/01/2024 14:57:58||24722|5776879896|6720743344
9076|0|73296|01/01/2024 16:34:42||18918|25748142368|71533981448
8866|0|98016|01/01/2024 14:55:41||24859|8612806992|9794727984
7714|0|92737|01/01/2024 07:54:20||50140|68030606896|174319569888
8235|0|40131|01/01/2024 10:30:01||40799|687022680|917110480
8843|0|26405|01/01/2024 14:48:31||25289|7256431968|7398632064
7204|0|3894|01/01/2024 04:30:25||62375|20690842024|26867156960
9160|0|16386|01/01/2024 17:14:59||16501|938573208|1363434624
9703|0|44704|01/01/2024 21:16:46||1994|957625104|1194874960
7990|0|43846|01/01/2024 09:20:03||44997|9080811848|11470345824
8736|0|57579|01/01/2024 13:51:31||28709|54489217216|117322201688
9296|0|40130|01/01/2024 18:25:00||12300|554509664|608213664
9050|0|16738|01/01/2024 16:25:50||19450|697191504|882989616
8844|0|79796|01/01/2024 14:45:25||25475|3842556280|3872501320
9183|0|28470|01/01/2024 17:27:10||15770|1200416696|1290303384
9184|0|17382|01/01/2024 17:27:08||15772|4626072600|5881693344
9297|0|89695|01/01/2024 18:29:44||12016|7265973352|7757200744
7897|0|64019|01/01/2024 08:56:14||46426|3399637016|4241475984
9365|0|30099|01/01/2024 18:57:44||10336|331335480|379064168
8663|0|87230|01/01/2024 13:03:20||31600|22235070064|25125842272
8058|0|93774|01/01/2024 09:42:43||43637|9195631144|10499417944
8604|0|48678|01/01/2024 12:38:15||33105|8663155136|10577153264
8200|0|40487|01/01/2024 10:24:18||41142|9210737672|12157261024
9206|0|24718|01/01/2024 17:32:38||15442|1165800568|1422325808
9719|0|91362|01/01/2024 21:29:38||1222|123461560|171648984
9750|0|87386|01/01/2024 21:33:53||967|145524640|189026112
8945|0|85395|01/01/2024 15:32:31||22649|1036831448|1097432744
7898|0|9790|01/01/2024 08:54:59||46501|21356303336|21584366944
9552|0|21264|01/01/2024 20:15:47||5653|494814832|729097624
8991|0|21002|01/01/2024 15:54:45||21315|4211199984|5454867072
8336|0|42522|01/01/2024 11:04:50||38710|8094772360|10299871584
9228|0|56903|01/01/2024 17:42:41||14839|1060297800|1291819096
8673|0|98192|01/01/2024 13:10:17||31183|63825515128|186946633304
9621|0|12930|01/01/2024 20:41:16||4124|554619448|781840064
9263|0|34817|01/01/2024 18:07:10||13370|5237203480|5982628504
7307|0|26763|01/01/2024 05:14:50||59710|5407468296|5808959360
8201|0|50925|01/01/2024 10:25:15||41085|52470182880|122467094328
9653|0|74214|01/01/2024 20:59:03||3057|936125704|1028486696
9434|0|69971|01/01/2024 19:28:01||8519|309649608|396471008
8845|0|41711|01/01/2024 14:40:28||25772|893098496|1098317248
6893|0|76903|01/01/2024 02:23:15||70005|16685278032|24559944240
9456|0|57927|01/01/2024 19:32:07||8273|616702304|725409864
8451|0|21299|01/01/2024 11:36:29||36811|1581883208|1790786144
7864|0|99802|01/01/2024 08:48:16||46904|4148186664|4687549944
8374|0|26964|01/01/2024 11:14:22||38138|75087595448|172754094928
7425|0|35952|01/01/2024 06:00:06||56994|7204557304|8194886488
8966|0|20340|01/01/2024 15:43:00||22020|4809070912|6789399320
9051|0|11537|01/01/2024 16:20:31||19769|12669813296|16197817728
8639|0|97176|01/01/2024 12:58:49||31871|9393903480|10767102248
8375|0|86893|01/01/2024 11:11:24||38316|6203446640|8992534104
7899|0|96448|01/01/2024 08:54:52||46508|20972092048|24682114792
8236|0|36110|01/01/2024 10:31:31||40709|7108188696|10620721800
9675|0|77865|01/01/2024 21:08:12||2508|1262431712|1831875656
9091|0|10821|01/01/2024 16:41:31||18509|2603483192|2990085760
9720|0|56399|01/01/2024 21:25:24||1476|1557107688|1795689272
8900|0|79735|01/01/2024 15:10:41||23959|40273168|59861408
8452|0|93857|01/01/2024 11:34:41||36919|6287705408|9203443080
9395|0|76684|01/01/2024 19:05:37||9863|2652692360|3261967272
8820|0|19271|01/01/2024 14:36:49||25991|5949941544|8189747600
9768|0|65105|01/01/2024 21:41:48||492|26064944|36073936
8967|0|48843|01/01/2024 15:45:49||21851|2082967584|2188028312
9751|0|92390|01/01/2024 21:37:27||753|26366856|28196312
8093|0|77299|01/01/2024 09:51:09||43131|2421608536|3542414296
9596|0|25685|01/01/2024 20:32:58||4622|980243984|1411013616
9457|0|31414|01/01/2024 19:36:09||8031|1995742424|2897174672
8640|0|32234|01/01/2024 12:58:50||31870|127359368088|287664475968
7780|0|67864|01/01/2024 08:14:51||48909|423890672|612306840
9342|0|61739|01/01/2024 18:47:20||10960|313944432|447381736
8485|0|6013|01/01/2024 11:42:33||36447|2410973912|3145291000
8737|0|91452|01/01/2024 13:51:16||28724|3002351784|3387639408
7231|0|72819|01/01/2024 04:42:50||61630|1198321320|1722115104
8622|0|85419|01/01/2024 12:45:29||32671|967441976|1108443136
8204|0|66319|01/01/2024 10:25:38||41062|18105670104|21933504528
7449|0|69724|01/01/2024 06:16:50||55990|8258065688|9862950656
9366|0|86061|01/01/2024 18:58:31||10289|651031296|780332488
8486|0|54749|01/01/2024 11:49:00||36060|2745697144|3135877448
9654|0|97428|01/01/2024 20:57:38||3142|747492456|1117607024
8641|0|92706|01/01/2024 12:57:51||31929|76350167128|215416867392
8723|0|4076|01/01/2024 13:43:29||29191|84730011264|192004311344
8487|0|37530|01/01/2024 11:41:31||36509|66433621424|186908013880
8724|0|95892|01/01/2024 13:49:41||28819|6230162752|8632490992
8762|0|50648|01/01/2024 14:01:55||28085|79233530224|149852362920
8337|0|65854|01/01/2024 11:09:09||38451|20652681624|20757258776
8488|0|69690|01/01/2024 11:45:24||36276|4541905080|5478528096
9264|0|44230|01/01/2024 18:04:17||13543|1075297632|1547167312
9161|0|95327|01/01/2024 17:18:50||16270|2210575336|1608275264
8338|0|35479|01/01/2024 11:08:27||38493|21055829520|25529746912
8867|0|59525|01/01/2024 14:52:43||25037|4927952184|4937083000
9030|0|46140|01/01/2024 16:17:01||19979|4325581736|4409675848
8205|0|63740|01/01/2024 10:21:44||41296|14463257200|14725338800
9721|0|68233|01/01/2024 21:26:31||1409|200286856|284786304
9676|0|67432|01/01/2024 21:09:29||2431|1357474976|1633393824
9135|0|34893|01/01/2024 17:02:02||17278|1668834992|2495388344
9553|0|53029|01/01/2024 20:13:56||5764|1370373520|1971537584
9722|0|65020|01/01/2024 21:20:28||1772|260674840|365951544
7232|0|90478|01/01/2024 04:43:14||61606|21220067016|23324348752
8901|0|62835|01/01/2024 15:14:00||23760|861193936|1140933784
8061|0|60476|01/01/2024 09:49:17||43243|12155260520|14629634752
9435|0|63560|01/01/2024 19:28:27||8493|455405280|571415944
7900|0|27227|01/01/2024 08:58:32||46288|3686729640|3877999128
8025|0|70487|01/01/2024 09:31:31||44309|8564341912|9395938272
8206|0|80258|01/01/2024 10:21:24||41316|9660943328|9703163392
8664|0|98417|01/01/2024 13:09:21||31239|9927467968|11626294528
9396|0|52678|01/01/2024 19:04:06||9954|4561212072|5198881720
8573|0|70323|01/01/2024 12:10:32||34768|6111471024|7519710136
7285|0|47934|01/01/2024 05:07:59||60121|10254968504|12704816280
9723|0|57723|01/01/2024 21:22:15||1665|212003816|232016616
7626|0|75947|01/01/2024 07:20:17||52183|1579925480|2176712832
7781|0|29227|01/01/2024 08:11:58||49082|49921296|67687736
8763|0|18001|01/01/2024 14:04:25||27935|43880641872|98491833944
7682|0|57621|01/01/2024 07:46:19||50621|1936308632|2445767336
9092|0|21811|01/01/2024 16:47:50||18130|2195630696|2668024912
8238|0|11099|01/01/2024 10:30:59|01/01/2024 21:46:11|40512|2965341616|4037374368
7743|0|6911|01/01/2024 08:02:44||49636|30378418408|20541119744
8846|0|45514|01/01/2024 14:43:11||25609|2910639312|3819930904
9573|0|7366|01/01/2024 20:28:26||4894|14318484760|27432887536
8456|0|41385|01/01/2024 11:39:29||36631|1879711696|2501829776
8414|0|42847|01/01/2024 11:26:41||37399|11604184016|16784696616
8968|0|6427|01/01/2024 15:42:56||22024|1193998832|1643866264
9265|0|89298|01/01/2024 18:08:02||13318|1176310056|1486523664
9554|0|48967|01/01/2024 20:16:06||5634|1625175128|1710538488
9555|0|62011|01/01/2024 20:14:13||5747|11033434488|31274644240
9280|0|11854|01/01/2024 18:16:51||12789|3757155288|4913075976
9207|0|62865|01/01/2024 17:35:51||15249|39548330776|83506417064
9655|0|28891|01/01/2024 20:50:33||3567|682463160|704115368
9622|0|48705|01/01/2024 20:40:41||4159|3560756400|3577533592
7598|0|47566|01/01/2024 07:11:48||52692|6218630640|6816745296
8694|0|93935|01/01/2024 13:25:50||30250|21626722776|22814998464
9623|0|64286|01/01/2024 20:43:54||3966|1031242800|1255179856
9769|0|75798|01/01/2024 21:42:43||437|137141512|196150800
7508|0|88888|01/01/2024 06:30:45||55155|666093432|867072760
9208|0|46043|01/01/2024 17:37:19||15161|575008912|734515648
9624|0|56440|01/01/2024 20:42:43||4037|760249712|819829280
9397|0|53853|01/01/2024 19:08:14||9706|1859419136|2033576472
8779|0|46894|01/01/2024 14:11:20||27520|5845587968|8663745240
8167|0|89783|01/01/2024 10:10:12||41988|1617904848|2380139944
9111|0|57415|01/01/2024 16:56:10||17630|3185484072|3641699000
9298|0|86546|01/01/2024 18:22:58||12422|1978706472|2636152160
8725|0|82423|01/01/2024 13:40:23||29377|12574926288|14189392352
9704|0|3992|01/01/2024 21:18:16||1904|941298544|1320721408
8063|0|50307|01/01/2024 09:42:22||43658|1495054120|1555263056
7251|0|36401|01/01/2024 04:51:49||61091|20571362656|22264309632
7145|0|17546|01/01/2024 04:17:51|01/01/2024 21:40:42|62571|2058891160|2405397592
9770|0|17546|01/01/2024 21:42:19||461|2943592|3019792
9656|0|13835|01/01/2024 20:58:58||3062|95528400|109107864
9752|0|27504|01/01/2024 21:34:16||944|59818952|71814120
7782|0|93921|01/01/2024 08:14:20||48940|50067053784|52140414712
9136|0|73294|01/01/2024 17:04:13||17147|3510822120|4770009488
8489|0|70544|01/01/2024 11:43:17||36403|3512744648|5261325608
7234|0|45025|01/01/2024 04:48:20||61300|16931930856|20237345392
9771|0|57900|01/01/2024 21:44:23||337|410081216|936341456
8624|0|74976|01/01/2024 12:41:01||32939|11011569648|16270868192
8490|0|91970|01/01/2024 11:45:48||36252|2223409256|3124061984
9625|0|43310|01/01/2024 20:49:52||3608|682257256|896697744
8341|0|30656|01/01/2024 11:00:47||38953|578093048|636340352
8207|0|54872|01/01/2024 10:25:54||41046|197533579488|377246883896
9209|0|53832|01/01/2024 17:38:53||15067|5393475792|7155732608
9185|0|84742|01/01/2024 17:23:56||15964|4209701096|6177080680
9032|0|28135|01/01/2024 16:19:03||19857|17450070376|20779650792
7866|0|97025|01/01/2024 08:48:05||46915|8662874480|9385199232
7286|0|57478|01/01/2024 05:09:10||60050|20227647664|24471253048
8764|0|69752|01/01/2024 14:08:38||27682|8244491280|9627016576
8674|0|78717|01/01/2024 13:12:09||31071|3245343728|4723895360
9483|0|83204|01/01/2024 19:44:49||7511|857537272|1265892384
9556|0|82698|01/01/2024 20:16:52||5588|842966104|974827024
7843|0|64290|01/01/2024 08:32:33||47847|8844249752|10664905952
9266|0|82079|01/01/2024 18:00:52||13748|5724271080|7132604288
9484|0|99286|01/01/2024 19:47:48||7332|3036135704|3064586240
9705|0|92674|01/01/2024 21:16:06||2034|347404160|472187608
7957|0|82437|01/01/2024 09:13:30||45390|6420253520|7577732808
9137|0|38075|01/01/2024 17:01:17||17323|1464086888|1535684160
8868|0|35393|01/01/2024 14:55:52||24848|11275447728|14319107000
8947|0|84162|01/01/2024 15:36:37||22403|974130608|1080888968
7844|0|6812|01/01/2024 08:35:39||47661|9327035144|11669205168
8342|0|94644|01/01/2024 11:00:59||38941|7202239032|9487669552
7401|0|98465|01/01/2024 05:58:25||57095|37139963584|39235776840
8695|0|5372|01/01/2024 13:24:49||30311|6942219792|7599695576
7175|0|37387|01/01/2024 04:22:56||62824|1477028952|1635089208
7958|0|42095|01/01/2024 09:16:30||45210|8812461080|11984849664
7938|0|32548|01/01/2024 09:09:18||45642|11282763560|14163614792
7599|0|95133|01/01/2024 07:10:41||52759|1661314784|2345209328
9229|0|30816|01/01/2024 17:43:08||14812|3210213240|4273104736
9526|0|54646|01/01/2024 20:08:21||6099|472970544|688283816
7903|0|46481|01/01/2024 08:52:08||46672|15369412552|17667265848
9138|0|62682|01/01/2024 17:06:37||17003|1094387904|1348108664
7402|0|18337|01/01/2024 05:52:21||57459|38605783736|44844862840
9343|0|57527|01/01/2024 18:49:57||10803|3904536712|4461679528
9677|0|39283|01/01/2024 21:04:56||2704|16842336|18676056
7904|0|49972|01/01/2024 08:51:40||46700|8908940512|12685021368
8343|0|38043|01/01/2024 11:03:10||38810|5134662576|7418560768
9246|0|92526|01/01/2024 17:52:32||14248|40259271072|80523254840
9367|0|98102|01/01/2024 18:52:54||10626|2089439408|2456168304
7811|0|64318|01/01/2024 08:24:30||48330|96258358520|246060127848
8822|0|79969|01/01/2024 14:34:15||26145|1605306112|2141827216
9458|0|38044|01/01/2024 19:33:40||8180|18265495376|46699873568
9093|0|34584|01/01/2024 16:40:42||18558|704246616|874532200
8344|0|38520|01/01/2024 11:09:57||38403|23444485840|30495876032
8270|0|40613|01/01/2024 10:44:45||39915|11748204456|17404974912
8130|0|61298|01/01/2024 10:09:07|01/01/2024 21:44:37|41730|4745615360|6480868720
9417|0|92001|01/01/2024 19:17:42||9138|1071459312|1074492504
9436|0|80405|01/01/2024 19:26:12||8628|392092624|419441192
7939|0|32304|01/01/2024 09:06:45||45795|4763426760|6931957848
9112|0|23312|01/01/2024 16:55:30||17670|17838673840|35770964160
8675|0|86936|01/01/2024 13:11:24||31116|70079201064|173631956344
9724|0|11225|01/01/2024 21:27:04||1376|797543552|939214680
8696|0|20031|01/01/2024 13:26:19||30221|8831183056|9601314128
9418|0|75554|01/01/2024 19:19:05||9055|143378048|155378840
8346|0|14503|01/01/2024 11:01:12||38928|31404374808|41825872216
8026|0|16393|01/01/2024 09:37:37||43943|3171348704|4028219248
7744|0|98692|01/01/2024 08:05:28||49472|3533621720|3596100976
8516|0|50551|01/01/2024 11:54:42||35718|9793860776|13606367656
9320|0|73988|01/01/2024 18:31:33||11907|38847016656|75570089936
8517|0|75523|01/01/2024 11:52:03||35877|339147672|364542688
9437|0|82779|01/01/2024 19:28:35||8485|678487264|926777280
9321|0|61768|01/01/2024 18:30:28||11972|5964676104|8705740664
8132|0|53397|01/01/2024 10:06:23||42217|8402525728|12438424504
9657|0|61990|01/01/2024 20:52:39||3441|1735356544|1855840336
8208|0|20167|01/01/2024 10:23:43||41177|13359423064|16099192808
8209|0|5990|01/01/2024 10:22:02||41278|7445581376|10166417648
9139|0|87489|01/01/2024 17:02:34||17246|2829284808|3594488432
9485|0|68505|01/01/2024 19:42:47|01/01/2024 21:45:30|7363|131142320|183645320
9368|0|36550|01/01/2024 18:53:45||10575|4052006568|4303714760
7601|0|94561|01/01/2024 07:17:00||52380|14404185328|15814651256
8823|0|49951|01/01/2024 14:35:31||26069|6447714744|7001699536
8869|0|17532|01/01/2024 14:56:04||24836|3566617056|4371594056
8518|0|7726|01/01/2024 11:58:57||35463|2503327584|3595101960
9054|0|77479|01/01/2024 16:26:55||19385|8791609392|12078082048
9140|0|94328|01/01/2024 17:06:40||17000|3214495208|4783707584
8824|0|22979|01/01/2024 14:32:25||26255|166409712|245948824
8642|0|93283|01/01/2024 12:59:02||31858|1790879192|2141678456
8919|0|10836|01/01/2024 15:29:06||22854|6762339408|8223785624
8847|0|57796|01/01/2024 14:48:27||25293|3927331048|4779750904
9055|0|3862|01/01/2024 16:24:13||19547|1504693648|1900419424
7650|0|37181|01/01/2024 07:32:00||51480|7620172504|8309894080
7940|0|83858|01/01/2024 09:04:48||45912|4205745256|5153756128
9247|0|76372|01/01/2024 17:59:59||13801|2729992224|4037253552
9678|0|20221|01/01/2024 21:07:15||2565|1098210120|1251819792
8168|0|52485|01/01/2024 10:11:44||41896|6473359672|8263082368
7628|0|52091|01/01/2024 07:27:26||51754|3941983784|5428640752
8591|0|54758|01/01/2024 12:24:18||33942|6852977904|7278961728
8920|0|88082|01/01/2024 15:24:10||23150|3833813296|3841089552
9503|0|40142|01/01/2024 19:51:43||7097|12004183056|29538948656
9299|0|73332|01/01/2024 18:20:37||12563|4090470128|5514809624
9597|0|28144|01/01/2024 20:37:58||4322|14374811376|40305998080
9322|0|93299|01/01/2024 18:39:43||11417|1180352128|1280795872
9574|0|63108|01/01/2024 20:29:12||4848|1010328824|1405291240
9504|0|14844|01/01/2024 19:51:16||7124|1325534224|1709171480
9300|0|49925|01/01/2024 18:21:27||12513|5564883176|6448710176
7784|0|77305|01/01/2024 08:11:48||49092|20695881936|23362968744
9369|0|78214|01/01/2024 18:50:49||10751|8904299480|23591895328
7477|0|41832|01/01/2024 06:26:20||55420|9162374936|10226735424
9486|0|37693|01/01/2024 19:41:22||7718|1153408480|1258707416
9141|0|39291|01/01/2024 17:00:14||17386|472576416|517442832
9706|0|34384|01/01/2024 21:13:12||2208|175688048|218593624
9626|0|6143|01/01/2024 20:48:29||3691|514473080|552594512
7287|0|67879|01/01/2024 05:02:12||60468|26575884944|28014250848
9598|0|50780|01/01/2024 20:32:35||4645|501690264|692703128
9033|0|57108|01/01/2024 16:13:45||20175|8419174176|10753924024
8348|0|93087|01/01/2024 11:05:44||38656|15267415016|19392749592
8797|0|77493|01/01/2024 14:24:29||26731|3302064304|4472806656
7785|0|15261|01/01/2024 08:14:39||48921|10032449016|10274860480
9419|0|43201|01/01/2024 19:13:59||9361|1052227176|1410450096
8969|0|45750|01/01/2024 15:41:45||22095|8587098464|10570234496
8605|0|33153|01/01/2024 12:38:43||33077|17043430920|25475379144
9575|0|86597|01/01/2024 20:21:40||5300|742003200|1067020184
8027|0|77343|01/01/2024 09:34:35|01/01/2024 21:47:39|43984|6928419720|8053838648
9707|0|51755|01/01/2024 21:11:47||2293|5367225160|14258903704
8798|0|93848|01/01/2024 14:28:04||26516|246027568|283256616
7846|0|60463|01/01/2024 08:36:04||47636|44847588824|52836210360
8825|0|55126|01/01/2024 14:31:02||26338|115318259048|257280131832
8522|0|15106|01/01/2024 11:58:37||35483|3953526832|4080757928
7745|0|74013|01/01/2024 08:02:39||49641|11840635536|13803734320
9162|0|29100|01/01/2024 17:10:41||16759|2959018776|4210164608
8379|0|97371|01/01/2024 11:15:45||38055|958462208|1230113488
7962|0|39380|01/01/2024 09:10:40||45560|5814935192|7320691888
9113|0|91634|01/01/2024 16:58:17||17503|1263465672|1398808200
7814|0|53568|01/01/2024 08:24:44||48316|40677763400|52110838568
8872|0|41453|01/01/2024 14:56:52||24788|2184202368|2907299776
9557|0|72075|01/01/2024 20:16:31||5609|411185696|595291800
9753|0|47014|01/01/2024 21:33:36||984|132970896|160330072
7255|0|28624|01/01/2024 04:54:33||60927|11669393184|16313704232
8551|0|75345|01/01/2024 12:03:35||35185|9875185376|11161360584
9505|0|16196|01/01/2024 19:53:12||7008|2250231160|2413913872
9754|0|72586|01/01/2024 21:35:22||878|2669677792|6272885280
9438|0|66485|01/01/2024 19:20:42||8958|506098576|591303120
7127|0|13717|01/01/2024 04:03:56||63964|5452550536|7692563296
9679|0|69493|01/01/2024 21:08:53||2467|413658048|604362856
9210|0|49359|01/01/2024 17:32:06||15474|2364136688|2765417416
8458|0|13627|01/01/2024 11:30:52||37148|3840704776|5129383552
9370|0|49985|01/01/2024 18:55:26||10474|14596036744|28179198592
9323|0|33239|01/01/2024 18:34:51||11709|4217055136|5213905160
8552|0|61581|01/01/2024 12:06:48||34992|1212512664|1722350736
9077|0|10817|01/01/2024 16:36:06||18834|2725900832|3095052000
9576|0|5238|01/01/2024 20:29:36||4824|1617415656|2110615376
9627|0|91252|01/01/2024 20:46:44||3796|974285128|1028689872
9527|0|48037|01/01/2024 20:06:32||6208|812561152|920946664
8349|0|82979|01/01/2024 11:00:46||38954|1481790184|1499497696
9488|0|64117|01/01/2024 19:47:16||7364|126063800|179399008
8301|0|18801|01/01/2024 10:50:52||39548|33474920472|39651090088
7685|0|27134|01/01/2024 07:49:03||50457|23608255728|31058163432
7379|0|83444|01/01/2024 05:47:42||57738|6598944792|8363756136
9230|0|57000|01/01/2024 17:49:36||14424|14574940000|9844065008
8606|0|8779|01/01/2024 12:34:35||33325|3702978536|3820560088
8575|0|32044|01/01/2024 12:14:29||34531|9585295304|13397796104
8970|0|57830|01/01/2024 15:47:41||21739|26006139904|16628768992
8576|0|3879|01/01/2024 12:18:15||34305|5768592240|6348652392
9506|0|78022|01/01/2024 19:53:41||6979|367738296|529637576
9114|0|51709|01/01/2024 16:52:53||17827|552595176|582938168
7816|0|61527|01/01/2024 08:25:38||48262|14508430352|18024778264
7718|0|84700|01/01/2024 07:52:18||50262|11301924928|12854546480
8706|0|43307|01/01/2024 13:38:07||29513|75529736360|217366039944
8302|0|38992|01/01/2024 10:54:27||39333|20582753072|22673918080
9115|0|16258|01/01/2024 16:58:39||17481|2010040760|2428702720
9078|0|51283|01/01/2024 16:34:40||18920|1071689928|1440896008
9459|0|48358|01/01/2024 19:31:45||8295|1246445528|1326087688
9628|0|25364|01/01/2024 20:45:33||3867|6884019496|16003527440
9772|0|37594|01/01/2024 21:41:51||489|5343192|6195672
9528|0|34693|01/01/2024 20:08:02||6118|1487863160|1885678144
9680|0|10788|01/01/2024 21:01:05||2935|7417989256|18252572840
8607|0|86599|01/01/2024 12:39:32||33028|4476958752|4590817368
8922|0|51998|01/01/2024 15:26:16||23024|4622575024|4981509096
8303|0|84155|01/01/2024 10:53:25||39395|337212296|487527552
7237|0|60316|01/01/2024 04:43:08||61612|22762644320|22800223064
7848|0|84826|01/01/2024 08:38:59||47461|10605797952|12275164584
8849|0|40845|01/01/2024 14:41:42||25698|1717004504|2045337328
9507|0|40655|01/01/2024 19:57:18||6762|201991584|232156384
7906|0|7824|01/01/2024 08:50:36||46764|21946720536|25879954416
7210|0|75468|01/01/2024 04:30:20||62380|8487479280|10797406312
7996|0|71821|01/01/2024 09:21:24||44916|2851123528|3731245232
9599|0|69355|01/01/2024 20:34:04||4556|178500792|234653376
8994|0|98194|01/01/2024 15:59:03||21057|1529633704|2215776040
9324|0|64751|01/01/2024 18:35:06||11694|8660280952|9406723048
9281|0|52977|01/01/2024 18:13:31||12989|1530275456|1689886672
8904|0|59285|01/01/2024 15:16:17||23623|945418416|1121294080
8995|0|49389|01/01/2024 15:51:04||21536|3692762464|4681717376
9439|0|8097|01/01/2024 19:28:37||8483|404056160|604523424
8099|0|85185|01/01/2024 09:55:51||42849|10123978312|13661665936
9163|0|57109|01/01/2024 17:11:50||16690|1227309328|1284546352
8738|0|73318|01/01/2024 13:55:49||28451|7943700024|11025892896
9629|0|75736|01/01/2024 20:40:48||4152|937868208|1170718664
8643|0|30647|01/01/2024 12:59:31||31829|11744866760|16964661808
8525|0|62807|01/01/2024 11:50:01||35999|3753429376|4483404528
9773|0|77675|01/01/2024 21:48:33||87|7083768|10352896
9034|0|9006|01/01/2024 16:16:35||20005|3359298896|4832186760
7546|0|90068|01/01/2024 06:57:46||53534|12711805136|17529090696
8274|0|6635|01/01/2024 10:41:22||40118|2971538392|3561265600
9186|0|46783|01/01/2024 17:27:22||15758|3023407216|4035702120
9725|0|37021|01/01/2024 21:29:33||1227|206070480|221360096
8212|0|14784|01/01/2024 10:28:25||40895|9460904632|12751116504
9398|0|4530|01/01/2024 19:09:26||9634|1360917360|1863358368
9231|0|15140|01/01/2024 17:48:15||14505|7701246944|7859001592
8677|0|73320|01/01/2024 13:14:24||30936|7295728848|10110510096
8382|0|64326|01/01/2024 11:15:50||38050|8388139520|11819300512
8948|0|32456|01/01/2024 15:38:30||22290|6920709416|7481008912
8460|0|42551|01/01/2024 11:32:06||37074|10470310872|11905377336
9057|0|72622|01/01/2024 16:20:25||19775|2356103664|3461855088
8526|0|91944|01/01/2024 11:58:38||35482|1549016312|2143562648
8242|0|50867|01/01/2024 10:36:42||40398|2296311648|2790305224
9600|0|96249|01/01/2024 20:35:49||4451|4488265776|9076234880
7654|0|72403|01/01/2024 07:33:08|01/01/2024 21:48:36|51328|5212796448|7274536208
9774|0|72403|01/01/2024 21:49:41||19|1806360|1964880
6965|0|19178|01/01/2024 02:55:34||68066|818191216|955474328
8678|0|10537|01/01/2024 13:16:10||30830|3060812112|3358703320
7512|0|40603|01/01/2024 06:39:35||54625|5058622416|5464103648
9399|0|26748|01/01/2024 19:04:47||9913|1536117912|1987949560
8996|0|66220|01/01/2024 15:57:46||21134|5308407872|5870435936
7528|0|61221|01/01/2024 06:45:38||54262|3980889840|5385357664
9489|0|20659|01/01/2024 19:41:01||7739|278743304|408265568
9058|0|89958|01/01/2024 16:29:47||19213|1787677552|2117997760
7747|0|74715|01/01/2024 08:02:11||49669|2926368600|3958776768
8243|0|13277|01/01/2024 10:35:48||40452|3378190552|4054264464
9601|0|53347|01/01/2024 20:33:40||4580|108021304|159154728
9775|0|4106|01/01/2024 21:45:05||295|624325232|1482683344
8028|0|82959|01/01/2024 09:36:20||44020|8779736928|8926764144
9143|0|96027|01/01/2024 17:07:57||16923|926256680|1114144784
9095|0|35773|01/01/2024 16:48:29||18091|592431376|716818064
8577|0|4867|01/01/2024 12:16:58||34382|4345892664|5040583992
9681|0|97513|01/01/2024 21:09:11||2449|2180089120|3264054032
8971|0|77085|01/01/2024 15:49:46|01/01/2024 21:42:57|21191|17983882224|51080692376
8244|0|95449|01/01/2024 10:31:53||40687|19914868288|25310209640
8949|0|49933|01/01/2024 15:37:16||22364|4636558312|5246892528
8527|0|33874|01/01/2024 11:58:17||35503|2954601120|4141913200
9267|0|7030|01/01/2024 18:01:57||13683|35486376184|74136334472
9440|0|83628|01/01/2024 19:24:03||8757|1610500976|1905842744
7149|0|51188|01/01/2024 04:15:11||63289|4964972592|5186351600
9577|0|94595|01/01/2024 20:20:15||5385|294555024|372977376
8496|0|17097|01/01/2024 11:41:31||36509|4931678848|7287224968
7998|0|72619|01/01/2024 09:20:15||44985|74808804840|217056880144
9096|0|75420|01/01/2024 16:47:20||18160|1660677648|1735321376
9059|0|37349|01/01/2024 16:22:33||19647|90012777168|186650542712
7571|0|37992|01/01/2024 07:00:17||53383|10459607528|15176212064
9755|0|78439|01/01/2024 21:37:10||770|257103288|350452264
8172|0|6099|01/01/2024 10:16:36||41604|2203909080|2697730736
9490|0|76364|01/01/2024 19:41:34||7706|2418252288|3027075520
9421|0|38058|01/01/2024 19:18:40||9080|59790416|72964152
8826|0|62081|01/01/2024 14:30:40||26360|36859445888|27274843120
8888|0|21420|01/01/2024 15:03:50||24370|6798599504|8601568824
8680|0|14586|01/01/2024 13:18:33||30687|5124072976|7291257824
9658|0|55807|01/01/2024 20:50:33||3567|1269975584|1700742808
8553|0|64198|01/01/2024 12:00:03||35397|10243759792|13167210392
9441|0|95348|01/01/2024 19:29:48||8412|4976459720|5380392768
9708|0|81649|01/01/2024 21:15:51||2049|773520656|773577536
7999|0|73062|01/01/2024 09:26:09||44631|15107951264|19645886176
6896|0|4636|01/01/2024 02:22:26|01/01/2024 21:48:12|69946|17577991848|23865836128
8213|0|55855|01/01/2024 10:29:33||40827|21781283896|25133049344
8950|0|96692|01/01/2024 15:33:41||22579|7928440712|8919381320
8497|0|20797|01/01/2024 11:44:43||36317|2166322424|2390376280
8304|0|34760|01/01/2024 10:57:48||39132|14497060976|20895998880
9325|0|93332|01/01/2024 18:36:13||11627|1623733496|2156323968
8275|0|92786|01/01/2024 10:46:15||39825|9498587880|9948594856
7087|0|15993|01/01/2024 03:43:15||65205|23868483216|30784556312
9442|0|36213|01/01/2024 19:21:01||8939|403907768|442830232
7871|0|21135|01/01/2024 08:41:43||47297|11531296104|12532894824
8579|0|70256|01/01/2024 12:12:37||34643|3043094392|4211799544
8997|0|70809|01/01/2024 15:59:32||21028|15347528760|19068969088
9460|0|25911|01/01/2024 19:31:05||8335|1655807400|1738275400
9602|0|7858|01/01/2024 20:37:40||4340|14871883680|31420239024
9097|0|58204|01/01/2024 16:45:07||18293|3780278320|3921969576
8767|0|76400|01/01/2024 14:01:18||28122|6722705064|9022071240
8874|0|80078|01/01/2024 14:56:53||24787|2314159800|3326378832
8972|0|42596|01/01/2024 15:47:21||21759|3436924968|3440328096
9344|0|80717|01/01/2024 18:48:32||10888|22946740536|50855991864
8998|0|16471|01/01/2024 15:58:38||21082|9842253568|12824365752
9144|0|98373|01/01/2024 17:06:51||16989|502240104|529077808
8276|0|71494|01/01/2024 10:42:28||40052|7122194864|8245190032
8215|0|17110|01/01/2024 10:24:10||41150|9284163448|10426533736
9211|0|5980|01/01/2024 17:37:13||15167|4555086496|6258346536
9508|0|59622|01/01/2024 19:53:45||6975|3206845568|4419911344
8627|0|36498|01/01/2024 12:42:02||32878|4621916104|5421516104
7655|0|36976|01/01/2024 07:34:56||51304|14594907280|19235466768
8352|0|64889|01/01/2024 11:06:44||38596|11249857776|13847515072
9422|0|25313|01/01/2024 19:16:22||9218|1038423728|1442032928
9372|0|20427|01/01/2024 18:51:45||10695|1014455984|1453057832
8554|0|9867|01/01/2024 12:01:17||35323|1634417912|2229672904
7748|0|13437|01/01/2024 08:02:39||49641|88913903224|215960264320
8905|0|39330|01/01/2024 15:19:44||23416|5798162352|6158902624
8827|0|7520|01/01/2024 14:33:06||26214|225163256|320312456
8923|0|63619|01/01/2024 15:21:52||23288|1632276264|2158019552
7059|0|85187|01/01/2024 03:33:11||65809|4960340592|11097020856
9116|0|71628|01/01/2024 16:57:33||17547|4790683200|4813132344
7721|0|33929|01/01/2024 07:50:55||50345|46951784016|67011740192
9529|0|80530|01/01/2024 20:08:26||6094|848310616|1007290656
9630|0|45472|01/01/2024 20:44:43||3917|907233040|979985640
8173|0|41749|01/01/2024 10:15:07||41693|9868184824|13025206968
8498|0|73903|01/01/2024 11:46:00||36240|7107913584|8567623184
7872|0|39615|01/01/2024 08:45:33||47067|33773964752|37106907696
9301|0|92076|01/01/2024 18:28:11||12109|7640715344|8992731096
9509|0|26853|01/01/2024 19:58:21||6699|676907672|726538512
7942|0|71600|01/01/2024 09:08:54||45666|23475198032|25322240216
7481|0|72960|01/01/2024 06:27:56||55324|4900180552|6978052928
7849|0|12077|01/01/2024 08:33:49||47771|2723954760|3310181688
8799|0|74125|01/01/2024 14:23:10||26810|1681629296|2254678272
8698|0|23508|01/01/2024 13:24:35||30325|101887946808|200489047720
7408|0|90524|01/01/2024 05:54:33||57327|227267208|234633584
9326|0|42647|01/01/2024 18:32:23||11857|4668533472|4887505424
9726|0|63519|01/01/2024 21:25:02||1498|560363880|695040184
8708|0|39760|01/01/2024 13:36:55||29585|3784976560|4855334480
8383|0|27053|01/01/2024 11:10:58||38342|11934044800|15258372024
9373|0|9829|01/01/2024 18:51:49||10691|680147784|777649960
7060|0|56154|01/01/2024 03:36:05||65635|6472546048|8310492592
8101|0|18965|01/01/2024 09:51:21||43119|10318058912|11520521208
8216|0|56152|01/01/2024 10:28:46||40874|20014880200|28200694736
8529|0|10813|01/01/2024 11:53:17||35803|3769616256|4082615672
9327|0|80005|01/01/2024 18:30:44||11956|2987794536|3456638936
9400|0|55547|01/01/2024 19:01:54||10086|660576464|723522688
9727|0|8416|01/01/2024 21:22:34||1646|1214565688|1357079880
9603|0|24466|01/01/2024 20:33:33||4587|512902472|552986992
7963|0|93018|01/01/2024 09:14:38||45322|1979852480|2197167088
9491|0|55290|01/01/2024 19:48:29||7291|606258752|719619136
9728|0|66591|01/01/2024 21:29:07||1253|296361696|396294368
7381|0|16175|01/01/2024 05:46:10||57830|20661013968|30771463632
8305|0|59169|01/01/2024 10:54:06||39354|17611285352|24923445256
7657|0|18551|01/01/2024 07:37:28||51152|12779846856|19055655816
8030|0|49345|01/01/2024 09:39:03||43857|9218404080|11828799336
7786|0|16914|01/01/2024 08:17:47||48733|7166889976|10381495800
8462|0|47930|01/01/2024 11:36:39||36801|1484385808|2095991936
7908|0|55895|01/01/2024 08:54:24||46536|24292399904|28485014392
9117|0|71522|01/01/2024 16:57:00||17580|387903872|408584008
8780|0|38215|01/01/2024 14:15:51||27249|13087956896|16105914368
9035|0|78328|01/01/2024 16:17:09||19971|42291735632|95803436960
9145|0|59608|01/01/2024 17:07:00||16980|687536880|690478880
8699|0|10110|01/01/2024 13:21:07||30533|9899124448|13250738080
7603|0|52004|01/01/2024 07:19:24||52236|30759942072|86434394568
9282|0|55258|01/01/2024 18:13:48||12972|1380094560|1474849776
7687|0|12441|01/01/2024 07:46:35||50605|86649673112|164332394536
9530|0|71485|01/01/2024 20:08:09||6111|1397368952|2046688392
8593|0|25915|01/01/2024 12:26:39||33801|2899327928|3128676024
9345|0|30630|01/01/2024 18:46:12||11028|3943432616|5022142496
8555|0|74641|01/01/2024 12:04:50||35110|4066423856|4279605712
8174|0|73835|01/01/2024 10:16:59||41581|980117464|1191156840
9558|0|74651|01/01/2024 20:17:22||5558|906670672|1326681736
9014|0|78433|01/01/2024 16:04:56||20704|6265567184|8951640384
8875|0|72204|01/01/2024 14:59:25||24635|11422719576|14128532712
9248|0|95706|01/01/2024 17:57:54||13926|276898120|293694208
7482|0|14275|01/01/2024 06:22:54|01/01/2024 21:48:10|55516|3687524368|4298811088
9659|0|29712|01/01/2024 20:58:12||3108|784102584|1032239840
7113|0|39364|01/01/2024 03:54:37||64523|14050408504|14657771208
9631|0|87945|01/01/2024 20:43:16||4004|922427280|1008649144
8973|0|48746|01/01/2024 15:48:43||21677|6744676528|8066090408
8726|0|32244|01/01/2024 13:42:39||29241|5013443520|6640277080
8700|0|12082|01/01/2024 13:27:32||30148|520014960|646840456
9268|0|84358|01/01/2024 18:08:18||13302|4853888808|6861407048
7945|0|6171|01/01/2024 09:00:06||46194|7664035816|8621392856
7787|0|17759|01/01/2024 08:13:35||48985|23077112128|26173835784
8031|0|95893|01/01/2024 09:39:05||43855|2193436176|2572894048
8853|0|18035|01/01/2024 14:43:17||25603|375283096|555123376
8175|0|84865|01/01/2024 10:19:30||41430|14754419648|16485419496
9510|0|80337|01/01/2024 19:50:46||7154|855005232|917857600
9423|0|10465|01/01/2024 19:18:19||9101|1020763104|1241719000
9604|0|10047|01/01/2024 20:37:23||4357|1231408232|1329092864
8608|0|25702|01/01/2024 12:34:54||33306|6996457480|8393968496
9682|0|48296|01/01/2024 21:02:41||2839|2103831120|2134335320
9461|0|62739|01/01/2024 19:38:46||7874|248364576|280588560
9492|0|14554|01/01/2024 19:42:02||7678|845830960|1213117280
8556|0|61330|01/01/2024 12:05:52||35048|169196728|186848360
9146|0|99359|01/01/2024 17:05:03||17097|5641195824|6140170496
9683|0|90367|01/01/2024 21:08:19||2501|1339446320|1383134512
7910|0|26390|01/01/2024 08:53:51||46569|9008692952|10134189648
9684|0|13025|01/01/2024 21:04:37||2723|1425908688|1787642328
7239|0|26628|01/01/2024 04:49:18||61242|12833692344|15803738896
9302|0|16674|01/01/2024 18:23:45||12375|1908983416|2850222792
8710|0|69848|01/01/2024 13:35:23||29677|19130155720|20816660776
8701|0|16695|01/01/2024 13:20:52||30548|19573719992|21296820832
8308|0|76609|01/01/2024 10:50:39||39561|10430989544|14676249808
9776|0|90732|01/01/2024 21:49:14||46|2361352|2426112
9462|0|28957|01/01/2024 19:33:14||8206|1227131296|1769959920
9756|0|31251|01/01/2024 21:31:35||1105|80433736|106847016
8530|0|34754|01/01/2024 11:52:03||35877|2725760464|3501520344
8876|0|15557|01/01/2024 14:59:15||24645|2158606752|2359050104
9443|0|59134|01/01/2024 19:22:33||8847|40164473592|85306924688
7454|0|40511|01/01/2024 06:16:29||56011|28526788264|34931525248
8355|0|93680|01/01/2024 11:02:30||38850|15006945304|18200411840
9187|0|78500|01/01/2024 17:27:47||15733|2867781504|3912200536
9232|0|10342|01/01/2024 17:40:31||14969|47173930016|135363741904
9757|0|97925|01/01/2024 21:31:06||1134|218656240|223372496
8628|0|23436|01/01/2024 12:43:32||32788|6413158120|9566887920
9098|0|48911|01/01/2024 16:40:13||18587|3756858232|4204262392
7964|0|50002|01/01/2024 09:13:09||45411|7114083640|8195254280
7152|0|27884|01/01/2024 04:19:44||63016|1167650992|1317560192
7484|0|32952|01/01/2024 06:24:33||55527|18662049176|19910795968
8924|0|15102|01/01/2024 15:25:00||23100|77381289024|147374457688
8071|0|78689|01/01/2024 09:45:33||43467|16306872808|24326059432
7788|0|74346|01/01/2024 08:10:01||49199|2652303784|3256094008
8594|0|98973|01/01/2024 12:23:31|01/01/2024 21:47:51|33860|1763936336|2038621688
7574|0|65491|01/01/2024 07:06:33||53007|95245181320|264765324952
8974|0|98489|01/01/2024 15:47:12||21768|16193707432|17862273544
9632|0|56997|01/01/2024 20:45:59||3841|5328964064|12944347968
9283|0|48741|01/01/2024 18:17:19||12761|3715256568|3736390888
8925|0|64434|01/01/2024 15:27:34||22946|3586548784|4862557696
9758|0|6399|01/01/2024 21:31:00||1140|290297832|326991280
9685|0|84806|01/01/2024 21:07:17||2563|224370128|250296432
9015|0|35461|01/01/2024 16:05:42||20658|5073173360|5128943608
9001|0|19079|01/01/2024 15:59:49||21011|17846090568|23016827824
8800|0|71562|01/01/2024 14:29:08||26452|61490635896|137153118344
9686|0|12088|01/01/2024 21:00:13||2987|1335597000|1779311648
9233|0|17294|01/01/2024 17:45:49||14651|1338109296|1741788528
9633|0|44698|01/01/2024 20:43:10||4010|905807456|1237582440
9375|0|62028|01/01/2024 18:53:38||10582|3240939880|3278875896
9531|0|56872|01/01/2024 20:04:41||6319|10958925800|28011040096
8247|0|55279|01/01/2024 10:39:44||40216|10707949176|16016604672
9605|0|55644|01/01/2024 20:31:42||4698|1213977608|1428901920
8424|0|50061|01/01/2024 11:21:43||37697|7266622248|7936819168
8140|0|38313|01/01/2024 10:05:23||42277|34662812760|37103312472
9376|0|88332|01/01/2024 18:58:29||10291|553507624|819831776
9079|0|41227|01/01/2024 16:37:59||18721|2031048032|2098967728
9578|0|78335|01/01/2024 20:28:18||4902|817677352|854537024
8558|0|81789|01/01/2024 12:02:40||35240|1044440008|1271162104
9377|0|96892|01/01/2024 18:58:47||10273|3760539376|5283562736
8176|0|9945|01/01/2024 10:11:40||41900|30171938096|30249056008
8801|0|42912|01/01/2024 14:29:28||26432|717175720|950848168
9444|0|28044|01/01/2024 19:20:08||8992|1786371048|1955744712
9234|0|46995|01/01/2024 17:48:50||14470|466158720|631782680
9532|0|74084|01/01/2024 20:05:42||6258|14457218256|41291696816
7339|0|71511|01/01/2024 05:26:25||59015|14053955696|20607764112
8629|0|86009|01/01/2024 12:46:12||32628|23176820640|27460405776
8975|0|83405|01/01/2024 15:40:03||22197|6082624088|7550468856
8581|0|4972|01/01/2024 12:19:52||34208|12593975160|16421655408
9118|0|38393|01/01/2024 16:55:48||17652|313821528|411511832
9099|0|33485|01/01/2024 16:44:37||18323|36708561008|102943795632
7790|0|85291|01/01/2024 08:16:29||48811|5590312480|6078085528
8466|0|53429|01/01/2024 11:37:49||36731|2266177048|2641212632
8711|0|17728|01/01/2024 13:32:09||29871|4121813824|4147349200
9493|0|87954|01/01/2024 19:49:11||7249|518001736|607893856
9709|0|65088|01/01/2024 21:17:13||1967|1692936096|2187946344
7313|0|4535|01/01/2024 05:14:48||59712|99567846912|264343087112
9235|0|77756|01/01/2024 17:40:33||14967|3774729600|5336521880
9188|0|89551|01/01/2024 17:26:46||15794|1692875200|2411348256
8000|0|73483|01/01/2024 09:26:18||44622|27171717304|20275544528
7487|0|66299|01/01/2024 06:27:08||55372|115580152320|340429748152
9016|0|46218|01/01/2024 16:01:42||20898|821991872|889811952
8976|0|94873|01/01/2024 15:42:30||22050|22447796656|26349570320
8667|0|50225|01/01/2024 13:02:59|01/01/2024 21:45:49|31370|60810312240|181177341656
9777|0|50225|01/01/2024 21:47:01||179|578476512|1699771592
8559|0|66200|01/01/2024 12:09:44||34816|3812809088|5592409432
9401|0|62249|01/01/2024 19:08:21||9699|561546952|719694832
8595|0|19738|01/01/2024 12:26:26||33814|5812869160|6944025280
8356|0|13917|01/01/2024 11:01:53||38887|4796228856|7039270456
8357|0|25673|01/01/2024 11:06:12||38628|17125187200|24114453960
8609|0|69341|01/01/2024 12:35:07||33293|4254159072|4446649200
9002|0|43934|01/01/2024 15:53:58||21362|12114972352|13649221984
9165|0|53092|01/01/2024 17:10:17||16783|1025220984|1218079848
8727|0|38932|01/01/2024 13:45:59||29041|36410824232|96272212456
8769|0|4685|01/01/2024 14:05:49||27851|430404696|511799096
9328|0|17172|01/01/2024 18:34:01||11759|2599811280|3480235856
8467|0|47698|01/01/2024 11:39:43|01/01/2024 21:48:30|36527|2270999248|3093875352
9687|0|77465|01/01/2024 21:09:44||2416|2056307536|2820766416
7658|0|99120|01/01/2024 07:37:52||51128|19864692840|24653930920
9347|0|76660|01/01/2024 18:44:53||11107|671232408|978835632
8702|0|79986|01/01/2024 13:26:46||30194|60408613304|114927692784
8977|0|29580|01/01/2024 15:42:10||22070|2787952800|3313835928
9303|0|14009|01/01/2024 18:23:56||12364|2388783936|3514670696
9166|0|14238|01/01/2024 17:19:49||16211|4715092440|4723262576
8802|0|21028|01/01/2024 14:26:06||26634|3095255832|3629111952
9167|0|12956|01/01/2024 17:14:53||16507|4039816512|5156422560
7690|0|97158|01/01/2024 07:41:37||50903|13437619712|15126821328
9284|0|30280|01/01/2024 18:11:42||13098|2215483720|3008574112
8311|0|32270|01/01/2024 10:51:45||39495|11488841480|17138157280
9236|0|21853|01/01/2024 17:44:55||14705|1823826240|1931588040
9249|0|54461|01/01/2024 17:50:02||14398|3924810712|3966190264
9212|0|75069|01/01/2024 17:37:24||15156|1412324992|1415176936
9100|0|98672|01/01/2024 16:41:03||18537|1796913304|2404103704
8877|0|21866|01/01/2024 14:58:54||24666|121730032|155199808
9688|0|31852|01/01/2024 21:05:35||2665|314054192|470148056
8889|0|39893|01/01/2024 15:04:57||24303|10032576552|28347073504
9189|0|71131|01/01/2024 17:21:27||16113|27209734800|73967948624
9060|0|32354|01/01/2024 16:23:54||19566|2008499872|2321614096
8713|0|97433|01/01/2024 13:30:19||29981|18212207512|21405895880
9759|0|98573|01/01/2024 21:35:48||852|22205696|29022704
8803|0|64894|01/01/2024 14:28:22||26498|11262817416|15583318480
9119|0|39654|01/01/2024 16:55:37||17663|5265550272|5621734240
9147|0|68311|01/01/2024 17:08:19||16901|346187288|363822096
9061|0|53738|01/01/2024 16:22:14||19666|1415681016|1630395544
8036|0|5442|01/01/2024 09:38:36||43884|68740669480|196857937360
9424|0|11302|01/01/2024 19:12:43||9437|5235604744|7328687632
7968|0|11860|01/01/2024 09:12:30||45450|10338025136|11249560576
9778|0|96844|01/01/2024 21:46:10||230|17154760|24807544
9660|0|10803|01/01/2024 20:53:07||3413|145163928|171170704
9190|0|45386|01/01/2024 17:22:28||16052|3832047128|4620858688
9559|0|31448|01/01/2024 20:12:16||5864|1589150640|2012318864
8073|0|19015|01/01/2024 09:42:47||43633|12285188280|13515145440
8952|0|50746|01/01/2024 15:36:22||22418|4157315896|4909879736
9120|0|4734|01/01/2024 16:50:33||17967|10089813608|10941578848
8560|0|27679|01/01/2024 12:09:54||34806|5838129144|7171566144
7912|0|27556|01/01/2024 08:53:09||46611|11616220840|14123858384
7092|0|36625|01/01/2024 03:41:31||65309|19078011160|22593663000
9062|0|80466|01/01/2024 16:29:12||19248|1004430560|1267119400
9121|0|98794|01/01/2024 16:58:54||17466|777041704|1027158752
8385|0|78679|01/01/2024 11:14:49||38111|22745644960|32813333232
8499|0|30638|01/01/2024 11:41:10||36530|19700852464|28345804904
8953|0|27810|01/01/2024 15:35:18||22482|5630104856|5634705008
7514|0|95103|01/01/2024 06:34:54|01/01/2024 21:45:23|54629|89530642624|214174663832
8074|0|78096|01/01/2024 09:49:14||43246|9172305072|10683138912
7456|0|59970|01/01/2024 06:15:26||56074|6657818976|6678515560
9579|0|10085|01/01/2024 20:26:17||5023|621937808|623545232
9463|0|57795|01/01/2024 19:35:33||8067|405760496|505657032
8178|0|72000|01/01/2024 10:14:38|01/01/2024 21:40:01|41123|7461687752|10772122504
8906|0|74448|01/01/2024 15:16:54||23586|7671160280|10922065064
7913|0|7412|01/01/2024 08:55:12||46488|4629200728|5670431248
9348|0|36682|01/01/2024 18:40:01||11399|1631502448|2109391016
7691|0|44865|01/01/2024 07:44:19||50741|37396938216|41709570024
9560|0|89172|01/01/2024 20:17:23||5557|345546248|400786760
8891|0|85239|01/01/2024 15:05:45||24255|236866336|270682232
9729|0|29885|01/01/2024 21:25:11||1489|70536720|79886568
9689|0|56631|01/01/2024 21:06:45||2595|1208789576|1533664120
9779|0|60600|01/01/2024 21:46:56||184|6880560|9706304
7384|0|89760|01/01/2024 05:45:49||57851|14389587016|17812403472
9378|0|36839|01/01/2024 18:53:48||10572|5633217736|8188006928
9464|0|58941|01/01/2024 19:34:05||8155|185210448|223700568
9606|0|86335|01/01/2024 20:30:05||4795|1556312152|1969281168
8075|0|51521|01/01/2024 09:44:40||43520|10833025784|11700595088
7724|0|75669|01/01/2024 07:59:05||49855|58461475336|143375526928
9192|0|4484|01/01/2024 17:20:23||16177|1729545656|2565088336
9169|0|3904|01/01/2024 17:19:27||16233|3291108024|4794154808
8500|0|36204|01/01/2024 11:40:43||36557|8257436424|8636910464
9607|0|55005|01/01/2024 20:36:13||4427|855602656|1036052344
9004|0|16540|01/01/2024 15:53:53||21367|7402243704|7803689160
8978|0|57735|01/01/2024 15:45:51||21849|3581992768|4411262200
8926|0|45796|01/01/2024 15:20:25||23375|7836473304|8539377288
9690|0|95116|01/01/2024 21:08:04||2516|687951344|743307360
8610|0|28587|01/01/2024 12:38:27||33093|3030814128|3593514616
8927|0|28106|01/01/2024 15:28:54||22866|67753251424|128548607760
8954|0|61191|01/01/2024 15:32:52||22628|6641663896|8773237704
7457|0|53326|01/01/2024 06:12:37||56243|8938221960|9914766168
7753|0|84453|01/01/2024 08:07:52||49328|9215716304|12906510288
9063|0|52563|01/01/2024 16:20:47||19753|554944952|584367360
8359|0|29237|01/01/2024 11:03:58||38762|5361483904|7753756344
9730|0|14447|01/01/2024 21:20:18||1782|1415643136|1898835536
8220|0|94787|01/01/2024 10:22:29||41251|108906540296|216600029680
9403|0|54119|01/01/2024 19:08:06||9714|2649351208|3262229880
8501|0|71697|01/01/2024 11:49:15||36045|1370898440|2052889344
9250|0|61717|01/01/2024 17:52:17||14263|1486418936|1872755328
8928|0|41963|01/01/2024 15:25:03||23097|1180532608|1266649696
9122|0|96647|01/01/2024 16:59:42||17418|2984129400|3956295296
9081|0|41406|01/01/2024 16:37:49||18731|10062004096|12096691800
9285|0|84541|01/01/2024 18:13:54||12966|3590705880|4083861920
8828|0|94050|01/01/2024 14:32:41||26239|474690584|485302136
9533|0|8169|01/01/2024 20:04:08||6352|4306609224|5049861128
9170|0|71749|01/01/2024 17:10:19||16781|942155832|1045571352
8038|0|72481|01/01/2024 09:32:36||44244|3398251392|4156906504
7532|0|84564|01/01/2024 06:45:45||54255|7273385456|7863971888
9037|0|31189|01/01/2024 16:13:31||20189|6473046096|9162734376
9780|0|91279|01/01/2024 21:44:50||310|151383856|211667632
8907|0|15334|01/01/2024 15:14:23||23737|2954414104|3066792680
8979|0|21667|01/01/2024 15:48:20||21700|2395634224|2557751536
9445|0|12379|01/01/2024 19:23:05||8815|173103896|198378632
9251|0|94316|01/01/2024 17:51:56||14284|5613789600|7255738320
8880|0|97311|01/01/2024 14:57:12||24768|41188649696|104538461392
9252|0|42553|01/01/2024 17:53:38||14182|12305965888|12822261936
8142|0|34072|01/01/2024 10:01:47||42493|5728255008|7833441104
9064|0|90419|01/01/2024 16:25:37||19463|478182352|549902080
8715|0|61182|01/01/2024 13:33:27||29793|8005935448|8712991192
7490|0|18158|01/01/2024 06:21:47||55693|19287024624|23922667576
9731|0|83108|01/01/2024 21:24:24||1536|221434224|323720984
7851|0|52807|01/01/2024 08:37:35||47545|17803853336|18839222408
8107|0|73600|01/01/2024 09:55:12||42888|10689994000|15936101032
8561|0|20283|01/01/2024 12:00:38||35362|706793296|964779072
9404|0|24156|01/01/2024 19:02:14||10066|1908463424|2275424912
9661|0|23425|01/01/2024 20:54:57||3303|5797798896|11522345512
9214|0|60363|01/01/2024 17:31:36||15504|332073952|443689624
8312|0|92726|01/01/2024 10:54:05||39355|20355034064|28285513832
9511|0|74286|01/01/2024 19:58:23||6697|1905817760|1955760064
8805|0|34884|01/01/2024 14:26:55||26585|3868802096|4984393488
9123|0|75722|01/01/2024 16:51:50||17890|780697112|970126008
8562|0|77345|01/01/2024 12:05:25||35075|7352841112|9796579000
9512|0|63807|01/01/2024 19:52:57||7023|1945441896|2043120736
8502|0|72926|01/01/2024 11:40:32||36568|3369649184|3456775456
9124|0|63274|01/01/2024 16:57:46||17534|1559903352|1635682800
9125|0|52904|01/01/2024 16:53:06||17814|217880976|302248144
9405|0|74504|01/01/2024 19:08:53||9667|327358664|407947104
9446|0|93717|01/01/2024 19:24:40||8720|190206280|248992040
9171|0|36448|01/01/2024 17:11:44||16696|2581422000|3759965120
8729|0|54913|01/01/2024 13:40:06||29394|13484498208|20065697424
8468|0|75895|01/01/2024 11:32:48||37032|69963392896|142937369024
9038|0|84585|01/01/2024 16:16:50||19990|58107722792|125041243976
9379|0|8613|01/01/2024 18:52:09||10671|453424104|515987312
9406|0|86562|01/01/2024 19:00:15|01/01/2024 21:40:25|9610|448703048|647784024
9380|0|89489|01/01/2024 18:53:55||10565|4393219768|6558686120
7915|0|37264|01/01/2024 08:53:24||46596|13331803512|15163545016
9407|0|6376|01/01/2024 19:05:11||9889|760707800|999939280
7875|0|48108|01/01/2024 08:47:57||46923|21736728768|22046457280
8532|0|48135|01/01/2024 11:58:59||35461|11121452144|16621079672
8830|0|79189|01/01/2024 14:34:28||26132|1510235888|1842687752
9215|0|82073|01/01/2024 17:37:00||15180|6646272432|6718205944
9329|0|86389|01/01/2024 18:35:01||11699|2883764256|3527312672
9732|0|71014|01/01/2024 21:26:02||1438|661341112|668464208
7726|0|55177|01/01/2024 07:56:44||49996|11986498520|13046206896
8716|0|87607|01/01/2024 13:35:36||29664|15422009008|20886364504
8250|0|72601|01/01/2024 10:35:46||40454|7444327408|8786493408
8143|0|13824|01/01/2024 10:01:55||42485|15695594568|16795107280
9148|0|67407|01/01/2024 17:00:26||17374|1244909928|1797910768
9286|0|98663|01/01/2024 18:11:13||13127|5321109240|6553516008
8772|0|83148|01/01/2024 14:06:08||27832|7313713944|7330666664
8648|0|90954|01/01/2024 12:54:51||32109|4178596104|5670318640
8223|0|61005|01/01/2024 10:20:18|01/01/2024 21:49:36|41358|4723693840|6156607376
9608|0|39181|01/01/2024 20:34:19||4541|670266464|813680008
9634|0|16468|01/01/2024 20:44:12||3948|367433736|438104992
9304|0|38967|01/01/2024 18:27:59||12121|10187666448|11620276704
7606|0|93069|01/01/2024 07:13:31||52589|2338100640|2991708792
9149|0|57132|01/01/2024 17:09:13||16847|41743710800|101756853064
9781|0|46466|01/01/2024 21:45:07||293|10196720|11886752
8980|0|58966|01/01/2024 15:46:41||21799|7770780808|8226095120
7854|0|50446|01/01/2024 08:38:44||47476|10484898400|14179413104
9193|0|64575|01/01/2024 17:29:59||15601|3808365512|4142389648
7266|0|89808|01/01/2024 04:51:07||61133|8614317176|10871481552
7756|0|96247|01/01/2024 08:07:23||49357|10642437000|14283992424
8564|0|32468|01/01/2024 12:04:25||35135|20187461200|14005951232
7969|0|35329|01/01/2024 09:12:27||45453|10172260352|12597639328
8503|0|59834|01/01/2024 11:42:31||36449|6198171056|8354996024
8252|0|48439|01/01/2024 10:34:42||40518|24677673160|27079846296
9760|0|39373|01/01/2024 21:33:55||965|202844608|208910744
7970|0|11043|01/01/2024 09:10:38||45562|3130105112|4597491832
9561|0|35862|01/01/2024 20:14:12||5748|904735336|1273205120
6903|0|68986|01/01/2024 02:25:05||69895|95438558512|254257702488
8611|0|6952|01/01/2024 12:38:20||33100|118297165528|341481305744
8565|0|71648|01/01/2024 12:00:36||35364|2901936704|3868839624
9270|0|49738|01/01/2024 18:05:57||13443|1452289512|1583019184
9691|0|94709|01/01/2024 21:02:21||2859|181763864|203327920
8040|0|16348|01/01/2024 09:39:51||43809|11113046240|13912309456
8893|0|57503|01/01/2024 15:07:10||24170|4394423440|5310333472
7579|0|46611|01/01/2024 07:09:20||52840|3272230632|4780472392
9733|0|49028|01/01/2024 21:26:16||1424|180543400|247702064
9609|0|39968|01/01/2024 20:37:20||4360|228094712|251926000
8180|0|37225|01/01/2024 10:11:55||41885|28530304488|33388648416
7189|0|85434|01/01/2024 04:28:44|01/01/2024 21:47:13|62309|3100620936|4229285040
7190|0|88937|01/01/2024 04:23:10||62810|15967811048|22868075896
9465|0|37568|01/01/2024 19:33:33||8187|288850024|370834096
9349|0|95683|01/01/2024 18:47:42||10938|754649848|789831424
9172|0|34682|01/01/2024 17:16:18||16422|809713096|1140323512
8783|0|38542|01/01/2024 14:16:46||27194|13881876248|16998853216
9610|0|41207|01/01/2024 20:35:30||4470|661395320|761649200
9039|0|17947|01/01/2024 16:18:27||19893|1011018248|1412721696
9562|0|78994|01/01/2024 20:15:11||5689|12730277064|30409131208
7637|0|44755|01/01/2024 07:28:30||51690|92308128|104421112
8182|0|12359|01/01/2024 10:10:51||41949|10949499192|12148492752
8316|0|82182|01/01/2024 10:53:24||39396|9340655072|11650658968
7757|0|47033|01/01/2024 08:01:19||49721|31867801864|38201454224
8504|0|92104|01/01/2024 11:44:43||36317|157628672|230453880
7129|0|88450|01/01/2024 04:03:58||63962|10875834288|11442706320
9710|0|92170|01/01/2024 21:16:24||2016|72561312|83257264
9635|0|48735|01/01/2024 20:41:04||4136|2088019984|2249948528
8806|0|11534|01/01/2024 14:25:04||26696|9556301272|14145136528
9580|0|49522|01/01/2024 20:25:45||5055|513567744|561479744
7607|0|30265|01/01/2024 07:19:39||52221|18245457688|19314440072
9466|0|58982|01/01/2024 19:33:28||8192|3389997368|4850455672
9216|0|31543|01/01/2024 17:32:06||15474|954218720|1074650320
9253|0|53404|01/01/2024 17:54:38||14122|1857968808|2364581808
9381|0|6248|01/01/2024 18:58:48||10272|5908588072|6653984848
9101|0|62720|01/01/2024 16:42:32||18448|820750704|1036150752
7972|0|39025|01/01/2024 09:14:28||45332|5320426912|7764428736
8109|0|67859|01/01/2024 09:57:26||42754|3671252296|4178251656
8505|0|34041|01/01/2024 11:43:01||36419|7805222400|9652424824
8807|0|57247|01/01/2024 14:20:52||26948|55195674360|139846887344
9513|0|13774|01/01/2024 19:51:30||7110|1780863496|2607889952
7919|0|99156|01/01/2024 08:55:23||46477|2221923824|2789222456
8703|0|34278|01/01/2024 13:22:26||30454|13950487856|14042253536
8110|0|83497|01/01/2024 09:56:32||42808|15252102448|21917600248
9782|0|9107|01/01/2024 21:45:47||253|17133992|24005040
9783|0|4054|01/01/2024 21:47:27||153|77691312|81660560
7495|0|21392|01/01/2024 06:25:18||55482|1035756600|1268895736
8362|0|35733|01/01/2024 11:06:25||38615|572243152|694723296
8596|0|7143|01/01/2024 12:28:31||33689|4291583352|6343492560
9692|0|44658|01/01/2024 21:02:08||2872|174094872|231376544
9662|0|46270|01/01/2024 20:59:18||3042|697347976|941586192
9102|0|26828|01/01/2024 16:40:06||18594|3729136024|3803966184
9082|0|89721|01/01/2024 16:32:48||19032|461754160|471361680
9103|0|54961|01/01/2024 16:40:14||18586|37769215048|80448124920
9663|0|90163|01/01/2024 20:58:30||3090|462229520|529530712
8470|0|4256|01/01/2024 11:35:28||36872|8002101112|11060794320
8144|0|78128|01/01/2024 10:06:02||42238|7493600576|7935796800
7973|0|95872|01/01/2024 09:18:07||45113|6879721624|8122424200
9150|0|10802|01/01/2024 17:06:45||16995|49916710696|125154917784
9784|0|13764|01/01/2024 21:40:48||552|133801320|140751232
8855|0|44731|01/01/2024 14:42:50||25630|455884224|509653936
9636|0|74166|01/01/2024 20:48:58||3662|879069768|941267936
7387|0|58029|01/01/2024 05:46:56||57784|6562274592|9837287472
9350|0|36455|01/01/2024 18:41:59||11281|27612724160|56226163040
8281|0|67867|01/01/2024 10:42:24||40056|1404798536|1586929192
8730|0|9349|01/01/2024 13:41:25||29315|5847359440|5956600936
7855|0|94461|01/01/2024 08:38:41||47479|17481609720|22977513680
9425|0|19097|01/01/2024 19:18:28||9092|412232|458200
8535|0|9872|01/01/2024 11:59:38||35422|3660539824|4320709936
8471|0|58222|01/01/2024 11:30:48||37152|27274179976|30800286280
8856|0|72764|01/01/2024 14:42:12||25668|89367511848|204033690968
8390|0|98621|01/01/2024 11:16:32||38008|6622177168|7571476456
9467|0|89278|01/01/2024 19:33:59||8161|3442843472|4904901536
9447|0|8632|01/01/2024 19:24:24||8736|1528069912|2238558544
9065|0|7199|01/01/2024 16:27:01||19379|8654143584|8714220256
9272|0|22188|01/01/2024 18:00:09||13791|1724612312|1862298456
9287|0|27279|01/01/2024 18:13:35||12985|2974946248|4120616144
7880|0|27422|01/01/2024 08:43:34||47186|20150485696|26555481904
9083|0|28277|01/01/2024 16:34:13||18947|28459963504|85075560784
8112|0|90653|01/01/2024 09:53:53||42967|5143077536|7121432784
7131|0|30292|01/01/2024 04:03:19||64001|144647281128|313646663072
8784|0|43678|01/01/2024 14:13:09||27411|10511877344|12292111488
8612|0|92618|01/01/2024 12:36:11||33229|4988123016|7345925464
9637|0|65210|01/01/2024 20:41:42||4098|1179011224|1185253376
8428|0|90872|01/01/2024 11:22:09||37671|12260657272|17254505176
7345|0|27019|01/01/2024 05:29:04||58856|2582585640|3406295920
9151|0|11066|01/01/2024 17:04:17||17143|343371584|514987696
9040|0|66317|01/01/2024 16:19:46||19814|3921865648|4500778568
6974|0|79350|01/01/2024 02:54:14||68146|12734601832|17446818608
9018|0|45092|01/01/2024 16:06:19||20621|6420366848|6644717792
9581|0|71539|01/01/2024 20:28:18||4902|161342480|190919392
9274|0|90190|01/01/2024 18:05:35||13465|6169917272|6688881880
9582|0|69929|01/01/2024 20:28:22||4898|2862335352|3057505824
9408|0|97039|01/01/2024 19:03:55||9965|700805544|830389288
9734|0|59045|01/01/2024 21:24:25||1535|28060672|29971952
8910|0|88489|01/01/2024 15:12:12||23868|16496635264|18294364480
9306|0|56025|01/01/2024 18:28:13||12107|6942696936|9235309312
9664|0|6073|01/01/2024 20:57:12||3168|748676584|886912360
8981|0|9192|01/01/2024 15:45:14||21886|3271570176|4512580376
9152|0|71084|01/01/2024 17:07:23||16957|7312731928|8167213912
7975|0|38265|01/01/2024 09:14:02||45358|2143918352|2740820384
8785|0|42570|01/01/2024 14:12:09||27471|3625829672|5012621232
9611|0|21427|01/01/2024 20:34:25||4535|93898632|104463184
7192|0|93911|01/01/2024 04:28:54||62466|33200623440|39114108688
9494|0|27940|01/01/2024 19:49:34||7226|19353364296|48338487736
8536|0|20383|01/01/2024 11:59:18||35442|8994139344|10811642696
8895|0|59942|01/01/2024 15:05:55||24245|3717069328|4876102200
9785|0|73325|01/01/2024 21:44:28||332|9389592|10893368
9583|0|9532|01/01/2024 20:21:23||5317|2162700688|2370626664
9237|0|83741|01/01/2024 17:43:09||14811|1289843256|1754784376
9217|0|93386|01/01/2024 17:32:07||15473|3443830696|3534169056
9104|0|83215|01/01/2024 16:41:08||18532|9303318560|11194896176
9468|0|13953|01/01/2024 19:39:06||7854|17642588208|49245627752
9469|0|52885|01/01/2024 19:39:39||7821|249666776|290907312
8881|0|80192|01/01/2024 14:59:45||24615|3391262400|4675871032
8808|0|35285|01/01/2024 14:21:40||26900|2538808960|2740095408
8045|0|58379|01/01/2024 09:35:40|01/01/2024 21:45:44|43804|1573626952|1633685688
9019|0|11226|01/01/2024 16:07:52||20528|2176397424|2338360504
9563|0|33681|01/01/2024 20:10:56||5944|4248599496|5518280776
9218|0|32541|01/01/2024 17:33:32||15388|2118622800|3076263096
8076|0|64323|01/01/2024 09:46:03||43437|3698579024|4235799856
7664|0|90727|01/01/2024 07:30:48||51552|9426702144|10608567552
9153|0|11314|01/01/2024 17:02:20||17260|31293775240|67144692376
9275|0|65504|01/01/2024 18:08:33||13287|37784144248|90719359768
9254|0|69192|01/01/2024 17:50:38||14362|3294279776|4919409912
8537|0|48637|01/01/2024 11:56:56||35584|2919792632|2964547056
8007|0|53519|01/01/2024 09:29:47||44413|1321313464|1449231056
7436|0|94015|01/01/2024 06:06:12||56628|131292326784|249982788584
7269|0|40656|01/01/2024 04:50:41|01/01/2024 21:40:17|60576|26206076560|26669717560
9786|0|40656|01/01/2024 21:40:50||550|26674600|27472720
9255|0|30443|01/01/2024 17:56:36||14004|403100992|527027952
9066|0|8061|01/01/2024 16:22:33||19647|2900751608|3175456088
9195|0|93309|01/01/2024 17:21:14||16126|1012726640|1361012024
8831|0|9807|01/01/2024 14:32:49||26231|4596002624|6797928592
9693|0|62164|01/01/2024 21:04:28||2732|131974616|183078664
8718|0|11785|01/01/2024 13:34:04||29756|13223345328|16132427792
8430|0|76735|01/01/2024 11:28:43||37277|910984320|1170325400
9331|0|72808|01/01/2024 18:35:11||11689|3106671752|4296944888
9005|0|87025|01/01/2024 15:50:19||21581|5934939824|7924465512
9665|0|34124|01/01/2024 20:51:00||3540|1239455336|1342303112
8257|0|86790|01/01/2024 10:33:54||40566|5819849864|6286185032
9409|0|31643|01/01/2024 19:03:20||10000|1316122784|1809082976
9351|0|91568|01/01/2024 18:41:01||11339|4249671680|4810264544
7317|0|67632|01/01/2024 05:15:56||59644|11316259208|15432730192
7157|0|42430|01/01/2024 04:14:06||63354|8746284960|11766420600
8683|0|15996|01/01/2024 13:19:01||30659|6123806944|8550334616
8566|0|37926|01/01/2024 12:00:56||35344|11040759648|11607490352
9735|0|65288|01/01/2024 21:23:29||1591|1280487016|1284468608
9612|0|46901|01/01/2024 20:39:54||4206|1317662856|1421755328
7347|0|61352|01/01/2024 05:22:37||59243|17224937112|21699871000
8567|0|29837|01/01/2024 12:01:23||35317|1918884432|2436513544
7976|0|72404|01/01/2024 09:11:43||45497|5979837016|7311651176
7882|0|74822|01/01/2024 08:47:45||46935|22463930224|23530769144
8224|0|27751|01/01/2024 10:22:30||41250|5342805424|6938150272
8046|0|35235|01/01/2024 09:35:46||44054|3169114656|4153554568
9514|0|43698|01/01/2024 19:57:52||6728|633306536|825052568
8832|0|51334|01/01/2024 14:32:14||26266|11829813456|14988609504
9694|0|36095|01/01/2024 21:04:18||2742|2663859192|3637806856
7414|0|65470|01/01/2024 05:51:15||57525|17520347264|24542320880
8538|0|32872|01/01/2024 11:51:44||35896|98431330352|226510634912
9564|0|35937|01/01/2024 20:18:52||5468|5105056584|5358050432
9006|0|26784|01/01/2024 15:56:12||21228|13118319552|17986548496
9410|0|4273|01/01/2024 19:02:10||10070|1196178600|1278028624
9515|0|77537|01/01/2024 19:52:52||7028|828843632|1023795840
8392|0|58921|01/01/2024 11:13:31||38189|18790893760|20738859776
8983|0|65423|01/01/2024 15:47:05||21775|12620291216|16773817440
7582|0|70953|01/01/2024 07:07:11|01/01/2024 21:46:12|52741|14796355424|20554836432
8597|0|94290|01/01/2024 12:26:02||33838|4277497320|5089738104
7318|0|80310|01/01/2024 05:11:22||59918|14405196936|15676726024
9067|0|67919|01/01/2024 16:22:58||19622|7461206064|9401407200
7884|0|53841|01/01/2024 08:46:36||47004|41056808032|43114180792
9307|0|83641|01/01/2024 18:29:38||12022|45767908032|131696225776
9219|0|91060|01/01/2024 17:39:06||15054|4210515504|5782922840
7243|0|51236|01/01/2024 04:48:30||61290|11250075552|14023920376
8911|0|83949|01/01/2024 15:19:56||23404|8962974072|12771974432
8833|0|34193|01/01/2024 14:32:05||26275|1481574448|1771336304
8258|0|72067|01/01/2024 10:39:39||40221|77296402872|207854215392
8956|0|25341|01/01/2024 15:36:24||22416|7589507680|8302323216
8507|0|32098|01/01/2024 11:40:03||36597|3255597152|3674699328
9288|0|58849|01/01/2024 18:11:22||13118|3021224056|3958859080
8317|0|66006|01/01/2024 10:54:41||39319|20246937416|11844350792
9276|0|74201|01/01/2024 18:08:41||13279|9032847392|11079906624
8318|0|61584|01/01/2024 10:53:39||39381|50536454400|144395555384
8613|0|90491|01/01/2024 12:37:08||33172|650900608|839733720
9787|0|63678|01/01/2024 21:49:07||53|15950240|21492120
9085|0|40546|01/01/2024 16:34:13||18947|21039819904|50221984992
8473|0|10910|01/01/2024 11:37:57||36723|10700853224|13766321936
8834|0|29694|01/01/2024 14:32:00||26280|10894813912|16254029488
8047|0|58591|01/01/2024 09:32:15||44265|6375971696|8107120000
9196|0|6089|01/01/2024 17:20:31|01/01/2024 21:41:37|15666|1837823072|2592290464
9042|0|81479|01/01/2024 16:14:15||20145|10979654512|16185602920
9448|0|53027|01/01/2024 19:21:09||8931|583485248|819973248
8009|0|30620|01/01/2024 09:25:00||44700|11123565520|12517928240
9173|0|6761|01/01/2024 17:11:34||16706|1056579992|1411331752
9711|0|98043|01/01/2024 21:16:28||2012|443166192|656002088
7829|0|84025|01/01/2024 08:21:48||48492|23158803360|27626135968
9154|0|3972|01/01/2024 17:09:51||16809|3851709624|5282638424
9220|0|59158|01/01/2024 17:35:40||15260|40558124304|85411214208
9043|0|94733|01/01/2024 16:17:21||19959|5121130864|5877781472
9666|0|26236|01/01/2024 20:52:50||3430|13586152464|30249789576
8010|0|58798|01/01/2024 09:25:43||44657|11175240152|12798603544
9584|0|15878|01/01/2024 20:29:24||4836|1075092336|1120222024
9411|0|65360|01/01/2024 19:08:05||9715|313866600|364223472
8113|0|78465|01/01/2024 09:50:24||43176|14198548880|20721612256
9470|0|42604|01/01/2024 19:36:57||7983|925802400|1375377160
9516|0|55090|01/01/2024 19:50:39||7161|632797176|858954864
7830|0|18283|01/01/2024 08:23:11||48409|1267457600|1862893136
8393|0|93385|01/01/2024 11:12:55||38225|19259733200|24658335384
8598|0|12302|01/01/2024 12:23:32||33988|5687679464|6627744056
9471|0|64643|01/01/2024 19:32:51||8229|454323152|551018568
8746|0|47108|01/01/2024 13:53:33|01/01/2024 21:40:24|28011|10133676592|10193882144
9197|0|84432|01/01/2024 17:28:25||15695|9799243312|10763748624
9352|0|76141|01/01/2024 18:43:26||11194|2792987976|4056755048
8011|0|39721|01/01/2024 09:26:13||44627|9691004264|10729776784
9534|0|72760|01/01/2024 20:06:06||6234|2394484360|2936288472
7885|0|59210|01/01/2024 08:49:11||46849|3320137184|4644093824
9613|0|30142|01/01/2024 20:32:47|01/01/2024 21:46:51|4444|1489203920|1505268592
9788|0|30142|01/01/2024 21:47:11||169|60041512|78863360
9332|0|53423|01/01/2024 18:37:20||11560|1312341144|1700040968
7923|0|43549|01/01/2024 08:53:17||46603|4960686968|5242802016
8078|0|97623|01/01/2024 09:44:42||43518|7774449584|9868147888
9535|0|22725|01/01/2024 20:00:46||6554|1126498392|1202328064
9221|0|24844|01/01/2024 17:30:00||15600|4760082896|5826314408
9614|0|73063|01/01/2024 20:30:46||4754|1253707656|1714625808
9044|0|46420|01/01/2024 16:11:19||20321|2355371320|3337980600
9536|0|40430|01/01/2024 20:03:43||6377|1258687360|1737108104
8835|0|70097|01/01/2024 14:39:53||25807|3467237864|4453301304
9761|0|56536|01/01/2024 21:37:41||739|51378912|64696464
9174|0|31350|01/01/2024 17:17:53||16327|17990018216|43866105816
9712|0|34348|01/01/2024 21:17:07||1973|339934936|363655984
8912|0|87365|01/01/2024 15:16:42||23598|3188870240|4631263216
9565|0|51817|01/01/2024 20:15:35||5665|4716102648|5851596992
7389|0|40914|01/01/2024 05:43:22||57998|2697489392|3818134272
9426|0|71915|01/01/2024 19:14:52||9308|475803168|496732952
9537|0|72343|01/01/2024 20:03:32||6388|10856933672|23904072600
8186|0|79245|01/01/2024 10:17:42||41538|7874023600|8601783536
8649|0|9901|01/01/2024 12:51:40||32300|4246677800|5559246296
7696|0|61969|01/01/2024 07:43:00||50820|14600303288|15174881368
9309|0|5505|01/01/2024 18:22:35||12445|8400614080|9156991920
8115|0|49186|01/01/2024 09:57:58||42722|4704654000|6803264664
9127|0|28457|01/01/2024 16:50:02||17998|991409448|1373944632
7609|0|33559|01/01/2024 07:15:38||52462|20855560880|21194062624
9736|0|41935|01/01/2024 21:28:06||1314|687340880|697893664
8432|0|17769|01/01/2024 11:26:38||37402|10513274520|14421948816
8684|0|70705|01/01/2024 13:17:34||30746|20498370840|22810036464
9585|0|7357|01/01/2024 20:26:02||5038|715576632|843277632
9007|0|63285|01/01/2024 15:54:01||21359|6876161296|8413124664
9737|0|78489|01/01/2024 21:26:19||1421|115636816|118982560
9586|0|16359|01/01/2024 20:20:23||5377|1233556568|1765770672
9427|0|83596|01/01/2024 19:11:08||9532|2023698496|2605510080
9086|0|5254|01/01/2024 16:33:51||18969|8757391032|8921316784
9310|0|99227|01/01/2024 18:24:06||12354|2015062320|2202863392
8958|0|43098|01/01/2024 15:31:50||22690|6683140144|7724874328
9412|0|72614|01/01/2024 19:08:23||9697|4014673904|5419178496
8284|0|14719|01/01/2024 10:47:42||39738|14663514208|20096198688
7298|0|46233|01/01/2024 05:04:40||60320|30259296280|32690364744
8614|0|4559|01/01/2024 12:36:17||33223|8367625256|12010710288
8882|0|45743|01/01/2024 14:59:16||24644|2328405680|2578680152
9738|0|47619|01/01/2024 21:25:30||1470|30854544|43788200
9739|0|63548|01/01/2024 21:23:26||1594|177772696|224798432
9638|0|86147|01/01/2024 20:40:06||4194|910984368|1082755056
9587|0|30617|01/01/2024 20:24:53||5107|2399469712|2466436416
9069|0|57378|01/01/2024 16:22:50||19630|1258723160|1819994256
9740|0|35013|01/01/2024 21:24:03||1557|65766152|72093024
9045|0|95342|01/01/2024 16:12:11||20269|8752322096|12546373584
8261|0|97160|01/01/2024 10:36:10||40430|651574768|708980392
9413|0|10481|01/01/2024 19:03:17||10003|1362760848|1597909336
7924|0|30382|01/01/2024 08:55:30||46470|11402101832|13638145664
8670|0|72297|01/01/2024 13:00:51||31749|3820376760|4130679152
8079|0|21007|01/01/2024 09:41:10||43730|7356499784|10371557592
8747|0|83505|01/01/2024 13:58:53||28267|5266364800|6037648600
9087|0|29388|01/01/2024 16:38:21||18699|2840906376|3511096712
7390|0|48385|01/01/2024 05:48:42||57678|30109134296|31107010784
9333|0|45615|01/01/2024 18:31:15||11925|6447375384|7178816672
8650|0|27843|01/01/2024 12:55:30||32070|49122580112|144123782416
9667|0|78647|01/01/2024 20:58:25||3095|1630921104|2057839136
7639|0|5186|01/01/2024 07:23:44||51976|3565243848|4369398824
9311|0|46905|01/01/2024 18:23:28||12392|2905162000|3873810672
9741|0|27568|01/01/2024 21:26:44||1396|1415257024|1769373304
9449|0|10940|01/01/2024 19:29:11||8449|1020336536|1223168200
8748|0|87104|01/01/2024 13:50:15||28785|7106636120|8084911400
9566|0|60691|01/01/2024 20:12:03||5877|518845512|570171496
8633|0|72686|01/01/2024 12:47:50||32530|35481790928|103783076192
9238|0|95338|01/01/2024 17:42:22||14858|2575167144|3499357488
9472|0|17325|01/01/2024 19:36:57||7983|17247183680|50761757704
8366|0|16603|01/01/2024 11:03:41||38779|2305391112|2946614160
9198|0|49136|01/01/2024 17:27:10||15770|737397424|1094819016
7612|0|86861|01/01/2024 07:14:57||52503|2697809240|3847288104
8396|0|62763|01/01/2024 11:10:04||38396|1966726352|2529310816
9383|0|54623|01/01/2024 18:52:38||10642|3449631744|4116323816
9046|0|69320|01/01/2024 16:17:58||19922|8553683376|11525563072
8014|0|93094|01/01/2024 09:22:12||44868|9831167648|12185491408
9176|0|4227|01/01/2024 17:18:27||16293|1005046048|1259635352
9070|0|13942|01/01/2024 16:26:52||19388|9691516056|11288882352
9567|0|92518|01/01/2024 20:18:54||5466|457673768|483943968
9353|0|74573|01/01/2024 18:44:59||11101|1189221768|1721734432
7668|0|51162|01/01/2024 07:39:42||51018|10103380656|12115106368
8189|0|33952|01/01/2024 10:12:11||41869|7939632592|8911557440
8634|0|16681|01/01/2024 12:48:11||32509|7086224584|10527610264
7697|0|73079|01/01/2024 07:40:28||50972|22279382128|24004206080
8584|0|18192|01/01/2024 12:14:18||34542|1850503640|2639006864
7698|0|81523|01/01/2024 07:47:05||50575|629551312|857566616
7699|0|94145|01/01/2024 07:43:15||50805|18805442072|23220180616
9588|0|9817|01/01/2024 20:24:31||5129|8173349256|16801772064
8933|0|47552|01/01/2024 15:26:38||23002|6215028296|8027327968
7700|0|80746|01/01/2024 07:42:15||50865|85941033096|238585372256
9668|0|91768|01/01/2024 20:53:51||3369|396378704|579190184
9539|0|39194|01/01/2024 20:04:56||6304|719411840|954272208
7764|0|63732|01/01/2024 08:08:03||49317|16649495344|19424061248
8615|0|11739|01/01/2024 12:31:12||33528|2387452440|2935081888
9639|0|41299|01/01/2024 20:48:06||3714|350688296|358394024
9640|0|11997|01/01/2024 20:44:25||3935|993053120|1349423536
7098|0|23739|01/01/2024 03:45:17||65083|7366510448|8827722104
9742|0|99379|01/01/2024 21:22:51||1629|7562944|8437408
9239|0|35031|01/01/2024 17:42:25||14855|29017754272|62960012528
9177|0|96673|01/01/2024 17:11:37||16703|259674768|363066824
9071|0|52975|01/01/2024 16:23:54||19566|4138384192|5527858912
9589|0|65443|01/01/2024 20:21:39||5301|864811544|871053480
7949|0|14926|01/01/2024 09:08:42||45678|20966562088|27753390296
9414|0|87069|01/01/2024 19:08:30||9690|29437590688|57761098888
9495|0|47772|01/01/2024 19:42:44||7636|1987930280|2096253416
9009|0|58910|01/01/2024 15:57:05||21175|14166340792|15889607248
8750|0|3906|01/01/2024 13:51:46||28694|1887224664|2725393784
9156|0|50574|01/01/2024 17:01:31||17309|48440682528|111684398208
7642|0|20755|01/01/2024 07:24:26||51934|4199638792|6140380224
9695|0|48809|01/01/2024 21:02:19||2861|563151552|574800320
7977|0|11424|01/01/2024 09:12:03||45477|5910169496|7507812080
9178|0|30102|01/01/2024 17:12:57||16623|7777619328|8254043352
9669|0|4621|01/01/2024 20:59:19||3041|1520799888|1624806752
8116|0|96836|01/01/2024 09:56:46||42794|2302981744|3099571672
9222|0|83954|01/01/2024 17:33:27||15393|2709919680|3475840440
9047|0|13216|01/01/2024 16:12:53||20227|2898309784|3261594120
7520|0|5299|01/01/2024 06:35:14||54886|948381136|1105483680
9256|0|45665|01/01/2024 17:59:51||13809|1914376552|2832157728
8811|0|35685|01/01/2024 14:25:08||26692|659290920|889670968
8786|0|9840|01/01/2024 14:13:04||27416|3906786648|5384346832
8367|0|21862|01/01/2024 11:05:50||38650|16216202016|18644795016
9762|0|8768|01/01/2024 21:36:35||805|90841320|135117240
9496|0|49773|01/01/2024 19:48:20||7300|649957776|832551488
7499|0|30949|01/01/2024 06:26:47||55393|4391849904|5800148904
9473|0|20921|01/01/2024 19:38:57||7863|236852432|275765456
9072|0|93762|01/01/2024 16:25:18||19482|1745220056|2032584952
8884|0|40021|01/01/2024 14:57:23||24757|1835011240|2213889216
9615|0|93546|01/01/2024 20:37:33||4347|1232615304|1595892416
8015|0|21312|01/01/2024 09:26:05||44635|4269461528|5174899512
7766|0|93513|01/01/2024 08:05:26||49474|191565383168|371425559272
8685|0|76056|01/01/2024 13:17:53||30727|18047212704|23853948992
9415|0|11945|01/01/2024 19:09:14||9646|307758856|460069664
8585|0|73518|01/01/2024 12:18:02||34318|8735511600|8998842328
9334|0|69902|01/01/2024 18:34:32||11728|17028292008|43334302344
8617|0|13461|01/01/2024 12:34:00||33360|1358293632|1631359624
9517|0|84844|01/01/2024 19:54:41||6919|1849625856|2218728792
8398|0|65234|01/01/2024 11:12:08||38272|2799308696|3906396496
9240|0|81994|01/01/2024 17:44:20||14740|1401427528|2002874024
9590|0|42416|01/01/2024 20:28:29||4891|2875354736|2882616568
7195|0|95129|01/01/2024 04:21:19||62921|20317787488|29974175656
9128|0|46473|01/01/2024 16:53:02||17818|2055960088|2064233192
8542|0|21475|01/01/2024 11:58:50||35470|2947015576|4378294712
7586|0|60771|01/01/2024 07:04:49||53111|1960084256|2663613928
7860|0|62245|01/01/2024 08:34:16||47744|12712445832|14178539840
8859|0|30328|01/01/2024 14:45:43||25457|53391823480|108799710264
8118|0|94286|01/01/2024 09:51:56||43084|17677471768|18040049568
9023|0|68117|01/01/2024 16:04:42||20718|5573296768|6999719464
7465|0|34328|01/01/2024 06:14:35||56125|122525431952|254883249480
9518|0|10616|01/01/2024 19:51:26||7114|2238355904|2410543776
9519|0|21038|01/01/2024 19:50:28||7172|1921625184|2832118880
9568|0|52206|01/01/2024 20:19:53||5407|1066892192|1413474768
8509|0|35035|01/01/2024 11:41:57||36483|3662187128|3782357080
9540|0|26607|01/01/2024 20:09:56||6004|731245904|905370808
8226|0|14620|01/01/2024 10:29:27||40833|8046178856|8287066200
9241|0|24209|01/01/2024 17:43:49||14771|15927578560|16214982616
8775|0|55356|01/01/2024 14:09:05||27655|4226202688|5587689520
9335|0|10398|01/01/2024 18:38:38||11482|3661614864|4561524080
9105|0|26270|01/01/2024 16:49:27||18033|4129210272|4456897528
8477|0|55392|01/01/2024 11:31:39||37101|1813605896|1913969176
8434|0|86099|01/01/2024 11:21:34|01/01/2024 21:44:06|37352|2057828048|2365715136
8896|0|53891|01/01/2024 15:09:14||24046|676876608|827781080
9048|0|25715|01/01/2024 16:16:21||20019|1751354720|2478357808
8935|0|93729|01/01/2024 15:20:10||23390|8528066792|11665036208
9277|0|84646|01/01/2024 18:07:42||13338|5722270304|7407712440
7163|0|82966|01/01/2024 04:13:11||63409|20791735144|28437389136
9312|0|48804|01/01/2024 18:20:10||12590|2377692632|3449260120
8959|0|5549|01/01/2024 15:33:15||22605|5387791680|5965294720
8263|0|33801|01/01/2024 10:36:05||40435|26068547344|31612571288
8570|0|50742|01/01/2024 12:04:33||35127|12977066272|18519034160
9385|0|28133|01/01/2024 18:50:03||10797|751388672|874129576
9474|0|10215|01/01/2024 19:33:39||8181|1236418904|1803467256
8586|0|91705|01/01/2024 12:10:48||34752|4526695912|4880886280
8897|0|60001|01/01/2024 15:00:45||24555|9777563832|11163966544
7767|0|34397|01/01/2024 08:09:02||49258|5803071752|8185582624
8860|0|31063|01/01/2024 14:44:38||25522|1456509392|2034750136
9223|0|19793|01/01/2024 17:31:00||15540|322625504|398009088
8288|0|50033|01/01/2024 10:49:38||39622|5624138368|6098911744
9224|0|57110|01/01/2024 17:37:44||15136|1162592376|1611947808
9541|0|16033|01/01/2024 20:02:00||6480|3651611448|4293659992
8571|0|27011|01/01/2024 12:04:18||35142|1933138104|2250396728
7196|0|7874|01/01/2024 04:27:58||62522|4904776472|6886371984
7325|0|44287|01/01/2024 05:13:13||59807|81118701088|165969701440
8264|0|31981|01/01/2024 10:36:58||40382|829585760|882882504
8751|0|69532|01/01/2024 13:50:54||28746|2446385328|3335689136
9475|0|79714|01/01/2024 19:33:30||8190|534532832|537717232
9278|0|33279|01/01/2024 18:03:48||13572|7141044376|8101345104
8719|0|16240|01/01/2024 13:34:39||29721|11674128040|16192130840
8936|0|66255|01/01/2024 15:29:11||22849|2561516544|2846399432
8837|0|6784|01/01/2024 14:39:31||25829|2227366992|3205788040
8081|0|17848|01/01/2024 09:44:18||43542|8228987408|10008308904
9010|0|97924|01/01/2024 15:52:07||21473|5078425968|5925987376
9713|0|74683|01/01/2024 21:12:21||2259|103625320|104912152
9290|0|16659|01/01/2024 18:12:26||13054|1025829208|1502362704
9257|0|23029|01/01/2024 17:56:49||13991|1471224672|1877016368
7276|0|18712|01/01/2024 04:55:25||60875|22846423656|25631000592
8686|0|5591|01/01/2024 13:19:48||30612|2161201008|2741753984
8587|0|89490|01/01/2024 12:15:00||34500|2599827120|3463094392
9789|0|69344|01/01/2024 21:45:42||258|8963392|9950704
7768|0|59260|01/01/2024 08:01:26||49714|5917152344|7398378392
8119|0|67654|01/01/2024 09:54:22||42938|12552262800|17166518536
9025|0|71403|01/01/2024 16:05:20||20680|789275864|1147597832
8152|0|76464|01/01/2024 10:08:24|01/01/2024 21:44:33|41769|18081543496|19374305048
9790|0|62004|01/01/2024 21:46:51||189|126407984|264851184
9497|0|89959|01/01/2024 19:41:09||7731|13250345992|34375112808
9313|0|92467|01/01/2024 18:25:15||12285|247121752|341923776
7769|0|71418|01/01/2024 08:04:44||49516|212139520272|422913562352
8153|0|31249|01/01/2024 10:00:45||42555|14325318080|16759667080
8227|0|4556|01/01/2024 10:29:26||40834|6701766432|8244678744
9641|0|33021|01/01/2024 20:49:29||3631|315828192|322231080
7392|0|3869|01/01/2024 05:41:29|01/01/2024 21:43:19|57710|9257039376|10461678560
9791|0|3869|01/01/2024 21:43:46||374|9763496|14157728
8191|0|24262|01/01/2024 10:13:21||41799|10471385456|11859148248
9542|0|82717|01/01/2024 20:03:15||6405|1552910888|1903369928
8937|0|75980|01/01/2024 15:26:00||23040|1467132776|2023515008
9569|0|48242|01/01/2024 20:17:34||5546|936118368|1017477856
9386|0|41526|01/01/2024 18:56:26||10414|4306364232|5106672552
9129|0|68160|01/01/2024 16:51:07||17933|774474592|879927544
7222|0|81178|01/01/2024 04:33:56||62164|9155869736|11076540128
9026|0|64229|01/01/2024 16:07:35||20545|31323976|42322040
9498|0|70548|01/01/2024 19:47:43||7337|2214978672|2390147768
8671|0|41602|01/01/2024 13:05:58||31442|91238297232|178561955632
9642|0|26412|01/01/2024 20:43:34||3986|972018616|1116501200
8478|0|93103|01/01/2024 11:30:44||37156|15697503112|17616317936
8752|0|68011|01/01/2024 13:55:17||28483|404985736|521085872
9199|0|59854|01/01/2024 17:23:44||15976|4535382984|5481160408
9591|0|82808|01/01/2024 20:23:28||5192|2614717824|2906396968
8228|0|33809|01/01/2024 10:23:48||41172|28781249864|30946764968
9476|0|97715|01/01/2024 19:34:14||8146|423511416|521312992
8436|0|69420|01/01/2024 11:23:55||37565|59313673808|152012798744
9477|0|30827|01/01/2024 19:37:36||7944|202549768|226262424
7732|0|70909|01/01/2024 07:58:52||49868|5561961328|5874158056
8985|0|25324|01/01/2024 15:44:11||21949|3271696568|3465548000
9499|0|25538|01/01/2024 19:49:48||7212|296694944|432783688
9520|0|4905|01/01/2024 19:56:45||6795|2777222264|2794199272
9696|0|7954|01/01/2024 21:09:18||2442|388848880|487558056
9314|0|60607|01/01/2024 18:26:31||12209|8547323336|10299810728
8788|0|8203|01/01/2024 14:17:35||27145|227017760|309152600
8938|0|65834|01/01/2024 15:22:26||23254|5988767472|7062957536
8885|0|45922|01/01/2024 14:52:01||25079|701650616|1015006200
9543|0|82011|01/01/2024 20:04:16||6344|94873048|121976584
9428|0|20072|01/01/2024 19:10:58||9542|706852448|913867544
7929|0|9616|01/01/2024 08:57:45||46335|3249087888|4370376480
7930|0|8083|01/01/2024 08:57:50||46330|2041634656|2350746000
9354|0|76728|01/01/2024 18:49:54||10806|7035889992|10491696000
9544|0|38309|01/01/2024 20:09:28||6032|122359672|124459560
7770|0|44564|01/01/2024 08:02:51||49629|23155022296|33510776848
9743|0|37345|01/01/2024 21:27:44||1336|150409632|153496568
8812|0|48086|01/01/2024 14:28:26||26494|56290782296|168794677328
9714|0|82147|01/01/2024 21:11:19||2321|250987376|333575104
8939|0|24702|01/01/2024 15:21:21||23319|5205804240|6833075272
8155|0|73225|01/01/2024 10:05:21||42279|10820967744|15264477688
9592|0|48168|01/01/2024 20:24:19||5141|722845664|1007081968
9200|0|78408|01/01/2024 17:20:51||16149|2405970088|2678398800
8732|0|51131|01/01/2024 13:48:36||28884|1639435264|2122711440
7978|0|24671|01/01/2024 09:10:53||45547|10295554336|13907865552
9763|0|40629|01/01/2024 21:38:06||714|67507288|89801328
8789|0|96516|01/01/2024 14:11:39||27501|58446590352|122775982264
9130|0|41928|01/01/2024 16:50:21||17979|884541408|1321284664
8439|0|90026|01/01/2024 11:27:24||37356|144877158392|350106342536
7771|0|92304|01/01/2024 08:02:41||49639|39247987400|42248360496
9500|0|11331|01/01/2024 19:45:56||7444|677947240|781216040
9355|0|82373|01/01/2024 18:43:27||11193|707174456|1003313360
9643|0|75728|01/01/2024 20:44:05||3955|356479064|493340448
8441|0|10088|01/01/2024 11:28:10||37310|8055805576|11838873936
8655|0|95158|01/01/2024 12:58:15||31905|13474086480|14233273608
9356|0|58841|01/01/2024 18:47:36||10944|16589342848|46787790392
9450|0|73227|01/01/2024 19:20:18||8982|297847696|446006200
7705|0|74521|01/01/2024 07:47:23||50557|8223632800|8749394576
7501|0|64828|01/01/2024 06:24:54||55506|19862727944|26591086656
8656|0|85389|01/01/2024 12:50:49||32351|5664637464|6587873624
8753|0|40241|01/01/2024 13:55:12||28488|33062745048|68871440848
8324|0|96482|01/01/2024 10:57:19||39161|4405456328|5277687936
8545|0|78180|01/01/2024 11:51:53||35887|7170882416|7199920096
8790|0|48119|01/01/2024 14:11:48||27492|51866213432|153036611104
8914|0|59657|01/01/2024 15:17:46||23534|7584025432|9986168392
9764|0|29872|01/01/2024 21:35:59||841|334842776|335954624
