IdSession|IdPSX|IdSubscriber|StartSession|EndSession|Duartion|UpTx|DownTx
23941|0|37974|05/01/2024 23:53:28||29192|16747059600|21342590736
24853|0|56609|06/01/2024 06:22:37||5843|18797799856|37337193224
24443|0|6516|06/01/2024 03:37:14||15766|2287349040|3310939600
24334|0|87799|06/01/2024 02:48:30||18690|1183196192|1755918632
23224|0|19040|05/01/2024 18:58:51||46869|8690560312|10625178720
23981|0|85070|06/01/2024 00:10:26||28174|2899422176|4233099680
23982|0|77688|06/01/2024 00:19:09||27651|4091254528|5184983840
24691|0|50870|06/01/2024 05:13:12||10008|4032652944|4723070856
24781|0|49346|06/01/2024 05:54:38||7522|870788624|922799952
24755|0|53666|06/01/2024 05:48:44||7876|34229503888|88387023768
24854|0|80501|06/01/2024 06:23:31||5789|594078600|821260000
24946|0|74669|06/01/2024 07:04:33||3327|67188944|95130912
23643|0|85519|05/01/2024 21:48:32||36688|4394078824|4809390528
23714|0|55450|05/01/2024 22:16:50||34990|6443953152|9084582216
24055|0|59125|06/01/2024 00:43:02||26218|164589808|171545704
24827|0|87007|06/01/2024 06:17:31||6149|13689069056|28613614792
23791|0|18826|05/01/2024 22:40:04||33596|58277396984|120303846384
24206|0|45253|06/01/2024 01:55:09||21891|3740322544|3753181224
24280|0|77661|06/01/2024 02:27:26||19954|997630640|1057929312
24715|0|77027|06/01/2024 05:28:25||9095|666343736|792285752
23548|0|75538|05/01/2024 21:08:25||39095|1785613304|2097287232
24805|0|77463|06/01/2024 06:04:32||6928|4326626584|4927419664
22922|0|43777|05/01/2024 16:51:12||54528|148359402688|327280269328
23411|0|21645|05/01/2024 20:01:41||43099|7291167728|9132144024
24113|0|79536|06/01/2024 01:11:16||24524|1030499544|1339622480
24149|0|42228|06/01/2024 01:39:56||22804|2796352440|3151238016
22782|0|90678|05/01/2024 15:51:36||58104|7552756624|11317339608
24072|0|54570|06/01/2024 00:51:59||25681|55501999032|134240052872
24406|0|87485|06/01/2024 03:11:30||17310|44021988568|127270822168
23807|0|76237|05/01/2024 22:53:05||32815|6372777384|8840589032
24467|0|56069|06/01/2024 03:49:33||15027|2552349800|3228056984
24172|0|35261|06/01/2024 01:41:57||22683|6561435496|8633526016
23764|0|4732|05/01/2024 22:36:06||33834|5635377000|5784923640
24407|0|75051|06/01/2024 03:17:08||16972|2446708640|3205638184
24114|0|13652|06/01/2024 01:13:30||24390|7844949136|11345736824
24902|0|56849|06/01/2024 06:47:55||4325|2795003072|2815947816
23039|0|62627|05/01/2024 17:47:17||51163|25659234936|73878170928
24173|0|18892|06/01/2024 01:43:45||22575|5859675320|6502665680
23983|0|63329|06/01/2024 00:17:45||27735|2955022240|3429097416
22702|0|92010|05/01/2024 15:21:32|06/01/2024 07:50:40|59348|8262209328|9275941480
25061|0|92010|06/01/2024 07:52:11||469|35968560|37726952
23244|0|24952|05/01/2024 19:01:31||46709|6513480872|6661900400
22866|0|88167|05/01/2024 16:32:12||55668|14600953376|17054539736
23194|0|88791|05/01/2024 18:47:36||47544|12246994472|14600284488
23089|0|33912|05/01/2024 18:08:55||49865|19150180720|27432340344
24756|0|70465|06/01/2024 05:49:38||7822|6390536504|8271762824
24335|0|75263|06/01/2024 02:40:48||19152|1476309168|2112733712
25062|0|27723|06/01/2024 07:57:54||126|5150032|5689256
24692|0|6916|06/01/2024 05:13:23||9997|2457796256|2508141280
24150|0|11366|06/01/2024 01:38:48||22872|8513648272|9506520440
23549|0|85646|05/01/2024 21:02:19||39461|8990747808|12392419736
24207|0|37317|06/01/2024 01:57:31||21749|1954316968|2787303920
24487|0|68624|06/01/2024 03:53:09||14811|7602869024|8195873424
23520|0|9681|05/01/2024 20:59:43||39617|14568724232|21107310816
22330|0|57230|05/01/2024 12:56:19||68621|27097016816|28756951312
23071|0|66423|05/01/2024 17:50:10||50990|20129744664|23767745176
23943|0|61794|05/01/2024 23:58:32||28888|1690810584|2535934104
23521|0|11120|05/01/2024 20:54:17||39943|16401535416|18046361552
24488|0|5419|06/01/2024 03:56:07||14633|248297848|325476280
23225|0|73710|05/01/2024 18:51:31||47309|9458759112|10103920592
23226|0|23220|05/01/2024 18:54:04||47156|8290997976|10395487056
24517|0|43101|06/01/2024 04:00:22||14378|7039266272|8733162504
23575|0|47660|05/01/2024 21:11:39||38901|10604384624|11115373696
24208|0|5259|06/01/2024 01:51:34||22106|2666192912|3925478848
24903|0|59136|06/01/2024 06:45:48||4452|5029794648|5288455552
23120|0|96233|05/01/2024 18:16:30||49410|277177774168|564845979024
24518|0|97799|06/01/2024 04:04:13||14147|10026728216|12005955200
25040|0|38204|06/01/2024 07:44:45||915|96369392|144519288
24806|0|39037|06/01/2024 06:01:34||7106|1063740848|1269442168
24281|0|85701|06/01/2024 02:29:35||19825|2170011320|2816259896
24716|0|37480|06/01/2024 05:23:13||9407|2299858840|3080440240
22567|0|58783|05/01/2024 14:33:02||62818|20022381504|21105522616
23304|0|42801|05/01/2024 19:26:01||45239|23882061456|26307831904
22754|0|5731|05/01/2024 15:44:10||58550|112016423528|252194603352
24115|0|99136|06/01/2024 01:19:20||24040|10649489768|11940850256
25063|0|83266|06/01/2024 07:51:03||537|15532272|18587128
23333|0|81147|05/01/2024 19:36:27||44613|4620379848|6464544176
24693|0|22791|06/01/2024 05:14:22||9938|131266520|170589744
25041|0|14175|06/01/2024 07:45:19||881|62916288|65902688
24175|0|60137|06/01/2024 01:47:23||22357|21744784704|58203481512
24151|0|56049|06/01/2024 01:33:28||23192|12665924616|15516437376
24694|0|8920|06/01/2024 05:19:00||9660|3691883480|5249490304
24568|0|29223|06/01/2024 04:22:21||13059|447951720|482189776
24807|0|89902|06/01/2024 06:09:00||6660|1314310040|1528714920
23305|0|4719|05/01/2024 19:29:44||45016|261280664|297266360
24590|0|55333|06/01/2024 04:31:05||12535|746164616|889142408
23671|0|82031|05/01/2024 21:52:19||36461|9090906392|10365942904
24337|0|40685|06/01/2024 02:49:30||18630|31689528|39760408
24282|0|20349|06/01/2024 02:27:08||19972|770264792|851192912
24357|0|13191|06/01/2024 02:56:39||18201|1158473104|1361891048
24544|0|89500|06/01/2024 04:14:53||13507|2565927064|3078070264
23792|0|25130|05/01/2024 22:44:25||33335|5388676008|6650133872
23832|0|51885|05/01/2024 23:02:13||32267|6823744048|6880070872
23195|0|53073|05/01/2024 18:47:09||47571|14001914712|16059252952
24642|0|43797|06/01/2024 04:58:40||10880|781756808|822228232
24757|0|5792|06/01/2024 05:49:50||7810|2635703624|2923992968
23715|0|66732|05/01/2024 22:14:29||35131|5377466904|7689609976
23879|0|28628|05/01/2024 23:21:02||31138|5359109800|6959280008
22867|0|38258|05/01/2024 16:33:34||55586|111625634608|301127536744
24615|0|34064|06/01/2024 04:48:33||11487|1191169512|1466874720
23150|0|81488|05/01/2024 18:24:40||48920|80959049280|224997547264
23849|0|64295|05/01/2024 23:14:25||31535|19264673048|25268752600
24024|0|8347|06/01/2024 00:36:28||26612|1791834376|2667648608
22899|0|51526|05/01/2024 16:46:59||54781|5464498008|5842068184
24758|0|84546|06/01/2024 05:46:46||7994|1325042776|1333947936
24520|0|70042|06/01/2024 04:07:23||13957|1983546952|2248674736
24667|0|11287|06/01/2024 05:03:25||10595|1753768296|2069877336
24358|0|46044|06/01/2024 02:59:43||18017|1232408496|1719550192
22283|0|81133|05/01/2024 12:33:03||70017|21290215432|23348324536
24116|0|60049|06/01/2024 01:10:23||24577|19401166912|23071540056
23765|0|61103|05/01/2024 22:30:51||34149|9549739480|11119779544
24229|0|13992|06/01/2024 02:02:10||21470|3817474696|5576663936
24521|0|68009|06/01/2024 04:00:12||14388|3499088176|3575997608
24117|0|69853|06/01/2024 01:13:04||24416|4926961392|6978949480
24359|0|82791|06/01/2024 02:54:41||18319|2071816336|3078709760
24878|0|27374|06/01/2024 06:37:35||4945|2279390776|3234309784
24643|0|31579|06/01/2024 04:56:36||11004|2047137200|2614187488
23924|0|68039|05/01/2024 23:42:13||29867|19484409376|26604100656
24644|0|9432|06/01/2024 04:50:58||11342|999664544|1041364472
23169|0|61684|05/01/2024 18:33:07||48413|7750359688|9845333472
23672|0|47486|05/01/2024 21:56:27||36213|5410817424|7497392968
24283|0|26986|06/01/2024 02:28:33||19887|146309872|205122320
24828|0|96277|06/01/2024 06:12:54||6426|1299896416|1338269256
24782|0|72607|06/01/2024 05:52:34||7646|679714856|886692968
24134|0|83091|06/01/2024 01:28:33||23487|1294152008|1387029416
23597|0|87798|05/01/2024 21:28:23||37897|13304840776|17150932728
24668|0|71416|06/01/2024 05:06:41||10399|408195352|574847472
23040|0|16015|05/01/2024 17:44:16||51344|5353793784|5868810080
24380|0|5281|06/01/2024 03:02:35||17845|4796349928|5374684640
23523|0|89833|05/01/2024 20:57:58||39722|12809106184|15206918208
23673|0|23672|05/01/2024 21:50:20||36580|64768129344|152326836544
23274|0|85834|05/01/2024 19:16:07||45833|4670767776|5785938032
24257|0|96669|06/01/2024 02:16:30||20610|1560540512|1675157296
24209|0|33410|06/01/2024 01:56:28||21812|66568083136|166094960160
23476|0|79031|05/01/2024 20:35:55||41045|5529467880|6547964616
23494|0|6383|05/01/2024 20:49:54||40206|24286785120|32672705080
23433|0|62240|05/01/2024 20:13:43||42377|261231921808|194186612520
24971|0|86051|06/01/2024 07:12:16||2864|251332824|278658936
22569|0|24662|05/01/2024 14:36:25||62615|27329519664|39555188904
22646|0|20433|05/01/2024 15:00:09||61191|96152632|129244504
23306|0|34585|05/01/2024 19:23:19||45401|8291382328|9016605936
24210|0|31706|06/01/2024 01:59:02||21658|3834241688|5318528880
24025|0|29747|06/01/2024 00:37:05||26575|2109868848|2556455176
22498|0|16928|05/01/2024 14:06:40||64400|15570546352|16154916784
24491|0|63513|06/01/2024 03:52:40||14840|3903423176|4441144144
23434|0|44331|05/01/2024 20:19:18|06/01/2024 07:50:45|41487|1081197824|1230531192
24492|0|89332|06/01/2024 03:58:19||14501|6328855520|7483327384
24444|0|14653|06/01/2024 03:35:58||15842|2893604248|3391117712
24645|0|85151|06/01/2024 04:58:43||10877|5569864744|7111677288
24095|0|69167|06/01/2024 01:01:29||25111|4901438160|5922875824
24921|0|35012|06/01/2024 06:58:30||3690|313630016|430286408
22399|0|75383|05/01/2024 13:29:58||66602|25426089616|31073574256
24176|0|64718|06/01/2024 01:40:00||22800|5614463224|6053580224
24972|0|26789|06/01/2024 07:12:33||2847|8409547672|16350913992
24408|0|47184|06/01/2024 03:10:50||17350|1742570248|2450367776
23809|0|31782|05/01/2024 22:59:01||32459|140090706616|260530085448
23644|0|70263|05/01/2024 21:47:16||36764|4743110840|6862705136
24445|0|26935|06/01/2024 03:34:43||15917|3369011696|4259045056
24493|0|92118|06/01/2024 03:54:00||14760|5563709912|6886635656
24669|0|82453|06/01/2024 05:05:50||10450|367966336|460656432
24258|0|31422|06/01/2024 02:13:48||20772|9480542136|11662730392
22820|0|66047|05/01/2024 16:13:55||56765|10783737104|13154231520
22783|0|5194|05/01/2024 15:51:52||58088|137551139360|373768404072
24759|0|68270|06/01/2024 05:42:14||8266|19567562296|53902898752
24922|0|73845|06/01/2024 06:57:44||3736|660809904|863576744
23170|0|14516|05/01/2024 18:39:29||48031|5324477848|6326935344
24522|0|50415|06/01/2024 04:07:44||13936|10517408304|13100702744
24592|0|10326|06/01/2024 04:32:19||12461|26303758680|71853488936
23524|0|77364|05/01/2024 20:56:34||39806|10304184208|14441228528
23414|0|74615|05/01/2024 20:04:02||42958|5041710224|6772035280
24783|0|16276|06/01/2024 05:57:58||7322|1774411856|2513799160
23495|0|29220|05/01/2024 20:48:32||40288|83510292776|247219265800
24545|0|68885|06/01/2024 04:13:52||13568|2521968456|3446006744
24569|0|77556|06/01/2024 04:21:16||13124|969601192|1379715376
23171|0|5586|05/01/2024 18:37:07||48173|45057675160|123071351248
24855|0|17658|06/01/2024 06:29:21||5439|1237674008|1498336320
22706|0|66215|05/01/2024 15:24:08|06/01/2024 07:57:31|59603|26921591584|32343500200
22943|0|60295|05/01/2024 17:04:47||53713|11287173056|13535937728
23810|0|88728|05/01/2024 22:57:36||32544|20353293344|23864189552
23695|0|57284|05/01/2024 22:07:53||35527|10690598688|10782603296
24995|0|35340|06/01/2024 07:24:17||2143|223417432|245026688
24211|0|88707|06/01/2024 01:59:09||21651|41631707568|87644573808
23041|0|18359|05/01/2024 17:43:16||51404|112586209592|249428558488
24829|0|16548|06/01/2024 06:10:45||6555|2104465504|2527672368
24856|0|25121|06/01/2024 06:26:16||5624|748005824|751820864
23091|0|28599|05/01/2024 18:00:56||50344|930969496|1310093232
24381|0|83441|06/01/2024 03:00:48||17952|3208650056|4554929168
24830|0|92612|06/01/2024 06:10:39||6561|2890782824|3341718960
23718|0|34312|05/01/2024 22:11:44||35296|14247039648|14352750880
24177|0|83343|06/01/2024 01:42:18||22662|10329301568|13172480696
24570|0|37157|06/01/2024 04:20:22||13178|4589727784|6084544032
24361|0|95796|06/01/2024 02:51:49||18491|2056321304|2148802888
24284|0|41802|06/01/2024 02:22:16||20264|335452008|430231416
24382|0|47771|06/01/2024 03:03:26||17794|2712512720|3187909568
24831|0|48954|06/01/2024 06:10:55||6545|533665744|603135352
22841|0|29673|05/01/2024 16:27:06||55974|198495492496|389478600688
24312|0|67795|06/01/2024 02:34:46||19514|1034957160|1269431896
24808|0|99295|06/01/2024 06:05:40||6860|1122466064|1316958432
24832|0|14645|06/01/2024 06:16:04||6236|109626112|162332768
22647|0|10493|05/01/2024 15:07:07||60773|9657417480|11416185200
23739|0|81734|05/01/2024 22:23:24||34596|5637839224|5709153376
23944|0|36815|05/01/2024 23:50:43||29357|5013714120|5046932704
23811|0|67316|05/01/2024 22:55:43||32657|5399625248|5784496016
23496|0|15500|05/01/2024 20:45:30||40470|5663918088|6027314480
23794|0|53701|05/01/2024 22:44:38||33322|3449954680|4237768960
22901|0|70269|05/01/2024 16:49:52||54608|81836095416|154137543560
24904|0|38628|06/01/2024 06:41:05||4735|533261736|640247360
24338|0|27619|06/01/2024 02:41:52||19088|2706148520|3908170552
23926|0|44150|05/01/2024 23:46:07||29633|10939615992|12956476792
24857|0|59111|06/01/2024 06:28:21||5499|2633775976|3900544472
23881|0|92469|05/01/2024 23:28:50||30670|4332317912|4881601600
24879|0|38820|06/01/2024 06:38:06||4914|2040918952|2144110424
23985|0|59195|06/01/2024 00:12:58||28022|1989707904|2937261488
23152|0|22637|05/01/2024 18:28:34||48686|8036531704|9046980856
24670|0|59348|06/01/2024 05:01:06||10734|797006200|1147982776
24446|0|50055|06/01/2024 03:37:19||15761|4929122192|6063141880
24409|0|87720|06/01/2024 03:16:56||16984|3693778840|5367048072
24231|0|70699|06/01/2024 02:08:54||21066|1020424728|1474651200
24616|0|75232|06/01/2024 04:47:52||11528|188808888|196717616
24647|0|91683|06/01/2024 04:50:28||11372|1248534336|1678742544
23964|0|85082|06/01/2024 00:09:45||28215|852840968|900333624
24027|0|33548|06/01/2024 00:33:55||26765|9466723376|9862856752
23850|0|41962|05/01/2024 23:15:20||31480|8888228216|9871784856
22842|0|8712|05/01/2024 16:23:16||56204|6076411520|7236128872
22708|0|59979|05/01/2024 15:23:08||59812|12124952912|12238400232
24523|0|10027|06/01/2024 04:02:52||14228|762019432|833126064
23945|0|29280|05/01/2024 23:56:10||29030|1588202744|2289235400
24286|0|37519|06/01/2024 02:20:57||20343|9432306624|12524407088
24179|0|39463|06/01/2024 01:41:04||22736|21049734728|21107647920
24760|0|38131|06/01/2024 05:43:51||8169|151793256|196068112
24996|0|7959|06/01/2024 07:29:06||1854|3910779792|8399271704
22924|0|88021|05/01/2024 16:53:17||54403|4968890304|7129251192
23769|0|70850|05/01/2024 22:38:03||33717|7876620200|9720247952
23455|0|60347|05/01/2024 20:20:20||41980|1650332904|1928150312
24383|0|75481|06/01/2024 03:07:23||17557|7906244192|9390656704
24593|0|67468|06/01/2024 04:31:13||12527|1311183120|1947335352
24880|0|55223|06/01/2024 06:33:40||5180|3283130432|4767361808
22871|0|56756|05/01/2024 16:36:06||55434|2292746008|3171793096
23477|0|80555|05/01/2024 20:33:06||41214|2152044408|2803504328
24736|0|98062|06/01/2024 05:34:43||8717|1069560000|1071465440
24571|0|86419|06/01/2024 04:21:18||13122|64046872|85243000
24947|0|86414|06/01/2024 07:00:10||3590|938652784|1082391568
23436|0|11838|05/01/2024 20:16:47||42193|9669777224|12791504752
24423|0|17534|06/01/2024 03:28:11||16309|5162473016|6281042760
24001|0|54065|06/01/2024 00:25:39||27261|11522055176|13404242536
23153|0|86974|05/01/2024 18:28:15||48705|19011205480|28422961608
24410|0|63283|06/01/2024 03:10:55||17345|21434449088|11562987256
24833|0|65393|06/01/2024 06:18:06||6114|1740178560|2138400208
23498|0|53819|05/01/2024 20:46:50||40390|178091153664|118660635488
25023|0|67772|06/01/2024 07:39:02||1258|110280272|161327072
23553|0|69672|05/01/2024 21:03:45||39375|15849894800|19513008240
23334|0|17109|05/01/2024 19:32:52||44828|2140175904|2422498584
24002|0|19540|06/01/2024 00:28:32||27088|11973383384|12557544752
24858|0|39888|06/01/2024 06:22:18||5862|773054376|793584904
24057|0|9727|06/01/2024 00:49:30||25830|50455827072|130769435600
24737|0|68794|06/01/2024 05:34:41||8719|2321227632|3049982056
24834|0|42861|06/01/2024 06:10:06||6594|565046624|644177832
23965|0|18259|06/01/2024 00:06:55||28385|97372425744|189890134000
24997|0|84995|06/01/2024 07:29:37||1823|54218288|58293736
24546|0|93139|06/01/2024 04:14:28||13532|61517040|78103440
24617|0|76826|06/01/2024 04:48:58||11462|163509296|177359848
24717|0|61774|06/01/2024 05:29:02||9058|2747983136|3699869200
24495|0|5837|06/01/2024 03:58:39||14481|2941337616|3508272888
24524|0|60623|06/01/2024 04:07:03||13977|6929267736|9356021560
24973|0|98665|06/01/2024 07:13:44||2776|227725840|327696024
23946|0|73673|05/01/2024 23:57:17||28963|47681134128|96098004776
24547|0|26593|06/01/2024 04:16:56||13384|9404269712|13144516952
23526|0|73608|05/01/2024 20:53:17||40003|16769427216|22353530560
23249|0|83536|05/01/2024 19:01:05||46735|8524901592|10744972704
24998|0|21733|06/01/2024 07:28:39||1881|4388684000|12095528672
24695|0|89274|06/01/2024 05:10:01||10199|328167848|381303432
24835|0|85876|06/01/2024 06:14:21||6339|856732368|1265256216
24594|0|51731|06/01/2024 04:32:21||12459|1442472152|1977824608
24761|0|44132|06/01/2024 05:45:48||8052|2175958720|2779831280
24028|0|35604|06/01/2024 00:32:36||26844|32109942040|25189812472
24836|0|9119|06/01/2024 06:14:37||6323|3223134928|3381562568
24097|0|77862|06/01/2024 01:04:55||24905|7287282080|7580569896
24859|0|68473|06/01/2024 06:25:25||5675|1959531432|2141687168
24029|0|42655|06/01/2024 00:36:49||26591|2967246976|4330200736
23740|0|31001|05/01/2024 22:26:19||34421|27613870552|38698421720
24618|0|82926|06/01/2024 04:45:34||11666|1023045744|1090713872
24974|0|54327|06/01/2024 07:13:38||2782|1210660800|1787630344
22970|0|96618|05/01/2024 17:16:50||52990|6214613800|6266461344
24762|0|65392|06/01/2024 05:46:42||7998|1526494560|2280596312
23230|0|99900|05/01/2024 18:56:55||46985|14995450632|15593377464
22786|0|49965|05/01/2024 15:50:44||58156|7362372960|7529890480
24809|0|71810|06/01/2024 06:01:45||7095|697043608|825234408
24718|0|73296|06/01/2024 05:28:31||9089|19093378856|37036922704
24881|0|92737|06/01/2024 06:33:03||5217|8257338808|21483193648
23437|0|57084|05/01/2024 20:15:44||42256|11437486464|11530929984
24763|0|42803|06/01/2024 05:47:34|06/01/2024 07:54:37|7623|288479872|431939592
22822|0|57579|05/01/2024 16:11:04||56936|114409847400|253474850984
23554|0|18352|05/01/2024 21:01:40||39500|61084247160|139439111688
24362|0|88441|06/01/2024 02:54:41||18319|5779875576|6518141632
24619|0|79796|06/01/2024 04:49:52||11408|1917281032|2846539016
24573|0|95146|06/01/2024 04:21:03||13137|8204152|8822336
24948|0|89695|06/01/2024 07:09:53||3007|992086328|1126317016
23042|0|12313|05/01/2024 17:46:41||51199|41442824344|49970281640
25042|0|64019|06/01/2024 07:42:30||1050|50885584|68619096
23899|0|19792|05/01/2024 23:35:00||30300|13521368040|17996202072
24949|0|93774|06/01/2024 07:00:08||3592|1032302744|1171003272
24810|0|40487|06/01/2024 06:08:20||6700|2031596136|2479714392
23277|0|24718|05/01/2024 19:16:26||45814|5996020536|8151933568
24837|0|90006|06/01/2024 06:18:46||6074|976755672|1023674728
25064|0|91362|06/01/2024 07:51:33||507|51544640|68663240
23155|0|87386|05/01/2024 18:26:09||48831|1965498648|2692784360
24882|0|85395|06/01/2024 06:37:06||4974|69670408|98203888
24411|0|9790|06/01/2024 03:14:15||17145|3367292472|3570501536
24719|0|12808|06/01/2024 05:20:53||9547|1018429192|1341654120
23947|0|21002|05/01/2024 23:50:51||29349|1821455656|2225156824
24152|0|56994|06/01/2024 01:37:51||22929|1778459024|2626528008
25024|0|62169|06/01/2024 07:33:27||1593|54871136|59198632
24786|0|56903|06/01/2024 05:51:29||7711|719674032|730213904
24764|0|68857|06/01/2024 05:40:55||8345|21455849328|40543585568
24314|0|52376|06/01/2024 02:37:54||19326|1490198944|1962441160
24838|0|34817|06/01/2024 06:13:37||6383|2170471336|2911794904
24697|0|26763|06/01/2024 05:16:07||9833|1070381304|1110702400
22544|0|50925|05/01/2024 14:29:58||63002|92989358896|248355638720
24118|0|55135|06/01/2024 01:17:04||24176|6373878712|8011512896
23676|0|17295|05/01/2024 21:55:05||36295|2526592248|3032086872
23380|0|69971|05/01/2024 19:57:00||43380|672740544|878861792
24364|0|55048|06/01/2024 02:54:22||18338|1600296464|1609387000
24595|0|83656|06/01/2024 04:30:59||12541|4202494544|4433347320
24950|0|57316|06/01/2024 07:05:46||3254|799214536|811253568
24496|0|27439|06/01/2024 03:56:22||14618|6497559848|6562842928
24384|0|21299|06/01/2024 03:00:24||17976|684889456|935891384
24738|0|99802|06/01/2024 05:35:34||8666|490413808|704915336
25043|0|13130|06/01/2024 07:49:46||614|62540648|70988344
23043|0|97176|05/01/2024 17:47:13||51167|18944950568|24598326464
23278|0|77865|05/01/2024 19:10:44||46156|10167367064|12787292736
22736|0|86044|05/01/2024 15:30:35||59365|16520172240|19292692304
24787|0|48388|06/01/2024 05:55:12||7488|3140578856|3250995464
24975|0|79678|06/01/2024 07:11:59||2881|44350608|56352968
24339|0|20804|06/01/2024 02:40:28||19172|3954676456|5259636192
23416|0|69728|05/01/2024 20:04:02||42958|6623715456|9334078984
23381|0|76684|05/01/2024 19:55:44||43456|12279075040|15672585496
24058|0|71963|06/01/2024 00:40:23||26377|241190968|350377816
24999|0|51592|06/01/2024 07:24:36||2124|66067480|94434560
24548|0|59898|06/01/2024 04:14:22||13538|39426142096|114511856232
24468|0|52713|06/01/2024 03:44:06||15354|11795112624|9267459928
24412|0|26450|06/01/2024 03:12:05||17275|3584763192|4311143488
24788|0|88869|06/01/2024 05:56:44||7396|647770656|770110248
24951|0|47921|06/01/2024 07:02:32||3448|450992008|309825296
24059|0|11544|06/01/2024 00:40:07||26393|10880359520|13163405360
24549|0|14425|06/01/2024 04:15:28||13472|5346500656|7857756648
22760|0|40483|05/01/2024 15:49:19||58241|71010684424|46614539008
24739|0|92390|06/01/2024 05:38:48||8472|95705560|117042848
22596|0|77299|05/01/2024 14:47:48||61932|3451232544|4477158824
24497|0|86916|06/01/2024 03:50:04||14996|4757876712|5343866888
24385|0|25685|06/01/2024 03:04:05||17755|2125954880|2752317472
24883|0|31414|06/01/2024 06:39:20||4840|2508396824|2695873168
24923|0|32234|06/01/2024 06:58:00||3720|10089295200|25450948104
23439|0|67864|05/01/2024 20:12:52||42428|404082176|437257136
24596|0|61739|06/01/2024 04:33:47||12373|470147368|571716560
23720|0|57917|05/01/2024 22:14:59||35101|6672983264|9096637800
23742|0|84539|05/01/2024 22:27:12||34368|2529938592|3107950000
23600|0|6013|05/01/2024 21:21:05||38335|2036792944|2643327264
22711|0|47816|05/01/2024 15:26:18||59622|31022589224|42589593224
24860|0|13940|06/01/2024 06:24:01||5759|905540896|1172021128
23175|0|51410|05/01/2024 18:35:25||48275|1907429384|2125193288
24861|0|62611|06/01/2024 06:25:15||5685|164940488|190818336
24469|0|21591|06/01/2024 03:46:31||15209|3457258464|3852891648
23882|0|82161|05/01/2024 23:29:13||30647|36914269192|23542377776
22338|0|20365|05/01/2024 12:59:20||68440|20940566360|27320860456
22650|0|65216|05/01/2024 15:06:34||60806|21184035600|23094313032
23988|0|51469|06/01/2024 00:10:45||28155|2293842448|2684658096
23851|0|4076|05/01/2024 23:12:52||31628|92125541128|212370904664
23337|0|61002|05/01/2024 19:30:05||44995|120585025328|245477589568
24905|0|95892|06/01/2024 06:41:38||4702|1096683320|1352725552
24447|0|94244|06/01/2024 03:30:19||16181|2536325928|3791587512
24811|0|50648|06/01/2024 06:08:42||6678|18548229728|51931968320
23440|0|65854|05/01/2024 20:19:41||42019|18435512264|25094273144
24698|0|14086|06/01/2024 05:16:04||9836|3167104744|3590222888
23814|0|69690|05/01/2024 22:52:09||32871|5474943864|7286315048
23458|0|35015|05/01/2024 20:21:20||41920|17590182224|20373104584
23127|0|68548|05/01/2024 18:10:11||49789|9077182240|11988462552
24720|0|35479|06/01/2024 05:25:57|06/01/2024 07:57:03|9066|641174616|852692728
25065|0|35479|06/01/2024 07:57:32||148|25850176|29660344
25025|0|46140|06/01/2024 07:38:00||1320|154859488|192070896
23016|0|68233|05/01/2024 17:33:47||51973|17106642032|17762601488
24181|0|14836|06/01/2024 01:42:16||22664|26882989408|74154471208
23815|0|67432|05/01/2024 22:59:27||32433|14235370384|14691056512
24182|0|91417|06/01/2024 01:47:03||22377|6942713032|7664935744
24766|0|82427|06/01/2024 05:48:47||7873|4993797112|10967307248
23555|0|51811|05/01/2024 21:09:03||39057|58174023576|110840332328
24648|0|65020|06/01/2024 04:52:57||11223|2670296472|3665595024
24884|0|90478|06/01/2024 06:32:48||5232|1993733736|2653649136
23927|0|45456|05/01/2024 23:40:11||29989|9923358328|12067744472
24952|0|62835|06/01/2024 07:02:34||3446|214736272|219995808
23231|0|9069|05/01/2024 18:55:21||47079|3404299888|4451894120
24214|0|60476|06/01/2024 01:59:20||21640|5697593416|5762750632
24812|0|27227|06/01/2024 06:00:46||7154|940470816|942539984
24424|0|70487|06/01/2024 03:20:40||16760|2828551536|4138453528
23966|0|6879|06/01/2024 00:07:28||28352|4754682760|5853508144
24425|0|87313|06/01/2024 03:29:24||16236|9756758680|13048662008
22876|0|72139|05/01/2024 16:32:22||55658|2963099304|3108286720
24550|0|47934|06/01/2024 04:17:57||13323|10394574112|6385051416
24789|0|57723|06/01/2024 05:54:27||7533|360392496|363427000
23072|0|88959|05/01/2024 17:58:41||50479|7267734680|10202049904
24030|0|18001|06/01/2024 00:38:38||26482|26400536096|74589382552
24031|0|57621|06/01/2024 00:37:00||26580|681527112|887202872
25000|0|21811|06/01/2024 07:21:09||2331|329344888|355627264
24315|0|34470|06/01/2024 02:38:50||19270|5606881072|5640433144
23816|0|6911|05/01/2024 22:53:52||32768|20297460976|12499461392
23901|0|54831|05/01/2024 23:37:45||30135|9789618128|10799351104
24386|0|69945|06/01/2024 03:07:41||17539|11985537304|15963198480
23459|0|6427|05/01/2024 20:29:28||41432|1619888824|1621984056
23928|0|48967|05/01/2024 23:45:48||29652|14607888200|17113885192
24976|0|5332|06/01/2024 07:17:33||2547|443217264|613182472
24649|0|62011|06/01/2024 04:59:29||10831|13765329104|35692669040
24079|0|11854|06/01/2024 00:53:16||25604|5194176632|6560628328
22973|0|28891|05/01/2024 17:17:55||52925|991116768|1453393448
25001|0|64286|06/01/2024 07:26:54||1986|797537712|1107387616
24135|0|75798|06/01/2024 01:29:56||23404|8314891608|9077138360
24953|0|88888|06/01/2024 07:03:49||3371|33207400|47487048
24183|0|46043|06/01/2024 01:46:03||22437|2348764616|3099633520
23528|0|56440|05/01/2024 20:50:29||40171|17260641264|17280565048
24471|0|87270|06/01/2024 03:43:47||15373|100416632|125198248
23253|0|10739|05/01/2024 19:09:41||46219|1795330048|1875383856
24721|0|86546|06/01/2024 05:20:24||9576|471938008|639925904
24862|0|82423|06/01/2024 06:28:44||5476|2228836144|2350451632
22974|0|72308|05/01/2024 17:14:45||53115|131344680800|314464795480
23460|0|57089|05/01/2024 20:28:00||41520|13556120768|19530357240
24699|0|83725|06/01/2024 05:17:21||9759|799988528|1147540656
24340|0|76155|06/01/2024 02:40:51||19149|780962320|1142841752
22950|0|13835|05/01/2024 17:06:49||53591|1030975696|1201050112
24574|0|52676|06/01/2024 04:22:58||13022|3074924344|3680448712
23338|0|27504|05/01/2024 19:30:48||44952|9178848984|11328257240
23818|0|41731|05/01/2024 22:53:06||32814|2569883896|2828822456
25026|0|93921|06/01/2024 07:39:10||1250|118983120|133810912
23820|0|57612|05/01/2024 22:56:22||32618|6443929872|8417416200
22376|0|61155|05/01/2024 13:16:03||67437|128736758416|374459036904
24287|0|50025|06/01/2024 02:24:18||20142|75233723088|158378542080
25002|0|73294|06/01/2024 07:26:33||2007|439992944|629804560
22879|0|70544|05/01/2024 16:39:41||55219|6323546864|7347845352
23626|0|57900|05/01/2024 21:36:18||37422|63812129248|127943458672
24671|0|22056|06/01/2024 05:07:11||10369|237322656|291876024
24341|0|73120|06/01/2024 02:41:48||19092|2403028344|3402818040
23884|0|5401|05/01/2024 23:21:42||31098|42765140160|123720648176
23967|0|19697|06/01/2024 00:00:27||28773|2033224784|2140576856
22880|0|24372|05/01/2024 16:38:48|06/01/2024 07:51:53|54785|7742268592|7876262064
23254|0|28135|05/01/2024 19:07:19||46361|23735868928|26185514072
24032|0|97025|06/01/2024 00:36:25|06/01/2024 07:58:41|26536|8486913616|8710461664
23361|0|41512|05/01/2024 19:44:27||44133|14381302720|19545591560
24977|0|83204|06/01/2024 07:18:57||2463|396187912|577815592
25066|0|82698|06/01/2024 07:59:57||3|0|0
24767|0|26199|06/01/2024 05:42:16||8264|21875962384|46410763680
24575|0|99286|06/01/2024 04:27:03||12777|5573104448|6394105312
24448|0|88834|06/01/2024 03:30:36||16164|5876276904|6647102768
23501|0|41389|05/01/2024 20:48:12||40308|86424862528|247355082128
24740|0|92674|06/01/2024 05:31:37||8903|718097544|1006223936
23017|0|61623|05/01/2024 17:35:45||51855|13139656280|15208296584
24033|0|35393|06/01/2024 00:33:58||26762|16057411472|16338915728
22952|0|84162|05/01/2024 17:06:21||53619|1582175376|1855599456
22652|0|98465|05/01/2024 15:09:06||60654|47437990496|50138489288
24620|0|82855|06/01/2024 04:49:57||11403|10679388328|13170531976
24839|0|5372|06/01/2024 06:15:24||6276|2013414272|2377143888
24723|0|39092|06/01/2024 05:21:47||9493|972475880|1191451480
23094|0|54646|05/01/2024 18:09:45||49815|13201982896|13697227696
24449|0|46481|06/01/2024 03:39:13||15647|11126363320|13895494176
24924|0|62682|06/01/2024 06:51:46||4094|392944304|568350176
24288|0|18337|06/01/2024 02:28:18||19902|3741531152|4534395016
24978|0|80114|06/01/2024 07:13:28||2792|71731768|93283648
24979|0|49972|06/01/2024 07:15:44||2656|785371424|1125564168
24184|0|38043|06/01/2024 01:47:43||22337|4515373288|6433152952
24906|0|14885|06/01/2024 06:45:01||4499|1712780976|2552289688
23462|0|98102|05/01/2024 20:29:40||41420|8255424480|11192720056
24863|0|64851|06/01/2024 06:23:25||5795|295380864|408402208
23722|0|98867|05/01/2024 22:10:17||35383|2264891568|3342249000
24060|0|79969|06/01/2024 00:48:06||25914|18179830904|22696690736
22977|0|38044|05/01/2024 17:17:21||52959|203431974176|480824800248
24790|0|9408|06/01/2024 05:59:53||7207|1847412688|2445149712
23699|0|5866|05/01/2024 22:08:51||35469|2844823016|3481931376
24527|0|40613|06/01/2024 04:03:11||14209|7005671888|8663426760
24342|0|82683|06/01/2024 02:49:24||18636|1480143816|2149630224
25044|0|92001|06/01/2024 07:49:32||628|40769560|52021888
24551|0|23312|06/01/2024 04:16:40||13400|14333170912|42838370264
23417|0|12906|05/01/2024 20:09:19||42641|16205411600|16351104560
23723|0|99463|05/01/2024 22:14:21||35139|7648416696|10346870056
24907|0|87341|06/01/2024 06:49:23||4237|840635880|1245174952
24650|0|8409|06/01/2024 04:51:23||11317|243383488|301723616
24925|0|20031|06/01/2024 06:54:54||3906|1207044528|1523477464
23835|0|84421|05/01/2024 23:02:38||32242|3138941168|4639474976
24840|0|54462|06/01/2024 06:18:54||6066|430262800|438910752
24450|0|73988|06/01/2024 03:31:27||16113|45257001264|132537104776
24154|0|75523|06/01/2024 01:37:42||22938|234815584|277750040
23442|0|82514|05/01/2024 20:12:56||42424|5949349712|8121633384
25003|0|24060|06/01/2024 07:25:47||2053|64778424|76889888
23968|0|94247|06/01/2024 00:03:53||28567|4087199680|4530733928
24724|0|5990|06/01/2024 05:29:11||9049|1328225728|1789814176
22714|0|87489|05/01/2024 15:21:00||59940|40430593808|49399619944
24136|0|74631|06/01/2024 01:20:53||23947|67683623160|160573613344
23700|0|82321|05/01/2024 22:07:33||35547|14680181360|19871202528
24003|0|52819|06/01/2024 00:25:37||27263|4051432432|5140406104
23701|0|49951|05/01/2024 22:05:54||35646|7257139416|10105682464
23232|0|17532|05/01/2024 18:54:47||47113|6553044488|7490073472
24081|0|98547|06/01/2024 00:50:48||25752|2303407608|2645292064
23418|0|77479|05/01/2024 20:03:57||42963|13368620408|15134099912
24155|0|33890|06/01/2024 01:34:18||23142|3720739664|4644716640
24120|0|22979|06/01/2024 01:10:48||24552|207585472|208591344
25067|0|10836|06/01/2024 07:59:08||52|11815280|16532848
24813|0|3862|06/01/2024 06:04:26||6934|532478328|765859208
24186|0|37181|06/01/2024 01:41:12||22728|4637382016|4949816200
24741|0|83858|06/01/2024 05:38:58||8462|1006659536|1242604144
25068|0|77334|06/01/2024 07:53:05||415|103262896|149705024
24885|0|24050|06/01/2024 06:31:32||5308|16628411648|39888384968
24908|0|92396|06/01/2024 06:47:47||4333|187860888|216037560
24886|0|52234|06/01/2024 06:32:11||5269|511563040|597548408
24980|0|7716|06/01/2024 07:10:24||2976|1037393832|1268076472
24742|0|52485|06/01/2024 05:39:22||8438|1432767576|1752898576
23629|0|52091|05/01/2024 21:38:59||37261|1007374928|1341079936
24004|0|57543|06/01/2024 00:27:18||27162|6880043936|10182887872
24814|0|54758|06/01/2024 06:04:16||6944|2146751400|2543622000
23770|0|95089|05/01/2024 22:37:05||33775|22578235032|24390341720
23580|0|69994|05/01/2024 21:16:01||38639|560758616|575561448
23384|0|51800|05/01/2024 19:51:15||43725|5529823576|6421256696
23198|0|53942|05/01/2024 18:47:19||47561|21988034304|24805762272
23949|0|38360|05/01/2024 23:55:43||29057|80645013456|202335458664
22655|0|32448|05/01/2024 15:03:06||61014|33440888736|44032037472
23903|0|89187|05/01/2024 23:30:59||30541|473375056|473408576
24791|0|73332|06/01/2024 05:51:27||7713|3296303520|3682188152
23176|0|28144|05/01/2024 18:35:39||48261|139473087176|268503452368
24621|0|58524|06/01/2024 04:45:40||11660|1206512848|1358370184
25045|0|40896|06/01/2024 07:46:37||803|155174328|184432712
24365|0|13049|06/01/2024 02:53:04||18416|5372343288|5414562040
24262|0|14844|06/01/2024 02:18:54||20466|3968437568|4522411816
23950|0|49925|05/01/2024 23:57:07||28973|4445056240|5334885496
24100|0|57589|06/01/2024 01:08:34||24686|4062368872|4509594264
24672|0|12466|06/01/2024 05:02:39||10641|959926192|1201166536
24290|0|24091|06/01/2024 02:22:16||20264|171652512|201926336
23930|0|37693|05/01/2024 23:48:42||29478|1713483096|2007792744
24082|0|93065|06/01/2024 00:58:47||25273|65561234536|128522757472
23096|0|43267|05/01/2024 18:08:21||49899|69189452824|44556058552
24472|0|50780|06/01/2024 03:45:54||15246|1222084032|1699346584
24316|0|57108|06/01/2024 02:31:55||19685|6461772464|8738361112
24926|0|55161|06/01/2024 06:54:02||3958|936939376|956322000
23724|0|88911|05/01/2024 22:11:02||35338|105385572400|264584983440
23798|0|50993|05/01/2024 22:44:32||33328|13369124600|13477643304
23725|0|91423|05/01/2024 22:15:25||35075|3778687864|4794779992
23340|0|79156|05/01/2024 19:35:51||44649|5025628152|6844885448
24344|0|77493|06/01/2024 02:43:13||19007|2353612120|2857447696
24528|0|89698|06/01/2024 04:07:06||13974|2539926504|3113832216
22996|0|43201|05/01/2024 17:23:42||52578|27571406680|33753682584
23969|0|36627|06/01/2024 00:00:09||28791|24883337096|52456981456
24035|0|45750|06/01/2024 00:30:50||26950|9420878808|12759829488
24187|0|99181|06/01/2024 01:48:51||22269|2535434824|3352613400
24529|0|19829|06/01/2024 04:07:30||13950|1793892256|2300983016
24499|0|33153|06/01/2024 03:51:41||14899|8638357128|11114719096
23505|0|7558|05/01/2024 20:45:59||40441|15050822568|16544744128
23951|0|77343|05/01/2024 23:50:23||29377|7233199392|8071883520
24366|0|4879|06/01/2024 02:52:18||18462|1742391912|1808870904
23581|0|72617|05/01/2024 21:19:29||38431|11300576136|12726916656
24263|0|99020|06/01/2024 02:11:44||20896|49547326576|123768591312
22525|0|29100|05/01/2024 14:15:18||63882|12809731336|18485289976
25027|0|97371|06/01/2024 07:30:58||1742|25380880|35865568
24864|0|79305|06/01/2024 06:21:05||5935|1595164512|1660654040
24451|0|23636|06/01/2024 03:30:44||16156|1596475024|1701683248
24215|0|39380|06/01/2024 01:53:01||22019|3122425176|3515040120
24909|0|91634|06/01/2024 06:49:45||4215|271987808|389467184
24102|0|12052|06/01/2024 01:02:40||25040|3917905808|4493236152
24061|0|67384|06/01/2024 00:43:16||26204|6645665336|9118370168
24317|0|41453|06/01/2024 02:33:27||19593|1861980232|2357309376
22505|0|72075|05/01/2024 14:05:36||64464|1119465776|1445102992
22526|0|71985|05/01/2024 14:18:21||63699|17440886656|19415748400
24216|0|15423|06/01/2024 01:51:18||22122|12405523088|16042801288
24981|0|78045|06/01/2024 07:17:53||2527|14544448|21185440
23312|0|14742|05/01/2024 19:21:56||45484|10914469064|16252415400
24700|0|15742|06/01/2024 05:17:35||9745|2286794216|2393912688
24500|0|92029|06/01/2024 03:58:23||14497|3588129432|5227617976
24651|0|29236|06/01/2024 04:51:17||11323|3409685840|4013890144
25028|0|77649|06/01/2024 07:31:37||1703|155133272|169338264
24103|0|71455|06/01/2024 01:05:17||24883|10262943848|10795055880
22451|0|72586|05/01/2024 13:48:51||65469|262013458528|514732778192
24743|0|50442|06/01/2024 05:39:07||8453|1840618312|2107385440
23822|0|13717|05/01/2024 22:56:51||32589|3459184224|4743600488
24428|0|80306|06/01/2024 03:27:42||16338|2915515072|3095681792
24673|0|95564|06/01/2024 05:06:45||10395|1977065136|2730855736
23234|0|49359|05/01/2024 18:57:05||46975|12810086488|18489221312
23256|0|33239|05/01/2024 19:04:50||46510|7146235928|9362558120
23853|0|29163|05/01/2024 23:10:33||31767|900133992|1046328320
24429|0|38182|06/01/2024 03:26:25||16415|5851868048|8637931656
24725|0|87943|06/01/2024 05:24:47||9313|18456449016|51741009088
24122|0|26203|06/01/2024 01:17:23||24157|614482440|741566696
23726|0|51087|05/01/2024 22:12:38||35242|4195347920|4286611344
24841|0|5238|06/01/2024 06:10:01||6599|2713066680|3809017984
23281|0|91252|05/01/2024 19:17:35||45745|13194955960|15731945424
24726|0|48037|06/01/2024 05:25:20||9280|1069319216|1559609088
24453|0|86483|06/01/2024 03:33:25||15995|1721902048|1859126648
24768|0|22758|06/01/2024 05:45:57||8043|383469896|541426048
25046|0|59992|06/01/2024 07:42:54||1026|45706544|50456376
24865|0|64117|06/01/2024 06:29:11||5449|191732344|203543248
23560|0|16310|05/01/2024 21:07:14||39166|10732471504|14141792592
23856|0|71739|05/01/2024 23:10:04||31796|105912158272|246588899784
24318|0|93577|06/01/2024 02:37:21||19359|461474056|487245480
24005|0|83444|06/01/2024 00:25:14||27286|3429358768|4052646736
24217|0|57830|06/01/2024 01:53:12||22008|24271290664|18381544016
24218|0|61636|06/01/2024 01:50:37||22163|7968726720|10448621624
23561|0|43049|05/01/2024 21:01:31||39509|43658802272|27034631184
23772|0|91320|05/01/2024 22:33:05||34015|12778189480|17703680568
24927|0|61527|06/01/2024 06:50:02||4198|1729794496|1987842792
23970|0|43307|06/01/2024 00:04:02||28558|60169264656|177397871904
23562|0|64240|05/01/2024 21:02:28||39452|11958686360|12413015544
23652|0|11819|05/01/2024 21:40:42||37158|919727592|975375544
23465|0|47177|05/01/2024 20:20:39||41961|11328035776|15379406856
24928|0|48358|06/01/2024 06:57:19||3761|680899616|818646040
24137|0|25496|06/01/2024 01:29:35||23425|19058098592|22015419408
24473|0|37594|06/01/2024 03:42:41||15439|865190608|892700728
24842|0|34693|06/01/2024 06:15:11||6289|1778084088|1782429064
23481|0|15530|05/01/2024 20:30:35||41365|2014250296|2581400456
24815|0|56085|06/01/2024 06:02:02||7078|1522709488|2001497040
22354|0|19006|05/01/2024 13:03:33||68187|10709853000|15388069336
23530|0|86599|05/01/2024 20:57:22||39758|14409962832|17949058952
24006|0|51998|06/01/2024 00:27:39||27141|5161602520|7455420288
23857|0|60316|05/01/2024 23:12:43||31637|7298814120|9711106368
24887|0|55761|06/01/2024 06:38:39||4881|12960414792|35718520512
24674|0|84826|06/01/2024 05:00:48||10752|773863264|907551104
24367|0|77115|06/01/2024 02:55:17||18283|2105665816|2542053040
22926|0|94648|05/01/2024 16:51:04||54536|9155534376|11854781768
24085|0|7824|06/01/2024 00:54:56||25504|9664838488|10352404928
24291|0|85659|06/01/2024 02:22:01||20279|284239096|330804384
24063|0|76230|06/01/2024 00:44:45||26115|5985590792|7390472152
23584|0|75468|05/01/2024 21:18:43||38477|4319476376|5267830088
25047|0|37427|06/01/2024 07:40:03||1197|8323328|12298792
25004|0|9300|06/01/2024 07:29:17||1843|393661232|527218504
24037|0|71821|06/01/2024 00:34:00||26760|2655165976|3191605384
24866|0|67505|06/01/2024 06:27:24||5556|4399988960|10117399368
24954|0|45174|06/01/2024 07:02:58||3422|1105325832|1525124008
24234|0|36103|06/01/2024 02:07:20||21160|11523484744|12817145136
24368|0|69355|06/01/2024 02:57:53||18127|1329277208|1396539616
22765|0|41850|05/01/2024 15:44:13||58547|5598063704|5725205712
23678|0|18851|05/01/2024 21:52:39||36441|2292716968|2758168864
24454|0|64751|06/01/2024 03:37:53||15727|4911628008|5286495208
22599|0|90604|05/01/2024 14:41:03||62337|13335341760|18256320760
24369|0|10372|06/01/2024 02:52:47||18433|3024508640|4426630088
23630|0|57109|05/01/2024 21:39:39||37221|3116278640|3486886776
24792|0|87346|06/01/2024 05:55:34||7466|578356072|675114912
24552|0|61807|06/01/2024 04:17:11||13369|779121216|869929128
24675|0|95204|06/01/2024 05:01:42||10698|23078608|26638008
24235|0|71532|06/01/2024 02:07:34||21146|2875147168|3199611920
24138|0|40578|06/01/2024 01:27:32||23548|4251197400|5111413704
23178|0|75736|05/01/2024 18:33:25||48395|12999254344|15364301648
23952|0|8075|05/01/2024 23:57:12||28968|767065000|791839952
22341|0|30647|05/01/2024 12:52:06||68874|35967758432|45981522624
23563|0|62807|05/01/2024 21:03:17||39403|8474654976|9592969616
24843|0|77675|06/01/2024 06:14:14||6346|198319128|251727024
23886|0|41286|05/01/2024 23:20:40||31160|14742094384|15706710904
24702|0|31054|06/01/2024 05:12:04||10076|1858264304|2551676120
24007|0|6635|06/01/2024 00:22:16||27464|2074597280|2218150840
23101|0|37021|05/01/2024 18:00:23||50377|6628096408|9787297064
22659|0|14784|05/01/2024 15:07:10||60770|12911169168|18265995536
24124|0|59541|06/01/2024 01:13:43||24377|5030980096|5380294896
22766|0|4530|05/01/2024 15:41:50||58690|12132199448|14733069608
23054|0|81360|05/01/2024 17:43:04||51416|117184199904|243369071968
24219|0|32456|06/01/2024 01:53:09||22011|6676380816|8624581016
24157|0|47997|06/01/2024 01:30:47||23353|3246302496|4734059616
23991|0|42551|06/01/2024 00:18:33||27687|1074423656|1506089104
23179|0|91944|05/01/2024 18:34:24||48336|7499727472|10632184616
24727|0|50867|06/01/2024 05:27:38||9142|680594680|922350176
24955|0|61819|06/01/2024 07:01:23||3517|93322488|101708952
22246|0|40603|05/01/2024 12:16:43||70997|7066895960|9910066864
22742|0|26748|05/01/2024 15:32:40||59240|13371502616|17017950136
24190|0|61221|06/01/2024 01:41:32||22708|4260691416|5666333056
23679|0|87588|05/01/2024 21:55:02||36298|22902647880|16503750296
24265|0|53347|06/01/2024 02:18:43||20477|560179480|578728816
23102|0|82959|05/01/2024 18:05:04||50096|17720260168|18816500384
23283|0|44184|05/01/2024 19:15:09||45891|1959245704|2455293640
24191|0|84148|06/01/2024 01:46:15||22425|1472484080|1700554032
24577|0|77085|06/01/2024 04:25:16||12884|14908164152|43977179048
24867|0|99342|06/01/2024 06:25:12||5688|1987150912|2187942552
22847|0|38660|05/01/2024 16:29:23||55837|216607499800|522942190096
24064|0|95449|06/01/2024 00:49:38||25822|12062085856|13710503232
24370|0|56611|06/01/2024 02:52:48||18432|536340008|658871960
25069|0|7030|06/01/2024 07:53:43||377|791104272|1663683144
23075|0|83628|05/01/2024 17:57:56||50524|12978973512|16207642376
23388|0|93708|05/01/2024 19:52:20||43660|10487197272|13841114848
24039|0|70282|06/01/2024 00:32:50||26830|6498583584|9660580448
23259|0|49538|05/01/2024 19:07:03||46377|6162505136|7013641576
24956|0|82756|06/01/2024 07:09:30||3030|227741784|234955392
23631|0|53235|05/01/2024 21:32:17||37663|36753912976|70495111976
23653|0|78439|05/01/2024 21:43:25||36995|5093709968|6044091104
24652|0|6099|06/01/2024 04:51:55||11285|21042024|27276768
22552|0|93704|05/01/2024 14:22:05||63475|4411338808|6346724504
24530|0|76364|06/01/2024 04:07:02||13978|3264157408|4298595864
22529|0|62081|05/01/2024 14:18:04|06/01/2024 07:59:22|63678|102637946632|55813103824
24531|0|98961|06/01/2024 04:07:44||13936|8256647704|10478760016
24744|0|12671|06/01/2024 05:34:03||8757|918411016|918527040
24793|0|43443|06/01/2024 05:50:57||7743|314198248|423332072
23681|0|21420|05/01/2024 21:57:48||36132|11104346384|12322524488
23363|0|14586|05/01/2024 19:49:15||43845|6262909488|8235157536
23703|0|64866|05/01/2024 22:03:00||35820|2444842432|2779268112
23531|0|98312|05/01/2024 20:59:27||39633|4593504360|6239781728
24888|0|95348|06/01/2024 06:36:36||5004|1947579128|2185211528
24553|0|49374|06/01/2024 04:13:27||13593|7574205520|10640086688
23799|0|96692|05/01/2024 22:49:30||33030|10097469832|14578906784
24745|0|45454|06/01/2024 05:32:16||8864|25409959232|67911832480
23020|0|50798|05/01/2024 17:30:37||52163|10869294496|14957926808
24929|0|35027|06/01/2024 06:56:17||3823|41579120|53147224
23314|0|92786|05/01/2024 19:24:44||45316|9162404688|12432359936
23344|0|15993|05/01/2024 19:34:53||44707|17939745704|25918638920
22454|0|92903|05/01/2024 13:43:37||65783|144567906744|428799980392
24889|0|36213|06/01/2024 06:35:21||5079|1256211688|1777352048
23055|0|21135|05/01/2024 17:48:34||51086|10306723608|12699034096
22849|0|46103|05/01/2024 16:27:43||55937|15672628648|22317801416
24237|0|62772|06/01/2024 02:04:22||21338|2900635024|3992721160
24501|0|58204|06/01/2024 03:56:27||14613|3062458192|3176200528
23182|0|66956|05/01/2024 18:39:06||48054|10125154096|13251416840
23021|0|17919|05/01/2024 17:30:20||52180|19031177520|23041793728
24266|0|46180|06/01/2024 02:18:04||20516|4650119856|6899910296
24930|0|98373|06/01/2024 06:59:03||3657|93770600|101118872
23056|0|22040|05/01/2024 17:43:27||51393|10615369744|12706360752
24105|0|59622|06/01/2024 01:06:36||24804|8323627704|9799309456
25070|0|27487|06/01/2024 07:59:05||55|7367072|8196224
24319|0|20751|06/01/2024 02:39:53||19207|4044643960|5520111904
24389|0|64889|06/01/2024 03:09:11||17449|5158199696|7053605744
24676|0|58689|06/01/2024 05:08:05||10315|559732384|623915024
22884|0|39989|05/01/2024 16:35:16||55484|3408354016|5021162408
24390|0|53605|06/01/2024 03:09:32||17428|3698136832|3856041872
23510|0|9867|05/01/2024 20:47:32||40348|4573479912|5616172864
24578|0|75299|06/01/2024 04:22:12||13068|1531622704|1713792120
24844|0|39330|06/01/2024 06:17:18||6162|1288619160|1505860048
24503|0|7520|06/01/2024 03:50:27||14973|575035896|631563264
24504|0|85187|06/01/2024 03:58:56||14464|1016215928|2665522168
22907|0|71628|05/01/2024 16:43:10||55010|19235288776|19569151040
24982|0|33929|06/01/2024 07:12:32||2848|316410696|389638776
22356|0|45472|05/01/2024 13:04:44||68116|25100097992|33458742512
22692|0|24083|05/01/2024 15:14:30||60330|1519483520|1663422200
23022|0|73903|05/01/2024 17:35:25||51875|10210471168|13154940144
25048|0|75433|06/01/2024 07:47:51||729|72043384|95107320
24391|0|39615|06/01/2024 03:05:11||17689|2669049600|3232040888
23103|0|71600|05/01/2024 18:01:36||50304|38944049720|41155426352
25005|0|72960|06/01/2024 07:24:20||2140|11766920|15031240
23316|0|81599|05/01/2024 19:26:20||45220|5568308752|5743897680
23861|0|90524|05/01/2024 23:12:12||31668|96449224|123144392
25006|0|53913|06/01/2024 07:26:51||1989|441455288|462918456
24890|0|27053|06/01/2024 06:39:44||4816|2676055656|3493417400
23345|0|55461|05/01/2024 19:37:34||44546|7044744648|9833808024
24816|0|87016|06/01/2024 06:04:38||6922|4298983872|4358823048
23906|0|56152|05/01/2024 23:31:18||30522|11818295704|15462844344
24597|0|37108|06/01/2024 04:34:03||12357|671136088|862832704
24703|0|10813|06/01/2024 05:19:48||9612|737385680|1097215512
24654|0|80005|06/01/2024 04:58:29||10891|140748056|200444040
24655|0|55547|06/01/2024 04:54:41||11119|1338323024|1729767064
24769|0|8416|06/01/2024 05:41:19||8321|2165326152|2915528552
24430|0|77560|06/01/2024 03:28:07||16313|5519508488|8002364376
24505|0|59169|06/01/2024 03:53:07||14813|8395988120|8414851800
25007|0|68333|06/01/2024 07:20:17||2383|96060192|138516600
24372|0|74222|06/01/2024 02:55:13||18287|40317592960|97558602912
24845|0|14344|06/01/2024 06:19:56||6004|1350829056|1484023448
23746|0|26733|05/01/2024 22:24:25||34535|4206673408|4357331656
24794|0|53099|06/01/2024 05:53:31||7589|150505016|188453800
24770|0|55895|06/01/2024 05:42:20||8260|1071802432|1180012504
24373|0|78069|06/01/2024 02:53:12||18408|1651281160|2041707848
24008|0|82452|06/01/2024 00:23:15||27405|84416375856|198619722560
24506|0|46123|06/01/2024 03:54:44||14716|186052488|219953600
22958|0|54515|05/01/2024 17:08:56||53464|2116204896|2361347688
24238|0|52004|06/01/2024 02:01:14||21526|13867216144|33694564704
22718|0|55258|05/01/2024 15:27:04||59576|5504622016|6400942768
23683|0|71485|05/01/2024 21:52:34||36446|3842190960|5220958184
23800|0|13046|05/01/2024 22:46:59||33181|10181501888|11052465576
23346|0|74651|05/01/2024 19:39:20||44440|4229934808|4313106288
23057|0|64768|05/01/2024 17:42:38||51442|13160734048|14344045248
24220|0|72204|06/01/2024 01:51:55||22085|7423808616|9870488504
24656|0|18618|06/01/2024 04:51:37||11303|392687872|427051176
24746|0|95706|06/01/2024 05:30:38||8962|97114776|101294280
24267|0|14275|06/01/2024 02:19:12||20448|406945496|492526144
24239|0|26605|06/01/2024 02:03:39||21381|50874411568|140297482144
23823|0|12082|05/01/2024 22:57:10||32570|668340904|770440144
24106|0|17759|06/01/2024 01:04:31||24929|6481308608|6690353688
25008|0|81939|06/01/2024 07:22:33||2247|55258368|69907640
23862|0|95893|05/01/2024 23:12:56||31624|3484168816|4905161288
24795|0|84865|06/01/2024 05:55:04||7496|3066502120|3310491384
23203|0|89120|05/01/2024 18:44:28||47732|8122901064|10166521256
24414|0|48767|06/01/2024 03:19:34||16826|656798064|927637896
24892|0|10465|06/01/2024 06:36:40||5000|5730097496|8202902184
24957|0|78806|06/01/2024 07:02:37||3443|11473015400|27206811704
22886|0|25702|05/01/2024 16:39:21||55239|15408489264|18866106440
24579|0|62739|06/01/2024 04:29:42||12618|133937640|180507312
24320|0|14554|06/01/2024 02:32:15||19665|1247505488|1863358496
24893|0|99359|06/01/2024 06:36:26||5014|4310662768|5032574240
23972|0|90367|06/01/2024 00:03:07||28613|5566919320|6371656560
24554|0|37105|06/01/2024 04:13:08||13612|8849620360|9869592072
24958|0|6960|06/01/2024 07:02:08||3472|8776998680|17831556632
23992|0|37801|06/01/2024 00:17:15||27765|59526669752|114909418256
24088|0|35076|06/01/2024 00:52:03||25677|965941976|1356450552
24415|0|13025|06/01/2024 03:16:38||17002|10243677472|11871987624
23511|0|22544|05/01/2024 20:45:31||40469|2732685192|3990847608
24532|0|20312|06/01/2024 04:05:07||14093|5213390320|6679126952
24910|0|65677|06/01/2024 06:48:55||4265|215423784|257722616
23420|0|56364|05/01/2024 20:00:04||43196|7316263496|8134350928
24347|0|22916|06/01/2024 02:45:42||18858|357990872|485012504
24474|0|16674|06/01/2024 03:40:02||15598|3527543512|5108124376
25029|0|16695|06/01/2024 07:32:19||1661|378534928|534351312
24983|0|67214|06/01/2024 07:11:47||2893|6349131224|18307680896
24193|0|40671|06/01/2024 01:44:12||22548|4859643112|4900952416
23955|0|40511|05/01/2024 23:56:59||28981|12740493600|16778628904
23483|0|78500|05/01/2024 20:34:59||41101|9327646168|13821304040
24747|0|10342|06/01/2024 05:32:14||8866|29499062832|63096986144
23705|0|97925|05/01/2024 22:00:23||35977|4758885584|6020786256
23801|0|29649|05/01/2024 22:44:35||33325|52533370448|114691946056
24457|0|79407|06/01/2024 03:39:44||15616|5353596928|7779977568
24010|0|73069|06/01/2024 00:26:46||27194|1468840832|1787345744
23973|0|15102|06/01/2024 00:04:56||28504|62218843232|162884696728
24392|0|14697|06/01/2024 03:05:45||17655|4190945768|4820121024
24911|0|78709|06/01/2024 06:45:41||4459|895401392|993915608
24959|0|56997|06/01/2024 07:02:37||3443|6218108120|13947276912
24796|0|6662|06/01/2024 05:58:33||7287|2176447728|2260147608
23104|0|16812|05/01/2024 18:06:34||50006|4193631192|5091618864
24894|0|35461|06/01/2024 06:31:13||5327|1425841408|1570224184
24011|0|42910|06/01/2024 00:23:24||27396|2936519928|3201380552
24704|0|12088|06/01/2024 05:16:53||9787|666648008|911552792
23024|0|78684|05/01/2024 17:35:55||51845|7971973368|10466759992
22531|0|84330|05/01/2024 14:14:37||63923|16760812888|18582896064
24931|0|62028|06/01/2024 06:58:00||3720|649744048|833739128
24599|0|41706|06/01/2024 04:34:13||12347|210939384|294571880
22660|0|56872|05/01/2024 15:03:16||61004|98208407784|190619903592
24269|0|55279|06/01/2024 02:11:31||20909|6716279944|9216361176
24160|0|55644|06/01/2024 01:34:55||23105|3211158480|4765433080
24960|0|40283|06/01/2024 07:01:47||3493|375266544|488132912
24393|0|56746|06/01/2024 03:05:12||17688|4855879256|5102070824
22577|0|50061|05/01/2024 14:34:16||62744|12995503144|18752851784
24533|0|88332|06/01/2024 04:01:49||14291|1942832056|2018536592
23775|0|94788|05/01/2024 22:35:07||33893|14325770936|19144146768
24623|0|4517|06/01/2024 04:40:44||11956|38482068736|88052020792
24107|0|95901|06/01/2024 01:04:03||24957|1022373856|1374989664
24241|0|81789|06/01/2024 02:08:48||21072|534005824|611165280
23206|0|21114|05/01/2024 18:44:20||47740|467089872|586291752
22693|0|67461|05/01/2024 15:14:56|06/01/2024 07:50:50|59754|662215264|979896280
23365|0|90959|05/01/2024 19:43:33||44187|9356753256|10992730472
23864|0|71511|05/01/2024 23:14:15||31545|15762960272|18018695160
22555|0|86009|05/01/2024 14:24:05|06/01/2024 07:59:18|63313|29209686720|39233553560
23106|0|86823|05/01/2024 18:03:08||50212|8657424360|10061861208
24932|0|83405|06/01/2024 06:53:33||3987|572836680|631158888
23865|0|4972|05/01/2024 23:19:03||31257|7935384280|11637935328
24242|0|92212|06/01/2024 02:09:26||21034|2468385352|2737704240
24677|0|62744|06/01/2024 05:01:44||10696|540129208|706149112
24067|0|85291|06/01/2024 00:45:42||26058|2291746440|2406444952
22887|0|28617|05/01/2024 16:38:33||55287|12218131104|14177843792
23587|0|17728|05/01/2024 21:11:44||38896|1820660608|2420227008
23837|0|87954|05/01/2024 23:06:45||31995|5851988208|6151799160
23655|0|65088|05/01/2024 21:43:56||36964|8277959312|11142372872
25009|0|89551|06/01/2024 07:28:48||1872|1420266072|1460650592
24961|0|13907|06/01/2024 07:02:24||3456|107233128|128497344
24678|0|73483|06/01/2024 05:03:35||10585|7298173320|5473471200
24657|0|46218|06/01/2024 04:50:30||11370|71444416|88592704
24962|0|94873|06/01/2024 07:00:07||3593|2092336752|2487278536
23421|0|76428|05/01/2024 20:06:21||42819|13123358768|16747738344
23566|0|82516|05/01/2024 21:06:30||39210|8283899728|9279129424
23392|0|25789|05/01/2024 19:54:29||43531|14419701424|20357196056
23366|0|65370|05/01/2024 19:42:43||44237|13221772024|16467334504
25049|0|92320|06/01/2024 07:41:36||1104|17787408|19470368
24272|0|66200|06/01/2024 02:17:02||20578|985397776|1070018704
23933|0|67216|05/01/2024 23:46:14||29626|5963187336|7325205792
23686|0|62249|05/01/2024 21:58:08||36112|12055594216|12328017768
23287|0|93244|05/01/2024 19:16:56|06/01/2024 07:58:55|45719|20500973288|24111730448
22827|0|27932|05/01/2024 16:14:49||56711|5562514264|8244742936
24771|0|48483|06/01/2024 05:45:01||8099|273810568|293093136
24580|0|53107|06/01/2024 04:23:10||13010|35490411432|86280469704
23748|0|6966|05/01/2024 22:24:03||34557|90882335904|250251580656
25071|0|32336|06/01/2024 07:56:10||230|51066848|56986088
23058|0|35699|05/01/2024 17:49:35|06/01/2024 07:57:52|50897|5656953576|5892285432
24040|0|42383|06/01/2024 00:38:07||26513|4632959976|4734754328
24624|0|70346|06/01/2024 04:42:25||11855|1550287040|1836535064
22625|0|44017|05/01/2024 14:57:20||61360|20875809168|29049914568
23512|0|17172|05/01/2024 20:44:19||40541|7267148272|9943828528
24243|0|84443|06/01/2024 02:09:45||21015|688339496|704831504
24772|0|27211|06/01/2024 05:44:16||8144|388577504|557575352
24868|0|64838|06/01/2024 06:24:37||5723|11035808952|23285518368
24015|0|23892|06/01/2024 00:26:30||27210|4534053704|6316135536
23484|0|21722|05/01/2024 20:34:49||41111|6225829768|6968541584
24194|0|81020|06/01/2024 01:46:28||22412|6275938040|7084814960
23107|0|92824|05/01/2024 18:09:18||49842|67565151096|150795043008
23908|0|54461|05/01/2024 23:30:57||30543|6655040832|8210236872
22482|0|75069|05/01/2024 13:56:01||65039|2522735368|2777264864
23731|0|92593|05/01/2024 22:17:46||34934|8176505472|10863728344
23934|0|35495|05/01/2024 23:40:59||29941|3213953440|3435503760
23288|0|13901|05/01/2024 19:14:15||45945|1884878928|2489968792
23749|0|31852|05/01/2024 22:23:18||34602|8389737512|9191568672
23732|0|71131|05/01/2024 22:16:20||35020|55786763296|139770720320
24244|0|32354|06/01/2024 02:01:53||21487|2510373544|3066172448
24555|0|20093|06/01/2024 04:14:37||13523|2111102920|2734960040
24581|0|45060|06/01/2024 04:29:00||12660|2493914904|3701249312
24625|0|39654|06/01/2024 04:45:40||11660|3699017208|5391391184
22694|0|68311|05/01/2024 15:15:31||60269|3125764616|4197710568
24773|0|53738|06/01/2024 05:44:12||8148|1463951168|1841759936
24374|0|56024|06/01/2024 02:56:47||18193|2448316664|3645114832
24933|0|24447|06/01/2024 06:53:29||3991|9942667168|21855597936
25010|0|99612|06/01/2024 07:29:16||1844|415546000|615414112
22413|0|11302|05/01/2024 13:28:30||66690|33015648464|34710975408
25050|0|5708|06/01/2024 07:44:20||940|207508664|283659072
24322|0|17446|06/01/2024 02:39:54||19206|3873314416|4636412120
23776|0|96844|05/01/2024 22:31:37||34103|3137665168|3555353328
22961|0|95806|05/01/2024 17:04:19||53741|12957047824|16491170200
23909|0|19015|05/01/2024 23:38:48||30072|14911429504|21049017936
24600|0|93110|06/01/2024 04:38:35||12085|4957512032|5169618600
24963|0|22375|06/01/2024 07:04:26||3334|1492524536|1981590888
23513|0|49696|05/01/2024 20:40:17||40783|15565866856|19797735360
24126|0|72187|06/01/2024 01:12:57||24423|93268008|129726000
24869|0|62869|06/01/2024 06:23:01||5819|487114032|517665056
23994|0|98794|06/01/2024 00:18:11||27709|1410986840|1993420464
23209|0|34950|05/01/2024 18:49:27||47433|19481376712|20361299384
22721|0|30638|05/01/2024 15:26:08||59632|29844835304|42656551928
24161|0|78096|06/01/2024 01:33:51||23169|11763555328|15962226776
23485|0|98179|05/01/2024 20:38:39||40881|2473596824|2642596072
23423|0|68984|05/01/2024 20:06:39||42801|162570619728|388011043360
25030|0|44360|06/01/2024 07:38:30||1290|1387315824|1075150896
24068|0|61060|06/01/2024 00:47:28||25952|11028293064|12917153208
24323|0|57795|06/01/2024 02:31:55||19685|591406992|786647320
23321|0|72000|05/01/2024 19:26:49||45191|6811249608|7595758744
23656|0|7412|05/01/2024 21:43:37||36983|3216270912|4499124240
24705|0|4803|06/01/2024 05:16:37||9803|19471797840|41382441304
24748|0|98113|06/01/2024 05:31:43||8897|2139052360|2667681296
24749|0|44803|06/01/2024 05:32:08||8872|11220170088|9027494416
23108|0|29749|05/01/2024 18:06:06||50034|121683037648|297318071000
24016|0|29885|06/01/2024 00:28:44||27076|4062528336|6029683968
24394|0|87579|06/01/2024 03:06:10||17630|974195856|1321503280
23910|0|54472|05/01/2024 23:35:34||30266|6488912352|8540162232
24934|0|93213|06/01/2024 06:53:06||4014|74379360|98588264
23395|0|37978|05/01/2024 19:52:55||43625|3958121032|5179893800
24223|0|56631|06/01/2024 01:50:29||22171|7822575496|10092152880
24774|0|33855|06/01/2024 05:47:59||7921|1503914352|1834568256
24127|0|58941|06/01/2024 01:13:17||24403|8476945280|11979762032
24416|0|51521|06/01/2024 03:12:39||17241|7199061792|9412086544
23777|0|75669|05/01/2024 22:37:07||33773|35966718384|103321649192
24728|0|4484|06/01/2024 05:25:58||9242|1056844272|1296877432
24679|0|54089|06/01/2024 05:04:54||10506|242867120|254093424
24895|0|16540|06/01/2024 06:34:35||5125|1287081488|1734126576
24395|0|14219|06/01/2024 03:06:19||17621|2101735544|2734855000
24582|0|57735|06/01/2024 04:22:51||13029|2514115536|3083091408
24508|0|93681|06/01/2024 03:58:59||14461|8693982072|11068696640
24245|0|34214|06/01/2024 02:02:33||21447|4896984160|6974248304
25011|0|93820|06/01/2024 07:29:59||1801|516487832|773114704
24896|0|28490|06/01/2024 06:37:26||4954|1132056448|1582040616
25072|0|91127|06/01/2024 07:57:34||146|14808744|18503120
24017|0|28587|06/01/2024 00:20:58||27542|1451673744|1549983128
22890|0|35091|05/01/2024 16:33:44|06/01/2024 07:55:36|55312|3967368992|4577307920
25073|0|35091|06/01/2024 07:55:59||241|21406424|29932912
24295|0|28106|06/01/2024 02:24:09||20151|42687782528|103585663200
24706|0|61191|06/01/2024 05:11:04||10136|630132432|630823352
24935|0|84453|06/01/2024 06:54:26||3934|597582736|760098512
23706|0|13013|05/01/2024 22:09:04||35456|5384737600|7946302304
23974|0|41544|06/01/2024 00:03:54||28566|75798880|97654128
24680|0|29237|06/01/2024 05:02:56||10624|164552736|233780592
23752|0|7998|05/01/2024 22:27:45||34335|6430062712|6927909432
24817|0|66081|06/01/2024 06:04:56||6904|13507995176|26407682608
25074|0|14447|06/01/2024 07:57:02||178|29278872|30535032
24626|0|71697|06/01/2024 04:40:17||11983|1014847872|1519443624
24195|0|24453|06/01/2024 01:41:55||22685|3557500104|4343755464
24602|0|27698|06/01/2024 04:37:26||12154|1108419992|1110537976
23162|0|70213|05/01/2024 18:25:25||48875|4165616440|4174314656
24296|0|85692|06/01/2024 02:21:20||20320|5769960240|7866422712
23659|0|83186|05/01/2024 21:42:41||37039|3982845072|5737097440
24603|0|50917|06/01/2024 04:33:54||12366|991280200|1205903656
23468|0|14517|05/01/2024 20:22:02||41878|5608254152|5822743568
24818|0|41963|06/01/2024 06:02:24||7056|53042600|55938496
24707|0|84541|06/01/2024 05:11:40||10100|243045928|353466512
23424|0|94050|05/01/2024 20:03:47||42973|5323920832|6651983856
23660|0|21356|05/01/2024 21:49:08||36652|1599421840|1666943744
24964|0|8169|06/01/2024 07:05:35||3265|345441496|352633120
24476|0|71749|06/01/2024 03:40:36||15564|2057746400|2279831936
24431|0|44585|06/01/2024 03:20:39||16761|11463143336|15453298304
22602|0|67169|05/01/2024 14:42:00||62280|19117971440|26100246992
23262|0|47248|05/01/2024 19:01:36||46704|8531114160|11823742800
24162|0|71854|06/01/2024 01:37:42||22938|6903315720|9772894424
24042|0|91279|06/01/2024 00:30:27|06/01/2024 07:59:11|26924|3395389952|4160491176
24912|0|15334|06/01/2024 06:46:25||4415|943446272|1389601656
25051|0|11766|06/01/2024 07:47:39||741|148841528|220039808
23236|0|7757|05/01/2024 18:55:33||47067|4187703888|6223775640
24819|0|27595|06/01/2024 06:09:56||6604|873705904|1189939840
25012|0|11701|06/01/2024 07:25:39||2061|17850408|26570160
25031|0|94316|06/01/2024 07:35:58||1442|408084712|609797352
23063|0|42553|05/01/2024 17:43:37||51383|42470321288|43670170816
25013|0|88746|06/01/2024 07:22:54||2226|117287680|159951056
24247|0|18158|06/01/2024 02:04:37||21323|7985674280|10002013376
24870|0|16744|06/01/2024 06:27:00||5580|2339314296|2560629888
25014|0|86976|06/01/2024 07:23:39||2181|59156336|71818048
23912|0|24156|05/01/2024 23:32:29||30451|8403412448|10768261496
24658|0|23425|06/01/2024 04:52:15||11265|25650651944|47934569424
24846|0|75722|06/01/2024 06:16:33||6207|708000232|779637872
24224|0|44099|06/01/2024 01:51:15||22125|1319127840|1364064120
24477|0|63807|06/01/2024 03:44:21||15339|8350754192|8613854136
24604|0|75547|06/01/2024 04:32:33||12447|290388016|302359456
23004|0|53471|05/01/2024 17:27:25||52355|177645172872|343438466896
24750|0|13654|06/01/2024 05:31:24||8916|905908408|1300396864
25032|0|10213|06/01/2024 07:31:50||1690|328257080|386702376
23779|0|89917|05/01/2024 22:31:01||34139|3952116960|4358676464
23488|0|87567|05/01/2024 20:31:34||41306|12994876368|18939664320
24775|0|52904|06/01/2024 05:46:26||8014|1544468024|1862793104
25015|0|54913|06/01/2024 07:23:10||2210|112129384|139770896
24433|0|60097|06/01/2024 03:29:36|06/01/2024 07:53:25|15829|6045773064|6545495184
25075|0|60097|06/01/2024 07:54:25||335|38864408|42858320
24458|0|5416|06/01/2024 03:33:21||15999|5646272080|7236510248
25016|0|75895|06/01/2024 07:21:44||2296|3445703600|9130850776
23956|0|76496|05/01/2024 23:50:37||29363|4242573576|4791113824
24459|0|56019|06/01/2024 03:34:42||15918|1226843024|1821427632
23839|0|71391|05/01/2024 23:09:21||31839|7923725312|10393227320
23661|0|43500|05/01/2024 21:49:47||36613|8143101848|8170560992
24556|0|89489|06/01/2024 04:15:37||13463|9071009024|11733866656
22533|0|49081|05/01/2024 14:18:04||63716|15421145504|21047793888
24396|0|62527|06/01/2024 03:07:55||17525|29678828128|68579116640
24984|0|33390|06/01/2024 07:13:59||2761|1254870560|1279190808
24043|0|79189|06/01/2024 00:31:16||26924|3032794024|4109350184
24913|0|49117|06/01/2024 06:48:31||4289|532908632|668128880
23470|0|86389|05/01/2024 20:25:47||41653|8025294720|10130497280
24460|0|68183|06/01/2024 03:31:24||16116|2689317368|3242017200
25017|0|55177|06/01/2024 07:24:05||2155|88598240|90510824
23995|0|84127|06/01/2024 00:12:07||28073|5296992080|5483866376
23079|0|87607|05/01/2024 17:55:33||50667|23639667240|25702593672
24628|0|72601|06/01/2024 04:43:37||11783|180404528|196999656
24248|0|13824|06/01/2024 02:01:10||21530|7779666608|8158453256
23890|0|48931|05/01/2024 23:28:03||30717|519952832|711987800
24605|0|67407|06/01/2024 04:36:13||12227|1811206264|2400808768
24583|0|38018|06/01/2024 04:26:40||12800|808504216|1197543888
24092|0|98663|06/01/2024 00:51:58||25682|8504980224|10615963200
24629|0|83148|06/01/2024 04:41:11||11929|1924473976|2080343152
24897|0|39327|06/01/2024 06:39:25||4835|5804647488|16912837736
23237|0|90954|05/01/2024 18:55:38||47062|5469417656|5603116336
24557|0|55938|06/01/2024 04:18:11||13309|1444045600|2104254880
24751|0|61005|06/01/2024 05:31:18||8922|595101952|846252456
24871|0|41578|06/01/2024 06:27:46||5534|476758512|699306048
23064|0|16468|05/01/2024 17:42:39||51441|5706457832|6982924720
24985|0|21906|06/01/2024 07:11:58||2882|194291944|204726336
24606|0|77387|06/01/2024 04:38:11||12109|22673182904|44776519832
24797|0|30346|06/01/2024 05:52:45||7635|40103276264|94925356776
25018|0|67239|06/01/2024 07:25:03||2097|933579056|1114513248
24324|0|61728|06/01/2024 02:34:20||19540|1727836416|2198214984
23957|0|93069|05/01/2024 23:57:06||28974|617212272|689122520
24847|0|57132|06/01/2024 06:13:00||6420|25623643184|56972441400
23323|0|15806|05/01/2024 19:23:44||45376|14401130160|15036033560
23802|0|68077|05/01/2024 22:41:42||33498|71384922272|139886277600
24914|0|85221|06/01/2024 06:49:24||4236|534145512|562362048
24681|0|58966|06/01/2024 05:00:37||10763|3334671904|3413923624
23608|0|70292|05/01/2024 21:24:42||38118|10872487512|11564968712
24872|0|50446|06/01/2024 06:24:04||5756|943030088|1325200472
23754|0|26325|05/01/2024 22:26:24||34416|5502643528|6539111808
23866|0|64575|05/01/2024 23:12:29||31651|27808463408|30425897192
24558|0|89808|06/01/2024 04:14:49||13511|5839443816|8141498920
23913|0|62292|05/01/2024 23:35:08||30292|175780376|187854320
25052|0|17356|06/01/2024 07:46:57||783|40650792|56444720
25053|0|59834|06/01/2024 07:45:19||881|98822912|132976864
23188|0|39373|05/01/2024 18:34:57||48303|6615415360|6929015096
23780|0|32108|05/01/2024 22:33:32||33988|6462314984|9085804944
22667|0|48001|05/01/2024 15:07:04||60776|32623865920|92725310080
24559|0|76017|06/01/2024 04:18:13||13307|6844378632|9942884728
22933|0|68986|05/01/2024 16:52:23||54457|82012283920|191641931272
24898|0|52327|06/01/2024 06:30:28||5372|1773499248|2391329704
25054|0|90382|06/01/2024 07:43:26||994|424543680|525233264
24965|0|40431|06/01/2024 07:02:11||3469|610792288|725618672
23710|0|39713|05/01/2024 22:03:47||35773|108243270360|268635237784
25033|0|16348|06/01/2024 07:38:53||1267|184408576|270780792
23868|0|7251|05/01/2024 23:16:26||31414|34170393432|75324449152
24129|0|46611|06/01/2024 01:12:19||24461|1133404872|1447620392
23292|0|37225|05/01/2024 19:15:53||45847|16549781840|17549461768
23781|0|85434|05/01/2024 22:38:32||33688|4840725528|5696558280
24163|0|45237|06/01/2024 01:34:22||23138|2392297040|2562827184
24820|0|45886|06/01/2024 06:03:40||6980|1151947592|1369462720
24560|0|64101|06/01/2024 04:13:05||13615|1121438416|1303982632
24141|0|37568|06/01/2024 01:22:45||23835|7616200816|11423748776
24109|0|95683|06/01/2024 01:09:57||24603|984924816|995301264
23110|0|44964|05/01/2024 18:09:12||49848|17370817328|19428946520
23537|0|19376|05/01/2024 20:55:51||39849|36619318792|20814864832
24776|0|28349|06/01/2024 05:42:10||8270|2080666632|2393029920
24659|0|38542|06/01/2024 04:53:54||11166|4593466560|6867475944
23538|0|79861|05/01/2024 20:56:44||39796|6076672064|6639883120
23869|0|41207|05/01/2024 23:14:47||31513|8746932784|11034300120
24584|0|78994|06/01/2024 04:24:28||12932|21743243960|49592589264
24434|0|12359|06/01/2024 03:21:34||16706|3908209760|5192172456
24986|0|82182|06/01/2024 07:13:44||2776|985769664|1119860680
24777|0|28498|06/01/2024 05:47:36||7944|18140871392|35768934672
23065|0|88450|05/01/2024 17:46:00||51240|7419808056|9681987656
24708|0|90225|06/01/2024 05:14:13||9947|209941112|244469704
24478|0|11534|06/01/2024 03:45:50||15250|6098587864|7111968744
25076|0|28176|06/01/2024 07:58:23||97|614079176|391865768
24987|0|49522|06/01/2024 07:12:19||2861|129447136|132240352
24607|0|8811|06/01/2024 04:30:09||12591|545402608|744761616
23082|0|31543|05/01/2024 17:59:59||50401|9547658576|12624853112
24630|0|93993|06/01/2024 04:48:06||11514|1801686776|2262791928
24349|0|6248|06/01/2024 02:41:12||19128|3263839248|3910338984
24585|0|61686|06/01/2024 04:21:00||13140|5331943240|5786117560
24709|0|78972|06/01/2024 05:15:40||9860|1640996824|2120571232
22229|0|31636|05/01/2024 12:04:42|06/01/2024 07:53:48|71346|15292043936|20894502832
25077|0|31636|06/01/2024 07:54:46||314|49222504|58796088
25055|0|57247|06/01/2024 07:46:00||840|2465696616|5781140360
24915|0|48607|06/01/2024 06:46:42||4398|2018237976|2450840672
22393|0|80363|05/01/2024 13:11:38||67702|4155483720|4747864752
23636|0|82385|05/01/2024 21:36:54||37386|4210925872|4978267816
23112|0|83497|05/01/2024 18:03:40||50180|19523044768|25696324504
24873|0|54339|06/01/2024 06:23:02||5818|4936582912|12160454040
24350|0|12065|06/01/2024 02:41:02||19138|1422011104|1710266760
24798|0|35733|06/01/2024 05:58:53||7267|96453608|132276464
23326|0|7143|05/01/2024 19:22:22||45458|9476709248|13583829480
22696|0|44658|05/01/2024 15:18:48||60072|4621048072|6899773080
23782|0|80125|05/01/2024 22:35:51||33849|9221081296|10421072416
22668|0|86828|05/01/2024 15:08:25||60695|31884790624|39615137480
24110|0|59526|06/01/2024 01:01:20||25120|8372703176|8779928168
22512|0|26828|05/01/2024 14:08:07||64313|17572879200|18882205576
23783|0|89721|05/01/2024 22:37:57||33723|2689626192|3109846608
22855|0|37861|05/01/2024 16:27:22||55958|2469224600|2471313712
23870|0|65772|05/01/2024 23:13:29||31591|3827242368|5720336616
23871|0|85011|05/01/2024 23:17:42||31338|2852455792|2945184088
24682|0|4256|06/01/2024 05:07:55||10325|507139720|647434264
24461|0|11231|06/01/2024 03:34:37||15923|4230234608|5354034304
25019|0|78128|06/01/2024 07:23:04||2216|91568784|135598752
24874|0|99977|06/01/2024 06:20:38||5962|5728072504|6942406744
23211|0|56604|05/01/2024 18:42:47||47833|8179870952|8255217184
24660|0|95872|06/01/2024 04:53:31||11189|162525720|240576944
23735|0|10802|05/01/2024 22:12:47||35233|122536000128|332109629272
23610|0|6670|05/01/2024 21:25:54||38046|18361757376|23909101368
24988|0|44731|06/01/2024 07:18:37||2483|69673368|71350920
24326|0|27027|06/01/2024 02:33:18||19602|131368128|196950472
23367|0|81072|05/01/2024 19:41:14||44326|6154889816|7957107104
24327|0|29554|06/01/2024 02:30:14||19786|58241424|74361848
23736|0|36455|05/01/2024 22:11:45||35295|92743024336|215619225680
24534|0|67867|06/01/2024 04:08:09||13911|1853437584|2231429312
24142|0|9349|06/01/2024 01:25:12||23688|7337739464|8170248448
24511|0|37070|06/01/2024 03:58:19||14501|3900401952|4371851608
24535|0|19087|06/01/2024 04:02:29||14251|20362838128|54336866360
24710|0|9872|06/01/2024 05:18:00||9720|1586074424|2193630584
24047|0|89278|06/01/2024 00:33:21||26799|11377140496|13399410856
23891|0|61032|05/01/2024 23:22:34||31046|11986293232|16958165424
23662|0|33062|05/01/2024 21:48:23||36697|98066339024|184716681032
24143|0|93666|06/01/2024 01:29:45||23415|1382104976|1951801904
24536|0|30292|06/01/2024 04:08:10||13910|31425147568|88322611320
24661|0|80603|06/01/2024 04:58:10||10910|625349072|890263936
23240|0|73668|05/01/2024 18:58:14||46906|9154708376|10391743464
24513|0|85081|06/01/2024 03:52:58||14822|7253095048|10310125784
23067|0|5529|05/01/2024 17:43:05||51415|31990609808|46402097304
23841|0|43678|05/01/2024 23:00:07||32393|15479979480|16934951000
24778|0|65210|06/01/2024 05:41:47||8293|2384196544|2648999048
23212|0|83558|05/01/2024 18:42:18||47862|30824360760|31270942568
23687|0|27019|05/01/2024 21:58:37||36083|2941907944|4340284320
24164|0|57413|06/01/2024 01:36:22||23018|3763168720|4478156968
24435|0|79350|06/01/2024 03:23:46||16574|1657556312|2383328880
24916|0|45092|06/01/2024 06:45:06||4494|1056447944|1174599320
23996|0|65483|06/01/2024 00:14:40|06/01/2024 07:50:27|27347|842095280|1168383616
24274|0|71539|06/01/2024 02:11:39||20901|992504896|1472706720
23213|0|97039|05/01/2024 18:42:16||47864|2523914816|3738546200
22916|0|35168|05/01/2024 16:42:01||55079|121353876264|227483444336
24609|0|98268|06/01/2024 04:34:16||12344|697763312|787632480
23447|0|88489|05/01/2024 20:16:03||42237|22831913760|30966778584
25056|0|56025|06/01/2024 07:46:15||825|38094856|38309408
22798|0|60223|05/01/2024 15:54:35||57925|655677848|713869696
22748|0|84365|05/01/2024 15:39:26||58834|7655870704|10001761080
23663|0|70536|05/01/2024 21:42:17||37063|4166437648|4252947888
24436|0|9192|06/01/2024 03:21:23||16717|2620339904|2874533224
23872|0|86032|05/01/2024 23:10:18||31782|11008162800|15287925040
24437|0|52489|06/01/2024 03:25:28||16472|15900738256|20010155448
24899|0|38265|06/01/2024 06:36:10||5030|711926896|969591192
22582|0|42570|05/01/2024 14:38:16||62504|12889284656|17627789032
23842|0|14794|05/01/2024 23:06:33||32007|4369847400|5990620360
23611|0|61799|05/01/2024 21:26:00||38040|3942021640|4686225440
24631|0|27940|06/01/2024 04:47:48||11532|22792027736|59180939520
24196|0|20383|06/01/2024 01:40:55||22745|14978952120|17766266256
25020|0|59942|06/01/2024 07:25:59||2041|674209136|975152408
24275|0|58552|06/01/2024 02:11:09||20931|225197408|325194960
24297|0|9532|06/01/2024 02:28:44||19876|5184304832|6780427384
23688|0|83741|05/01/2024 21:59:57||36003|3257838032|3340324696
24586|0|10527|06/01/2024 04:22:22||13058|7985126608|8815006400
24298|0|56666|06/01/2024 02:29:31||19829|56084733416|156012927112
23264|0|58379|05/01/2024 19:06:53||46387|3543313888|4158514960
24966|0|70337|06/01/2024 07:08:20||3100|3190408328|8096908416
24438|0|20606|06/01/2024 03:21:14||16726|1683490328|1835227368
24799|0|11226|06/01/2024 05:51:25||7715|964222176|1016425064
24480|0|91832|06/01/2024 03:44:56||15304|1344728688|1669184952
24328|0|43601|06/01/2024 02:33:51||19569|43592585824|91976309472
23293|0|64323|05/01/2024 19:17:34||45746|1962610200|2312945856
24662|0|90727|06/01/2024 04:50:22||11378|6436501488|8293427400
24276|0|53508|06/01/2024 02:16:37||20603|5478505664|6027647696
24917|0|11314|06/01/2024 06:40:28||4772|26290472744|18073322664
23114|0|47866|05/01/2024 18:03:13||50207|17637711944|17757350600
24144|0|87992|06/01/2024 01:29:40||23420|757399048|924361880
24463|0|88561|06/01/2024 03:38:53||15667|487477168|690785720
25021|0|14153|06/01/2024 07:25:34||2066|61730832|83157224
23959|0|68764|05/01/2024 23:55:47||29053|9075257208|12316115992
23216|0|53519|05/01/2024 18:44:14||47746|1714053032|2298750600
24277|0|94015|06/01/2024 02:14:30||20730|42814721648|81909943432
22360|0|40656|05/01/2024 13:08:29||67891|32154577872|34512490016
23712|0|67809|05/01/2024 22:06:11||35629|15476547264|21867432528
23873|0|71910|05/01/2024 23:10:56||31744|12830571480|15053124112
23139|0|62164|05/01/2024 18:12:32||49648|2596297512|3422274824
24989|0|11785|06/01/2024 07:19:14||2446|242178080|284562864
23472|0|19078|05/01/2024 20:22:13||41867|9979566264|13923606616
23689|0|75327|05/01/2024 21:52:05||36475|13939132192|9425681752
24821|0|91568|06/01/2024 06:02:23||7057|1643528304|2158269408
24632|0|64297|06/01/2024 04:45:18||11682|216062344|236527104
23589|0|67632|05/01/2024 21:10:34||38966|5414978488|6600905056
24419|0|23103|06/01/2024 03:16:25||17015|47532317704|98207409336
23612|0|15996|05/01/2024 21:20:27||38373|4608337160|6486257936
23844|0|37926|05/01/2024 23:01:16||32324|10774370960|15645861040
24225|0|65288|06/01/2024 01:51:13||22127|32965770328|21482560648
24822|0|46901|06/01/2024 06:00:27||7173|768009080|975013152
22606|0|69206|05/01/2024 14:41:57||62283|131462352|192108368
23976|0|61352|06/01/2024 00:02:43||28637|1777284504|2267317832
23757|0|74822|05/01/2024 22:21:59||34681|10474704528|12682957560
24439|0|35686|06/01/2024 03:23:48||16572|4265937768|4753171136
24464|0|41338|06/01/2024 03:37:09||15771|3195930368|3256952360
23638|0|81786|05/01/2024 21:39:16||37244|4697973608|5523895912
24711|0|95653|06/01/2024 05:11:30||10110|457996960|493546552
22857|0|9849|05/01/2024 16:21:29||56311|15292068712|16940822568
23400|0|12454|05/01/2024 19:52:43||43637|9905347024|12165531824
23449|0|29916|05/01/2024 20:19:52||42008|263031936|353129384
23401|0|65470|05/01/2024 19:57:56||43324|13128347768|18359870040
24848|0|47842|06/01/2024 06:10:23||6577|1315255104|1705664560
24990|0|35937|06/01/2024 07:18:58||2462|80080776|96564608
23402|0|89835|05/01/2024 19:50:21||43779|64138479560|172763223504
23664|0|14050|05/01/2024 21:42:41||37039|3741367672|4645529560
24398|0|77537|06/01/2024 03:00:56||17944|6445109384|6536303888
24683|0|35182|06/01/2024 05:02:55||10625|3133949128|3890058624
24800|0|94290|06/01/2024 05:58:16||7304|1968319344|2340046304
25034|0|80310|06/01/2024 07:30:46||1754|410884952|515358904
24250|0|86003|06/01/2024 02:09:02||21058|395842160|507329528
24752|0|53841|06/01/2024 05:32:55||8825|7483017392|7702891464
24514|0|25689|06/01/2024 03:52:18||14862|12800743680|18081233576
25035|0|8563|06/01/2024 07:35:40||1460|12310976|18367608
23614|0|83949|05/01/2024 21:24:40||38120|5546297256|7521954488
24633|0|72067|06/01/2024 04:46:51||11589|24656724112|47491921264
24801|0|32098|06/01/2024 05:53:06||7614|459335976|684794976
24684|0|58849|06/01/2024 05:00:03||10797|327398896|456239984
24111|0|66006|06/01/2024 01:04:54||24906|11560247096|9130169128
23590|0|74201|05/01/2024 21:17:27||38553|6896805616|8585786936
23369|0|40546|05/01/2024 19:43:13||44207|82215407472|155527504272
24729|0|21276|06/01/2024 05:20:31||9569|2556071512|2760423384
24399|0|51323|06/01/2024 03:07:15|06/01/2024 07:55:42|17307|2349959152|2475912776
24300|0|24553|06/01/2024 02:26:53||19987|1918529128|1946596040
25078|0|53027|06/01/2024 07:52:20||460|21009672|27120264
23784|0|30620|05/01/2024 22:33:55||33965|10148705392|12175989064
24145|0|6761|06/01/2024 01:24:20||23740|19509331024|20202780712
24685|0|9222|06/01/2024 05:09:40||10220|3528036728|4139927880
24823|0|13423|06/01/2024 06:05:31||6869|3540848840|3870468856
24936|0|84025|06/01/2024 06:52:46||4034|2233734688|2960694536
24937|0|3972|06/01/2024 06:53:31||3989|1080881392|1618774264
23540|0|12811|05/01/2024 20:57:16||39764|88167364672|201984870200
23825|0|94733|05/01/2024 22:56:07||32633|9400973656|9515838328
24131|0|78144|06/01/2024 01:14:44||24316|7303253384|10706358584
24991|0|91772|06/01/2024 07:18:05||2515|290947256|298388784
24561|0|19018|06/01/2024 04:18:37||13283|397800496|500404744
24730|0|50805|06/01/2024 05:28:42||9078|781576808|896428368
24712|0|78465|06/01/2024 05:16:16||9824|1095639160|1438057456
23541|0|26143|05/01/2024 20:53:54||39966|31136755400|37029984552
24049|0|12302|06/01/2024 00:39:45||26415|4214233176|5872452568
24562|0|84612|06/01/2024 04:10:58||13742|72569608|79153320
24251|0|84432|06/01/2024 02:08:38||21082|7522376824|8852434608
24731|0|29307|06/01/2024 05:25:36||9264|1367014880|1502962560
24301|0|4384|06/01/2024 02:29:44||19816|242273184|335290168
23219|0|34139|05/01/2024 18:42:57||47823|752973984|1045106192
24967|0|43549|06/01/2024 07:05:30||3270|375590552|474756600
24968|0|97623|06/01/2024 07:04:32||3328|753988576|971421912
22672|0|60631|05/01/2024 15:09:49||60611|29285195544|40466074208
24663|0|57389|06/01/2024 04:51:35||11305|602632752|719377488
22860|0|34505|05/01/2024 16:25:19||56081|51137411192|30417570728
24400|0|30082|06/01/2024 03:01:24||17916|5789693064|6639981520
23785|0|56536|05/01/2024 22:38:54||33666|13083330832|17104463864
23266|0|93688|05/01/2024 19:09:26||46234|8018251496|11397265584
24093|0|75281|06/01/2024 00:58:55||25265|13680673352|16105453112
24664|0|53564|06/01/2024 04:53:47||11173|1525253288|1885725632
24875|0|61969|06/01/2024 06:28:31||5489|2120964184|2248927544
23490|0|98714|05/01/2024 20:38:36||40884|8829316696|9350004616
25057|0|69650|06/01/2024 07:46:40||800|54972264|68933824
23329|0|5505|05/01/2024 19:22:12||45468|10955897104|16127644408
24992|0|33559|06/01/2024 07:12:45||2835|2849336064|2997141216
23370|0|41935|05/01/2024 19:44:46||44114|54172904832|33538863592
24587|0|17769|06/01/2024 04:22:24||13056|7879408888|9248617968
24938|0|42589|06/01/2024 06:58:31||3689|45342432|57622224
24634|0|73018|06/01/2024 04:46:20||11620|224963608|275681320
23542|0|63285|05/01/2024 20:57:54||39726|6438087640|8509347648
24900|0|13770|06/01/2024 06:35:38||5062|822126216|915769952
22586|0|54186|05/01/2024 14:34:15||62745|10718344720|15309511592
24824|0|82203|06/01/2024 06:05:36||6864|84353664|125427016
24993|0|50590|06/01/2024 07:14:14||2746|896034024|951209808
23516|0|16359|05/01/2024 20:40:53||40747|19757235632|20721485408
24537|0|12393|06/01/2024 04:01:54||14286|8608380048|11659650344
24302|0|5254|06/01/2024 02:28:31||19889|9363007160|10030885832
24165|0|16285|06/01/2024 01:33:23||23197|5384709512|7277911128
24686|0|80536|06/01/2024 05:04:10||10550|298452512|337560280
23031|0|26226|05/01/2024 17:31:29||52111|51391299216|40282429592
24050|0|98932|06/01/2024 00:39:53||26407|18136344568|18511354784
25058|0|31820|06/01/2024 07:49:05||655|119087936|143697840
23804|0|46850|05/01/2024 22:42:16||33464|5626166688|6162861144
23372|0|30968|05/01/2024 19:45:22||44078|4509642656|4912746288
23267|0|63548|05/01/2024 19:08:58||46262|43099484800|32914210496
25036|0|69219|06/01/2024 07:38:48||1272|81699608|83762608
24538|0|32243|06/01/2024 04:07:18||13962|1840735256|2094685296
24825|0|97008|06/01/2024 06:00:36||7164|3655859528|4649079640
24252|0|43844|06/01/2024 02:00:36||21564|6021363880|7737174664
24401|0|65049|06/01/2024 03:02:35||17845|5736907408|6971552128
24802|0|10481|06/01/2024 05:55:53||7447|2340598488|3134153528
23827|0|60703|05/01/2024 22:54:30||32730|68652894200|203793893632
24420|0|21007|06/01/2024 03:11:58||17282|2695322720|3592410520
24146|0|83505|06/01/2024 01:21:24||23916|13802723416|15540975320
23896|0|77127|05/01/2024 23:21:15||31125|110029421808|251803918776
23787|0|76673|05/01/2024 22:30:23||34177|19625360720|21373880528
24303|0|15877|06/01/2024 02:21:54||20286|16620840576|11921263424
22364|0|21702|05/01/2024 13:03:19||68201|10020053896|13860880808
23473|0|27843|05/01/2024 20:21:02||41938|80187253688|165804343952
24200|0|27004|06/01/2024 01:41:38||22702|2111025704|2563654280
24610|0|10940|06/01/2024 04:38:54||12066|1771314280|2643335512
23404|0|87104|05/01/2024 19:58:27||43293|9092508440|11209328432
22278|0|60691|05/01/2024 12:25:22||70478|13693922552|15664564880
23008|0|95338|05/01/2024 17:21:06||52734|4351833208|5554531824
24539|0|15088|06/01/2024 04:04:25||14135|10970790512|15592717640
22939|0|17325|05/01/2024 16:55:44||54256|138930602752|262521948984
24329|0|16603|06/01/2024 02:37:00||19380|355238416|452692784
24540|0|7660|06/01/2024 04:09:19||13841|1053159192|1437835248
24563|0|87500|06/01/2024 04:13:57||13563|2703321464|2999694432
22675|0|75484|05/01/2024 15:07:13||60767|16791770752|22068813552
24440|0|50462|06/01/2024 03:21:00||16740|1504084184|1852083680
23828|0|62763|05/01/2024 22:54:31||32729|2471299576|3146886176
24636|0|43894|06/01/2024 04:43:44||11776|2124695960|2185180056
23847|0|95778|05/01/2024 23:03:23||32197|6522915888|8406340976
24918|0|94159|06/01/2024 06:47:07||4373|4302080928|4432412496
24803|0|81698|06/01/2024 05:54:41||7519|2089330352|2157643584
22814|0|54623|05/01/2024 16:06:51||57189|17871004256|21038099168
23406|0|8801|05/01/2024 19:58:24||43296|30302012072|34745819000
23143|0|48966|05/01/2024 18:11:06||49734|18525769856|20732231408
23351|0|69320|05/01/2024 19:39:50||44410|8269984912|10719459952
24304|0|36119|06/01/2024 02:24:24||20136|5095869880|7247849520
24021|0|93094|06/01/2024 00:25:46||27254|5005874744|5787959136
25037|0|27202|06/01/2024 07:39:02||1258|22510888|22987480
23978|0|85887|06/01/2024 00:09:38||28222|26556923656|15825417248
24305|0|74573|06/01/2024 02:20:06|06/01/2024 07:55:25|20119|13597104376|10113388608
24753|0|51162|06/01/2024 05:39:50||8410|2812505968|2908988416
24564|0|16681|06/01/2024 04:11:37||13703|3675803464|3798449920
23220|0|87183|05/01/2024 18:44:58||47702|36956160208|41639196680
24353|0|18192|06/01/2024 02:40:23||19177|748413288|752156848
24202|0|17620|06/01/2024 01:42:23||22657|1557148912|2104411432
23829|0|94145|05/01/2024 22:50:08||32992|17596616208|21954986008
25059|0|86750|06/01/2024 07:48:57||663|26554176|38325872
23665|0|4931|05/01/2024 21:40:00||37200|6702671560|7248998024
24465|0|80746|06/01/2024 03:33:19||16001|33374442704|81962797352
23758|0|20625|05/01/2024 22:27:56||34324|16859239688|25045260752
22676|0|91768|05/01/2024 15:07:56||60724|6820453392|8674175112
24687|0|63732|06/01/2024 05:02:22||10658|2563070576|3236008352
24588|0|11739|06/01/2024 04:20:40||13160|12574254240|9707993344
23517|0|46516|05/01/2024 20:41:03||40737|14518617184|16028388896
24226|0|38175|06/01/2024 01:55:51||21849|9994285416|11269833528
22919|0|88454|05/01/2024 16:47:14||54766|11504687640|11757456400
25022|0|62436|06/01/2024 07:26:04||2036|345403048|487870744
24482|0|48440|06/01/2024 03:44:50||15310|6424262640|9013716416
24306|0|99379|06/01/2024 02:22:56||20224|1175811120|1548400856
23640|0|79532|05/01/2024 21:35:28||37472|9060304152|10700729704
23593|0|93769|05/01/2024 21:16:30||38610|5414805760|5882493072
24732|0|15025|06/01/2024 05:21:01||9539|700420688|797547088
24402|0|16867|06/01/2024 03:00:42||17958|1498196040|1882299864
23491|0|65443|05/01/2024 20:31:25||41315|4316020304|5539826016
22801|0|61359|05/01/2024 15:55:37||57863|14459514752|17967114104
23116|0|14926|05/01/2024 18:01:32||50308|26946471016|27567096912
23573|0|87069|05/01/2024 21:07:22||39158|98872546520|257173689776
24483|0|33808|06/01/2024 03:47:01||15179|2863878728|3584682216
24939|0|35837|06/01/2024 06:55:04||3896|371509928|383038648
24826|0|3906|06/01/2024 06:00:24||7176|1145505104|1224889520
23451|0|17103|05/01/2024 20:18:51||42069|13962937504|14174576560
23144|0|53321|05/01/2024 18:15:11||49489|4293319584|6169143136
25079|0|36521|06/01/2024 07:50:24||576|20047344|23443528
23192|0|48809|05/01/2024 18:38:34||48086|3405489592|4089148624
24733|0|11424|06/01/2024 05:21:29||9511|814153232|869128064
22366|0|4621|05/01/2024 13:02:22|06/01/2024 07:59:58|68256|9205384280|11441581056
24940|0|48062|06/01/2024 06:52:03||4077|1543636392|1826238720
24941|0|64251|06/01/2024 06:52:36||4044|131001840|145232800
23546|0|61230|05/01/2024 20:57:01||39779|2531916472|3707947528
24994|0|94384|06/01/2024 07:17:15||2565|543886336|578524088
24849|0|45665|06/01/2024 06:17:14||6166|1054597272|1117361176
23269|0|98779|05/01/2024 19:03:32||46588|794656184|968098272
24565|0|35685|06/01/2024 04:16:18||13422|3579137304|4565518664
24167|0|43189|06/01/2024 01:37:38||22942|1315028608|1879244064
24331|0|45031|06/01/2024 02:34:51||19509|1597504840|1811383032
24378|0|99503|06/01/2024 02:50:29||18571|57958776|73290056
23084|0|66683|05/01/2024 17:54:59||50701|7822472192|8253560624
24919|0|40021|06/01/2024 06:42:26||4654|1423107488|1790718424
24589|0|19237|06/01/2024 04:29:32||12628|728213648|919645256
23641|0|93513|05/01/2024 21:33:45||37575|140775147920|318973580160
23759|0|76056|05/01/2024 22:25:05||34495|14542843136|14958017640
24942|0|11945|06/01/2024 06:55:56||3844|1261117960|1388816360
22819|0|63148|05/01/2024 16:08:31||57089|15184401520|18550036440
23848|0|86493|05/01/2024 23:04:26||32134|4116591272|4529354424
24637|0|84844|06/01/2024 04:41:54||11886|3744581264|5191476240
24688|0|54789|06/01/2024 05:07:19||10361|268289784|304290776
23916|0|96367|05/01/2024 23:36:31||30209|11051494656|8831648968
24203|0|94111|06/01/2024 01:44:45||22515|16121783216|17562858096
24638|0|30362|06/01/2024 04:40:28||11972|796216600|981505160
25060|0|21475|06/01/2024 07:41:09||1131|33763288|49290416
23270|0|77620|05/01/2024 19:06:52||46388|11231426752|16108708440
24354|0|62234|06/01/2024 02:48:30||18690|509231432|633888464
22802|0|23311|05/01/2024 15:57:53||57727|59287875208|111660845672
24876|0|19120|06/01/2024 06:26:46||5594|2626435488|2817394176
24484|0|27032|06/01/2024 03:44:41||15319|3570456632|4102021392
23917|0|30846|05/01/2024 23:31:12||30528|15895794608|19904699016
24734|0|94286|06/01/2024 05:29:46||9014|2791835968|3881949792
23738|0|68117|05/01/2024 22:13:50||35170|7878691240|8437457080
23035|0|47967|05/01/2024 17:30:35||52165|12447698776|13878902880
24611|0|10616|06/01/2024 04:30:16||12584|6330886744|8608435088
24022|0|84226|06/01/2024 00:29:52||27008|1277247184|1567657264
23009|0|97109|05/01/2024 17:29:32||52228|4560663584|5380636008
24023|0|9203|06/01/2024 00:28:05||27115|3936186416|4590513960
24850|0|35035|06/01/2024 06:11:49||6491|337390072|396193800
23452|0|27215|05/01/2024 20:14:41||42319|3332932736|4390623144
23298|0|24209|05/01/2024 19:16:04||45836|18611771448|19971521856
24969|0|55356|06/01/2024 07:06:05||3235|491585016|512350552
23961|0|10398|05/01/2024 23:59:44||28816|8174709712|10298797072
22730|0|29905|05/01/2024 15:25:49|06/01/2024 07:58:26|59557|33243226192|36482800360
24639|0|85501|06/01/2024 04:45:59||11641|33693862920|74339167648
23518|0|58996|05/01/2024 20:49:05||40255|9354660272|9921727968
23997|0|86099|06/01/2024 00:16:37||27803|463629784|525984712
22562|0|58617|05/01/2024 14:21:07||63533|15633340080|20209607704
24943|0|82966|06/01/2024 06:54:52||3908|1804306752|2006757136
23036|0|48804|05/01/2024 17:37:03||51777|14785781520|15893628688
24442|0|6555|06/01/2024 03:22:52||16628|792500104|1041100416
24168|0|5549|06/01/2024 01:38:52||22868|27417242144|20722551504
23492|0|33801|05/01/2024 20:38:22||40898|17484211328|18143199528
23409|0|28133|05/01/2024 19:56:37||43403|11135376704|12962868848
23148|0|50959|05/01/2024 18:10:27||49773|83170130816|182526605280
24566|0|57257|06/01/2024 04:16:03||13437|3482725760|3489092352
23616|0|60001|05/01/2024 21:27:10||37970|3369077400|4758805304
23617|0|69505|05/01/2024 21:25:14||38086|4007783416|4403988464
23937|0|19793|05/01/2024 23:49:45||29415|98731368|122649624
23690|0|26638|05/01/2024 21:59:10||36050|3355089568|4267139040
24421|0|22311|06/01/2024 03:11:03||17337|2636066880|2743407312
23830|0|23211|05/01/2024 22:54:36||32724|1869048320|2438581792
25038|0|77909|06/01/2024 07:35:49||1451|4844914592|12180717608
23876|0|86036|05/01/2024 23:18:05||31315|6599301136|7920690656
24147|0|7874|06/01/2024 01:27:22||23558|2139197000|2738957584
24112|0|31981|06/01/2024 01:07:38||24742|466073984|658329536
24516|0|60239|06/01/2024 03:54:12||14748|3592825664|5199653032
22965|0|69970|05/01/2024 17:09:25||53435|11225817464|11888974424
24665|0|69532|06/01/2024 04:52:19||11261|822134104|1032129128
23918|0|79714|05/01/2024 23:33:28||30392|1915226120|2116502800
24169|0|33279|06/01/2024 01:36:15||23025|21064066792|28728511816
24403|0|36694|06/01/2024 03:02:33||17847|3162755400|3191340680
22518|0|35120|05/01/2024 14:02:27||64653|508615564640|339517736256
23998|0|74769|06/01/2024 00:15:49||27851|6016223360|7740520240
24133|0|72714|06/01/2024 01:15:18||24282|287212816|327623000
23877|0|14117|05/01/2024 23:14:28||31532|8546722264|12357239328
23919|0|63534|05/01/2024 23:36:29||30211|8739838752|12881090792
24851|0|15440|06/01/2024 06:16:57||6183|1618694208|1998309736
24307|0|91047|06/01/2024 02:29:36||19824|4868658432|6406666792
24071|0|5591|06/01/2024 00:41:11||26329|449560064|671452056
23374|0|62347|05/01/2024 19:47:50||43930|45657544696|35515838888
24148|0|89490|06/01/2024 01:24:11||23749|5675136264|6062733248
23980|0|69344|06/01/2024 00:06:09||28431|1913569848|2353065472
24970|0|67654|06/01/2024 07:08:56||3064|1360454552|2000254272
23691|0|62004|05/01/2024 21:53:26||36394|41447851440|91280866392
24170|0|33021|06/01/2024 01:39:56||22804|2699334000|3853592512
24227|0|3869|06/01/2024 01:53:40||21980|5507728976|7764197008
23519|0|65092|05/01/2024 20:43:24||40596|56920981336|126578059952
24612|0|75980|06/01/2024 04:39:03||12057|699059256|758624744
23790|0|48242|05/01/2024 22:35:32||33868|7524392608|10086784816
23547|0|46922|05/01/2024 20:54:15||39945|8942576048|11621597360
24228|0|73418|06/01/2024 01:50:49||22151|4721248920|6450226088
24052|0|94785|06/01/2024 00:31:08||26932|156322306680|84784761208
23897|0|41602|05/01/2024 23:22:22||31058|56071919360|163987855544
22864|0|26412|05/01/2024 16:25:58||56042|15026974688|18032137352
24779|0|22920|06/01/2024 05:49:02||7858|3091801360|4093261608
24466|0|94623|06/01/2024 03:32:43||16037|7359187736|7394397144
23086|0|68011|05/01/2024 17:53:03||50817|2711470664|3994236080
24754|0|35936|06/01/2024 05:39:39||8421|4298317944|4763897888
24308|0|44196|06/01/2024 02:28:22||19898|3902874120|4709602080
22612|0|25324|05/01/2024 14:42:57||62223|9516182104|13867017272
24254|0|67195|06/01/2024 02:06:24||21216|2592166032|2910114440
23921|0|52151|05/01/2024 23:35:32||30268|9042940056|11375769328
24333|0|16794|06/01/2024 02:36:11||19429|2648284056|3968000368
23087|0|37816|05/01/2024 17:56:15||50625|4922227864|5400738008
24255|0|65834|06/01/2024 02:07:17||21163|2095244480|3134841392
23167|0|20072|05/01/2024 18:23:50||48970|8174635880|9765203528
23620|0|9616|05/01/2024 21:22:35||38245|1228445984|1365156288
23693|0|88203|05/01/2024 21:57:21||36159|22536488480|49998000104
23763|0|14706|05/01/2024 22:20:27||34773|6857305880|8415990688
23431|0|38309|05/01/2024 20:03:54||42966|911641488|1192488752
24279|0|34607|06/01/2024 02:11:00||20940|14385245696|15337029520
22701|0|84637|05/01/2024 15:15:54||60246|1225188112|1566466248
24666|0|44564|06/01/2024 04:54:00||11160|4335761192|5503264192
22897|0|37345|05/01/2024 16:33:13||55607|7173884680|9300137528
24355|0|48086|06/01/2024 02:48:33||18687|51209695368|101783028200
24404|0|83760|06/01/2024 03:06:18||17622|23834350200|16396292024
23938|0|24702|05/01/2024 23:41:38||29902|14158247432|14812560104
23922|0|7807|05/01/2024 23:32:40||30440|15578393760|17546721928
24690|0|59885|06/01/2024 05:04:46||10514|573180224|841175080
24379|0|78408|06/01/2024 02:54:42||18318|2235591520|2357701024
24780|0|24671|06/01/2024 05:40:06||8394|614490048|779352616
24613|0|20752|06/01/2024 04:34:42||12318|34031421568|66180089408
24920|0|40629|06/01/2024 06:45:22||4478|1098274272|1557958256
24735|0|37389|06/01/2024 05:26:18||9222|615952112|708450264
23119|0|61063|05/01/2024 18:08:27||49893|25645861296|32911796256
24204|0|19374|06/01/2024 01:42:11||22669|80212186472|196023388856
23963|0|73511|05/01/2024 23:55:31||29069|8564181336|10432254912
24944|0|82373|06/01/2024 06:58:13||3707|73765976|84689360
25039|0|43350|06/01/2024 07:30:11||1789|467992408|680198120
23272|0|49479|05/01/2024 19:08:13||46307|25624726304|17296216760
22732|0|20567|05/01/2024 15:23:35||59785|15186198112|20269108384
23940|0|10088|05/01/2024 23:49:40||29420|30682827000|20778821440
24877|0|96799|06/01/2024 06:21:54||5886|1349994600|1931869656
24614|0|43629|06/01/2024 04:34:19||12341|656540912|687286992
24567|0|53797|06/01/2024 04:14:25||13535|2321828672|2951019224
23923|0|73227|05/01/2024 23:31:51||30489|1564545760|2259158648
24205|0|15615|06/01/2024 01:46:50||22390|23991071048|26361746848
22439|0|49984|05/01/2024 13:34:27||66333|18703446720|20606440528
23594|0|51341|05/01/2024 21:17:04||38576|4582091904|5849882904
24256|0|12307|06/01/2024 02:03:02||21418|1015685888|1413891848
24541|0|24789|06/01/2024 04:08:49||13871|710226696|1034759440
24901|0|62736|06/01/2024 06:38:38||4882|17609130880|39975500720
24405|0|64828|06/01/2024 03:02:34||17846|8067088928|8451827768
24542|0|97663|06/01/2024 04:03:29||14191|7123362480|9039819472
23667|0|40241|05/01/2024 21:48:27||36693|30550597344|91230729032
24171|0|97466|06/01/2024 01:37:32||22948|2909215376|4028773880
24945|0|48119|06/01/2024 06:56:57||3783|10524848744|22382930568
22920|0|59435|05/01/2024 16:47:05||54775|2043521272|2923225528
23375|0|59657|05/01/2024 19:45:17||44083|11320633728|15470650184
24543|0|23350|06/01/2024 04:02:27||14253|1840940784|2040975184
24852|0|28409|06/01/2024 06:16:08||6232|1363862200|1764630512
