IdSession|IdPSX|IdSubscriber|StartSession|EndSession|Duartion|UpTx|DownTx
26113|0|37974|06/01/2024 15:10:31||44969|18378988672|21439033936
27519|0|33927|07/01/2024 01:16:35||8605|2650051832|3264866216
26423|0|56609|06/01/2024 17:11:30||37710|105232753056|279298389264
26561|0|6516|06/01/2024 18:10:15||34185|3663026152|5192860264
26712|0|87799|06/01/2024 19:26:14||29626|3733080016|3830519072
27061|0|77688|06/01/2024 21:40:30||21570|414795496|481620232
26016|0|62355|06/01/2024 14:32:22||47258|84300227392|172605177856
27588|0|53666|07/01/2024 01:41:47||7093|29500442816|65956063504
26017|0|80501|06/01/2024 14:38:10||46910|4975009376|5554212296
25784|0|74669|06/01/2024 13:02:43||52637|4616237096|5476485152
27340|0|55450|06/01/2024 23:56:19||13421|658519464|798793280
27621|0|45253|07/01/2024 01:54:33||6327|2222165520|3169174008
27666|0|96559|07/01/2024 02:18:49||4871|906701616|1195645920
27341|0|77661|06/01/2024 23:52:29||13651|1917272648|2166871080
25367|0|43777|06/01/2024 10:03:32||63388|170963783856|347781820104
26713|0|41083|06/01/2024 19:26:44||29596|37076364152|94847727168
26738|0|25839|06/01/2024 19:37:02||28978|3581530384|5140875800
27589|0|85282|07/01/2024 01:47:47||6733|615540672|818886360
27796|0|54570|07/01/2024 03:00:02||2398|3589748144|10711114160
26687|0|87485|06/01/2024 19:10:47||30553|114581256256|225774848160
27667|0|22313|07/01/2024 02:10:37||5363|16301823824|40114065144
25677|0|36265|06/01/2024 12:15:15||55485|6905747728|8834196304
27384|0|8960|07/01/2024 00:14:56||12304|312114160|427034680
27476|0|83585|07/01/2024 00:58:21||9699|7027491632|9101763408
27015|0|89716|06/01/2024 21:21:14||22726|5188850016|5258961856
26400|0|13652|06/01/2024 17:00:05||38395|12876159776|17999620696
25553|0|56849|06/01/2024 11:22:47||58633|16762626784|23192727200
26269|0|60741|06/01/2024 16:13:18||41202|3710297104|3975113448
26763|0|47789|06/01/2024 19:40:15||28785|2347267952|2506562528
27342|0|45696|06/01/2024 23:54:01||13559|199059984|253258664
26971|0|17166|06/01/2024 21:12:34||23246|30852118760|89497593496
27210|0|18892|06/01/2024 22:59:29||16831|5944652808|6659122552
26357|0|77886|06/01/2024 16:41:55||39485|12555919272|13520888976
26379|0|86402|06/01/2024 16:53:21||38799|68392419968|195084394096
27477|0|59587|07/01/2024 00:53:07||10013|493520312|523025816
27816|0|69235|07/01/2024 03:13:00||1620|24238192|29746232
27797|0|27723|07/01/2024 03:01:07||2333|70219272|87232168
26688|0|6916|06/01/2024 19:18:00||30120|5536206096|7500692104
27570|0|57595|07/01/2024 01:32:56||7624|273846864|409750992
27798|0|30336|07/01/2024 03:03:39||2181|184963512|215116528
27773|0|54404|07/01/2024 02:56:59||2581|127616544|186732056
26054|0|94047|06/01/2024 14:53:05||46015|8657508416|11374395520
26358|0|85646|06/01/2024 16:48:11||39109|7085193368|9357047568
27448|0|37317|07/01/2024 00:47:23||10357|2155151280|2700941168
26587|0|68624|06/01/2024 18:28:11||33109|14608602160|19639059048
26802|0|37529|06/01/2024 20:02:38||27442|54929728528|106093158832
27774|0|42806|07/01/2024 02:55:58||2642|506500392|727147304
25524|0|61794|06/01/2024 11:12:27||59253|7502459008|7733999648
26829|0|5419|06/01/2024 20:16:10||26630|2296765712|2325379376
27168|0|93337|06/01/2024 22:37:21||18159|10387046120|15470639392
25609|0|73710|06/01/2024 11:49:45||57015|8833395624|10693825952
26001|0|23638|06/01/2024 14:25:36||47664|7049879928|7408721000
25657|0|76483|06/01/2024 12:00:09||56391|3164575168|4627548592
26689|0|23220|06/01/2024 19:18:18||30102|5308116176|5750975512
27726|0|30847|07/01/2024 02:34:14||3946|2403171144|3240735744
27847|0|21813|07/01/2024 03:20:09||1191|1814657456|4331788616
27449|0|44839|07/01/2024 00:44:39||10521|716956592|1023139168
27520|0|41896|07/01/2024 01:14:18||8742|5268421008|6577238752
26665|0|43101|06/01/2024 19:05:48||30852|2047234104|2683296808
27498|0|47660|07/01/2024 01:04:34||9326|4763856440|4873964928
27062|0|5259|06/01/2024 21:48:23||21097|2644247384|3441332296
27499|0|26698|07/01/2024 01:09:26||9034|24586974520|65624474384
25787|0|96233|06/01/2024 13:04:00||52560|184514944416|470686723808
27450|0|97799|07/01/2024 00:46:33||10407|1639129384|2143807416
27451|0|38204|07/01/2024 00:41:44||10696|1808579336|2142111152
25918|0|39037|06/01/2024 13:53:41||49579|7936560784|8483712840
26830|0|85701|06/01/2024 20:11:42||26898|6737081360|9995733296
27188|0|35155|06/01/2024 22:48:54||17466|1448856072|2120496408
26037|0|5357|06/01/2024 14:43:18|07/01/2024 03:39:23|46565|5842923544|8539458568
27878|0|5357|07/01/2024 03:39:54||6|0|0
27424|0|58783|07/01/2024 00:32:59||11221|1859472552|1886544520
27817|0|5731|07/01/2024 03:12:09||1671|3202784616|8294076368
26056|0|76792|06/01/2024 14:57:40||45740|2285901240|4795559504
26623|0|22791|06/01/2024 18:49:50||31810|7862199664|9487436104
26666|0|64480|06/01/2024 19:09:23||30637|4408409392|5046751264
27699|0|60137|07/01/2024 02:23:04||4616|4257320800|12239969424
27818|0|35390|07/01/2024 03:14:55||1505|148640208|206031664
26948|0|55333|06/01/2024 21:03:24||23796|5814882848|7809509904
27478|0|40685|07/01/2024 00:58:35||9685|74231560|87187024
27521|0|20349|07/01/2024 01:13:56||8764|844285808|1096589080
27361|0|25130|07/01/2024 00:08:57||12663|1122509704|1259136704
27668|0|51885|07/01/2024 02:13:58||5162|632817120|892371240
26857|0|43797|06/01/2024 20:22:37||26243|9828582288|14339672504
27252|0|59735|06/01/2024 23:14:07||15953|39753156560|92084294368
27038|0|17452|06/01/2024 21:38:39||21681|3729691728|4320167904
26690|0|34064|06/01/2024 19:11:33||30507|3015866512|3080443696
25764|0|64295|06/01/2024 12:55:15||53085|27148496768|32114786632
27479|0|51526|07/01/2024 00:50:26||10174|390080008|418643920
26563|0|70042|06/01/2024 18:18:17||33703|2966688760|3595398208
27819|0|96155|07/01/2024 03:16:42||1398|17297616|20544800
26307|0|46044|06/01/2024 16:24:56||40504|2929853576|4045783296
25110|0|81133|06/01/2024 08:16:55|07/01/2024 03:32:12|69317|16332311128|23753907504
27362|0|18447|07/01/2024 00:02:36||13044|20531203136|44902695576
25631|0|60049|06/01/2024 11:59:30||56430|25820350560|35265810128
26975|0|13992|06/01/2024 21:14:31||23129|4255108704|5415498312
27385|0|51438|07/01/2024 00:10:12||12588|6711072904|6835277320
27727|0|94557|07/01/2024 02:39:57||3603|10856753128|26305582992
26786|0|68009|06/01/2024 19:55:01||27899|4531485392|5186117168
27343|0|82791|06/01/2024 23:57:35||13345|8638066304|10844453808
27571|0|27374|07/01/2024 01:37:06||7374|3085176032|3411966504
27099|0|48759|06/01/2024 22:07:07||19973|1429855040|1920866672
27125|0|31579|06/01/2024 22:12:07||19673|1569606824|2119101984
26094|0|68039|06/01/2024 15:09:13||45047|21235322784|21455802040
27622|0|59795|07/01/2024 01:51:19||6521|299317024|398086744
25415|0|47486|06/01/2024 10:27:21||61959|10969477800|12721974080
26272|0|26986|06/01/2024 16:13:27||41193|2008212432|2615967336
26588|0|96277|06/01/2024 18:26:19||33221|2880809280|3081932888
26242|0|72607|06/01/2024 16:08:26||41494|14721018880|14877520104
27253|0|62190|06/01/2024 23:13:50||15970|3798989872|5523044496
27299|0|83091|06/01/2024 23:31:20||14920|292421368|431547472
27300|0|35621|06/01/2024 23:39:10||14450|70255014224|48565206096
27879|0|71416|07/01/2024 03:31:29||511|84802600|123030848
27406|0|98717|07/01/2024 00:22:35|07/01/2024 03:33:26|11451|699821408|833930096
27880|0|98717|07/01/2024 03:35:14||286|40545472|48042760
27079|0|89833|06/01/2024 21:53:32||20788|1022247072|1166211688
26380|0|10721|06/01/2024 16:54:42||38718|10879932704|16185453144
27590|0|91314|07/01/2024 01:47:47||6733|663761200|872369448
26976|0|33410|06/01/2024 21:16:48||22992|62681383528|163740859152
27775|0|79031|07/01/2024 02:52:31||2849|48607256|52505048
27591|0|6383|07/01/2024 01:40:28||7172|4529362408|5518551016
27480|0|79718|07/01/2024 00:50:18||10182|220109168|220577664
25460|0|86051|06/01/2024 10:46:34||60806|1283871320|1814799280
27230|0|24662|06/01/2024 23:05:19||16481|9420573496|10783837400
27669|0|34585|07/01/2024 02:16:22||5018|272849184|320066944
27750|0|59314|07/01/2024 02:49:06||3054|67276632|78057952
27848|0|83578|07/01/2024 03:29:16||644|146374760|171900720
27728|0|23331|07/01/2024 02:37:20||3760|10283712|15400672
27363|0|36494|07/01/2024 00:08:42||12678|3173183160|4390390016
27776|0|27550|07/01/2024 02:59:53||2407|889284808|1006316576
26977|0|25520|06/01/2024 21:15:26||23074|60600230696|119293737704
27039|0|32410|06/01/2024 21:35:54||21846|885906272|1172893704
27344|0|60709|06/01/2024 23:57:34||13346|723388672|969769696
26146|0|14653|06/01/2024 15:26:32||44008|14397299128|14513846816
27644|0|29371|07/01/2024 02:03:24||5796|90964544|125497456
26338|0|84110|06/01/2024 16:34:25||39935|5420239840|7604969128
27364|0|47537|07/01/2024 00:03:26||12994|1114906008|1206722512
27729|0|90469|07/01/2024 02:33:57||3963|122833576|125774072
27645|0|33870|07/01/2024 02:06:24||5616|905753752|1013200584
27386|0|93506|07/01/2024 00:15:56||12244|1130901392|1289772368
25788|0|83926|06/01/2024 13:05:41||52459|18109156800|24669592800
26381|0|64718|06/01/2024 16:50:05||38995|7669193808|10643229464
26425|0|10105|06/01/2024 17:10:21||37779|12111267400|12789169960
26340|0|92558|06/01/2024 16:39:23||39637|15492813888|20248554992
26667|0|98900|06/01/2024 19:01:37||31103|9919491304|10130089288
27799|0|26789|07/01/2024 03:08:11||1909|3939663208|7860923168
27273|0|47184|06/01/2024 23:23:54||15366|4965312192|5380522808
25820|0|31782|06/01/2024 13:16:49||51791|182834016464|409866496792
27170|0|30969|06/01/2024 22:30:44||18556|3408668832|3685757560
27452|0|37938|07/01/2024 00:42:55||10625|747075840|927900736
26218|0|40573|06/01/2024 15:54:51||42309|6975425280|7143345688
27274|0|33467|06/01/2024 23:26:37||15203|221348512|309187600
27407|0|78745|07/01/2024 00:21:29||11911|316980496|423230344
27592|0|5194|07/01/2024 01:47:57||6723|18530382592|41115169464
25743|0|9725|06/01/2024 12:42:56||53824|5755669224|7792281616
26476|0|73845|06/01/2024 17:35:07||36293|8626586040|11803980480
27171|0|27068|06/01/2024 22:32:42||18438|9708322416|12397595264
27751|0|44729|07/01/2024 02:41:31||3509|130971736|155925288
27100|0|10326|06/01/2024 22:02:32||20248|48322919992|114180373440
26533|0|46454|06/01/2024 18:05:56||34444|4206978096|4734472880
25790|0|6884|06/01/2024 13:03:21||52599|10727511856|13662379472
27040|0|5370|06/01/2024 21:35:04||21896|54641694760|161757068264
26715|0|16276|06/01/2024 19:23:27||29793|4348489288|5689022288
27101|0|71970|06/01/2024 22:01:41||20299|3971962000|4203471624
27425|0|11383|07/01/2024 00:32:58||11222|1445293800|1886605552
26879|0|94862|06/01/2024 20:34:32||25528|825406064|1154699032
27593|0|77556|07/01/2024 01:48:34||6686|731685464|825865200
27800|0|28712|07/01/2024 03:04:39||2121|507758312|662861040
27016|0|59764|06/01/2024 21:27:07||22373|44082021920|109124833176
27254|0|89175|06/01/2024 23:18:59||15661|16884889592|22045123552
26978|0|31271|06/01/2024 21:17:55||22925|28835763592|19868342544
27144|0|27336|06/01/2024 22:24:45||18915|2323826520|2517879224
25476|0|60295|06/01/2024 10:54:09||60351|25611305448|31509977456
26097|0|88989|06/01/2024 15:07:41||45139|13043872112|13936492528
26646|0|88728|06/01/2024 18:55:09||31491|6984671848|8558740624
26309|0|57284|06/01/2024 16:21:13||40727|7230610824|8954416176
27820|0|25121|07/01/2024 03:13:24||1596|75203664|78969544
27821|0|34312|07/01/2024 03:11:42||1698|652360136|880415472
27102|0|30933|06/01/2024 22:09:13||19847|2162754936|2910407344
27017|0|62267|06/01/2024 21:28:22||22298|965183904|1071025328
27255|0|16816|06/01/2024 23:18:14||15706|4941001520|7085608984
26624|0|52955|06/01/2024 18:42:09||32271|602140664|767744520
26832|0|55584|06/01/2024 20:19:54||26406|8842381304|12218145560
27670|0|99171|07/01/2024 02:13:19||5201|6927739728|16603193024
27594|0|41802|07/01/2024 01:41:10||7130|901247280|1222634304
27172|0|65097|06/01/2024 22:36:26||18214|8927288400|8957125656
25170|0|48954|06/01/2024 08:37:48||68532|4131088672|5768079464
27777|0|99295|07/01/2024 02:51:09||2931|136741560|149541160
27822|0|33320|07/01/2024 03:19:37||1223|162165640|219736280
27778|0|92343|07/01/2024 02:55:57||2643|86950824|88713704
27522|0|67316|07/01/2024 01:10:12||8988|2440627664|3543201616
26310|0|27619|06/01/2024 16:26:05||40435|2802426744|3095714712
27453|0|85531|07/01/2024 00:49:35||10225|568529120|776141016
26039|0|92469|06/01/2024 14:40:45||46755|4527313784|6737973024
26949|0|24715|06/01/2024 21:04:26||23734|903277352|1079445928
27823|0|34605|07/01/2024 03:15:28||1472|3065016288|6430703168
27671|0|77033|07/01/2024 02:11:02||5338|728772088|860124560
26275|0|85924|06/01/2024 16:16:42||40998|10167206432|12831755648
27881|0|57855|07/01/2024 03:37:15||165|14603192|19124352
25579|0|6957|06/01/2024 11:35:21||57879|185238100328|359448322544
27824|0|13791|07/01/2024 03:12:47||1633|5934272832|14692226576
26668|0|4122|06/01/2024 19:00:07||31193|102346429664|194730368328
27301|0|55411|06/01/2024 23:33:53||14767|426274608|523180864
27103|0|64821|06/01/2024 22:00:52||20348|1040821640|1494366064
26739|0|88644|06/01/2024 19:31:03||29337|5718100048|7975742344
26880|0|77054|06/01/2024 20:31:44||25696|37619444816|24059321744
25863|0|44361|06/01/2024 13:39:57||50403|10729689520|13834194320
27672|0|18094|07/01/2024 02:13:57||5163|2977312040|3665672888
25477|0|10634|06/01/2024 10:53:41||60379|4687721784|5845712024
25635|0|10027|06/01/2024 11:51:53||56887|674622280|727741128
27126|0|7843|06/01/2024 22:17:18||19362|71854734032|141873175984
26740|0|29280|06/01/2024 19:36:07||29033|38818674224|24192588832
27019|0|37519|06/01/2024 21:24:45||22515|11262605336|16757998240
26979|0|94737|06/01/2024 21:12:49||23231|8886852072|9485912816
27595|0|7959|07/01/2024 01:40:38||7162|17110137272|48338121424
27427|0|70850|07/01/2024 00:37:32||10948|787663632|1042270072
27365|0|48207|07/01/2024 00:02:00||13080|6440760824|7090625864
27302|0|91375|06/01/2024 23:34:24||14736|3272905208|4088545592
25822|0|60347|06/01/2024 13:11:56||52084|2735710168|2895341344
27231|0|75481|06/01/2024 23:01:09||16731|9835983536|14282024392
27623|0|87249|07/01/2024 01:55:55||6245|3956096184|4774730896
27366|0|15640|07/01/2024 00:01:11|07/01/2024 03:37:21|12970|61339944|91324264
27673|0|67468|07/01/2024 02:10:29||5371|892924264|1072582248
27320|0|55223|06/01/2024 23:49:33||13827|6095742792|8515299864
26534|0|56756|06/01/2024 18:05:51||34449|1526702960|1634068288
27081|0|86419|06/01/2024 21:59:58||20402|139654736|167577424
26981|0|86414|06/01/2024 21:13:32||23188|4235254672|5762728296
27700|0|69115|07/01/2024 02:29:53||4207|54472696|76647824
27849|0|85231|07/01/2024 03:24:11||949|155145952|163267504
27500|0|6280|07/01/2024 01:07:14||9166|2514708536|2720205792
27408|0|46819|07/01/2024 00:20:12||11988|292685104|344762552
26742|0|17534|06/01/2024 19:35:01||29099|8876475664|9714024352
27801|0|54065|07/01/2024 03:04:56||2104|133841352|161521200
27082|0|63283|06/01/2024 21:59:17||20443|25604069736|15725344584
26692|0|83443|06/01/2024 19:16:57||30183|2498543624|2657096880
25614|0|89997|06/01/2024 11:45:29||57271|149207294768|295285420680
26567|0|32170|06/01/2024 18:15:34||33866|168476598552|364772518304
26382|0|69672|06/01/2024 16:57:55||38525|9910884032|11759415936
26905|0|52341|06/01/2024 20:43:40||24980|1885066880|2106642224
26243|0|19540|06/01/2024 16:07:17||41563|14179299456|15336877480
26517|0|96145|06/01/2024 17:58:08||34912|1522844040|1731153336
26716|0|34910|06/01/2024 19:27:13||29567|3895664024|4303099600
26764|0|52059|06/01/2024 19:45:00||28500|73163685792|188485522632
27701|0|33806|07/01/2024 02:22:50||4630|1240900128|1519372352
25582|0|39888|06/01/2024 11:30:37||58163|7228511160|8614408680
26148|0|43637|06/01/2024 15:29:26||43834|10221340216|13912811864
26859|0|18993|06/01/2024 20:22:47||26233|10835915664|13895843936
27624|0|70576|07/01/2024 01:52:51||6429|3398503560|1895542616
26535|0|21573|06/01/2024 18:06:41||34399|9983449200|14474284184
27501|0|42861|07/01/2024 01:06:26||9214|614081808|754754216
27646|0|18259|07/01/2024 02:05:42||5658|14746226672|35100026848
27802|0|93139|07/01/2024 03:04:55||2105|6105592|6959960
27190|0|21463|06/01/2024 22:43:10||17810|3825070624|4843529312
27730|0|97429|07/01/2024 02:38:00||3720|363960944|416514488
27066|0|64769|06/01/2024 21:40:09||21591|36206944|45625304
27146|0|84902|06/01/2024 22:20:48||19152|3678554296|3821916704
27803|0|64277|07/01/2024 03:02:52||2228|124137992|144804776
26342|0|42083|06/01/2024 16:37:21||39759|84529015632|211601215376
25478|0|73608|06/01/2024 10:52:19||60461|21043367680|25293122520
26933|0|98838|06/01/2024 20:56:59||24181|11774360888|14723736232
27067|0|55477|06/01/2024 21:46:03||21237|2266780952|3145496424
27674|0|21733|07/01/2024 02:13:39||5181|13671506992|36023766696
27387|0|85876|07/01/2024 00:15:09||12291|1534632608|2261629088
27211|0|39458|06/01/2024 22:56:29||17011|8163289008|8935056040
27275|0|7944|06/01/2024 23:23:38||15382|11566695048|12771432568
27752|0|86917|07/01/2024 02:41:49||3491|212724720|316886184
27572|0|9119|07/01/2024 01:31:55||7685|3592168344|3888871744
27454|0|77862|07/01/2024 00:47:51||10329|2399543960|2437363024
25583|0|59960|06/01/2024 11:33:48||57972|10974074672|16416792552
27675|0|82926|07/01/2024 02:16:22||5018|436021944|575133248
27083|0|97187|06/01/2024 21:59:54||20406|50525064|68143296
26448|0|63427|06/01/2024 17:25:19||36881|1085070224|1322423472
26220|0|26030|06/01/2024 15:55:14||42286|18358087016|27247705912
27276|0|71810|06/01/2024 23:25:24||15276|854470920|904737952
25704|0|50202|06/01/2024 12:21:18||55122|12152459240|12285848096
26276|0|25089|06/01/2024 16:13:53||41167|10448467872|14415493664
26765|0|73296|06/01/2024 19:44:06||28554|66948187216|126887953760
25980|0|57084|06/01/2024 14:11:52||48488|11375628312|16482557552
27173|0|3894|06/01/2024 22:38:04||18116|4692923936|6959925000
27753|0|16386|07/01/2024 02:44:39||3321|324583368|420018312
26311|0|13628|06/01/2024 16:21:37|07/01/2024 03:39:01|40644|8183821760|9129197552
27233|0|57579|06/01/2024 23:08:03||16317|31482721640|69158981080
27388|0|40130|07/01/2024 00:15:45||12255|384723672|439144000
25864|0|85510|06/01/2024 13:32:59||50821|15469669032|15985647296
27409|0|31738|07/01/2024 00:20:31||11969|1106032384|1385089432
27234|0|79796|06/01/2024 23:07:52||16328|2548875512|3439819376
25681|0|95146|06/01/2024 12:19:01||55259|41224632|57106560
26099|0|51155|06/01/2024 15:06:42||45198|1147610784|1419716016
27481|0|17382|07/01/2024 00:55:10||9890|1728405408|1770944832
27596|0|12313|07/01/2024 01:44:37||6923|5675770704|6532891384
27573|0|30099|07/01/2024 01:30:11||7789|667065048|862695960
25637|0|93774|06/01/2024 11:52:42||56838|13662317480|15884242248
27731|0|40487|07/01/2024 02:32:14||4066|2236340600|2605954784
27754|0|91362|07/01/2024 02:41:44||3496|302915880|426831160
25955|0|36677|06/01/2024 14:01:14||49126|1039533944|1063287152
27779|0|40270|07/01/2024 02:52:47||2833|463506648|674554376
26833|0|37491|06/01/2024 20:11:45||26895|1243270184|1597131288
27128|0|21264|06/01/2024 22:13:32||19588|1908973200|2690073784
27597|0|56903|07/01/2024 01:46:51||6789|2747247440|2991889504
27389|0|98192|07/01/2024 00:16:25||12215|16898727704|48741627448
26950|0|68857|06/01/2024 21:05:32||23668|66527361576|170689691200
27129|0|34817|06/01/2024 22:18:33||19287|5246922784|6811627056
27850|0|26763|07/01/2024 03:25:11||889|25348880|37211432
26983|0|95397|06/01/2024 21:14:20||23140|2231522408|3081359088
27755|0|74214|07/01/2024 02:40:49||3551|754985872|862841200
27756|0|41711|07/01/2024 02:41:15||3525|596935960|841046904
26449|0|89625|06/01/2024 17:26:04||36836|4469480368|6647631576
26806|0|76903|06/01/2024 20:05:23||27277|5262640408|6628559896
25322|0|57927|06/01/2024 09:44:39||64521|9672941016|9786679736
26312|0|42738|06/01/2024 16:24:46||40514|5709357296|7166778784
25792|0|55048|06/01/2024 13:02:55||52625|9484470280|9605116840
27068|0|57316|06/01/2024 21:48:59||21061|5621276904|5806755000
27041|0|27439|06/01/2024 21:38:48||21672|5694549808|7468985520
26648|0|21299|06/01/2024 18:52:31||31649|2453311112|2521070776
25559|0|26964|06/01/2024 11:22:16||58664|83922932704|238572687712
25323|0|20340|06/01/2024 09:49:48||64212|12249312384|15353027024
27851|0|97176|07/01/2024 03:27:26||754|179342952|228320904
25746|0|66642|06/01/2024 12:47:28||53552|5633584536|7647950376
27277|0|86893|06/01/2024 23:21:18||15522|3872703480|5413872472
26882|0|64535|06/01/2024 20:37:33||25347|3274840184|4772176080
26670|0|90151|06/01/2024 19:06:15||30825|11605193312|13846952056
27455|0|96448|07/01/2024 00:43:27||10593|4163351624|4329550656
27882|0|36110|07/01/2024 03:30:56||544|79056560|83760168
27084|0|96996|06/01/2024 21:57:16||20564|5510379760|7197727392
26497|0|10821|06/01/2024 17:42:34||35846|14465840400|21419749304
25526|0|86044|06/01/2024 11:17:52||58928|8389436392|11329050880
27130|0|81524|06/01/2024 22:14:55||19505|65858676016|160838481528
25865|0|48388|06/01/2024 13:32:27||50853|12138623120|12526538592
27524|0|79735|07/01/2024 01:12:40||8840|23026848|32667416
27780|0|71230|07/01/2024 02:57:47||2533|234494344|303076552
25824|0|11355|06/01/2024 13:13:05||52015|5642803056|7105954464
27020|0|20804|06/01/2024 21:25:27||22473|6060715264|6628985072
27428|0|69728|07/01/2024 00:37:54||10926|1286341496|1528060384
26766|0|76684|06/01/2024 19:49:37||28223|31881103952|21093732296
25767|0|8331|06/01/2024 12:59:01||52859|743948272|785091456
26003|0|88869|06/01/2024 14:25:11||47689|4929993520|5305307608
26649|0|86916|06/01/2024 18:56:17||31423|8230215752|8949598856
27105|0|31414|06/01/2024 22:03:38||20182|5107189912|7443933416
27574|0|67864|07/01/2024 01:34:53||7507|57512872|69077752
25560|0|61739|06/01/2024 11:29:32||58228|2802964328|3534746112
27883|0|70053|07/01/2024 03:39:45||15|1063184|1106792
26174|0|91452|06/01/2024 15:32:06||43674|8257284736|9015556952
25956|0|51410|06/01/2024 14:09:37||48623|4628265664|5514009488
27147|0|21591|06/01/2024 22:23:22||18998|1910559760|1936376760
26718|0|66319|06/01/2024 19:25:28||29672|38157682712|24805675976
27676|0|69724|07/01/2024 02:18:12||4908|912045240|943760224
26835|0|82161|06/01/2024 20:19:54||26406|38647257064|25610356424
27625|0|20365|07/01/2024 01:57:42||6138|1718316288|1792875200
26788|0|76536|06/01/2024 19:51:57||28083|2325356224|2764339664
26383|0|5022|06/01/2024 16:50:23||38977|69812832120|161095141912
26120|0|4076|06/01/2024 15:14:48||44712|161673868456|355417253632
27456|0|86912|07/01/2024 00:48:38||10282|1745194048|2209573136
26836|0|59193|06/01/2024 20:10:51||26949|14120918864|17157778032
27174|0|95892|06/01/2024 22:36:10||18230|7254354368|9499350552
27482|0|87236|07/01/2024 00:57:07||9773|1173834584|1611141016
26221|0|14216|06/01/2024 15:59:15||42045|29939503432|37936806192
27235|0|50648|06/01/2024 23:02:34||16646|48568527456|113662267624
27647|0|65854|07/01/2024 02:04:08||5752|3092411576|3833997664
26590|0|69690|06/01/2024 18:23:33||33387|4851573744|6132240288
27626|0|58138|07/01/2024 01:50:26||6574|574301808|589489584
26935|0|90465|06/01/2024 20:51:43||24497|30208439200|76139806976
27648|0|44230|07/01/2024 02:09:38||5422|839444216|1113658552
26278|0|95327|06/01/2024 16:10:39||41361|5015294312|3644380208
27702|0|68548|07/01/2024 02:28:46||4274|846581464|866611360
27732|0|63740|07/01/2024 02:32:47||4033|1347248608|1569043088
25723|0|68233|06/01/2024 12:36:32||54208|18107812704|19175896664
26518|0|7309|06/01/2024 17:59:56||34804|93537881304|183638706744
26150|0|78976|06/01/2024 15:29:41||43819|26953460008|27850778200
26671|0|55305|06/01/2024 19:08:25||30695|2646631984|2712189904
26121|0|51811|06/01/2024 15:11:32||44908|92574452416|187294858624
27106|0|65020|06/01/2024 22:09:47||19813|4297680840|5261716840
26019|0|90478|06/01/2024 14:30:52||47348|13307600536|16487394792
27303|0|62835|06/01/2024 23:33:23||14797|1494904216|2050605072
27733|0|80460|07/01/2024 02:35:48||3852|825744288|1152810576
25660|0|60476|06/01/2024 12:06:52||55988|14805771696|15251417632
27390|0|63560|07/01/2024 00:13:38||12382|1313938080|1661686112
27256|0|24713|06/01/2024 23:18:55||15665|10094680024|11437216296
27757|0|27227|07/01/2024 02:43:19||3401|343274456|455216632
26405|0|6879|06/01/2024 17:09:28||37832|3817023360|4410493624
27321|0|80258|06/01/2024 23:49:14||13846|727920752|815814976
27021|0|87313|06/01/2024 21:24:45||22515|2782463120|4160191392
25923|0|70323|06/01/2024 13:55:34||49466|6217890768|7919204784
27391|0|72588|07/01/2024 00:10:40||12560|14457853344|29945923688
27627|0|47934|07/01/2024 01:52:47||6433|5141845824|3706066352
27483|0|29227|07/01/2024 00:59:20||9640|12694664|14275136
25867|0|88959|06/01/2024 13:36:37||50603|7703562840|7951292872
26279|0|57621|06/01/2024 16:17:56||40924|630532792|654918336
27107|0|21811|06/01/2024 22:08:51||19869|1243481960|1381555344
26907|0|11099|06/01/2024 20:48:59||24661|956868336|1117590088
27852|0|6911|07/01/2024 03:21:52||1088|494362784|268451136
27304|0|45514|06/01/2024 23:34:36||14724|990466296|1188516560
27677|0|7366|07/01/2024 02:16:12||5028|14597389496|27970256952
26570|0|41385|06/01/2024 18:18:45||33675|6027268400|7030804976
26519|0|69945|06/01/2024 17:53:45||35175|36101278248|39442192312
26695|0|6427|06/01/2024 19:17:27||30153|1957794336|2122327816
27278|0|25541|06/01/2024 23:22:57||15423|20109904928|14033384648
27410|0|53873|07/01/2024 00:22:52||11828|772916168|775954952
27392|0|71946|07/01/2024 00:13:44||12376|1206845672|1626174720
26625|0|47809|06/01/2024 18:47:18||31962|2111512280|2226596152
26004|0|11854|06/01/2024 14:24:06|07/01/2024 03:38:03|47637|13758145112|16540649976
27429|0|48705|07/01/2024 00:39:11||10849|4345183800|4408000368
27575|0|93935|07/01/2024 01:33:40||7580|2925730000|4367898072
27305|0|70819|06/01/2024 23:34:02||14758|515652248|768855592
26936|0|64286|06/01/2024 20:58:30||24090|11670545072|12319633712
26571|0|75798|06/01/2024 18:14:08||33952|11312143448|14586635168
27069|0|56440|06/01/2024 21:49:49||21011|3691030408|3932382272
26385|0|87270|06/01/2024 16:53:11||38809|247411648|353408264
26650|0|19406|06/01/2024 18:53:52||31568|3998491504|4437511688
25845|0|57415|06/01/2024 13:29:05|07/01/2024 03:34:20|50715|14056235272|19528330352
27884|0|57415|07/01/2024 03:35:51||249|10503512|11814624
27525|0|86546|07/01/2024 01:13:53||8767|1189196584|1555425296
27322|0|82423|06/01/2024 23:47:49||13931|4138355912|6019127040
26222|0|87024|06/01/2024 15:53:47||42373|10495188336|13960037608
25724|0|3992|06/01/2024 12:30:03||54597|18415670752|22205705576
26540|0|57089|06/01/2024 18:05:05||34495|16369159440|18817223664
27430|0|50307|07/01/2024 00:36:12||11028|1205920192|1568495344
26908|0|36401|06/01/2024 20:47:53||24727|13416845408|13688899688
26672|0|13835|06/01/2024 19:08:38||30682|1461255200|1942099760
27598|0|24183|07/01/2024 01:44:27||6933|4928610424|7049830856
27526|0|41731|07/01/2024 01:19:05||8455|993035968|1103420280
26427|0|93921|06/01/2024 17:16:13||37427|25461101304|30763340240
27758|0|13972|07/01/2024 02:45:46||3254|12898504|13976656
27649|0|73294|07/01/2024 02:07:12||5568|1517623416|1648859488
26245|0|54615|06/01/2024 16:09:25||41435|16544023864|21615260720
27131|0|45025|06/01/2024 22:16:14||19426|5556108208|7529439552
27257|0|22056|06/01/2024 23:16:44||15796|5982957624|8395279592
26246|0|73120|06/01/2024 16:02:35||41845|12389405472|14284224080
27306|0|5401|06/01/2024 23:39:39||14421|21132659080|54354745840
26451|0|6561|06/01/2024 17:29:28||36632|20936958408|28433687944
26572|0|51065|06/01/2024 18:17:02||33778|20242152344|22568188584
27212|0|44253|06/01/2024 22:53:37||17183|2819150304|3845538128
26101|0|43310|06/01/2024 15:08:25||45095|8107432328|9368126112
27547|0|24372|07/01/2024 01:24:17||8143|1129502824|1624257320
26745|0|56185|06/01/2024 19:31:07||29333|112080767776|214281970048
25747|0|54872|06/01/2024 12:49:30||53430|229098703512|450244959376
27527|0|53832|07/01/2024 01:17:37||8543|4415394656|5281553280
25748|0|84742|06/01/2024 12:49:02||53458|14116410016|18638709256
27548|0|85209|07/01/2024 01:26:09||8031|2847817584|4249356112
27457|0|97025|07/01/2024 00:49:10||10250|3016378272|3909867688
26063|0|78717|06/01/2024 14:52:24||46056|5782427032|5929548488
27367|0|83204|07/01/2024 00:02:29||13051|2230420872|2626648832
27307|0|64290|06/01/2024 23:38:00||14520|2368503864|3322968312
26951|0|36075|06/01/2024 21:08:21||23499|432159640|471005144
27431|0|99286|07/01/2024 00:38:07||10913|4418947368|5907097016
26719|0|88834|06/01/2024 19:27:08||29572|4775277408|7107213808
25924|0|41389|06/01/2024 13:50:17||49783|160006478368|309891985024
26478|0|92674|06/01/2024 17:33:07||36413|7781994240|10908927552
27781|0|82437|07/01/2024 02:59:07||2453|372034816|510712376
27393|0|35393|07/01/2024 00:18:44||12076|1574846616|2028593096
26720|0|6812|06/01/2024 19:22:50||29830|5730966920|6587603416
25796|0|94644|06/01/2024 13:09:04||52256|10846512264|15906951408
26452|0|98465|06/01/2024 17:28:29||36691|27852436472|34561929280
26885|0|82855|06/01/2024 20:30:15||25785|15177704120|19175883128
25981|0|5372|06/01/2024 14:19:09||48051|11240671072|16435169648
26223|0|37387|06/01/2024 15:52:31||42449|2265801176|3385228952
25394|0|25393|06/01/2024 10:16:44||62596|32957337352|48898480864
27108|0|95133|06/01/2024 22:06:22||20018|709975080|885313608
26123|0|46481|06/01/2024 15:13:39||44781|35868870056|38795609320
25847|0|18337|06/01/2024 13:23:44||51376|25466488896|25562773104
27678|0|86587|07/01/2024 02:14:53||5107|165100376|227205040
27734|0|49972|07/01/2024 02:34:48||3912|774392312|1060410688
27411|0|13402|07/01/2024 00:26:43||11597|606675688|774635520
26200|0|98102|06/01/2024 15:46:51||42789|8396120568|9996259696
27458|0|64318|07/01/2024 00:44:14||10546|22134608736|53829924904
25586|0|38044|06/01/2024 11:35:51||57849|176481184296|410255781144
27109|0|9408|06/01/2024 22:09:17||19843|3014221944|3243814448
27735|0|98219|07/01/2024 02:35:39||3861|594268456|811591200
25769|0|23312|06/01/2024 12:56:21||53019|90700167648|187497612672
25957|0|87341|06/01/2024 14:09:08||48652|5307298168|6160593496
25561|0|86936|06/01/2024 11:26:30||58410|127042736488|280291085896
27528|0|20031|07/01/2024 01:11:48||8892|1443975208|1553004080
27650|0|14503|07/01/2024 02:05:25||5675|6152433672|6648505992
27599|0|43037|07/01/2024 01:48:55||6665|2881603992|3488388832
27368|0|16393|07/01/2024 00:03:45||12975|134254912|170917904
26064|0|44799|06/01/2024 14:55:45||45855|11167068912|15125341328
27236|0|14136|06/01/2024 23:07:06||16374|7528033168|8790616584
26006|0|73988|06/01/2024 14:25:47||47653|145053800736|282612714120
26837|0|82514|06/01/2024 20:17:31||26549|3807256664|5665392560
26696|0|82779|06/01/2024 19:13:22||30398|992938856|1209727328
26175|0|65673|06/01/2024 15:31:33||43707|43691124832|44846909384
27529|0|98097|07/01/2024 01:16:25||8615|4032723296|5433115392
26225|0|24060|06/01/2024 15:53:10||42410|996942320|1246874208
27369|0|11651|07/01/2024 00:02:14||13066|394435608|470452160
26808|0|94247|06/01/2024 20:01:11||27529|4112312936|4681554792
26651|0|87489|06/01/2024 18:56:29||31411|4441617736|6584357104
27853|0|74631|07/01/2024 03:28:16||704|2409421560|4647507880
26628|0|90503|06/01/2024 18:49:17||31843|10913371992|13682725264
27148|0|94561|06/01/2024 22:23:35||18985|11568437184|11773239272
27022|0|17532|06/01/2024 21:29:23||22237|2204725816|2997293424
26453|0|98547|06/01/2024 17:22:12||37068|1835864848|2398709248
27502|0|77479|07/01/2024 01:09:34||9026|1532772816|2066276664
27191|0|66715|06/01/2024 22:43:41|07/01/2024 03:39:08|17727|18626839080|11272050200
27885|0|66715|07/01/2024 03:39:28||32|31651648|23698832
27759|0|93283|07/01/2024 02:47:13||3167|93694224|119617488
25726|0|57796|06/01/2024 12:37:10||54170|8007211184|10197077472
26177|0|3862|06/01/2024 15:38:23||43297|3306792824|3838758896
27258|0|91395|06/01/2024 23:16:55||15785|1106353264|1390314008
27782|0|83858|07/01/2024 02:57:33||2547|57455264|77662648
27346|0|86841|06/01/2024 23:57:35||13345|86346352|89391480
27347|0|76372|06/01/2024 23:50:54||13746|1427615760|1847153944
26768|0|92396|06/01/2024 19:46:22|07/01/2024 03:31:40|27918|1339140232|1846200552
27886|0|92396|07/01/2024 03:31:58||482|37035552|45092200
26360|0|41079|06/01/2024 16:42:30||39450|8244828096|9452891120
27175|0|65096|06/01/2024 22:31:09||18531|7042723056|8437208728
25529|0|57543|06/01/2024 11:14:01||59159|38832625432|44576661536
27149|0|54758|06/01/2024 22:21:10||19130|2085990640|2364873880
27783|0|37695|07/01/2024 02:54:55||2705|37250376|37676768
27703|0|88082|07/01/2024 02:20:44||4756|393970280|550381640
25563|0|53942|06/01/2024 11:21:04||58736|24409838784|32692980576
26747|0|23710|06/01/2024 19:37:43||28937|11029116000|11668770552
26909|0|32448|06/01/2024 20:42:51||25029|23130008360|23215436520
26697|0|89187|06/01/2024 19:16:10||30230|1427578008|1954815328
27237|0|73332|06/01/2024 23:04:13||16547|3713216976|4739364520
26124|0|62677|06/01/2024 15:19:39||44421|6443484848|6476448896
26838|0|63108|06/01/2024 20:11:43||26897|5531919480|8216431824
26809|0|13049|06/01/2024 20:08:22||27098|16740223920|19877116240
27679|0|14844|07/01/2024 02:17:50||4930|755860760|834820024
26652|0|57589|06/01/2024 18:57:56||31324|1200076680|1445885992
27760|0|29962|07/01/2024 02:46:49||3191|3158724392|2267337464
27576|0|51746|07/01/2024 01:32:23||7657|1201201296|1705795232
27459|0|15805|07/01/2024 00:44:18||10542|1502293728|1885662320
27854|0|78214|07/01/2024 03:28:53||667|751674136|1641284968
27736|0|97040|07/01/2024 02:36:22||3818|162740944|197913720
27503|0|87395|07/01/2024 01:06:54|07/01/2024 03:39:34|9160|941357184|1353092616
26910|0|34384|06/01/2024 20:48:18||24702|1477846696|1706895584
26228|0|6143|06/01/2024 15:54:24||42336|11602390376|17303980264
27600|0|88911|07/01/2024 01:48:56||6664|22708656984|52392598376
26313|0|91423|06/01/2024 16:27:14||40366|9713088016|13362000384
27504|0|93087|07/01/2024 01:08:37||9083|1940441720|2070641664
27460|0|50286|07/01/2024 00:48:17||10303|2326474096|2453661472
27680|0|79156|07/01/2024 02:15:49||5051|458177656|467564144
27737|0|77493|07/01/2024 02:36:19||3821|564724808|728957880
26361|0|58102|06/01/2024 16:44:24||39336|861200752|1236770976
26282|0|99181|06/01/2024 16:10:29||41371|3356781504|4057006176
27804|0|33153|07/01/2024 03:07:03||1977|214265736|263080544
26653|0|81041|06/01/2024 18:55:07||31493|1906096152|2520660848
26481|0|7558|06/01/2024 17:33:28||36392|10044005088|11331568248
27628|0|93848|07/01/2024 01:58:42||6078|299739256|330948432
27825|0|55126|07/01/2024 03:17:39||1341|5624446928|13767296688
25928|0|98240|06/01/2024 13:55:26||49474|51778980752|138578865664
26887|0|38598|06/01/2024 20:30:30||25770|3612254296|3870093704
27394|0|51344|07/01/2024 00:18:48||12072|422670592|617087328
26699|0|72617|06/01/2024 19:13:25||30395|4364587632|6333701888
26522|0|91669|06/01/2024 17:58:20||34900|7508233072|10018032928
26700|0|99020|06/01/2024 19:18:21||30099|90463320544|190651013360
26315|0|97371|06/01/2024 16:26:15||40425|288074320|391257784
27704|0|85520|07/01/2024 02:23:27||4593|3508519304|6742954104
27461|0|79305|07/01/2024 00:47:21||10359|1965284960|2252746448
26499|0|91634|06/01/2024 17:44:57||35703|3262117784|3840676464
27395|0|12052|07/01/2024 00:14:21||12339|1133919568|1392400984
27279|0|39240|06/01/2024 23:27:46||15134|4828000880|5507100736
26021|0|13720|06/01/2024 14:35:17||47083|15356680016|16169312616
27738|0|41453|07/01/2024 02:32:10||4070|324143840|332224840
26408|0|71985|06/01/2024 17:03:08||38212|8892270704|12880236400
26810|0|75345|06/01/2024 20:07:30||27150|31108286696|31517060144
26988|0|15742|06/01/2024 21:14:58||23102|5776200048|6291618192
27577|0|89377|07/01/2024 01:37:24||7356|2762275128|3962527448
25422|0|25899|06/01/2024 10:20:14||62386|3864896352|4041786704
27280|0|92029|06/01/2024 23:24:02||15358|3432756248|4623056840
26102|0|29236|06/01/2024 15:01:11||45529|14344439832|21178887192
26862|0|77649|06/01/2024 20:27:18||25962|16251552280|17560737520
26482|0|71455|06/01/2024 17:38:10||36110|13532661456|13581860440
26749|0|16196|06/01/2024 19:39:55||28805|8581009536|11308275704
26750|0|72586|06/01/2024 19:31:19||29321|99246021432|222844502136
26178|0|66485|06/01/2024 15:31:05|07/01/2024 03:33:35|43350|8436999520|12404022912
27887|0|66485|07/01/2024 03:34:59||301|52412808|54503424
27213|0|48112|06/01/2024 22:52:28||17252|3808513120|4247741968
27761|0|95564|07/01/2024 02:48:19||3101|489096544|606590744
25219|0|81304|06/01/2024 08:57:29||67351|30273108128|35138989488
26362|0|13627|06/01/2024 16:46:15||39225|2340036392|2872836576
27462|0|58968|07/01/2024 00:42:13||10667|4746594176|6199922680
27463|0|49985|07/01/2024 00:48:12||10308|9164177512|22569622488
26789|0|33239|06/01/2024 19:53:04||28016|2085637872|2915776640
27412|0|29163|07/01/2024 00:20:38||11962|983298472|989195272
26629|0|61581|06/01/2024 18:40:01||32399|1215304536|1465488784
27888|0|87943|07/01/2024 03:36:08||232|434580072|1113202248
26202|0|10817|06/01/2024 15:41:33||43107|27381538848|27509353952
27192|0|84015|06/01/2024 22:43:16||17804|1787445776|2636087096
25827|0|26203|06/01/2024 13:11:24||52116|5350137840|7142605504
27549|0|91413|07/01/2024 01:22:00||8280|1026134296|1508210648
26179|0|91252|06/01/2024 15:33:43||43577|10082635704|10775407952
26410|0|58992|06/01/2024 17:02:31||38249|1558852616|1913440464
26251|0|66806|06/01/2024 16:03:44||41776|14917168608|15273395640
27530|0|18801|07/01/2024 01:14:20||8740|8850022992|9657764120
26721|0|58654|06/01/2024 19:29:13||29447|101612402416|203705129144
26229|0|83444|06/01/2024 15:58:06||42114|4062004832|5753451352
26252|0|5526|06/01/2024 16:03:21||41799|19327197448|21385203760
27629|0|7096|07/01/2024 01:54:54||6306|4583552808|5737867616
27042|0|3879|06/01/2024 21:38:56||21664|7608681584|9440544160
26483|0|43049|06/01/2024 17:33:41||36379|48434870160|30760704496
27193|0|91320|06/01/2024 22:48:02||17518|6434989648|8108133608
27705|0|86364|07/01/2024 02:29:29||4231|1649993360|1900079416
26673|0|63244|06/01/2024 19:03:27||30993|4055683024|5702353400
27855|0|62485|07/01/2024 03:27:29||751|113671032|129988152
27601|0|64240|07/01/2024 01:44:30||6930|3836311656|5355710288
26456|0|11819|06/01/2024 17:25:04||36896|2277897512|3201809352
25849|0|51283|06/01/2024 13:28:44||51076|6442517192|9360927816
25260|0|48358|06/01/2024 09:10:19||66581|10306581232|14742493816
26500|0|52740|06/01/2024 17:40:26||35974|7089277752|7562454792
27550|0|10788|07/01/2024 01:28:54||7866|25243367744|63030653304
27805|0|56085|07/01/2024 03:01:35||2305|108289096|132908192
26284|0|8062|06/01/2024 16:11:22||41318|8932957600|8973393496
27371|0|60316|07/01/2024 00:02:22||13058|3055245680|4426594272
25532|0|55761|06/01/2024 11:15:35||59065|210063961192|391146517104
27323|0|77115|06/01/2024 23:43:17||14203|230720288|325760104
27348|0|56414|06/01/2024 23:53:32||13588|312250792|451010496
26022|0|69735|06/01/2024 14:35:50||47050|7343635456|9164549576
26610|0|50506|06/01/2024 18:32:24||32856|5022522024|6642114816
27043|0|94648|06/01/2024 21:35:55||21845|3225612624|3277967696
26769|0|7824|06/01/2024 19:47:08||28372|10589343384|13585766816
26575|0|85659|06/01/2024 18:14:54||33906|1327601544|1466144176
27432|0|60821|07/01/2024 00:36:35||11005|272827152|341207856
27630|0|76230|07/01/2024 01:50:13||6587|2325226144|3389041688
27762|0|37427|07/01/2024 02:43:20||3400|106321840|147143400
26125|0|9300|06/01/2024 15:18:19||44501|9566039344|14256272968
27551|0|69790|07/01/2024 01:27:04||7976|1526813192|1928119712
27856|0|67505|07/01/2024 03:27:21||759|533769232|1129090872
26043|0|41850|06/01/2024 14:46:24||46416|3316082048|4356075824
27433|0|40103|07/01/2024 00:34:04||11156|1905898784|2067358336
25905|0|18851|06/01/2024 13:48:45||49875|3932076648|5645179256
27739|0|55006|07/01/2024 02:37:20||3760|344866552|420361984
26911|0|52977|06/01/2024 20:46:11||24829|2917967408|3155492608
26751|0|49389|06/01/2024 19:30:05||29395|3067811224|3557675176
27150|0|90604|06/01/2024 22:29:17||18643|5259518072|5430119240
26611|0|10372|06/01/2024 18:34:56||32704|7019803144|7692737728
26612|0|57109|06/01/2024 18:30:35||32965|4978507016|5852113392
27260|0|85899|06/01/2024 23:15:17||15883|535597152|608882792
27506|0|61807|07/01/2024 01:04:12||9348|156574496|219671488
26285|0|73648|06/01/2024 16:15:10||41090|5985643056|8808256448
27889|0|95204|07/01/2024 03:31:32||508|2472984|2623280
27308|0|40578|06/01/2024 23:38:36||14484|2478787000|2525496168
27826|0|33020|07/01/2024 03:13:04||1616|415923928|552165600
26990|0|81219|06/01/2024 21:12:48||23232|639354024|651210760
26023|0|62807|06/01/2024 14:39:16||46844|4853107152|6245091352
27706|0|74728|07/01/2024 02:23:39||4581|446591104|609447408
27349|0|9006|06/01/2024 23:54:28||13532|2255162000|3368459856
27784|0|92661|07/01/2024 02:54:31||2729|168975608|222102520
26888|0|14526|06/01/2024 20:39:18||25242|11993751344|14401084536
26811|0|67503|06/01/2024 20:09:02||27058|3025197560|4324109344
27602|0|90068|07/01/2024 01:44:40||6920|2160851072|2949412840
25288|0|41286|06/01/2024 09:24:02||65758|19634589264|28449619856
27413|0|46783|07/01/2024 00:21:47||11893|1550428016|2320797464
26839|0|74143|06/01/2024 20:15:53||26647|5282515072|5370040840
27740|0|14784|07/01/2024 02:39:04||3656|94864064|116467392
26952|0|15140|06/01/2024 21:06:31||23609|8819334328|10141634144
25799|0|73320|06/01/2024 13:06:42||52398|15444688160|17279493400
27827|0|81360|07/01/2024 03:13:34||1586|3158960448|7561900576
26752|0|28987|06/01/2024 19:33:36||29184|40419602168|82724456560
25618|0|32456|06/01/2024 11:45:31||57269|10797531136|11018131752
26702|0|72622|06/01/2024 19:12:05||30475|2978384872|4241527808
27578|0|91944|07/01/2024 01:37:39||7341|1625527208|2067399160
26180|0|96249|06/01/2024 15:34:42|07/01/2024 03:38:58|43456|76522649616|145511606080
27372|0|89679|07/01/2024 00:04:48||12912|3669043232|4384844936
27890|0|91899|07/01/2024 03:33:14||406|11834816|16877408
27282|0|60110|06/01/2024 23:23:15||15405|4327422624|6042023392
26991|0|19178|06/01/2024 21:11:05||23335|135164920|140024040
27485|0|10537|07/01/2024 00:54:54||9906|927406912|1077523024
27707|0|40603|07/01/2024 02:22:10||4670|881542440|989605664
27891|0|26748|07/01/2024 03:35:51||249|67301680|94589856
26953|0|61221|06/01/2024 21:08:50||23470|3191482224|3657635752
27133|0|20659|06/01/2024 22:18:37||19283|1232857448|1801032400
25870|0|89958|06/01/2024 13:39:48||50412|4069839608|4177158960
27857|0|74715|07/01/2024 03:27:22||758|12139376|13016216
27214|0|13277|06/01/2024 22:54:57||17103|1059516824|1455551360
27373|0|53452|07/01/2024 00:07:08||12772|2034405120|2659810816
27044|0|35773|06/01/2024 21:32:12||22068|2514354104|3078518896
27238|0|86994|06/01/2024 23:07:20||16360|4449434136|6284629344
27414|0|44184|07/01/2024 00:25:45||11655|283916128|398501912
27681|0|50071|07/01/2024 02:18:08||4912|1479720040|2058286560
26722|0|77085|06/01/2024 19:22:01||29879|35080660896|83023522176
27682|0|99342|07/01/2024 02:17:01||4979|2326898160|2917886680
27507|0|95449|07/01/2024 01:04:35||9325|3787586448|5426390512
26387|0|33874|06/01/2024 16:55:02||38698|8781136312|10462442856
27828|0|83628|07/01/2024 03:15:57||1443|314108200|441573304
27309|0|51188|06/01/2024 23:33:48||14772|887866888|945119520
26157|0|93708|06/01/2024 15:25:54||44046|7614492808|9993778176
27552|0|70282|07/01/2024 01:22:26||8254|2714322472|3166220240
25773|0|72619|06/01/2024 12:58:46||52874|119086026384|272326386000
27239|0|45898|06/01/2024 23:08:28||16292|22999011432|13266568272
25751|0|49538|06/01/2024 12:48:13||53507|14814214504|19504420944
27858|0|75420|07/01/2024 03:24:03||957|381027472|261340048
26316|0|53235|06/01/2024 16:29:00||40260|25138641136|67149773232
27683|0|25757|07/01/2024 02:13:48||5172|6230439264|16867170920
27806|0|93704|07/01/2024 03:05:58||2042|123080760|154049608
27465|0|62081|07/01/2024 00:43:14||10606|15202009936|10723960288
26770|0|98961|06/01/2024 19:45:29||28471|10981094800|14470024168
27829|0|12671|07/01/2024 03:10:09||1791|168198064|218370592
27651|0|43443|07/01/2024 02:03:49||5771|155987728|197215640
27652|0|14586|07/01/2024 02:04:51||5709|69362416|89007880
27763|0|64866|07/01/2024 02:48:00||3120|57746448|62521576
27830|0|98312|07/01/2024 03:17:54||1326|204033456|213090344
27396|0|64198|07/01/2024 00:10:47||12553|3944759344|5642413776
26104|0|38338|06/01/2024 15:07:42||45138|8218788872|10532657416
27194|0|26752|06/01/2024 22:49:02||17458|7353115016|7828589504
26129|0|49374|06/01/2024 15:11:09||44931|25369582888|25915406440
26954|0|96692|06/01/2024 21:09:35||23425|6186091008|7989172200
27434|0|20797|07/01/2024 00:39:44||10816|1836693304|2280025264
26286|0|45454|06/01/2024 16:12:25||41255|114820401464|231958475864
26430|0|35027|06/01/2024 17:18:17||37303|2744703360|3842563080
26130|0|92786|06/01/2024 15:11:38||44902|11966225704|15646867504
26754|0|15993|06/01/2024 19:31:03||29337|7625639624|9786276904
27240|0|92903|06/01/2024 23:01:12||16728|42863120784|114854894640
27374|0|25911|07/01/2024 00:05:37||12863|6110050936|7344303960
27112|0|7858|06/01/2024 22:05:43||20057|64341109392|149527920152
27261|0|66956|06/01/2024 23:15:29||15871|3761699712|5345719688
26812|0|80078|06/01/2024 20:00:09||27591|2741282928|2909640864
27708|0|46180|07/01/2024 02:29:29||4231|748173912|926135632
27579|0|98373|07/01/2024 01:38:09||7311|1513171912|1676056592
27785|0|5980|07/01/2024 02:51:46||2894|746129112|780706232
27262|0|64906|06/01/2024 23:17:34||15746|30248812264|87436091504
26723|0|56618|06/01/2024 19:20:12||29988|4228274704|6307457360
27284|0|59622|06/01/2024 23:21:32||15508|11940193664|12035769928
26791|0|36498|06/01/2024 19:55:54||27846|4457191376|5293869944
27375|0|65716|07/01/2024 00:03:48||12972|1847755384|2448798208
27807|0|64889|07/01/2024 03:07:03||1977|121549904|178992248
26676|0|20427|06/01/2024 19:05:27||30873|2561022336|3409702128
27134|0|39330|06/01/2024 22:10:56||19744|1773189784|2423864096
26771|0|78553|06/01/2024 19:45:59||28441|14816268832|16173112848
27533|0|85187|07/01/2024 01:16:25||8615|850094344|1775937248
26992|0|71628|06/01/2024 21:15:13||23087|6476813408|9295541528
27684|0|33929|07/01/2024 02:18:46||4874|356846496|440486496
25534|0|80530|06/01/2024 11:16:11||59029|3863782464|3997847760
27466|0|24083|07/01/2024 00:46:24||10416|1108634344|1327411264
26792|0|75433|06/01/2024 19:56:52||27788|15953607568|18716959760
26544|0|47638|06/01/2024 18:03:59||34561|13552794688|18291623176
27553|0|92076|07/01/2024 01:25:50||8050|4511334280|5677651864
27263|0|23508|06/01/2024 23:13:18||16002|63335557704|122366087016
27177|0|39760|06/01/2024 22:38:50||18070|1332287000|1909778256
26288|0|27053|06/01/2024 16:17:09||40971|5668976304|6177734568
27113|0|9829|06/01/2024 22:02:16||20264|2734241568|3076022648
26159|0|82153|06/01/2024 15:28:35||43885|22213413232|24244120208
27324|0|87016|06/01/2024 23:41:54||14286|7131725960|7688401832
26913|0|37108|06/01/2024 20:43:24||24996|1588817584|1610742776
27831|0|80005|07/01/2024 03:15:16||1484|70552056|99867560
27892|0|24466|07/01/2024 03:35:17||283|24232040|25410144
26591|0|66591|06/01/2024 18:20:15||33585|13425974800|13838607328
26345|0|41634|06/01/2024 16:38:11||39709|1309625312|1372755976
27435|0|33949|07/01/2024 00:38:18||10902|1339748272|1799549128
27195|0|25872|06/01/2024 22:45:00||17700|4993101064|7104182664
26655|0|74794|06/01/2024 18:56:40||31400|56057140040|140628050848
26755|0|14344|06/01/2024 19:34:56||29104|5978551456|7802967136
27580|0|95843|07/01/2024 01:30:36||7764|128625456|173220288
27151|0|47501|06/01/2024 22:27:07||18773|3936837800|4385695832
27398|0|26733|07/01/2024 00:13:51||12369|133510224|157074240
27135|0|53099|06/01/2024 22:13:09||19611|1416754480|1780026472
26813|0|60524|06/01/2024 20:09:59||27001|14079707560|14592568984
26365|0|55895|06/01/2024 16:41:49||39491|8217309256|12231197664
27581|0|71522|07/01/2024 01:38:53||7267|1468154376|1608096920
26135|0|83793|06/01/2024 15:16:01||44639|26057503720|30133452056
26413|0|86872|06/01/2024 17:09:03||37857|1947077152|2143075192
26068|0|46123|06/01/2024 14:59:58||45602|468747568|628129144
27152|0|78328|06/01/2024 22:28:34||18686|58241594856|119984950888
25667|0|68537|06/01/2024 12:00:11||56389|24132446424|27820754160
26939|0|10110|06/01/2024 20:51:35||24505|7689427328|11014602320
25728|0|52004|06/01/2024 12:33:05||54415|39076413160|101939487576
25290|0|74991|06/01/2024 09:24:42||65718|35100198144|37370740776
25850|0|25915|06/01/2024 13:29:41||51019|525322408|780884136
27653|0|30630|07/01/2024 02:01:26||5914|2908763776|3036089744
25961|0|13046|06/01/2024 14:00:47||49153|18889441328|26709331984
27859|0|73835|07/01/2024 03:28:43||677|26052736|27430136
25872|0|74651|06/01/2024 13:30:07||50993|1292189376|1783472352
26593|0|78433|06/01/2024 18:22:43||33437|7984408768|10107446912
26725|0|75025|06/01/2024 19:21:33||29907|2261870960|3258272432
26864|0|95706|06/01/2024 20:29:51||25809|519668984|533160136
27631|0|29712|07/01/2024 01:52:33||6447|1903965176|2162953968
27114|0|87945|06/01/2024 22:08:07||19913|2293009232|3418080152
25120|0|32244|06/01/2024 08:18:38||69682|19020144728|23132707400
26914|0|51161|06/01/2024 20:41:39||25101|6974035176|7741705760
26160|0|48767|06/01/2024 15:27:47||43933|3472079144|4323359656
26501|0|72896|06/01/2024 17:43:29||35791|21082171920|25110530848
25932|0|38388|06/01/2024 13:52:20|07/01/2024 03:30:32|49092|10586581304|15007707440
27893|0|38388|07/01/2024 03:31:14||526|133953240|164788576
27764|0|61330|07/01/2024 02:40:41||3559|7367672|7990288
27467|0|90367|07/01/2024 00:45:57||10443|691132000|798527560
26995|0|26390|06/01/2024 21:18:05||22915|4926853928|5693249672
26841|0|26628|06/01/2024 20:18:12||26508|5318579256|6374929080
27654|0|65677|07/01/2024 02:03:34||5786|278338584|319031080
26632|0|28393|06/01/2024 18:45:32||32068|93837776880|233981245048
27045|0|16695|06/01/2024 21:38:09||21711|7440376560|8682708440
27832|0|40671|07/01/2024 03:18:32||1288|36884064|53132016
26996|0|35713|06/01/2024 21:16:13||23027|5082427568|6572500016
27508|0|90732|07/01/2024 01:00:38||9562|859274232|1083719600
25934|0|31251|06/01/2024 13:54:14||49546|3336447240|3463978000
27310|0|15557|06/01/2024 23:38:27||14493|993046912|1372643288
27487|0|93680|07/01/2024 00:52:45||10035|2171540776|2940975512
26814|0|34412|06/01/2024 20:07:50||27130|1856637232|1933597064
26940|0|10342|06/01/2024 20:56:59||24181|73493193496|153811266040
26431|0|97925|06/01/2024 17:14:33||37527|6404016520|8900708504
25830|0|29649|06/01/2024 13:13:19||52001|102723050184|197425207600
27325|0|58536|06/01/2024 23:48:58||13862|2777463392|3103295328
27025|0|39308|06/01/2024 21:20:59||22741|652797880|957378992
27046|0|78689|06/01/2024 21:37:38||21742|1545995216|1905264456
27196|0|74346|06/01/2024 22:42:12||17868|1622639808|1740313280
27136|0|65491|06/01/2024 22:13:29||19591|37588498384|109227974248
27153|0|98489|06/01/2024 22:21:02||19138|10002191936|12149977072
27765|0|64434|07/01/2024 02:49:52||3008|362615704|447312680
27216|0|3892|06/01/2024 22:56:52||16988|16369988064|45251499904
26253|0|19079|06/01/2024 16:07:06||41574|65000885256|37255936200
26415|0|71562|06/01/2024 17:09:20||37840|120023477264|255033135056
27860|0|12088|07/01/2024 03:22:17||1063|158765872|161467312
25935|0|40681|06/01/2024 13:52:40||49640|29619792576|20576058000
27554|0|78684|07/01/2024 01:29:16||7844|1232906872|1713101088
27197|0|84330|06/01/2024 22:45:42||17658|6456388168|6595773448
27786|0|41706|07/01/2024 02:52:16||2864|22595816|27217184
27326|0|56872|06/01/2024 23:43:05||14215|20445762464|38028803792
26756|0|55644|06/01/2024 19:37:56||28924|4385496552|4899127376
27787|0|40283|07/01/2024 02:50:17||2983|134506336|165598960
27311|0|50061|06/01/2024 23:35:05||14695|2685033264|3790605616
27264|0|75667|06/01/2024 23:15:02||15898|18157521656|46690842472
27741|0|88332|07/01/2024 02:30:25||4175|304767008|370441352
26320|0|73186|06/01/2024 16:20:36||40764|5554669112|6223970760
27709|0|41227|07/01/2024 02:22:08||4672|448987720|561564056
26843|0|11781|06/01/2024 20:11:07||26933|9985623088|11666404312
25831|0|42205|06/01/2024 13:10:12||52188|5987079536|7971996472
25483|0|96286|06/01/2024 10:55:31||60269|25075121608|36165900064
27555|0|94788|07/01/2024 01:21:25||8315|4253771856|4365452720
26793|0|78335|06/01/2024 19:52:44||28036|2865683200|3920208712
27198|0|60882|06/01/2024 22:41:11||17929|24710467856|66232671872
27265|0|96892|06/01/2024 23:18:43||15677|4451236184|6397253992
25936|0|42912|06/01/2024 13:58:41||49279|3832328040|5627558488
26071|0|93168|06/01/2024 14:50:58||46142|22957560824|25640665560
27266|0|46995|06/01/2024 23:14:34||15926|1394313640|1770941496
26366|0|90959|06/01/2024 16:44:08||39352|10728379256|13894492600
27861|0|31000|07/01/2024 03:22:53||1027|1525696368|4394186392
27655|0|23395|07/01/2024 02:05:35||5665|506601848|554945400
26025|0|34953|06/01/2024 14:34:14||47146|17229440032|19542506408
25774|0|26346|06/01/2024 12:56:13||53027|6236797712|6323683912
26321|0|75914|06/01/2024 16:22:50||40630|1511897672|1651769112
27436|0|86823|07/01/2024 00:39:49||10811|205463504|302691504
27468|0|79268|07/01/2024 00:48:01||10319|4527094176|4852782640
26727|0|85291|06/01/2024 19:24:21||29739|467187088|577964496
26595|0|70084|06/01/2024 18:29:47||33013|13482086584|13652056888
27416|0|14266|07/01/2024 00:28:28||11492|894270472|976443192
25648|0|17728|06/01/2024 11:56:49||56591|3283229840|3900476688
26915|0|47970|06/01/2024 20:44:40||24920|3161669368|3833403848
26072|0|74386|06/01/2024 14:51:33||46107|5266733472|6231759976
26844|0|32920|06/01/2024 20:15:08||26692|5714476616|6107536288
27137|0|4535|06/01/2024 22:11:00||19740|38094501192|75968245120
27632|0|77756|07/01/2024 01:56:05||6235|1393086688|1752711768
26545|0|89551|06/01/2024 18:07:09||34371|17417586632|21111821568
27138|0|13907|06/01/2024 22:19:17||19243|204272304|228335208
26916|0|61110|06/01/2024 20:42:58||25022|9696706448|9841012608
27070|0|94873|06/01/2024 21:44:30||21330|1293894016|1468225952
26614|0|9390|06/01/2024 18:38:53||32467|7309405472|7821067904
27833|0|43972|07/01/2024 03:15:32||1468|552873368|650842928
26026|0|82516|06/01/2024 14:33:35||47185|13284447896|16428781488
25330|0|99134|06/01/2024 09:43:17||64603|11455205168|16596057536
25450|0|22741|06/01/2024 10:32:32||61648|12690413880|17279570128
27217|0|46086|06/01/2024 22:52:13||17267|742918512|908914216
27808|0|27932|07/01/2024 03:04:46||2114|253972240|266619008
25909|0|48483|06/01/2024 13:46:00||50040|897084320|903175128
26046|0|69341|06/01/2024 14:47:25||46355|5945608976|7388640656
27376|0|43934|07/01/2024 00:02:46||13034|8929162144|10089592392
27862|0|32336|07/01/2024 03:27:11||769|178960368|241391800
26615|0|35699|06/01/2024 18:38:41||32479|1678277584|2046066040
27350|0|42383|06/01/2024 23:51:49||13691|6953758992|8744389200
27090|0|4685|06/01/2024 21:56:54||20586|1017409496|1213439160
26460|0|42168|06/01/2024 17:26:33||36807|8515480136|12245588504
26580|0|61132|06/01/2024 18:15:58||33842|5117036976|7631214928
26546|0|59806|06/01/2024 18:06:28||34412|9512799352|9879329024
26997|0|64838|06/01/2024 21:17:50||22930|39609835688|84249536728
26346|0|23892|06/01/2024 16:36:17||39823|8212741872|8812254800
26291|0|21722|06/01/2024 16:16:07||41033|2993070120|3980663480
26757|0|14009|06/01/2024 19:39:57||28803|3298829272|4668771856
27154|0|61125|06/01/2024 22:26:59||18781|2580240840|2909661336
27047|0|87581|06/01/2024 21:33:20||22000|352434536|513976360
27556|0|12956|07/01/2024 01:27:16||7964|2296090792|2787856200
27710|0|43609|07/01/2024 02:26:05||4435|106114464|146779368
27026|0|81020|06/01/2024 21:28:35||22285|5088799248|6026616832
27766|0|30280|07/01/2024 02:44:19||3341|194276536|238829464
26616|0|92824|06/01/2024 18:38:08||32512|39010168552|99151017920
27767|0|54461|07/01/2024 02:48:01||3119|394175400|496700544
26136|0|92593|06/01/2024 15:18:41||44479|11972608800|16822810904
27469|0|98672|07/01/2024 00:42:49||10631|5594605016|5615375160
25937|0|60185|06/01/2024 13:57:11||49369|18415983768|22336840112
27685|0|98573|07/01/2024 02:17:16||4964|190940904|257675992
27809|0|20093|07/01/2024 03:07:04||1976|164644608|230257064
27178|0|64894|06/01/2024 22:35:59||18241|6308082064|6762582984
27287|0|71535|06/01/2024 23:26:36||15204|8114181280|8992908256
26184|0|50341|06/01/2024 15:30:44||43756|8238040120|9294479232
27437|0|53738|07/01/2024 00:30:57||11343|471717152|603183824
27199|0|24447|06/01/2024 22:42:54||17826|57771681200|126582930424
25469|0|99612|06/01/2024 10:44:13||60947|12697107808|13097540472
26998|0|89988|06/01/2024 21:17:08||22972|4032508096|4510012944
27241|0|5708|06/01/2024 23:04:28||16532|3016170992|3833364888
27603|0|18160|07/01/2024 01:48:46||6674|26098558360|61082267096
26845|0|17446|06/01/2024 20:11:56||26884|5246491656|5641181336
27604|0|11860|07/01/2024 01:47:56||6724|1209119632|1357299032
25851|0|35826|06/01/2024 13:25:41||51259|10130825800|13779356456
27489|0|45386|07/01/2024 00:52:31||10049|2107493896|2170146624
27155|0|19015|06/01/2024 22:20:27||19173|2615986464|2644856304
27686|0|27679|07/01/2024 02:10:33||5367|2370407280|2385200512
27656|0|93403|07/01/2024 02:05:31|07/01/2024 03:39:37|5646|449521800|484238744
25873|0|57591|06/01/2024 13:34:53||50707|33116973520|36957944920
25624|0|45373|06/01/2024 11:40:15||57585|4057384216|4142093696
26255|0|80466|06/01/2024 16:09:54|07/01/2024 03:35:12|41118|3154235840|3307238912
26432|0|57945|06/01/2024 17:14:10||37550|16744019760|17342584936
27417|0|52043|07/01/2024 00:25:27||11673|585511560|657486688
27049|0|95103|06/01/2024 21:31:08||22132|25109623304|75187577424
27863|0|64459|07/01/2024 03:27:44||736|18198208|21824544
25090|0|68984|06/01/2024 08:04:21||70539|195102986344|565622923976
26073|0|34272|06/01/2024 14:56:17||45823|14666409360|19281141240
27534|0|4470|07/01/2024 01:17:48||8532|2279782272|2348365704
27438|0|10085|07/01/2024 00:38:30||10890|767319944|1032245760
27834|0|86250|07/01/2024 03:15:25||1475|293061688|322496680
26866|0|57795|06/01/2024 20:27:09||25971|909337208|1194693248
27810|0|43550|07/01/2024 03:07:38||1942|378347808|445063704
26206|0|7412|06/01/2024 15:45:18||42882|4535631592|5743989080
27835|0|82841|07/01/2024 03:14:11||1549|524682216|663519352
27811|0|39394|07/01/2024 03:07:01||1979|122247704|126809568
26323|0|22156|06/01/2024 16:20:45||40755|78017385272|188562299936
27836|0|36682|07/01/2024 03:12:06||1674|79481712|95253544
26847|0|4803|06/01/2024 20:19:48||26412|63495530608|130666690824
26293|0|98113|06/01/2024 16:19:51||40809|10409116584|10824197976
27351|0|8206|06/01/2024 23:59:35||13225|7842275032|9414394720
27894|0|98608|07/01/2024 03:37:15||165|15953720|15982440
26678|0|57836|06/01/2024 19:04:27||30933|48864705448|131225955696
27633|0|87579|07/01/2024 01:55:08||6292|280597048|317328296
27788|0|54472|07/01/2024 02:55:29||2671|212002560|315668304
26917|0|56631|06/01/2024 20:49:00||24660|10832438608|11892309664
26635|0|89760|06/01/2024 18:49:12||31848|5668343384|7662832656
27418|0|36839|07/01/2024 00:20:04||11996|760088816|1124920680
27606|0|75669|07/01/2024 01:45:56||6844|10199784304|21528719600
26918|0|4484|06/01/2024 20:49:30||24630|2983753904|3210330720
27179|0|16540|06/01/2024 22:32:58||18422|6401422640|7532008888
27864|0|24602|07/01/2024 03:29:43||617|45455864|47580392
27895|0|57735|07/01/2024 03:34:48||312|9666192|12167096
27313|0|34214|06/01/2024 23:32:47||14833|3510390504|4103563992
27490|0|93820|07/01/2024 00:58:15||9705|3663369232|4004329696
25592|0|45796|06/01/2024 11:33:56||57964|14089506656|15916162208
27557|0|95116|07/01/2024 01:22:37||8243|2686974016|3926190616
26028|0|91127|06/01/2024 14:35:12||47088|9905148640|11807453480
26919|0|28106|06/01/2024 20:45:36||24864|57905526592|126509100936
27327|0|61191|06/01/2024 23:43:39||14181|7008425128|8338433280
26504|0|53326|06/01/2024 17:48:04||35516|3577112520|4525380168
26138|0|45059|06/01/2024 15:13:54||44766|1862508576|1949991528
25649|0|52563|06/01/2024 11:51:31||56909|7863942024|11362650088
27742|0|7998|07/01/2024 02:31:18||4122|1050484864|1168596312
25940|0|66081|06/01/2024 13:52:30||49650|173006541048|361541114512
25333|0|36012|06/01/2024 09:45:34||64466|13944707352|20284132792
27491|0|30404|07/01/2024 00:58:47||9673|1125217040|1608045960
26849|0|91976|06/01/2024 20:16:15||26625|6822250912|9091256456
27180|0|27698|06/01/2024 22:35:32||18268|2225096280|2285756544
25941|0|33206|06/01/2024 13:59:23||49237|18113760160|23531943696
27509|0|70213|07/01/2024 01:01:33||9507|1165089648|1559671544
27812|0|30781|07/01/2024 03:05:58||2042|32665448|44697936
27157|0|36760|06/01/2024 22:26:59||18781|5826495392|6589633512
26295|0|29228|06/01/2024 16:11:23||41317|8551676904|8695234728
26433|0|60581|06/01/2024 17:14:15||37545|8496203648|8658710024
27218|0|21356|06/01/2024 22:50:01||17399|978329064|1418652496
26920|0|8169|06/01/2024 20:49:21||24639|17741014240|23593340344
26941|0|78279|06/01/2024 20:57:34||24146|5060959376|7569904832
26107|0|72481|06/01/2024 15:01:47||45493|10299370472|11641337568
27399|0|68948|07/01/2024 00:16:28||12212|938320376|1364544848
26232|0|84564|06/01/2024 15:58:32|07/01/2024 03:36:00|41848|7145923864|8629955368
27200|0|91279|06/01/2024 22:47:59||17521|3540558152|5103313720
27419|0|39360|07/01/2024 00:27:48||11532|866845024|949371160
27219|0|41267|06/01/2024 22:56:34||17006|525189240|667691856
27768|0|27595|07/01/2024 02:42:52||3428|216282776|222155712
27535|0|53468|07/01/2024 01:14:06||8754|26361551000|60833350272
26485|0|43993|06/01/2024 17:30:08||36592|18939362416|19310731736
26391|0|94316|06/01/2024 16:51:52|07/01/2024 03:36:59|38707|10233069528|15241435720
27896|0|94316|07/01/2024 03:38:41||79|30336904|33529744
27510|0|72700|07/01/2024 01:04:38||9322|2681787944|3096639512
27558|0|27748|07/01/2024 01:22:46||8234|4408570864|4424190144
26370|0|97311|06/01/2024 16:44:50||39310|52656860872|131902614200
25877|0|42553|06/01/2024 13:33:06||50814|23099712304|26509694728
27000|0|88746|06/01/2024 21:19:13||22847|1259974080|1261387856
27769|0|85267|07/01/2024 02:40:57||3543|261456368|353246440
27289|0|32978|06/01/2024 23:20:49||15551|2277567696|2425139720
27400|0|16744|07/01/2024 00:13:13||12407|615684120|629241920
27352|0|52807|06/01/2024 23:57:29||13351|4818594896|6112890784
26108|0|73600|06/01/2024 15:00:54||45546|13878321288|17031059616
27711|0|24156|07/01/2024 02:29:49||4211|1409651832|1671090728
27029|0|23425|06/01/2024 21:27:14||22366|47086737408|91507731280
27290|0|33275|06/01/2024 23:23:58||15362|1295050728|1757632288
26076|0|99107|06/01/2024 14:57:55||45725|1794289616|1895945192
27897|0|34884|07/01/2024 03:32:07||473|106517832|140164776
26162|0|75722|06/01/2024 15:22:40||44240|2487097360|3713102528
27607|0|77345|07/01/2024 01:42:12||7068|4840995272|5650319912
26868|0|35459|06/01/2024 20:29:30||25830|1242427704|1543307496
26139|0|52141|06/01/2024 15:19:18|07/01/2024 03:34:21|44103|5712640600|6191258880
27898|0|52141|07/01/2024 03:34:49||311|40818120|46770888
27268|0|22701|06/01/2024 23:16:38||15802|5400495336|5423069232
27657|0|75547|07/01/2024 02:05:20||5680|89808176|93359832
27837|0|53471|07/01/2024 03:13:29||1591|4584890328|10608326120
25962|0|51319|06/01/2024 14:01:27||49113|24435433384|25114623448
27559|0|72926|07/01/2024 01:24:04||8156|458157624|596967664
27536|0|98428|07/01/2024 01:14:34||8726|2825932912|3055714296
27420|0|52904|07/01/2024 00:27:03||11577|1033710352|1358229960
26619|0|93717|06/01/2024 18:31:21||32919|6462733816|8123357832
27492|0|36448|07/01/2024 00:54:21||9939|3348668880|4911480392
25987|0|5416|06/01/2024 14:16:55||48185|11726850152|12520870600
26820|0|75895|06/01/2024 20:00:46||27554|64036935616|157423589592
26233|0|33346|06/01/2024 15:57:36||42144|4346394680|4707942664
25963|0|84585|06/01/2024 14:09:40||48620|119535080544|302201953424
27159|0|76496|06/01/2024 22:26:15||18825|6206299800|7377231504
27421|0|8613|07/01/2024 00:26:21||11619|1022799088|1052584080
27687|0|56019|07/01/2024 02:19:18||4842|317221216|327623072
27160|0|71391|06/01/2024 22:27:11||18769|1900773776|2175476728
27608|0|18270|07/01/2024 01:42:07||7073|10325633128|30010862696
26620|0|84629|06/01/2024 18:39:40||32420|1676201304|2230971072
26049|0|43500|06/01/2024 14:45:16||46484|15093446264|15687644832
26487|0|62527|06/01/2024 17:36:19||36221|59088893960|154180922080
25755|0|22991|06/01/2024 12:43:40||53780|134784048264|360989630792
26962|0|6376|06/01/2024 21:00:54||23946|6504540960|7695094768
27560|0|48108|07/01/2024 01:28:19||7901|3427020576|4347234672
26207|0|79189|06/01/2024 15:49:56||42604|4221735752|6053132736
27470|0|70009|07/01/2024 00:42:38||10642|4825325848|5131679960
26185|0|71014|06/01/2024 15:36:24||43416|11954235792|11965557992
25356|0|55177|06/01/2024 09:52:14||64066|11361783168|14024626912
27658|0|87607|07/01/2024 02:09:41||5419|2565212320|3833762176
27865|0|72601|07/01/2024 03:25:36||864|160412568|202075328
26507|0|13824|06/01/2024 17:41:25||35915|14265826128|18005507744
27537|0|98663|07/01/2024 01:12:14||8866|3116699304|4325639256
25806|0|61005|06/01/2024 13:05:53||52447|7111419488|8281913720
27899|0|89323|07/01/2024 03:34:44||316|14022408|18517456
27002|0|35705|06/01/2024 21:14:50||23110|4117928328|4184759656
27688|0|42723|07/01/2024 02:10:02||5398|244619632|268627432
26869|0|21906|06/01/2024 20:28:42||25878|4252816216|4721425072
27838|0|77387|07/01/2024 03:16:47||1393|2705507904|6044657168
26325|0|19955|06/01/2024 16:21:53||40687|2250138720|3104394608
27328|0|72301|06/01/2024 23:46:32||14008|22001080|25587056
26597|0|35567|06/01/2024 18:20:29||33571|33926007144|37736940632
25426|0|38967|06/01/2024 10:26:11||62029|28955649568|39478189840
27789|0|28380|07/01/2024 02:55:40||2660|515642048|653509584
26796|0|46466|06/01/2024 19:58:50||27670|5793787008|6079502928
27561|0|68077|07/01/2024 01:21:20||8320|12425300168|32314454248
27003|0|58966|06/01/2024 21:16:28||23012|6842143720|8316281712
27401|0|50446|07/01/2024 00:15:05||12295|3451399544|3780529920
27291|0|25604|06/01/2024 23:29:46||15014|32733946808|63549169120
26508|0|26325|06/01/2024 17:42:28||35852|7223761392|7683316488
25942|0|8328|06/01/2024 13:59:49||49211|10467980472|12223190440
26077|0|96247|06/01/2024 14:54:21||45939|4252661704|6071148712
25879|0|62292|06/01/2024 13:36:43||50597|248882696|274601952
27004|0|32468|06/01/2024 21:14:53||23107|14420223184|8806881080
27609|0|35329|07/01/2024 01:46:52||6788|4529973448|6164379800
26891|0|48439|06/01/2024 20:35:34||25466|21393268128|21922867208
26892|0|39373|06/01/2024 20:31:50||25690|6268789856|6413683072
27471|0|11043|07/01/2024 00:49:07||10253|1041987464|1322629496
27329|0|68306|06/01/2024 23:47:12||13968|1874549016|1946362680
26235|0|32108|06/01/2024 15:59:58||42002|5000670072|7018450704
26921|0|6952|06/01/2024 20:48:02||24718|99616710872|208273793840
27634|0|71648|07/01/2024 01:54:25||6335|2629653336|2910694968
26773|0|94709|06/01/2024 19:41:37||28703|459159152|572643648
27900|0|16348|07/01/2024 03:38:15||105|44897504|46356536
27839|0|57503|07/01/2024 03:11:59||1681|252779408|278000400
27562|0|7251|07/01/2024 01:24:27||8133|10757020816|27931102360
25756|0|46611|06/01/2024 12:48:16||53504|3799203232|4859344496
26850|0|39968|06/01/2024 20:11:13||26927|1407799848|1883398512
27353|0|37225|06/01/2024 23:58:49||13271|715277160|757675584
27743|0|85434|07/01/2024 02:31:41||4099|304505696|330053328
26349|0|15099|06/01/2024 16:39:21||39639|1392753544|1904526608
26775|0|45237|06/01/2024 19:45:41||28459|1937830648|2310394152
27354|0|70307|06/01/2024 23:58:51||13269|25396243536|75008433912
25452|0|68634|06/01/2024 10:35:03||61497|5618592144|7625458472
26657|0|64101|06/01/2024 18:57:16||31364|1723525616|2279964648
27511|0|95683|07/01/2024 01:08:52||9068|212793904|296824272
25471|0|44964|06/01/2024 10:43:48|07/01/2024 03:31:51|60483|18124590952|27045806568
27512|0|19376|07/01/2024 01:03:42||9378|8294057312|6469641504
27563|0|34682|07/01/2024 01:25:43||8057|2271626280|2272808240
27689|0|28349|07/01/2024 02:15:19||5081|1148390504|1605444512
27538|0|7760|07/01/2024 01:16:34||8606|767360888|882336096
27901|0|38542|07/01/2024 03:36:02||238|39255520|57101624
27539|0|21040|07/01/2024 01:13:14||8806|2968767512|3193884184
27583|0|62620|07/01/2024 01:36:33||7407|1685863912|2304881560
26465|0|78994|06/01/2024 17:24:23||36937|66131255936|164131615288
26078|0|12359|06/01/2024 14:57:58||45722|9602925136|12655796568
25626|0|28498|06/01/2024 11:42:52||57428|105798986336|232387581704
27902|0|92104|07/01/2024 03:31:19||521|4497312|4707456
25383|0|88450|06/01/2024 10:02:38||63442|11604286520|16413424144
26509|0|90225|06/01/2024 17:41:55||35885|9923898400|13054059296
26141|0|22823|06/01/2024 15:14:04||44756|12000612648|13000982016
27690|0|28176|07/01/2024 02:15:23||5077|31842354992|25589974432
25595|0|30265|06/01/2024 11:32:04||58076|10668887184|15771020096
25853|0|95237|06/01/2024 13:28:07||51113|8885605232|12922656520
27117|0|26922|06/01/2024 22:06:28||20012|198574344|223806440
25836|0|31543|06/01/2024 13:11:12||52128|9194178232|12618038992
27071|0|61686|06/01/2024 21:47:54||21126|5819264072|7998637632
27903|0|78972|07/01/2024 03:39:51||9|0|0
26208|0|39025|06/01/2024 15:41:51||43089|13168997144|16072082680
26705|0|14541|06/01/2024 19:17:21||30159|239422648|323788440
26658|0|31636|06/01/2024 18:56:53||31387|7298577904|8926544376
25943|0|12056|06/01/2024 13:56:51||49389|9012251256|10726194832
25651|0|57247|06/01/2024 11:59:59||56401|148420610088|296724348448
26797|0|28438|06/01/2024 19:56:04||27836|6067673776|6485980312
27840|0|13774|07/01/2024 03:18:30||1290|91725912|124059224
27866|0|85410|07/01/2024 03:23:03||1017|132184112|182444304
27181|0|99156|06/01/2024 22:31:12||18528|1477021520|2047947384
27610|0|98210|07/01/2024 01:40:36||7164|911023296|1045437296
27659|0|80363|07/01/2024 02:06:35||5605|77367472|103336896
25226|0|82385|06/01/2024 08:59:16||67244|14303721320|19896870392
27813|0|9107|07/01/2024 03:02:03||2277|214908328|228299656
27712|0|54339|07/01/2024 02:22:53||4627|3105532688|7497487376
26393|0|4054|06/01/2024 16:59:30||38430|15056731656|17963717120
27790|0|28518|07/01/2024 02:59:06||2454|1038593528|1157907320
26776|0|21392|06/01/2024 19:41:47||28693|456699672|557644392
26729|0|35733|06/01/2024 19:23:55||29765|192785152|221309520
26922|0|98856|06/01/2024 20:45:18||24882|15162443424|21039495888
27814|0|7143|07/01/2024 03:03:01||2219|140535552|154237456
27841|0|44658|07/01/2024 03:12:18||1662|73870528|83043488
26143|0|86828|06/01/2024 15:16:57||44583|24149811248|25694611112
26680|0|37861|06/01/2024 19:07:48||30732|2243003256|2358758560
26894|0|68031|06/01/2024 20:37:13||25367|10893784704|13646607616
27242|0|65772|06/01/2024 23:02:31||16649|2847704240|3163289544
27611|0|85011|07/01/2024 01:46:12||6828|1289482672|1699362320
27051|0|11231|06/01/2024 21:36:41||21799|8524632448|11015589576
27005|0|44893|06/01/2024 21:12:01||23279|1662542040|2443453056
27867|0|95872|07/01/2024 03:23:32||988|190393728|196579768
26420|0|44731|06/01/2024 17:09:22||37838|2733505808|2939657128
25807|0|58029|06/01/2024 13:09:52||52208|5293498824|5840847640
27713|0|81072|07/01/2024 02:21:33||4707|349749056|454785760
27744|0|9349|07/01/2024 02:32:11||4069|596208976|685888864
26681|0|79990|06/01/2024 19:07:47||30733|13154811752|17708562192
27439|0|13737|07/01/2024 00:35:11||11089|1421823664|1465860216
27660|0|19087|07/01/2024 02:08:52||5468|7546589824|17058004168
27714|0|94461|07/01/2024 02:25:40||4460|300525904|409984280
26526|0|19097|06/01/2024 17:51:00||35340|8881496|13286592
27440|0|26277|07/01/2024 00:38:32|07/01/2024 03:34:38|10566|758813968|771899128
27379|0|72764|07/01/2024 00:09:08||12652|31359951720|66765167912
27612|0|89879|07/01/2024 01:43:51||6969|17403644408|36811618848
27031|0|98621|06/01/2024 21:25:40||22460|1377662520|1596367928
26050|0|89278|06/01/2024 14:47:02||46378|19373367936|19472848760
27635|0|61032|07/01/2024 01:56:52||6188|4011649976|5260282040
26394|0|7199|06/01/2024 16:58:59||38461|4394385592|4567251184
26209|0|33062|06/01/2024 15:40:14||43186|124486854240|236015275232
27220|0|30292|06/01/2024 22:59:28||16832|44764958960|108777182216
27745|0|80603|07/01/2024 02:38:24||3696|256389280|345072448
27613|0|97911|07/01/2024 01:44:07||6953|6883680592|7922732400
27161|0|5529|06/01/2024 22:25:32||18868|12064040280|13986287296
26327|0|68440|06/01/2024 16:23:15||40605|12894583680|13435181000
27139|0|43678|06/01/2024 22:16:56||19384|4340988552|4693483816
26051|0|16948|06/01/2024 14:41:53||46687|9939133112|14696559192
27715|0|65210|07/01/2024 02:27:45||4335|267257712|335003360
25880|0|83558|06/01/2024 13:31:57||50883|23709280368|30823794040
27201|0|90872|06/01/2024 22:45:13||17687|5759441664|5975747632
27584|0|11066|07/01/2024 01:34:27||7533|845826184|908981768
27636|0|57080|07/01/2024 01:50:42||6558|5102811440|6246016936
26923|0|66317|06/01/2024 20:49:21||24639|7648074088|8745882176
26963|0|29753|06/01/2024 21:02:17||23863|11063987416|12974964680
27118|0|57413|06/01/2024 22:08:28||19892|1422175896|1587585472
27791|0|10338|07/01/2024 02:50:44||2956|74096768|108215568
26466|0|79350|06/01/2024 17:24:09||36951|5760817504|6327328792
27091|0|71539|06/01/2024 21:50:24||20976|2067634672|2261247768
27716|0|9206|07/01/2024 02:25:36||4464|154825928|188582160
26490|0|75279|06/01/2024 17:39:45||36015|11062750568|11353059368
26186|0|69929|06/01/2024 15:30:31||43769|20567318624|27119857528
26163|0|97039|06/01/2024 15:20:02||44398|2572962776|3749752640
25429|0|35168|06/01/2024 10:26:44||61996|133819115520|260344746072
26395|0|59045|06/01/2024 16:59:11||38449|4772610552|5525726512
26467|0|88489|06/01/2024 17:21:40||37100|17437048360|20263721976
25598|0|38170|06/01/2024 11:30:12||58188|5599686552|7985283032
27119|0|86032|06/01/2024 22:01:41||20299|3255463464|3326874120
27183|0|38350|06/01/2024 22:33:16||18404|1368263992|1652510424
27221|0|83051|06/01/2024 22:59:52||16808|1148311928|1182792720
27330|0|38265|06/01/2024 23:42:45||14235|701084480|988426904
27513|0|22671|07/01/2024 01:03:20||9400|30680474344|66829753544
26798|0|96090|06/01/2024 19:55:18||27882|2725787320|3624274680
27585|0|15906|07/01/2024 01:31:38||7702|18965324936|49226544776
26297|0|58552|06/01/2024 16:18:02||40918|973456416|997822888
25989|0|90642|06/01/2024 14:16:44||48196|1860576008|1979518312
27203|0|10527|06/01/2024 22:41:24||17916|4957976296|5247749968
26621|0|91752|06/01/2024 18:31:05||32935|16099074008|21255673616
26778|0|63625|06/01/2024 19:40:38||28762|24853752912|54829394608
26870|0|11654|06/01/2024 20:26:30||26010|4680445776|5967609576
27792|0|80192|07/01/2024 02:51:51||2889|36310512|43532336
25965|0|11466|06/01/2024 14:05:31||48869|3519566008|3980692032
26372|0|86592|06/01/2024 16:43:46||39374|3137859552|3535646016
26759|0|70337|06/01/2024 19:33:21||29199|27915282048|81438911544
27204|0|33681|06/01/2024 22:45:06||17694|12242724512|16176821648
26779|0|43601|06/01/2024 19:45:58||28442|36937657016|96220121160
26396|0|64323|06/01/2024 16:52:21||38859|2214762888|2574569832
25854|0|53508|06/01/2024 13:25:57||51243|16447299264|20818952384
27661|0|47866|07/01/2024 02:02:40||5840|244100000|301423624
27691|0|48166|07/01/2024 02:14:52||5108|925803576|949058840
27614|0|88561|07/01/2024 01:40:40||7160|230216968|294199904
27541|0|14153|07/01/2024 01:11:18||8922|6837375488|7642679328
27380|0|68764|07/01/2024 00:02:57||13023|5816782888|6683058184
26548|0|85454|06/01/2024 18:00:15||34785|53565242200|43695137264
27793|0|53519|07/01/2024 02:59:38||2422|16733920|22207856
27542|0|40656|07/01/2024 01:13:38||8782|4875102656|7089349712
27868|0|23651|07/01/2024 03:28:54||666|1784199936|3342019056
25837|0|67809|06/01/2024 13:19:34||51626|23631430520|25989845776
26033|0|30443|06/01/2024 14:30:46||47354|1323860464|1415225840
27717|0|93309|07/01/2024 02:20:41||4759|243785840|308417184
25944|0|9807|06/01/2024 13:51:54||49686|18820901032|19034508872
27662|0|87025|07/01/2024 02:07:23||5557|1195095272|1468151200
26780|0|34124|06/01/2024 19:41:15||28725|7657614792|9943000160
26639|0|23103|06/01/2024 18:49:54||31806|58150810176|109082986504
27140|0|98783|06/01/2024 22:16:54||19386|1662859112|1663131552
26871|0|87315|06/01/2024 20:29:24||25836|2942161560|3592305704
26436|0|37926|06/01/2024 17:13:46||37574|10503410072|11402873024
26397|0|65288|06/01/2024 16:52:12||38868|52799255136|39380407216
27006|0|76833|06/01/2024 21:15:56||23044|5242194768|5468313816
27494|0|76108|07/01/2024 00:59:35||9625|4895267640|5526834288
27543|0|29837|07/01/2024 01:11:56||8884|2111175960|2351372624
25732|0|86732|06/01/2024 12:31:53||54487|10420335264|14463346904
26298|0|72404|06/01/2024 16:15:58||41042|5139198744|5503746528
27718|0|9849|07/01/2024 02:21:45||4695|687856000|1009110064
25777|0|70242|06/01/2024 12:53:16||53204|6079385472|3916531520
27205|0|43698|06/01/2024 22:44:38||17722|2805452000|3058633016
27719|0|23676|07/01/2024 02:24:08||4552|798603752|1146738152
27092|0|43917|06/01/2024 21:50:48||20952|969682848|1060380624
27331|0|19157|06/01/2024 23:43:09||14211|98174096|101557168
27692|0|12454|07/01/2024 02:19:02||4858|1546655952|1945744848
25855|0|29916|06/01/2024 13:27:52|07/01/2024 03:30:46|50574|312464008|421873920
26437|0|65470|06/01/2024 17:10:39||37761|10859267600|14477887752
27637|0|8662|07/01/2024 01:51:54||6486|555604624|634495776
27332|0|35937|06/01/2024 23:41:39||14301|5685991848|5732561232
26398|0|54314|06/01/2024 16:52:24||38856|31660309808|23350830680
26527|0|26784|06/01/2024 17:59:18||34842|18008643584|23801535824
27052|0|89835|06/01/2024 21:33:44||21976|25144352920|62409948896
27120|0|58921|06/01/2024 22:03:36||20184|6368084216|7456107744
27842|0|65423|07/01/2024 03:15:02||1498|362753320|430152536
26422|0|94290|06/01/2024 17:01:47||38293|5923284384|6550722072
27869|0|80310|07/01/2024 03:25:10||890|77860912|79777640
26799|0|67919|06/01/2024 19:57:54||27726|5028270048|7135120672
26469|0|83641|06/01/2024 17:26:52||36788|151697788712|298245331528
26258|0|51236|06/01/2024 16:01:44||41896|6051832176|6657840128
27514|0|83949|07/01/2024 01:07:06||9174|2439096048|2985953904
27243|0|32098|06/01/2024 23:00:10||16790|1697035512|1897329000
26898|0|66006|06/01/2024 20:36:59||25381|11605287736|9108978152
27720|0|3865|07/01/2024 02:25:25||4475|555755040|687669824
26034|0|90491|06/01/2024 14:30:43||47357|1855223720|2010008848
25882|0|94482|06/01/2024 13:38:30||50490|3749995440|5267393792
26760|0|13713|06/01/2024 19:36:49||28991|7161970792|8080980696
27314|0|21276|06/01/2024 23:31:23||14917|3270015176|3371813192
27293|0|45990|06/01/2024 23:20:22||15578|7395806080|7647283920
26872|0|29694|06/01/2024 20:25:19||26081|11133017392|12683389600
27244|0|58591|06/01/2024 23:09:07||16253|5386947720|6461407056
27093|0|73872|06/01/2024 21:58:52||20468|2158834824|2284418928
27163|0|51043|06/01/2024 22:27:16||18764|2960696880|3065611752
25883|0|31608|06/01/2024 13:32:13||50867|73820155848|142134244896
27072|0|13423|06/01/2024 21:44:06||21354|7360026456|7670030344
25990|0|84025|06/01/2024 14:15:04||48296|8121300528|10127832360
27564|0|12811|07/01/2024 01:22:19||8261|24066318048|46874800472
26853|0|43877|06/01/2024 20:14:36||26724|2577679088|3722354064
26511|0|78144|06/01/2024 17:45:00||35700|9630140256|13449170648
26899|0|91772|06/01/2024 20:30:25||25775|3756826432|3876696280
27315|0|19018|06/01/2024 23:37:53||14527|640784656|919696912
27206|0|15878|06/01/2024 22:43:28||17792|3571732280|4278065488
26328|0|8224|06/01/2024 16:24:34||40526|7437909496|8690282112
26373|0|18106|06/01/2024 16:43:01||39419|95684868824|198953791288
26470|0|50805|06/01/2024 17:21:26||37114|12038571480|12119655760
26942|0|78465|06/01/2024 20:58:32||24088|8367533224|12308561712
25991|0|33645|06/01/2024 14:11:38||48502|2084405744|2634736960
26082|0|42604|06/01/2024 14:55:01||45899|7359164960|10352706536
27693|0|74470|07/01/2024 02:16:08||5032|1779676784|2270035056
25672|0|26143|06/01/2024 12:06:49||55991|20354544360|26529525056
27402|0|93385|07/01/2024 00:17:36||12144|1654640936|1880917320
27094|0|45404|06/01/2024 21:57:32||20548|656169952|960301384
26964|0|47108|06/01/2024 21:03:52||23768|5785396568|8357019360
26471|0|29307|06/01/2024 17:26:05||36835|2542957936|2989314112
27222|0|34139|06/01/2024 22:50:52||17348|310524752|336555288
27223|0|59210|06/01/2024 22:55:18||17082|1769596608|2616456736
27565|0|22725|07/01/2024 01:25:19||8081|2211837368|2296669552
27694|0|57389|07/01/2024 02:17:41||4939|489564624|709557448
27843|0|24844|07/01/2024 03:19:57||1203|1288128112|698671000
27095|0|35573|06/01/2024 21:52:33||20847|1080946008|1333374184
27615|0|73063|07/01/2024 01:41:15||7125|4146652576|4224303520
27032|0|88768|06/01/2024 21:20:30||22770|5125061576|5869592816
26732|0|31350|06/01/2024 19:24:42||29718|32252218536|85938142136
27053|0|34348|06/01/2024 21:35:41||21859|4467815872|5074115456
27904|0|87365|07/01/2024 03:32:11||469|92497656|138738584
27207|0|29115|06/01/2024 22:49:15||17445|2919077000|3484170456
26187|0|6217|06/01/2024 15:36:52||43388|9608418408|11647887608
27247|0|93688|06/01/2024 23:08:43||16277|7230097224|10530891896
27844|0|79245|07/01/2024 03:13:55||1565|227502976|287585296
27054|0|9901|06/01/2024 21:37:37||21743|1010404608|1176138064
26583|0|61969|06/01/2024 18:14:35||33925|11972270968|13211615288
26035|0|62224|06/01/2024 14:34:07||47153|3290499192|4294863072
27870|0|98714|07/01/2024 03:29:41||619|115639544|167991016
27208|0|5505|06/01/2024 22:48:11||17509|10152111168|15163403432
25695|0|33559|06/01/2024 12:11:18||55722|13606670712|16873922280
26144|0|17769|06/01/2024 15:14:41||44719|26260217792|37687876272
26965|0|70705|06/01/2024 21:00:16||23984|13572914944|14875124704
26552|0|73018|06/01/2024 18:05:28||34472|1815320720|2455807120
25653|0|39214|06/01/2024 11:59:45||56415|15958215288|18001340784
27495|0|7357|07/01/2024 00:55:10|07/01/2024 03:30:30|9320|1868814576|2247211240
27871|0|85390|07/01/2024 03:22:20||1060|62991008|80369392
27515|0|78489|07/01/2024 01:03:09||9411|1967293832|1971396152
27472|0|37890|07/01/2024 00:42:55||10625|1066700576|1404760000
26943|0|36252|06/01/2024 20:55:40||24260|40917140352|110195355736
27381|0|5254|07/01/2024 00:00:58||13142|6220094312|7401184680
26873|0|23557|06/01/2024 20:20:33||26367|8000663264|8524290480
26492|0|41285|06/01/2024 17:35:50||36250|83984606296|187486944096
26926|0|72614|06/01/2024 20:47:16||24764|10046572928|14455649736
27616|0|14719|07/01/2024 01:43:56||6964|5269742664|5309143168
27638|0|60855|07/01/2024 01:53:35||6385|5069116944|6108029688
27074|0|98932|06/01/2024 21:44:26||21334|6725731472|7243300896
26528|0|46850|06/01/2024 17:59:01||34859|4584920416|4999719008
27746|0|47619|07/01/2024 02:37:49||3731|83199304|93769088
27184|0|30968|06/01/2024 22:39:41||18019|2340885976|3426545864
26874|0|63548|06/01/2024 20:26:07||26033|24483064648|17178093112
27141|0|84582|06/01/2024 22:16:37||19403|4203647128|5113746224
27422|0|30617|07/01/2024 00:24:02||11758|1093755656|1170817472
26553|0|12842|06/01/2024 18:09:37||34223|9089272296|10094804160
26822|0|5490|06/01/2024 20:09:55||27005|5616118328|6195541656
27617|0|43844|07/01/2024 01:42:14||7066|2140841512|2799610736
27794|0|71057|07/01/2024 02:52:07||2873|63342128|64858680
27663|0|60703|07/01/2024 02:06:24||5616|16359879016|31166284872
26084|0|19385|06/01/2024 14:59:31|07/01/2024 03:33:57|45266|28004900568|28745496312
26682|0|81412|06/01/2024 19:07:12||30768|4321091096|6302729856
27695|0|21007|07/01/2024 02:19:16||4844|1230572744|1488510856
26085|0|15792|06/01/2024 14:54:14||45946|64890876384|181893399024
26823|0|22179|06/01/2024 20:05:25||27275|3069136992|4291231432
27294|0|15877|06/01/2024 23:23:47||15373|13801694664|8945463368
27121|0|54956|06/01/2024 22:05:00||20100|33775138672|100945429152
27872|0|78647|07/01/2024 03:21:56||1084|91631264|114237984
27664|0|5186|07/01/2024 02:09:27||5433|577303096|730262128
26781|0|96978|06/01/2024 19:47:48||28332|77976922280|166382930600
26709|0|24426|06/01/2024 19:16:15||30225|416687120|619161600
27586|0|11827|07/01/2024 01:36:57||7383|18059824960|33978553872
27269|0|15088|06/01/2024 23:19:06||15654|13246723776|18252940592
26967|0|17325|06/01/2024 21:09:45||23415|70861313816|169976603232
27873|0|87441|07/01/2024 03:25:15||885|961592904|1143944312
26927|0|49136|06/01/2024 20:49:07||24653|2630168288|3101500024
25571|0|74773|06/01/2024 11:25:11||58489|140313126824|304783979680
27403|0|86861|07/01/2024 00:13:38||12382|678882944|875245296
27270|0|50462|06/01/2024 23:15:21||15879|3983134496|4334349544
27747|0|9151|07/01/2024 02:34:12||3948|1160164400|1224604920
27443|0|54623|07/01/2024 00:37:11||10969|1085397400|1545366840
25968|0|78200|06/01/2024 14:09:18||48642|15881421264|17539483336
26165|0|8801|06/01/2024 15:23:39||44181|27225967368|40406020240
27874|0|48966|07/01/2024 03:29:45||615|120055872|150171432
27225|0|69320|06/01/2024 22:59:31||16829|5421823848|6060428024
25887|0|36119|06/01/2024 13:35:04||50696|14480090128|19729084320
27404|0|72432|07/01/2024 00:14:35||12325|237158848|261908808
27721|0|93094|07/01/2024 02:28:05||4315|1334595264|1858718448
26263|0|13942|06/01/2024 16:09:50||41410|59934219656|41043660960
26782|0|85887|06/01/2024 19:49:29||28231|23920683648|19000202832
25839|0|51162|06/01/2024 13:13:54|07/01/2024 03:34:46|51652|4946860144|7317737080
26166|0|43304|06/01/2024 15:24:16||44144|11532911624|14378249696
26683|0|18959|06/01/2024 19:02:47||31033|10250391504|10520568696
27770|0|47552|07/01/2024 02:43:50||3370|350295832|462814264
27696|0|74235|07/01/2024 02:16:12||5028|287523760|397033648
27544|0|80746|07/01/2024 01:15:55||8645|21377598152|40048263672
26167|0|63732|06/01/2024 15:27:33||43947|18014943000|18941019376
27875|0|46516|07/01/2024 03:29:04||656|378144776|430777128
26439|0|28246|06/01/2024 17:13:57||37563|8584551184|10346158104
27185|0|38175|06/01/2024 22:33:53||18367|3817576664|5019035712
25945|0|11997|06/01/2024 13:54:09||49551|9723464768|10623392568
27697|0|45049|07/01/2024 02:19:21||4839|428187384|509694592
26087|0|79283|06/01/2024 14:51:00||46140|4823512024|7044232928
26237|0|72638|06/01/2024 15:56:44||42196|23228486792|30534229392
27445|0|50267|07/01/2024 00:37:48||10932|696802488|964045944
26213|0|73304|06/01/2024 15:49:16||42644|131335263776|263935871784
27226|0|98086|06/01/2024 22:52:46||17234|7529082896|9344343048
26733|0|15025|06/01/2024 19:28:59||29461|5706832872|6283452880
27333|0|52975|06/01/2024 23:42:09||14271|3058330808|3250910912
26734|0|16867|06/01/2024 19:28:25||29495|1161202208|1269964392
26493|0|14926|06/01/2024 17:37:25||36155|14497517160|18260131808
26554|0|87069|06/01/2024 18:00:50||34750|89887999552|168912280864
26824|0|99310|06/01/2024 20:09:34||27026|3218335096|4475126656
27007|0|47772|06/01/2024 21:14:44||23116|5231235256|5261055256
26601|0|35837|06/01/2024 18:22:51||33429|6385984360|7761430784
27423|0|28152|07/01/2024 00:25:34||11666|1939873312|2637983368
27566|0|17103|07/01/2024 01:24:10||8150|1516729136|1539840376
27567|0|7336|07/01/2024 01:26:33||8007|1845018880|2438555552
25386|0|36939|06/01/2024 10:04:15||63345|5232004728|6142648880
27055|0|28877|06/01/2024 21:31:09||22131|18828013360|13132965600
27295|0|27795|06/01/2024 23:29:16||15044|684800616|984615264
26555|0|11424|06/01/2024 18:08:39||34281|9598299856|12988601976
25858|0|66456|06/01/2024 13:20:44||51556|16280738392|24199402888
27248|0|4621|06/01/2024 23:01:38||16702|3581333360|5110508584
27056|0|64251|06/01/2024 21:39:46||21614|1695588104|2485793136
26641|0|61230|06/01/2024 18:44:50||32110|1991843720|2829318544
27665|0|13216|07/01/2024 02:04:52||5708|837180576|1146686576
25994|0|89980|06/01/2024 14:19:08||48052|31093752|42776840
26928|0|9840|06/01/2024 20:40:56||25144|16268887216|22812796216
26354|0|37570|06/01/2024 16:33:52||39968|7547822072|7989234280
27568|0|35354|07/01/2024 01:25:39||8061|1498881384|1713193392
27639|0|8768|07/01/2024 01:55:00||6300|4451040464|4458470184
26088|0|43189|06/01/2024 14:56:06||45834|2746069656|2878330128
27296|0|49596|06/01/2024 23:28:54||15066|24212905088|60491684328
27748|0|30949|07/01/2024 02:31:40||4100|85692992|90754352
26642|0|99503|06/01/2024 18:45:41||32059|495271752|642003048
27446|0|20921|07/01/2024 00:34:04||11156|1068990632|1409563216
27227|0|40021|06/01/2024 22:51:26||17314|2818913176|3034138968
27008|0|19237|06/01/2024 21:15:42||23058|1149531360|1173591992
27771|0|93513|07/01/2024 02:40:29||3571|13726406448|33666394024
27516|0|76056|07/01/2024 01:07:52||9128|5540602992|6233070496
27249|0|30427|06/01/2024 23:05:49||16451|735586216|862091808
25738|0|73518|06/01/2024 12:38:30||54090|10707800368|15668705160
26189|0|85539|06/01/2024 15:35:56||43444|73630064136|184596366312
25972|0|13461|06/01/2024 14:01:07||49133|635671984|880083368
26355|0|54040|06/01/2024 16:39:24||39636|10806264808|12172285456
26238|0|63148|06/01/2024 15:53:15||42405|11193991088|14618632528
26929|0|86493|06/01/2024 20:41:58||25082|3153359736|4329238192
27334|0|30089|06/01/2024 23:40:09||14391|5156442320|3345065216
27164|0|56566|06/01/2024 22:20:45||19155|3068117432|3299504112
25889|0|94111|06/01/2024 13:33:01||50819|33991358632|39277611528
27142|0|78203|06/01/2024 22:14:43||19517|3956258832|4873327704
26584|0|77620|06/01/2024 18:17:34||33746|7552846488|9434108224
27165|0|39120|06/01/2024 22:27:33||18747|4219922632|5302620928
27335|0|60771|06/01/2024 23:49:36||13824|1121996112|1680612000
27474|0|27032|07/01/2024 00:43:25||10595|1710529352|2516620744
27122|0|30846|06/01/2024 22:07:44||19936|8245268208|9324238984
27228|0|68117|06/01/2024 22:56:20||17020|4386029576|6179865128
26556|0|99100|06/01/2024 18:02:33||34647|4138719256|5454747640
27618|0|47967|07/01/2024 01:43:19||7001|3483750504|3741614232
27009|0|10616|06/01/2024 21:13:50||23170|10986450736|12386404200
27845|0|84226|07/01/2024 03:15:28||1472|63801952|84496112
26442|0|21038|06/01/2024 17:19:17||37243|8831635888|9984526432
27010|0|9203|06/01/2024 21:13:03||23217|1174697144|1560843640
26968|0|94043|06/01/2024 21:06:48||23592|1617998232|2010124544
27722|0|35035|07/01/2024 02:28:40||4280|95348712|142145120
26089|0|27215|06/01/2024 14:54:38||45922|1823282616|1832575072
27011|0|14620|06/01/2024 21:17:22||22958|3375703040|3467564504
26945|0|24209|06/01/2024 20:54:29||24331|18852021456|21522785240
26855|0|55356|06/01/2024 20:13:21||26799|5517575592|6896923488
26399|0|29905|06/01/2024 16:50:49||38951|9500469880|12166767400
27517|0|26270|07/01/2024 01:02:51||9429|890651968|1144674752
27057|0|25173|06/01/2024 21:31:19||22121|797450152|837612200
27209|0|85501|06/01/2024 22:46:54|07/01/2024 03:30:12|16998|25797292848|60195807120
27905|0|85501|07/01/2024 03:31:16||524|835714608|2177305368
27336|0|55392|06/01/2024 23:47:39||13941|525413768|786563176
27545|0|53891|07/01/2024 01:17:36||8544|270734864|393090664
25674|0|93729|06/01/2024 12:02:44||56236|12406706480|18247712184
27640|0|48804|07/01/2024 01:57:59||6121|5559186840|3274654680
26783|0|6555|06/01/2024 19:42:19||28661|702540176|851325184
27075|0|5549|06/01/2024 21:48:51||21069|25965375936|17617393376
27250|0|28133|06/01/2024 23:04:59||16501|3388497424|4203579120
27034|0|57257|06/01/2024 21:20:58||22742|1381370624|1779992104
27795|0|60001|07/01/2024 02:58:33||2487|90174232|118941600
26334|0|34397|06/01/2024 16:22:06||40674|1305724864|1669797128
27251|0|69505|06/01/2024 23:06:09||16431|6226105352|7514202120
25413|0|26638|06/01/2024 10:15:49||62651|7525972080|9803280976
27358|0|22311|06/01/2024 23:50:23||13777|6431917872|8457756608
27035|0|16239|06/01/2024 21:28:34||22286|6777096048|9741338552
26335|0|16033|06/01/2024 16:28:06||40314|7024980944|7042016824
27297|0|31981|06/01/2024 23:26:27||15213|349866856|370544000
25892|0|69970|06/01/2024 13:31:23||50917|9216625752|13392463136
27641|0|79714|07/01/2024 01:59:54||6006|308896264|455256560
25274|0|35120|06/01/2024 09:11:17||66523|565459040992|371207343440
26090|0|16240|06/01/2024 14:52:18||46062|7957856984|9530193568
27723|0|14104|07/01/2024 02:20:14||4786|957665112|1355273048
26375|0|66255|06/01/2024 16:43:17|07/01/2024 03:33:31|39014|4692275088|6681311960
27906|0|66255|07/01/2024 03:34:11||349|34455608|49305184
27316|0|39885|06/01/2024 23:30:32||14968|50292848000|94521350568
26356|0|92044|06/01/2024 16:31:33||40107|16122160640|17419684584
27876|0|17848|07/01/2024 03:21:47||1093|1291830344|907938608
27642|0|16659|07/01/2024 01:58:10||6110|482566640|581527200
27123|0|14117|06/01/2024 22:06:35||20005|3317992944|3553842992
26878|0|15440|06/01/2024 20:24:09||26151|23693155096|28396539696
27619|0|57444|07/01/2024 01:47:13||6767|6058025624|16170385192
27012|0|62347|06/01/2024 21:16:59||22981|17639637008|11412857864
25974|0|89490|06/01/2024 14:01:11||49129|4585849656|4901922584
25656|0|38818|06/01/2024 11:51:05||56935|3684784576|4190728128
27359|0|67654|06/01/2024 23:50:46||13754|6967621248|9050040208
27317|0|46314|06/01/2024 23:37:33||14547|37659876480|71013247088
27447|0|63573|07/01/2024 00:33:38||11182|17612229296|10414505976
27382|0|62004|07/01/2024 00:06:30||12810|8558336296|20702015200
27643|0|89959|07/01/2024 01:54:16||6344|11196726536|27922406960
26826|0|47350|06/01/2024 20:00:59||27541|5621753968|7383468064
27076|0|92467|06/01/2024 21:48:03||21117|979181584|1222109728
26930|0|71418|06/01/2024 20:48:52||24668|93793827904|176024743608
27337|0|4556|06/01/2024 23:43:18||14202|1302579328|1484936272
27229|0|88436|06/01/2024 22:58:37||16883|5942231104|6064565520
27749|0|33021|07/01/2024 02:31:32||4108|66659488|75883184
26663|0|3869|06/01/2024 18:55:45||31455|2037813496|2982601120
26530|0|82717|06/01/2024 17:57:23||34957|15440075552|19235221216
26785|0|81178|06/01/2024 19:45:31||28469|39089692288|22237720584
27724|0|10376|07/01/2024 02:20:34||4766|708293840|764359496
27338|0|64229|06/01/2024 23:41:22||14318|6044344|7140024
27518|0|70548|07/01/2024 01:04:24||9336|4040231168|5385519968
27772|0|27726|07/01/2024 02:48:43||3077|1237082328|1341199904
25163|0|33542|06/01/2024 08:23:22|07/01/2024 03:39:48|69386|18952368144|23846579496
27058|0|77991|06/01/2024 21:32:12||22068|8373039800|10811234712
26559|0|93103|06/01/2024 18:01:00||34740|13781260280|16901949440
26685|0|66892|06/01/2024 19:09:53||30607|29980150448|66341584088
25998|0|59854|06/01/2024 14:11:26||48514|17777607480|23959006952
25716|0|64500|06/01/2024 12:22:43||55037|13313720512|17151519128
26376|0|82808|06/01/2024 16:40:34||39566|6888634112|7796843928
27698|0|33809|07/01/2024 02:16:32||5008|750366952|897406912
27587|0|35936|07/01/2024 01:37:48||7332|5051242848|5245140048
27569|0|97715|07/01/2024 01:29:46||7814|107921544|121200544
27059|0|44196|06/01/2024 21:32:31||22049|3329392448|3509335600
27496|0|68685|07/01/2024 00:51:39||10101|618007824|741414384
27725|0|4905|07/01/2024 02:25:02||4498|414150616|586623032
26827|0|67195|06/01/2024 20:02:24||27456|857837416|1267279080
25948|0|28826|06/01/2024 13:58:05||49315|77542384008|182786327352
26711|0|42284|06/01/2024 19:18:44||30076|1170841912|1668281176
27475|0|60607|07/01/2024 00:49:08||10252|1136526552|1190015680
27186|0|52151|06/01/2024 22:36:56||18184|2592903776|3460234840
27318|0|16794|06/01/2024 23:38:09||14511|3159998272|3899639064
25573|0|23957|06/01/2024 11:26:11||58429|2551076384|3778290592
26377|0|8203|06/01/2024 16:47:05||39175|2117617976|2204295752
25860|0|65834|06/01/2024 13:22:50||51430|10526317016|11885536472
27815|0|45922|07/01/2024 03:04:13||2147|68302480|89789576
27143|0|85647|06/01/2024 22:19:03||19257|52773816800|134562010880
27620|0|9616|07/01/2024 01:48:27||6693|866726808|1130237792
26531|0|71492|06/01/2024 17:59:49||34811|5735853552|7028584440
27877|0|38309|07/01/2024 03:25:25||875|17764776|24474488
26495|0|84637|06/01/2024 17:36:31||36209|886317640|1271866864
25605|0|82147|06/01/2024 11:37:40||57740|2808429080|3222368072
27271|0|83760|06/01/2024 23:13:17||16003|20131848464|12832699688
26603|0|7807|06/01/2024 18:20:57||33543|16750429936|18271611760
27383|0|78408|07/01/2024 00:03:10||13010|296964152|359628352
26969|0|96138|06/01/2024 21:00:30||23970|2046674888|2325887464
26000|0|16496|06/01/2024 14:13:05||48415|8419517352|8766404144
26378|0|61063|06/01/2024 16:46:58||39182|11063777176|12755622608
27846|0|96516|07/01/2024 03:14:53||1507|3612768016|10578186400
26496|0|73511|06/01/2024 17:35:12||36288|8432456752|8488054368
26762|0|76492|06/01/2024 19:32:19||29261|115806800|124694216
25949|0|72068|06/01/2024 13:51:20||49720|8549428088|10338375504
27405|0|75728|07/01/2024 00:18:33||12087|196755648|235396208
27339|0|49479|06/01/2024 23:49:01||13859|4866105064|2976766696
26302|0|10088|06/01/2024 16:14:15||41145|40234246128|23077777840
27098|0|96799|06/01/2024 21:57:19||20561|839785472|1185577272
26901|0|15615|06/01/2024 20:30:15||25785|18537635608|25367590104
27497|0|49984|07/01/2024 00:58:59||9661|2803789120|3633567704
26169|0|51341|06/01/2024 15:21:08||44332|13872489568|16067630832
26801|0|48178|06/01/2024 19:55:33||27867|5129561584|6859955840
27037|0|47955|06/01/2024 21:25:30||22470|316617104|396784800
27272|0|48187|06/01/2024 23:10:43||16157|1452930800|1613725712
25606|0|97663|06/01/2024 11:38:57||57663|12935287984|18623164896
26586|0|96482|06/01/2024 18:19:17||33643|5538966944|7067008184
26947|0|97466|06/01/2024 20:54:26||24334|2802864424|3129687640
27546|0|48119|07/01/2024 01:15:10||8690|24920594096|62636520936
25575|0|59657|06/01/2024 11:21:49||58691|7068340136|8310468168
27319|0|29409|06/01/2024 23:30:45||14955|7070567248|8427507304
26645|0|29872|06/01/2024 18:42:44||32236|15848709136|20664805768
