IdSession|IdPSX|IdSubscriber|StartSession|EndSession|Duartion|UpTx|DownTx
26113|0|37974|06/01/2024 15:10:31||10769|4373649528|4874343128
26423|0|56609|06/01/2024 17:11:30||3510|14303027800|30694871856
24443|0|6516|06/01/2024 03:37:14|06/01/2024 18:09:46|52352|8784919328|9896932720
25894|0|87799|06/01/2024 13:49:11||15649|5765749552|8351227576
26514|0|85070|06/01/2024 17:55:14||886|87477544|99445040
25896|0|77688|06/01/2024 13:41:35||16105|5054206448|7120381176
25676|0|85502|06/01/2024 12:16:04||21236|3713904704|4819491800
26016|0|62355|06/01/2024 14:32:22||13058|14614979832|34931414744
25607|0|49346|06/01/2024 11:43:49||23171|1188296992|1283131232
24755|0|53666|06/01/2024 05:48:44||44476|182274926952|425073516352
26017|0|80501|06/01/2024 14:38:10||12710|927685600|1144925056
25784|0|74669|06/01/2024 13:02:43||18437|1472001680|1703569240
25576|0|86264|06/01/2024 11:38:37||23483|2105573984|2626288424
25719|0|45253|06/01/2024 12:35:52||20048|2153736888|3126519840
26474|0|96559|06/01/2024 17:39:55||1805|299076360|348049408
25367|0|43777|06/01/2024 10:03:32||29188|80861806760|172927821512
26304|0|41083|06/01/2024 16:22:04||6476|7573865896|16306983536
25577|0|21645|06/01/2024 11:39:29||23431|1988408768|2440012920
26475|0|53028|06/01/2024 17:39:23||1837|573894808|655770160
25785|0|85282|06/01/2024 13:01:04||18536|3185434608|3642267768
25459|0|54570|06/01/2024 10:49:53||26407|66063877648|139807460696
24406|0|87485|06/01/2024 03:11:30||53910|183437976912|351961244592
26216|0|76237|06/01/2024 15:56:41||7999|2130584720|2272057552
25677|0|36265|06/01/2024 12:15:15||21285|649694960|927740608
24467|0|56069|06/01/2024 03:49:33||51627|4771631312|5995659128
25552|0|8960|06/01/2024 11:27:57||24123|4836389128|5019902408
24407|0|75051|06/01/2024 03:17:08||53572|10281012896|12053505928
25897|0|59414|06/01/2024 13:45:13||15887|5912134784|6517736344
26194|0|25097|06/01/2024 15:49:46||8414|5357011232|7696806496
25167|0|78882|06/01/2024 08:31:44||34696|5686355992|6897948016
26400|0|13652|06/01/2024 17:00:05||4195|1100768960|1453751256
25318|0|89741|06/01/2024 09:45:21||30279|2936635048|3110588488
25553|0|56849|06/01/2024 11:22:47||24433|12702478880|14316920488
26269|0|60741|06/01/2024 16:13:18||7002|1777241304|2183143224
25554|0|18892|06/01/2024 11:27:46||24134|5458422120|6919462096
26357|0|77886|06/01/2024 16:41:55||5285|1588629448|2212074872
26379|0|86402|06/01/2024 16:53:21||4599|9216910120|21300158536
26114|0|75263|06/01/2024 15:14:43||10517|674485176|861068592
25786|0|27723|06/01/2024 13:09:42||18018|250724024|302808680
24692|0|6916|06/01/2024 05:13:23||46597|12665521480|16149114512
24150|0|11366|06/01/2024 01:38:48||59472|24743212976|25648299568
25899|0|57595|06/01/2024 13:46:20||15820|973289368|1371348832
26515|0|54404|06/01/2024 17:51:25||1115|119987696|171948376
26054|0|94047|06/01/2024 14:53:05||11815|1405420600|1427450544
26358|0|85646|06/01/2024 16:48:11||4909|1126885272|1571951792
26091|0|37317|06/01/2024 15:03:49||11171|1135636784|1305980216
25523|0|96811|06/01/2024 11:10:56||25144|1227302200|1387963600
26401|0|68624|06/01/2024 17:04:18||3942|425534992|521053544
25720|0|66423|06/01/2024 12:35:45||20055|3615365488|3949039344
26270|0|42806|06/01/2024 16:15:04||6896|1361267144|1991471640
25524|0|61794|06/01/2024 11:12:27||25053|2156364448|2377347832
24488|0|5419|06/01/2024 03:56:07||51233|411508344|448022376
25609|0|73710|06/01/2024 11:49:45||22815|4047201992|4138116456
26001|0|23638|06/01/2024 14:25:36||13464|2164222680|3030350776
25976|0|35546|06/01/2024 14:17:14||13966|165805624|178757992
25657|0|76483|06/01/2024 12:00:09||22191|1568428504|1872903624
25700|0|41896|06/01/2024 12:28:48||20472|3677681480|5195465168
24517|0|43101|06/01/2024 04:00:22||50978|10020752232|11350742480
25435|0|47660|06/01/2024 10:39:45||27015|14139161392|16609282424
25787|0|96233|06/01/2024 13:04:00||18360|70254345288|147408239176
26092|0|97799|06/01/2024 15:09:23||10837|899758672|962457272
26115|0|38204|06/01/2024 15:14:48||10512|1645479256|2155679928
25918|0|39037|06/01/2024 13:53:41||15379|3200212272|4728083240
24281|0|85701|06/01/2024 02:29:35||56425|12202770328|16290821016
25817|0|35155|06/01/2024 13:15:42||17658|1429575192|2130835856
26305|0|82492|06/01/2024 16:23:31||6389|918600216|1102900072
26037|0|5357|06/01/2024 14:43:18||12402|1553882992|1785329968
26055|0|10962|06/01/2024 14:53:36||11784|917695176|1249863456
25168|0|5731|06/01/2024 08:34:25||34535|81561597896|153907053272
24115|0|99136|06/01/2024 01:19:20||60640|18648403704|24596982216
26056|0|76792|06/01/2024 14:57:40||11540|396011776|1094341080
25063|0|83266|06/01/2024 07:51:03||37137|1610544568|2175144360
25041|0|14175|06/01/2024 07:45:19||37481|2405478152|3410855512
24175|0|60137|06/01/2024 01:47:23||58957|80440845424|149644555960
25630|0|56049|06/01/2024 11:54:02||22558|1004857584|1347727696
26306|0|8920|06/01/2024 16:29:25||6035|7400474736|8436154528
24807|0|89902|06/01/2024 06:09:00||43260|8828692248|11237388480
24590|0|55333|06/01/2024 04:31:05||49135|5509394584|6197520736
24337|0|40685|06/01/2024 02:49:30||55230|321919752|375523704
26271|0|20349|06/01/2024 16:13:34||6986|1512074184|1519092104
25742|0|13191|06/01/2024 12:41:32||19708|1211369872|1603228848
25919|0|59576|06/01/2024 13:56:51||15189|11305429832|12770591176
25135|0|51885|06/01/2024 08:21:31||35309|6501413744|9738767400
25436|0|53073|06/01/2024 10:38:32||27088|24879960504|37067376928
26093|0|43797|06/01/2024 15:02:58||11222|1218941248|1342091400
24757|0|5792|06/01/2024 05:49:50||44410|21390563216|29445071192
25610|0|66732|06/01/2024 11:45:20||23080|4375325176|4686220792
25764|0|64295|06/01/2024 12:55:15||18885|4262672824|4540607696
25190|0|51526|06/01/2024 08:41:02||34138|3894520376|4969392032
24520|0|70042|06/01/2024 04:07:23||50557|3442103600|4103796760
25679|0|11287|06/01/2024 12:17:03||21177|2753378912|3554219224
26307|0|46044|06/01/2024 16:24:56||6304|289435208|347918888
25110|0|81133|06/01/2024 08:16:55||35585|15299870112|20178183736
25631|0|60049|06/01/2024 11:59:30||22230|1088289368|1142912408
24229|0|13992|06/01/2024 02:02:10||58070|8265806384|10772587576
25344|0|94557|06/01/2024 09:50:26||29974|81983236320|200982453616
24521|0|68009|06/01/2024 04:00:12||50988|6237307568|6970845488
24117|0|69853|06/01/2024 01:13:04||61016|11147459272|13658989664
24359|0|82791|06/01/2024 02:54:41||54919|22264107080|24116755224
25819|0|60031|06/01/2024 13:19:19||17441|4809427856|5018332360
26241|0|27374|06/01/2024 16:04:54||7506|2846322888|4162750632
24643|0|31579|06/01/2024 04:56:36||47604|2013106600|2612411048
26094|0|68039|06/01/2024 15:09:13||10847|2964011360|3123235616
24644|0|9432|06/01/2024 04:50:58||47942|5394314160|6732068472
25415|0|47486|06/01/2024 10:27:21||27759|3888287736|5467401304
26272|0|26986|06/01/2024 16:13:27||6993|722043240|890396776
25920|0|96277|06/01/2024 13:57:08||15172|1731038976|1852585992
26242|0|72607|06/01/2024 16:08:26||7294|3676430856|4300879960
26359|0|62190|06/01/2024 16:40:50||5350|1056772592|1189998288
26095|0|83091|06/01/2024 15:05:42||11058|113723064|124853176
25632|0|57697|06/01/2024 11:52:16||22664|197418800|260609392
24380|0|5281|06/01/2024 03:02:35||54445|21557993688|23001606272
26380|0|10721|06/01/2024 16:54:42||4518|593579440|619778800
26424|0|91314|06/01/2024 17:10:45||3555|270577024|279903376
25081|0|23672|06/01/2024 08:05:41||36259|79089715272|184359666416
24209|0|33410|06/01/2024 01:56:28||58412|227099931976|491264575808
25474|0|6383|06/01/2024 10:59:31||25829|13858978776|18392377288
26217|0|79718|06/01/2024 15:50:02||8398|151213016|183131944
25460|0|86051|06/01/2024 10:46:34||26606|650260880|656415456
25136|0|24662|06/01/2024 08:21:30||35310|21119230208|28951346624
25278|0|20433|06/01/2024 09:29:10||31250|14499936|14520248
25901|0|34585|06/01/2024 13:40:40||16160|4988625992|5568814816
25279|0|16928|06/01/2024 09:21:33||31707|3350804808|4178569776
25113|0|63513|06/01/2024 08:11:56||35884|8413595520|10825128536
26146|0|14653|06/01/2024 15:26:32||9808|1480400560|2047694456
26338|0|84110|06/01/2024 16:34:25||5735|975522800|1235537768
25902|0|90469|06/01/2024 13:47:01||15779|2229758664|2849157240
24645|0|85151|06/01/2024 04:58:43||47477|17304543432|19910364000
26339|0|33870|06/01/2024 16:39:18||5442|709346112|1031920008
25633|0|93506|06/01/2024 11:53:36||22584|2462567168|2977052096
24921|0|35012|06/01/2024 06:58:30||40290|3257842272|4319077792
25788|0|83926|06/01/2024 13:05:41||18259|4942073584|5623772848
26381|0|64718|06/01/2024 16:50:05||4795|1208308728|1776217384
26425|0|10105|06/01/2024 17:10:21||3579|230274416|241736872
26340|0|92558|06/01/2024 16:39:23||5437|2816851200|3903984272
26116|0|78522|06/01/2024 15:17:03||10377|912775664|1111248424
25555|0|98900|06/01/2024 11:24:20||24340|6796739328|8414256360
26532|0|72641|06/01/2024 18:09:45||15|4390976|5957928
25820|0|31782|06/01/2024 13:16:49||17591|80864291232|171681660864
25765|0|30969|06/01/2024 12:56:27||18813|3677071008|4371521592
24445|0|26935|06/01/2024 03:34:43||52517|16348821576|22367128080
26218|0|40573|06/01/2024 15:54:51||8109|1512884120|1958678608
24669|0|82453|06/01/2024 05:05:50||47050|2669378360|3392898240
25611|0|31422|06/01/2024 11:45:09||23091|12709051752|17298763280
25612|0|66047|06/01/2024 11:44:56||23104|5466461384|6190939776
25743|0|9725|06/01/2024 12:42:56||19624|2240790744|2451828584
26476|0|73845|06/01/2024 17:35:07||2093|106518232|145019448
25613|0|27068|06/01/2024 11:48:17||22903|7631881608|9849873664
25345|0|44729|06/01/2024 09:52:53||29827|4919193752|7168502672
25255|0|10326|06/01/2024 09:14:10||32150|78535189728|188314520512
26533|0|46454|06/01/2024 18:05:56||244|19479824|25600608
25475|0|79621|06/01/2024 10:50:58||26342|2088804240|2547154704
25790|0|6884|06/01/2024 13:03:21||18399|4655871568|6211378720
25556|0|5370|06/01/2024 11:20:56||24544|63913080496|152025708344
24783|0|16276|06/01/2024 05:57:58||43922|7484795240|7851952256
25903|0|11383|06/01/2024 13:47:21||15759|8368894400|9349688816
26096|0|68885|06/01/2024 15:06:21||11019|1140868272|1243937896
26426|0|77556|06/01/2024 17:10:17||3583|261470256|369223312
24855|0|17658|06/01/2024 06:29:21||42039|5806748720|6744601968
26308|0|27336|06/01/2024 16:20:34||6566|1611000472|2272049416
25476|0|60295|06/01/2024 10:54:09||26151|13602863680|17037060216
26097|0|88989|06/01/2024 15:07:41||10939|2006079856|2411971176
26445|0|88728|06/01/2024 17:22:18||2862|372525072|517120720
26309|0|57284|06/01/2024 16:21:13||6527|1267444976|1272501608
24995|0|35340|06/01/2024 07:24:17||38743|4577591104|6268867824
24211|0|88707|06/01/2024 01:59:09||58251|109783383328|317926415616
26195|0|92971|06/01/2024 15:43:02||8818|890115720|954689488
25369|0|88799|06/01/2024 10:07:29||28951|24989203232|19657869744
25416|0|25121|06/01/2024 10:26:36||27804|3428166864|3891433400
25921|0|28599|06/01/2024 13:57:43||15137|277969480|409359272
25211|0|83441|06/01/2024 08:59:11||33049|9194028944|9218326440
24830|0|92612|06/01/2024 06:10:39||43161|10848112440|15948322936
25978|0|34312|06/01/2024 14:14:37||14123|3167663280|4532833896
26273|0|30933|06/01/2024 16:11:37||7103|1460896160|2116997200
26274|0|83343|06/01/2024 16:10:03||7197|3436004792|4991522000
25525|0|64355|06/01/2024 11:13:15||25005|60365303176|144417135792
26402|0|52955|06/01/2024 17:03:27||3993|162600488|234991824
25862|0|52439|06/01/2024 13:34:47||16513|42662531192|96104396552
25391|0|99171|06/01/2024 10:15:25||28475|55193229944|122206628504
25280|0|41802|06/01/2024 09:25:12||31488|2488642632|3128420664
26057|0|47771|06/01/2024 14:52:15||11865|1023659552|1114047104
25170|0|48954|06/01/2024 08:37:48||34332|2423227784|2706981608
25578|0|29673|06/01/2024 11:33:34||23786|81483724896|204724102368
26058|0|3991|06/01/2024 14:51:09||11931|391083096|572839024
25634|0|67795|06/01/2024 11:58:48||22272|2315311016|2686525200
25392|0|92343|06/01/2024 10:12:44||28636|1835853232|1863991584
25951|0|80004|06/01/2024 14:01:48||14892|2301141488|2929099936
26310|0|27619|06/01/2024 16:26:05||6235|1037033952|1249625656
25082|0|44150|06/01/2024 08:06:37||36203|8623712568|11147057664
25137|0|91247|06/01/2024 08:27:44||34936|24316055896|24572008040
26039|0|92469|06/01/2024 14:40:45||12555|989516152|1345719952
25821|0|34605|06/01/2024 13:10:35||17965|20128995048|59124776072
24879|0|38820|06/01/2024 06:38:06||41514|10819620696|14923205448
26275|0|85924|06/01/2024 16:16:42||6798|1683737800|2174857416
25579|0|6957|06/01/2024 11:35:21||23679|72419562360|171506096840
24670|0|59348|06/01/2024 05:01:06||47334|5568235336|8170856520
25212|0|87720|06/01/2024 08:57:18||33162|10682018624|11808521256
25213|0|54025|06/01/2024 08:51:05||33535|18379242136|25766026112
24616|0|75232|06/01/2024 04:47:52||48128|8026582800|8331142440
25953|0|29923|06/01/2024 14:03:53||14767|321580536|352807576
24027|0|33548|06/01/2024 00:33:55||63365|16668972192|24172296680
26196|0|88644|06/01/2024 15:49:30||8430|1696562768|2523174304
25744|0|77054|06/01/2024 12:46:36||19404|28544103376|19505377328
26171|0|41962|06/01/2024 15:33:33||9387|2867605888|4165777104
25863|0|44361|06/01/2024 13:39:57||16203|7007185848|7744022424
25745|0|23222|06/01/2024 12:41:24||19716|3723305600|4680116160
25477|0|10634|06/01/2024 10:53:41||26179|2934553688|3106826152
25635|0|10027|06/01/2024 11:51:53||22687|840035376|905874096
25083|0|68721|06/01/2024 08:00:20||36580|26606391016|28888298896
24286|0|37519|06/01/2024 02:20:57||56943|14865307544|18871266256
26117|0|96649|06/01/2024 15:19:13||10247|5004248824|5147905288
26018|0|73573|06/01/2024 14:39:13||12647|499877856|571059696
25138|0|38356|06/01/2024 08:28:51||34869|4185190496|6120305352
24996|0|7959|06/01/2024 07:29:06||38454|92016602192|206588817920
26446|0|91375|06/01/2024 17:26:43||2597|107203096|114770784
26447|0|41399|06/01/2024 17:23:01||2819|140477640|191735912
25822|0|60347|06/01/2024 13:11:56||17884|782371776|1120629424
24383|0|75481|06/01/2024 03:07:23||54157|29329653424|33626949120
25823|0|47727|06/01/2024 13:14:02||17758|6977602608|8872657176
26098|0|15640|06/01/2024 15:02:05||11275|266655184|311120592
26341|0|88763|06/01/2024 16:32:11||5869|1276306216|1858780872
26147|0|67468|06/01/2024 15:25:29||9871|2346143360|3291574488
24880|0|55223|06/01/2024 06:33:40||41780|27680398016|29008514976
26534|0|56756|06/01/2024 18:05:51||249|11592768|15578872
24571|0|86419|06/01/2024 04:21:18||49722|107735864|113617536
25417|0|79886|06/01/2024 10:23:25||27995|6612828168|8139801616
24947|0|86414|06/01/2024 07:00:10||40190|8252793368|8958743912
26040|0|69115|06/01/2024 14:47:10||12170|60378776|72758568
26172|0|6280|06/01/2024 15:32:01||9479|2391332088|3205120496
26516|0|17534|06/01/2024 17:52:56||1024|308641600|361952992
25282|0|63283|06/01/2024 09:29:33||31227|33881902704|22089167744
25614|0|89997|06/01/2024 11:45:29||23071|73267570488|140596247840
25581|0|73047|06/01/2024 11:37:57||23523|1145484088|1453339688
26059|0|92953|06/01/2024 14:54:57||11703|2315662008|2348086608
26382|0|69672|06/01/2024 16:57:55||4325|122291144|126132976
25954|0|52341|06/01/2024 14:05:08||14692|189564848|232540560
26243|0|19540|06/01/2024 16:07:17||7363|3760772384|4993214000
26517|0|96145|06/01/2024 17:58:08||712|26236000|36095608
25237|0|33806|06/01/2024 09:04:47||32713|9323374280|12081889088
25582|0|39888|06/01/2024 11:30:37||23963|4278733376|5647564848
24057|0|9727|06/01/2024 00:49:30||62430|129895124448|259322116144
26148|0|43637|06/01/2024 15:29:26||9634|2008193808|2701562672
25346|0|18993|06/01/2024 09:59:43||29417|7606887088|9316191416
26173|0|18173|06/01/2024 15:36:24||9216|35938642784|21885798128
26535|0|21573|06/01/2024 18:06:41||199|28999152|29711696
24834|0|42861|06/01/2024 06:10:06||43194|4362061136|5286085248
24997|0|84995|06/01/2024 07:29:37||38423|931931128|1150088600
25438|0|21463|06/01/2024 10:31:22||27518|4798509800|7134932240
24617|0|76826|06/01/2024 04:48:58||48062|2696212552|3591169288
26403|0|84902|06/01/2024 17:03:26||3994|1512095256|1974400040
24973|0|98665|06/01/2024 07:13:44||39376|6603615952|6921344520
26536|0|64277|06/01/2024 18:04:40||320|52430344|55468736
26219|0|7301|06/01/2024 15:57:39||7941|1144564280|1333477032
26342|0|42083|06/01/2024 16:37:21||5559|12228605016|25321542856
25478|0|73608|06/01/2024 10:52:19||26261|13120750472|18026206616
24998|0|21733|06/01/2024 07:28:39||38481|67900373000|193083835328
26404|0|85876|06/01/2024 17:09:44||3616|660942640|717430056
25979|0|7944|06/01/2024 14:11:53||14287|3995800336|5458214952
25239|0|44132|06/01/2024 09:07:07||32573|6431556528|7791578920
24836|0|9119|06/01/2024 06:14:37||42923|31031147432|40816328896
24097|0|77862|06/01/2024 01:04:55||61505|24325475424|25178893744
25583|0|59960|06/01/2024 11:33:48||23772|7973232256|9177603872
24859|0|68473|06/01/2024 06:25:25||42275|7268833440|10881276664
23740|0|31001|05/01/2024 22:26:19||71021|55840020696|60691416176
25703|0|40880|06/01/2024 12:24:49||20711|4353474856|4840623632
25370|0|54327|06/01/2024 10:01:45||29295|1844171024|2573110896
26448|0|63427|06/01/2024 17:25:19||2681|115747264|124566200
26220|0|26030|06/01/2024 15:55:14||8086|2622114728|2713676528
24762|0|65392|06/01/2024 05:46:42||44598|18827045216|21515692384
25704|0|50202|06/01/2024 12:21:18||20922|750458288|987065496
26276|0|25089|06/01/2024 16:13:53||6967|5182633568|7126702688
24718|0|73296|06/01/2024 05:28:31||45689|106129194848|205354837760
25636|0|41825|06/01/2024 11:59:55||22205|708640288|1021811552
25193|0|61911|06/01/2024 08:41:51|06/01/2024 18:04:04|33733|7178467344|9713374048
25256|0|40131|06/01/2024 09:15:27||32073|901274896|1187251704
25980|0|57084|06/01/2024 14:11:52||14288|2440868808|3410177064
26311|0|13628|06/01/2024 16:21:37||6503|1163062008|1233126248
25864|0|85510|06/01/2024 13:32:59||16621|4829407352|7041256096
25347|0|88441|06/01/2024 09:55:01||29699|10031535048|10607332064
25843|0|16738|06/01/2024 13:20:10||17390|2973261688|4025757416
25681|0|95146|06/01/2024 12:19:01||21059|8113944|9806656
26099|0|51155|06/01/2024 15:06:42||10998|291109096|323306688
25042|0|64019|06/01/2024 07:42:30||37650|3134037536|3217303480
23899|0|19792|05/01/2024 23:35:00||66900|28191854432|31787589728
25637|0|93774|06/01/2024 11:52:42||22638|5502155464|7688185680
25440|0|48678|06/01/2024 10:36:47||27193|4550196704|5781271952
24810|0|40487|06/01/2024 06:08:20||43300|21859011864|22375595224
25766|0|90006|06/01/2024 12:59:57||18603|3303704464|3861820672
25064|0|91362|06/01/2024 07:51:33||37107|5076360168|7041481840
24882|0|85395|06/01/2024 06:37:06||41574|4157492256|5397122752
24411|0|9790|06/01/2024 03:14:15|06/01/2024 18:03:47|53372|15315634792|22906702920
25955|0|36677|06/01/2024 14:01:14||14926|646184128|797584032
25214|0|21002|06/01/2024 08:53:29||33391|3154420120|3860887248
25308|0|56994|06/01/2024 09:39:12||30648|1378689424|1477814056
24838|0|34817|06/01/2024 06:13:37||42983|12279765432|13454811440
26002|0|26763|06/01/2024 14:28:28||13292|2379165336|3169735296
25215|0|50925|06/01/2024 08:59:58||33002|63202846944|151734414912
26118|0|91337|06/01/2024 15:15:15||10485|5960340648|6276298152
26449|0|89625|06/01/2024 17:26:04||2636|156621192|189539456
25322|0|57927|06/01/2024 09:44:39||30321|2420022288|3385970552
26312|0|42738|06/01/2024 16:24:46||6314|329701264|387477240
25792|0|55048|06/01/2024 13:02:55||18425|2305414968|2993292232
24595|0|83656|06/01/2024 04:30:59||49141|10044759656|10229812208
24950|0|57316|06/01/2024 07:05:46||39854|8442034720|9057188696
25793|0|27439|06/01/2024 13:02:49||18431|3449638544|4646678976
24384|0|21299|06/01/2024 03:00:24||54576|8292208632|9051553320
24738|0|99802|06/01/2024 05:35:34||45266|4201277992|4268266096
25043|0|13130|06/01/2024 07:49:46||37214|6853141008|7825578720
25559|0|26964|06/01/2024 11:22:16||24464|50588394808|109144032648
25323|0|20340|06/01/2024 09:49:48||30012|6381854912|8085849560
25746|0|66642|06/01/2024 12:47:28||19352|3874998232|5254746704
25418|0|96448|06/01/2024 10:25:12||27888|12129065272|15854800816
25616|0|36110|06/01/2024 11:44:24||23136|5093900896|6249255952
26497|0|10821|06/01/2024 17:42:34||1646|450489576|637068440
25526|0|86044|06/01/2024 11:17:52||24728|4666907592|6771863632
25865|0|48388|06/01/2024 13:32:27||16653|3873099248|4771926520
25659|0|71230|06/01/2024 12:09:41||21619|1828195112|2081474096
25824|0|11355|06/01/2024 13:13:05||17815|572959496|819476768
24975|0|79678|06/01/2024 07:11:59||39481|398194512|597227616
24339|0|20804|06/01/2024 02:40:28||55772|17069342544|20660227184
24058|0|71963|06/01/2024 00:40:23||62977|1712897800|2166909728
25767|0|8331|06/01/2024 12:59:01||18659|924853640|1014283016
24468|0|52713|06/01/2024 03:44:06||51954|32495456072|20742270872
24412|0|26450|06/01/2024 03:12:05||53875|10245001632|12344593664
26003|0|88869|06/01/2024 14:25:11||13489|512780032|638933992
25639|0|48843|06/01/2024 11:54:35||22525|409660520|415383448
26060|0|11544|06/01/2024 14:55:03||11697|3269363296|3441537848
24549|0|14425|06/01/2024 04:15:28||50072|6903416120|7858041920
26149|0|77299|06/01/2024 15:22:30||10050|259554320|279512712
24497|0|86916|06/01/2024 03:50:04||51596|11916235160|15639085216
24385|0|25685|06/01/2024 03:04:05||54355|12267693880|14660259368
24883|0|31414|06/01/2024 06:39:20||41440|14014288992|16801302240
25560|0|61739|06/01/2024 11:29:32||24028|1149755688|1527013672
26498|0|84539|06/01/2024 17:43:27||1593|60669480|78744160
24860|0|13940|06/01/2024 06:24:01||42359|6052661080|6468804600
26174|0|91452|06/01/2024 15:32:06||9474|2256678272|2341398024
25956|0|51410|06/01/2024 14:09:37||14423|1753009480|2363617784
24861|0|62611|06/01/2024 06:25:15||42285|2306680768|2802227120
26277|0|54749|06/01/2024 16:13:05||7015|1562734320|1923382096
26244|0|65216|06/01/2024 16:09:34||7226|4184232936|5603104752
25584|0|97428|06/01/2024 11:30:15||23985|4943152888|6558117168
26450|0|92706|06/01/2024 17:20:58||2942|7185570664|15794605512
26383|0|5022|06/01/2024 16:50:23||4777|7084840992|19914477640
26120|0|4076|06/01/2024 15:14:48||10512|42557560216|93337165928
26197|0|86912|06/01/2024 15:46:03||8637|1342488824|1603443160
24905|0|95892|06/01/2024 06:41:38||41302|11055261312|16002152760
26221|0|14216|06/01/2024 15:59:15||7845|8677699640|9386868680
25283|0|50648|06/01/2024 09:22:55||31625|80517450360|159107606408
25866|0|88486|06/01/2024 13:39:20||16240|8788619016|11935559200
26041|0|69690|06/01/2024 14:48:19||12101|257101512|380914720
25462|0|58138|06/01/2024 10:48:13||26507|3565064312|4518894168
25371|0|44230|06/01/2024 10:05:49||29051|2057455144|2775423384
26278|0|95327|06/01/2024 16:10:39||7161|966279416|568619736
25065|0|35479|06/01/2024 07:57:32||36748|9445681400|9573543432
25723|0|68233|06/01/2024 12:36:32||20008|5286615632|5779317264
24181|0|14836|06/01/2024 01:42:16||59264|81248770480|182427226888
26518|0|7309|06/01/2024 17:59:56||604|1259886368|2684567112
26150|0|78976|06/01/2024 15:29:41||9619|4109242808|6139976992
26537|0|53029|06/01/2024 18:04:08||352|41208360|60341016
24766|0|82427|06/01/2024 05:48:47||44473|31166254848|58716729688
26121|0|51811|06/01/2024 15:11:32||10708|19694903032|49538952952
24648|0|65020|06/01/2024 04:52:57||47823|12639664280|14947134440
26019|0|90478|06/01/2024 14:30:52||13148|4737612056|5473946632
24952|0|62835|06/01/2024 07:02:34||40046|2652963592|3201045776
25705|0|9069|06/01/2024 12:29:26||20434|3082527848|3698691680
25825|0|80460|06/01/2024 13:18:18||17502|5054221160|7410180544
25660|0|60476|06/01/2024 12:06:52||21788|4326885264|6335432760
25216|0|63560|06/01/2024 08:54:39||33321|19117618112|28043748104
25706|0|27227|06/01/2024 12:24:58||20702|3662622152|4806760144
25641|0|70487|06/01/2024 11:57:33||22347|6009563584|8383347672
26405|0|6879|06/01/2024 17:09:28||3632|311642720|403334984
25284|0|87313|06/01/2024 09:23:43||31577|3379961752|3809762240
26477|0|98417|06/01/2024 17:30:40||2360|162278656|184630624
25923|0|70323|06/01/2024 13:55:34||15266|1158215056|1731701920
25794|0|47934|06/01/2024 13:07:07||18173|16574444248|10257379392
26122|0|57723|06/01/2024 15:10:25||10775|822193800|895274704
25527|0|75947|06/01/2024 11:11:38||25102|458460080|551109544
25867|0|88959|06/01/2024 13:36:37||16403|2527618640|3286763528
26279|0|57621|06/01/2024 16:17:56||6724|362619704|493425848
25000|0|21811|06/01/2024 07:21:09||38931|1948996520|2865274176
25285|0|6911|06/01/2024 09:27:06||31374|15856748808|9281250872
23901|0|54831|05/01/2024 23:37:45|06/01/2024 18:06:25|66520|11677948696|16818648216
26538|0|54831|06/01/2024 18:06:56||184|29924048|32751528
26519|0|69945|06/01/2024 17:53:45||975|959774632|1428512648
26539|0|42847|06/01/2024 18:02:59||421|88664464|117501272
25257|0|6427|06/01/2024 09:11:39||32301|531504552|660655888
26151|0|25541|06/01/2024 15:25:59||9841|15029980240|8211343920
25419|0|73867|06/01/2024 10:26:11||27829|2719557464|2916924232
26384|0|5332|06/01/2024 16:51:57||4683|987868944|1048730320
25795|0|47809|06/01/2024 13:02:38||18442|2458145432|3657751528
25420|0|62011|06/01/2024 10:26:57||27783|58155738456|131273164128
26004|0|11854|06/01/2024 14:24:06||13554|5229887256|6173598368
26020|0|62865|06/01/2024 14:32:44||13036|44408741000|101233835664
25286|0|28891|06/01/2024 09:24:31||31529|1284000448|1337220024
26406|0|75798|06/01/2024 17:08:41||3679|941364776|980392784
26385|0|87270|06/01/2024 16:53:11||4609|47327968|52653976
25421|0|19406|06/01/2024 10:29:02||27658|2280935952|3346621792
25845|0|57415|06/01/2024 13:29:05||16855|4533205744|5789615400
24721|0|86546|06/01/2024 05:20:24||46176|4655747208|6897238712
26198|0|82423|06/01/2024 15:45:53||8647|1540522616|2138185712
25442|0|49032|06/01/2024 10:32:06||27474|5121145648|7150500264
26222|0|87024|06/01/2024 15:53:47||8173|1065986584|1190780072
25724|0|3992|06/01/2024 12:30:03||20397|3478917904|4960397512
25172|0|72308|06/01/2024 08:39:27||34233|73127995152|209683903296
26540|0|57089|06/01/2024 18:05:05||295|124566384|158452856
25846|0|50307|06/01/2024 13:27:35||16945|2136555368|2592413008
26199|0|36401|06/01/2024 15:46:49||8591|4555770296|5578259608
24699|0|83725|06/01/2024 05:17:21||46359|6400764752|9004265584
25241|0|13835|06/01/2024 09:06:42||32598|1431453104|2022146176
25528|0|52676|06/01/2024 11:15:30||24870|5039053200|7171542704
25115|0|41731|06/01/2024 08:12:51||35829|4111024840|4506800504
26427|0|93921|06/01/2024 17:16:13||3227|539928736|576771408
26100|0|61155|06/01/2024 15:01:54||11286|32402839080|62997898064
26428|0|50025|06/01/2024 17:10:03||3597|14301389712|26885831096
26245|0|54615|06/01/2024 16:09:25||7235|3265402328|4729757944
25142|0|70544|06/01/2024 08:26:28||35012|10279969544|13503367192
24671|0|22056|06/01/2024 05:07:11||46969|7713928064|10381123608
26246|0|73120|06/01/2024 16:02:35||7645|2916473056|3757847104
26451|0|6561|06/01/2024 17:29:28||2432|186081728|257061840
26062|0|44253|06/01/2024 14:57:18||11562|534748968|557819912
26101|0|43310|06/01/2024 15:08:25||10895|1709194064|1724293216
23967|0|19697|06/01/2024 00:00:27||65373|22484735264|29657193944
25747|0|54872|06/01/2024 12:49:30||19230|85961901264|168505399104
25748|0|84742|06/01/2024 12:49:02||19258|2903593344|4164850848
25661|0|85209|06/01/2024 12:05:39||21861|1445363144|2068092296
26063|0|78717|06/01/2024 14:52:24||11856|573540016|635074392
24977|0|83204|06/01/2024 07:18:57||39063|5472401208|7109265584
25373|0|82698|06/01/2024 10:07:53||28927|3043329384|3510021632
24767|0|26199|06/01/2024 05:42:16||44864|97006978040|211262604448
26280|0|82079|06/01/2024 16:14:46||6914|6434828440|7334721872
25826|0|99286|06/01/2024 13:16:25||17615|6852638496|6923659072
24448|0|88834|06/01/2024 03:30:36||52764|11668561224|16911445960
25924|0|41389|06/01/2024 13:50:17||15583|36453241128|102094606440
26478|0|92674|06/01/2024 17:33:07||2213|344717128|372809920
26541|0|82437|06/01/2024 18:00:50||550|215139936|257177016
25173|0|61623|06/01/2024 08:30:40||34760|11111892424|12476251352
26479|0|35393|06/01/2024 17:33:46||2174|261443144|265099928
25796|0|94644|06/01/2024 13:09:04||18056|4742948512|5519490024
26452|0|98465|06/01/2024 17:28:29||2491|145200552|183386336
24620|0|82855|06/01/2024 04:49:57||48003|13136219904|16912939400
25981|0|5372|06/01/2024 14:19:09||13851|3807053960|5694456600
25683|0|14459|06/01/2024 12:11:46||21494|2322971344|2440287832
26223|0|37387|06/01/2024 15:52:31||8249|217780968|294878240
25394|0|25393|06/01/2024 10:16:44||28396|18261695928|19498293936
25725|0|32548|06/01/2024 12:34:52||20108|4223623552|6095812336
25750|0|30816|06/01/2024 12:44:25||19535|4256963712|4493187416
26123|0|46481|06/01/2024 15:13:39||10581|6407481592|8258907816
26480|0|62682|06/01/2024 17:34:31||2129|280294752|349730368
25847|0|18337|06/01/2024 13:23:44||17176|11885856912|15206131064
25349|0|39283|06/01/2024 09:58:32||29488|1381859000|1477078424
24979|0|49972|06/01/2024 07:15:44||39256|10876887280|12556013168
26200|0|98102|06/01/2024 15:46:51||8589|1414463536|1470798552
26247|0|79969|06/01/2024 16:06:18||7422|5176548648|6243680816
25586|0|38044|06/01/2024 11:35:51||23649|77828603360|147213873008
25684|0|38520|06/01/2024 12:11:53||21487|4374746640|6200187056
25044|0|92001|06/01/2024 07:49:32||37228|29780921384|36014368352
26201|0|32304|06/01/2024 15:43:32||8788|1455144680|1755266016
25769|0|23312|06/01/2024 12:56:21||18819|27921381736|77906899560
25258|0|28738|06/01/2024 09:14:25||32135|1659618352|2417990568
25957|0|87341|06/01/2024 14:09:08||14452|863777152|1202814232
25561|0|86936|06/01/2024 11:26:30||24210|51609256120|104002280624
24650|0|8409|06/01/2024 04:51:23||47917|5496561136|5983795320
24925|0|20031|06/01/2024 06:54:54||40506|5610422912|7399629136
26281|0|95178|06/01/2024 16:16:06||6834|1851345856|2109503720
25797|0|84421|06/01/2024 13:00:15||18585|1559203856|2313273120
26224|0|43037|06/01/2024 15:51:49||8291|1828288432|2678601888
26064|0|44799|06/01/2024 14:55:45||11655|2381445696|2985553016
26006|0|73988|06/01/2024 14:25:47||13453|29946412472|67264069816
24154|0|75523|06/01/2024 01:37:42||59538|982903088|1070574104
26175|0|65673|06/01/2024 15:31:33||9507|8341947064|11787688944
25926|0|98097|06/01/2024 13:58:33||15087|4570664944|6791072824
26225|0|24060|06/01/2024 15:53:10||8210|207972968|272624984
25374|0|11651|06/01/2024 10:04:21||29139|1404668432|1737759768
26520|0|20167|06/01/2024 17:57:32||748|101785816|103500360
26176|0|74631|06/01/2024 15:36:27||9213|29254636456|66656195360
25259|0|17532|06/01/2024 09:12:13||32267|3040103704|4110005592
26453|0|98547|06/01/2024 17:22:12||2868|90865968|116243032
25443|0|77479|06/01/2024 10:30:17||27583|4228444392|5362718080
26521|0|94328|06/01/2024 17:51:28||1112|424565664|506759480
26248|0|10836|06/01/2024 16:05:40||7460|1697172816|1989214512
25726|0|57796|06/01/2024 12:37:10||19970|3282999592|4570051752
26177|0|3862|06/01/2024 15:38:23||9097|693556192|821547560
25217|0|91395|06/01/2024 08:55:02||33298|2304774544|2369436424
25562|0|83858|06/01/2024 11:21:57||24483|2058413776|2742075360
25663|0|86841|06/01/2024 12:06:25||21815|42484528|51516664
24885|0|24050|06/01/2024 06:31:32||41908|96735090712|246304307552
25463|0|52234|06/01/2024 10:41:53||26887|1515840616|1867502000
26386|0|52485|06/01/2024 16:53:38||4582|376324472|389235032
26360|0|41079|06/01/2024 16:42:30||5250|1601752200|1771780832
25505|0|65096|06/01/2024 11:07:47||25333|17484657944|17945726248
25529|0|57543|06/01/2024 11:14:01||24959|22380222752|29414238112
24814|0|54758|06/01/2024 06:04:16||43544|12769454384|14737167880
25530|0|88082|06/01/2024 11:10:49||25151|1839109616|2677786800
26226|0|95089|06/01/2024 15:58:57||7863|5107087960|6226237280
26454|0|69994|06/01/2024 17:23:52||2768|142043296|144899392
25563|0|53942|06/01/2024 11:21:04||24536|12966961024|13234323544
23903|0|89187|05/01/2024 23:30:59||67141|2625392584|3817954280
26227|0|73332|06/01/2024 15:56:17||8023|1863185808|2293332568
26124|0|62677|06/01/2024 15:19:39||10221|946109424|1248242912
25564|0|93299|06/01/2024 11:22:24||24456|2342395128|2785551168
24621|0|58524|06/01/2024 04:45:40||48260|3283171760|4881665192
23950|0|49925|05/01/2024 23:57:07|06/01/2024 18:02:52|65145|9223706512|11303720760
26007|0|51746|06/01/2024 14:25:37||13463|335340568|357392192
24672|0|12466|06/01/2024 05:02:39||47241|4423419232|6227101848
24290|0|24091|06/01/2024 02:22:16||56864|1683580072|1776785904
25326|0|87395|06/01/2024 09:41:58||30482|3207077760|3511785360
25395|0|41832|06/01/2024 10:18:25||28295|4772601976|5152991808
26228|0|6143|06/01/2024 15:54:24||8136|1447335896|1512853784
25350|0|43267|06/01/2024 09:50:50||29950|39423207160|22837800376
25642|0|50780|06/01/2024 11:54:27||22533|1569935904|1814364648
24316|0|57108|06/01/2024 02:31:55||56285|32209190872|33484660520
25770|0|88911|06/01/2024 12:54:11||18949|65521333736|153186879504
26313|0|91423|06/01/2024 16:27:14||6166|2165922528|2974638304
26343|0|77493|06/01/2024 16:35:44||5656|423230808|584992968
25196|0|5298|06/01/2024 08:45:43||33857|5856666240|7086020848
26361|0|58102|06/01/2024 16:44:24||5136|184613592|192448760
25242|0|43201|06/01/2024 09:02:36||32844|10778609744|12158575856
26282|0|99181|06/01/2024 16:10:29||7171|1258511488|1553295784
24529|0|19829|06/01/2024 04:07:30||50550|1942600296|2868646064
25444|0|33153|06/01/2024 10:32:00||27480|17594804088|20365251768
26481|0|7558|06/01/2024 17:33:28||2192|787046976|793726248
26407|0|60463|06/01/2024 17:02:06||4074|3790460752|4375431656
26314|0|85769|06/01/2024 16:26:17|06/01/2024 18:03:26|5829|1688832160|2218664704
26542|0|85769|06/01/2024 18:03:54||366|117830704|149576488
25928|0|98240|06/01/2024 13:55:26||15274|19018968424|40726409424
25868|0|51344|06/01/2024 13:36:37||16403|6105053616|7943289824
26522|0|91669|06/01/2024 17:58:20||700|164732216|170619504
25144|0|29100|06/01/2024 08:23:46||35174|9498154576|10506252072
26315|0|97371|06/01/2024 16:26:15||6225|49376960|49760440
25351|0|85520|06/01/2024 09:56:56||29584|24874580672|51188510344
25218|0|79305|06/01/2024 08:53:12||33408|5618740784|7105610976
26499|0|91634|06/01/2024 17:44:57||1503|216976864|232372600
25445|0|12052|06/01/2024 10:33:38||27382|5045348144|7222051688
26021|0|13720|06/01/2024 14:35:17||12883|1191577280|1457487672
26250|0|75206|06/01/2024 16:09:30||7230|11506907944|32589813904
26408|0|71985|06/01/2024 17:03:08||4012|151978272|198318000
26283|0|15423|06/01/2024 16:13:33||6987|4773535264|5488092320
24981|0|78045|06/01/2024 07:17:53||39127|691474344|806079832
24700|0|15742|06/01/2024 05:17:35||46345|7772222784|11543049032
25422|0|25899|06/01/2024 10:20:14||28186|1855072008|2115202576
25929|0|92029|06/01/2024 13:57:10||15170|3053450856|3102203880
26102|0|29236|06/01/2024 15:01:11||11329|3684561056|4110311136
25028|0|77649|06/01/2024 07:31:37||38303|12622030184|13766044216
26482|0|71455|06/01/2024 17:38:10||1910|131796280|189604576
25197|0|72586|06/01/2024 08:45:53||33847|124654655440|255663232912
26178|0|66485|06/01/2024 15:31:05||9535|1117756416|1642198464
24743|0|50442|06/01/2024 05:39:07||45053|13544686496|17945274152
25219|0|81304|06/01/2024 08:57:29||33151|22904800616|30442790976
26362|0|13627|06/01/2024 16:46:15||5025|820198920|901920456
26409|0|58968|06/01/2024 17:06:03||3837|214911464|249012760
25220|0|29163|06/01/2024 08:54:58||33302|1779597080|1880570112
24429|0|38182|06/01/2024 03:26:25||53015|22463552400|29491606424
25507|0|32575|06/01/2024 11:04:37||25523|3311232088|4247246872
26202|0|10817|06/01/2024 15:41:33||8907|7088866440|7214905352
25587|0|4296|06/01/2024 11:39:38||23422|7215403168|9764084032
25827|0|26203|06/01/2024 13:11:24||17916|1745115808|2492513144
24841|0|5238|06/01/2024 06:10:01||43199|20092690760|22246521200
26179|0|91252|06/01/2024 15:33:43||9377|2948832968|3368802312
26410|0|58992|06/01/2024 17:02:31||4049|59133368|61397896
24726|0|48037|06/01/2024 05:25:20||45880|7196173184|7770248176
26455|0|86483|06/01/2024 17:22:11||2869|378566264|447726184
26251|0|66806|06/01/2024 16:03:44||7576|2736861976|3903567904
25686|0|58654|06/01/2024 12:14:37||21323|58340510376|154968189248
23856|0|71739|05/01/2024 23:10:04||68396|173428832928|493528882840
24318|0|93577|06/01/2024 02:37:21||55959|18438180216|21072352176
26229|0|83444|06/01/2024 15:58:06||7914|908616456|1042084576
25617|0|57000|06/01/2024 11:41:59||23281|24655232920|13918718080
25771|0|8779|06/01/2024 12:52:59||19021|3336519360|3479503096
26252|0|5526|06/01/2024 16:03:21||7599|3703341472|3712563312
26483|0|43049|06/01/2024 17:33:41||2179|2757544608|2158220264
26523|0|78022|06/01/2024 17:52:20||1060|57597312|65298144
24927|0|61527|06/01/2024 06:50:02||40798|9465179936|12859350072
26429|0|64240|06/01/2024 17:19:51||3009|235006536|251936392
26456|0|11819|06/01/2024 17:25:04||2696|122446888|174537536
26203|0|38992|06/01/2024 15:46:58||8582|1851329872|2600189968
25849|0|51283|06/01/2024 13:28:44||16876|2589838576|3458213536
25260|0|48358|06/01/2024 09:10:19||32381|4715871376|6626610968
25644|0|25496|06/01/2024 11:56:31||22409|2148168920|2231355240
24473|0|37594|06/01/2024 03:42:41||52039|2171905800|2270143256
26152|0|99055|06/01/2024 15:23:22||9998|6695632008|4835844552
26500|0|52740|06/01/2024 17:40:26||1774|407518944|431581192
26344|0|10788|06/01/2024 16:33:51||5769|11914839024|33157406920
26284|0|8062|06/01/2024 16:11:22||7118|1504779928|2170795712
25869|0|51998|06/01/2024 13:30:30||16770|5020428312|6389102472
25958|0|60316|06/01/2024 14:08:39||14481|3768876192|5092682976
25532|0|55761|06/01/2024 11:15:35||24865|86327847336|174195408712
26008|0|84826|06/01/2024 14:28:49||13271|831430944|933244936
25828|0|77115|06/01/2024 13:19:43||17417|1328877952|1516296176
26022|0|69735|06/01/2024 14:35:50||12850|2026135720|2266709264
26457|0|50506|06/01/2024 17:20:42||2958|202692104|293840352
25533|0|76230|06/01/2024 11:18:52||24668|7920959704|10548064136
26125|0|9300|06/01/2024 15:18:19||10301|2454761296|3335951432
24954|0|45174|06/01/2024 07:02:58||40022|12171897160|13849372616
24368|0|69355|06/01/2024 02:57:53||54727|4082136112|5406241232
26043|0|41850|06/01/2024 14:46:24||12216|630230624|837668904
25930|0|98194|06/01/2024 13:52:06||15474|682404608|897190616
25665|0|40103|06/01/2024 12:00:20||22180|11741022464|16112081400
25905|0|18851|06/01/2024 13:48:45||15675|2165881712|2972434720
25375|0|74918|06/01/2024 10:08:24||28896|10757079424|11855668736
25480|0|52977|06/01/2024 10:53:26||26194|3265659616|4001576416
25798|0|90604|06/01/2024 13:06:57||18183|4214404200|5572044968
24369|0|10372|06/01/2024 02:52:47||55033|10404008000|14652245528
25396|0|38989|06/01/2024 10:12:59|06/01/2024 18:08:42|28543|4881392336|5514311200
26153|0|57109|06/01/2024 15:25:53||9847|1919157608|2224693464
24792|0|87346|06/01/2024 05:55:34||44066|5525067648|6049644056
26285|0|73648|06/01/2024 16:15:10||6890|2813185792|3418503576
24235|0|71532|06/01/2024 02:07:34||57746|6941905512|10398848432
26044|0|33020|06/01/2024 14:48:36||12084|1987453248|1998342648
26009|0|73318|06/01/2024 14:26:26||13414|3421804072|3788205944
26023|0|62807|06/01/2024 14:39:16||12644|1242019408|1565899024
26154|0|74728|06/01/2024 15:29:21||9639|3871862264|5655985224
24843|0|77675|06/01/2024 06:14:14||42946|3055428896|4169892064
25687|0|14526|06/01/2024 12:15:27||21273|5932741688|8796966216
25288|0|41286|06/01/2024 09:24:02||31558|12885029456|19036798432
24702|0|31054|06/01/2024 05:12:04||46676|5476706248|8199954008
25727|0|37021|06/01/2024 12:36:19||20021|2467536824|3355189184
26024|0|59541|06/01/2024 14:34:16||12944|528345168|561857944
25799|0|73320|06/01/2024 13:06:42||18198|3442716664|4963656312
25618|0|32456|06/01/2024 11:45:31||23069|3967154728|5099355800
24157|0|47997|06/01/2024 01:30:47||59953|4502253512|6252736272
24727|0|50867|06/01/2024 05:27:38||45742|788102088|1101385008
26180|0|96249|06/01/2024 15:34:42||9318|10535280432|28027528144
26230|0|61819|06/01/2024 15:54:46||8114|499789536|704492680
24190|0|61221|06/01/2024 01:41:32|06/01/2024 18:03:45|58933|8743708808|12545137384
26543|0|61221|06/01/2024 18:04:40||320|39538688|50328960
25870|0|89958|06/01/2024 13:39:48||16212|1068682768|1530767328
25243|0|53347|06/01/2024 09:07:15||32565|4878517912|5907390784
25446|0|82959|06/01/2024 10:34:32||27328|4731075192|4915643912
25447|0|96027|06/01/2024 10:30:23||27577|3824938800|4516868208
26126|0|4867|06/01/2024 15:16:57||10383|13538226304|8442666416
25244|0|50071|06/01/2024 09:09:36||32424|13994282344|20464188624
24191|0|84148|06/01/2024 01:46:15||59025|4123780800|4455755256
26155|0|77085|06/01/2024 15:22:30||10050|7405513128|20904341016
24867|0|99342|06/01/2024 06:25:12||42288|21447397432|22229339000
26387|0|33874|06/01/2024 16:55:02||4498|379628928|424663992
25069|0|7030|06/01/2024 07:53:43||36977|89410663336|240128284408
25772|0|83628|06/01/2024 12:53:59||18961|7168124872|7271476912
26156|0|51188|06/01/2024 15:23:10||10010|1081301240|1549407496
26157|0|93708|06/01/2024 15:25:54||9846|2575451904|3304489248
24039|0|70282|06/01/2024 00:32:50||63430|9283111456|13603442768
25773|0|72619|06/01/2024 12:58:46||18674|43371961552|106721350304
26103|0|45898|06/01/2024 15:04:53||11107|15233385792|8890505504
25751|0|49538|06/01/2024 12:48:13||19307|5574954928|5797818976
26204|0|37349|06/01/2024 15:46:48||8592|25487307920|54372056632
26316|0|53235|06/01/2024 16:29:00||6060|4337064664|10683448416
25175|0|78439|06/01/2024 08:35:52||34448|10608538544|13617563296
25800|0|93704|06/01/2024 13:08:50||18070|2083441056|2229087824
25465|0|8183|06/01/2024 10:41:04||26936|9688513592|10552607216
25666|0|12671|06/01/2024 12:09:17||21643|4786134920|6959595248
24793|0|43443|06/01/2024 05:50:57||44343|2390483800|2414064672
25907|0|21420|06/01/2024 13:44:18||15942|5342558904|5611835800
25688|0|14586|06/01/2024 12:14:39||21321|354413784|516326424
26317|0|55807|06/01/2024 16:22:32||6448|5774374712|7237071952
26066|0|98312|06/01/2024 14:52:49||11831|512189936|621255568
25261|0|64198|06/01/2024 09:16:58||31982|11271776024|15341198224
24888|0|95348|06/01/2024 06:36:36||41604|22649336856|23193702776
26104|0|38338|06/01/2024 15:07:42||10938|3404638144|4571103408
26129|0|49374|06/01/2024 15:11:09||10731|2491227640|2857286936
26286|0|45454|06/01/2024 16:12:25||7055|19806386672|44194006728
26181|0|34760|06/01/2024 15:33:53||9367|3562633784|4288015728
25221|0|54849|06/01/2024 08:54:39||33321|17683387320|19686262312
26430|0|35027|06/01/2024 17:18:17||3103|85990704|91629632
26130|0|92786|06/01/2024 15:11:38||10702|2291415168|2901680128
25311|0|92903|06/01/2024 09:39:59||30601|70727797848|204357369120
24501|0|58204|06/01/2024 03:56:27||51213|7453588312|9949261344
26067|0|74424|06/01/2024 14:57:37||11543|15188598288|9940928728
25802|0|55039|06/01/2024 13:09:37||18023|5050980224|6101728824
25959|0|98373|06/01/2024 14:05:21||14679|965774144|969374360
25176|0|22040|06/01/2024 08:30:18||34782|8128790944|9801025064
25086|0|5980|06/01/2024 08:07:00||36180|9593900200|9658813832
25588|0|56618|06/01/2024 11:31:57||23883|1690780800|2170339976
26411|0|59622|06/01/2024 17:03:07||4013|2199983200|2513897952
25177|0|20751|06/01/2024 08:37:58||34322|14847255592|15024021288
24676|0|58689|06/01/2024 05:08:05||46915|9763368216|14492125304
25312|0|53605|06/01/2024 09:39:43||30617|2055975528|2625165408
26158|0|9867|06/01/2024 15:23:04||10016|531675904|659968112
24578|0|75299|06/01/2024 04:22:12||49668|10302097800|10825085440
24844|0|39330|06/01/2024 06:17:18||42762|6699655200|9778127640
24503|0|7520|06/01/2024 03:50:27||51573|1889499528|2436262016
26131|0|78553|06/01/2024 15:16:01||10439|7438383224|10998611952
25931|0|85187|06/01/2024 13:51:57||15483|1392229976|2896787600
24982|0|33929|06/01/2024 07:12:32||39448|17393094696|22952415864
25534|0|80530|06/01/2024 11:16:11||24829|1088064448|1294115888
26363|0|24083|06/01/2024 16:49:27||4833|347636120|390320960
26132|0|41749|06/01/2024 15:15:28||10472|2017046768|2572748680
25048|0|75433|06/01/2024 07:47:51||37329|20013728536|23117989712
26544|0|47638|06/01/2024 18:03:59||361|65246864|78381632
25005|0|72960|06/01/2024 07:24:20||38740|1987529288|2557427288
26412|0|47991|06/01/2024 17:02:59||4021|9755169240|20525882624
26287|0|63519|06/01/2024 16:16:48||6792|3374530440|3570771592
26288|0|27053|06/01/2024 16:17:09||6771|2896848968|3110118264
26159|0|82153|06/01/2024 15:28:35||9685|4305884808|6410642488
25645|0|18965|06/01/2024 11:55:43||22457|1515377864|1947947544
26364|0|87016|06/01/2024 16:49:35||4825|482524008|627363736
24597|0|37108|06/01/2024 04:34:03||48957|2290100936|2462365712
25146|0|81904|06/01/2024 08:23:24||35196|8165298384|8547768480
26133|0|10813|06/01/2024 15:13:41||10579|1284168784|1727571736
25646|0|25365|06/01/2024 11:57:35||22345|1490307984|1550197848
24654|0|80005|06/01/2024 04:58:29||47491|3275034704|3990950248
24655|0|55547|06/01/2024 04:54:41||47719|604385248|885865784
24769|0|8416|06/01/2024 05:41:19||44921|22742221792|28365112992
26182|0|93018|06/01/2024 15:36:21||9219|974969800|1361050800
26345|0|41634|06/01/2024 16:38:11||5509|382008296|452425464
25007|0|68333|06/01/2024 07:20:17||38983|1805175592|2034613024
25871|0|49345|06/01/2024 13:30:39||16761|6971648192|9968021016
25088|0|74794|06/01/2024 08:03:55||36365|75791700744|206572792248
25619|0|95843|06/01/2024 11:49:58||22802|608162736|609976608
25119|0|26733|06/01/2024 08:18:11||35509|4805322808|5462207496
25481|0|90629|06/01/2024 10:55:36||26064|12799961480|15022281336
24794|0|53099|06/01/2024 05:53:31||44189|3294548384|3502875128
26365|0|55895|06/01/2024 16:41:49||5291|1735149320|1896608744
26134|0|97886|06/01/2024 15:17:33||10347|1757774504|1961274120
26135|0|83793|06/01/2024 15:16:01||10439|5890976424|7024864768
24373|0|78069|06/01/2024 02:53:12||55008|5895181432|7554889936
26413|0|86872|06/01/2024 17:09:03||3657|56139872|75657600
26458|0|82452|06/01/2024 17:22:29||2851|9127892816|21502936576
26068|0|46123|06/01/2024 14:59:58||11402|263774448|270960768
25289|0|78328|06/01/2024 09:29:00||31260|53479591384|125619126904
25667|0|68537|06/01/2024 12:00:11||22189|1833238800|1846677288
25728|0|52004|06/01/2024 12:33:05||20215|16504525520|36483500264
25290|0|74991|06/01/2024 09:24:42||31518|16083806416|19284642320
25850|0|25915|06/01/2024 13:29:41||16819|434974784|624348656
26010|0|30630|06/01/2024 14:28:16||13304|4779324792|5975804528
25961|0|13046|06/01/2024 14:00:47||14953|6986137840|9310171960
25872|0|74651|06/01/2024 13:30:07||16793|573406432|835279248
25729|0|64768|06/01/2024 12:30:15||20385|2013950848|2195267632
26045|0|78433|06/01/2024 14:49:22||12038|202127832|239088624
24656|0|18618|06/01/2024 04:51:37||47903|2468758032|2476746216
24746|0|95706|06/01/2024 05:30:38||45562|872904592|1039365832
25148|0|14275|06/01/2024 08:23:06||35214|1963845160|2056326472
24239|0|26605|06/01/2024 02:03:39||57981|116495281480|336399701960
25120|0|32244|06/01/2024 08:18:38||35482|11686893856|14847824048
26414|0|17759|06/01/2024 17:05:36||3864|1301260632|1421069888
25008|0|81939|06/01/2024 07:22:33||38847|1702140648|1902058272
26318|0|95893|06/01/2024 16:26:48||6192|140731048|190613096
26160|0|48767|06/01/2024 15:27:47||9733|413600632|589049352
26501|0|72896|06/01/2024 17:43:29||1591|650818184|738148704
25932|0|38388|06/01/2024 13:52:20||15460|3492209976|4638787432
26069|0|39302|06/01/2024 14:59:17||11443|38905907352|93467450736
25399|0|25702|06/01/2024 10:10:20||28780|6427776128|8539992752
24579|0|62739|06/01/2024 04:29:42|06/01/2024 18:02:21|48759|1143797776|1623486336
24320|0|14554|06/01/2024 02:32:15||56265|5078510264|6591702024
26319|0|61330|06/01/2024 16:23:07||6413|31845616|46699920
25482|0|99359|06/01/2024 10:55:19||26081|14692122416|20681279568
24554|0|37105|06/01/2024 04:13:08||50212|12409783816|16719877992
24088|0|35076|06/01/2024 00:52:03|06/01/2024 18:00:13|61690|2862525416|3263584440
24415|0|13025|06/01/2024 03:16:38||53602|29816798536|29888478192
24532|0|20312|06/01/2024 04:05:07||50693|9004618048|12069093000
24910|0|65677|06/01/2024 06:48:55||40865|2066603080|2931431136
25400|0|88015|06/01/2024 10:17:00||28380|7098802816|7598513272
24347|0|22916|06/01/2024 02:45:42||55458|1537445696|1659060128
26161|0|16674|06/01/2024 15:23:23||9997|1770118784|2160538504
25933|0|69848|06/01/2024 13:55:07||15293|11115136400|12239972816
25149|0|39740|06/01/2024 08:23:21||35199|7845039960|9592007720
25029|0|16695|06/01/2024 07:32:19||38261|5339044568|6095129936
25829|0|35713|06/01/2024 13:19:13||17447|12136919400|12376359680
25668|0|90732|06/01/2024 12:00:00||22200|1584155664|2043912296
25565|0|81038|06/01/2024 11:22:27||24453|13897052960|13904730208
25934|0|31251|06/01/2024 13:54:14||15346|767244280|951114432
26431|0|97925|06/01/2024 17:14:33||3327|55648768|77859848
25830|0|29649|06/01/2024 13:13:19||17801|27529097056|54101224504
24457|0|79407|06/01/2024 03:39:44||52216|33025103704|42250370552
25403|0|14697|06/01/2024 10:14:48||28512|8027809376|8401286656
25466|0|6399|06/01/2024 10:40:20||26980|6112394248|7407651016
24796|0|6662|06/01/2024 05:58:33||43887|26991633576|27216815024
26070|0|16812|06/01/2024 14:54:04||11756|1228893296|1651422600
25510|0|84806|06/01/2024 11:09:31||25229|1542837872|1890524848
24894|0|35461|06/01/2024 06:31:13||41927|4147493936|4746160720
26253|0|19079|06/01/2024 16:07:06||7374|11879633480|8255867008
26415|0|71562|06/01/2024 17:09:20||3640|7797283936|20610619928
25379|0|12088|06/01/2024 10:08:39||28881|4386092056|5277695944
25935|0|40681|06/01/2024 13:52:40||15440|10851438568|6334238240
26459|0|78684|06/01/2024 17:21:50||2890|385945040|392284272
24931|0|62028|06/01/2024 06:58:00||40320|9994196136|13064211120
26289|0|41706|06/01/2024 16:16:25||6815|206613200|296577328
24160|0|55644|06/01/2024 01:34:55||59705|6890070016|8778493312
24960|0|40283|06/01/2024 07:01:47||40093|2358553704|3384733512
24393|0|56746|06/01/2024 03:05:12||54288|12299909120|13292388472
26011|0|75667|06/01/2024 14:26:13||13427|12143213440|35575478016
24533|0|88332|06/01/2024 04:01:49||50891|3942211552|4208873352
26320|0|73186|06/01/2024 16:20:36||6564|813205280|967129632
26205|0|41227|06/01/2024 15:49:21||8439|344598008|383813744
25831|0|42205|06/01/2024 13:10:12||17988|2180640952|2856956176
25483|0|96286|06/01/2024 10:55:31||26069|8646039024|12951194896
25752|0|94788|06/01/2024 12:49:22||19238|10799795600|11476949040
24623|0|4517|06/01/2024 04:40:44||48556|132994651728|310397691464
24107|0|95901|06/01/2024 01:04:03|06/01/2024 18:06:38|61355|2458141856|2883645408
24241|0|81789|06/01/2024 02:08:48||57672|2889581128|3933481784
25484|0|67461|06/01/2024 10:52:40|06/01/2024 18:05:09|25949|259717648|333866552
25936|0|42912|06/01/2024 13:58:41||15079|2721437432|3540072208
26071|0|93168|06/01/2024 14:50:58||11942|1445536056|1799663600
25352|0|46995|06/01/2024 09:57:33||29547|1695247328|2264507688
26366|0|90959|06/01/2024 16:44:08||5152|3060584432|4208697024
23864|0|71511|05/01/2024 23:14:15||68145|20362655528|28418591056
26025|0|34953|06/01/2024 14:34:14||12946|191222136|264476224
25774|0|26346|06/01/2024 12:56:13||18827|2517091744|3428260424
26321|0|75914|06/01/2024 16:22:50||6430|201768136|240218320
25404|0|26218|06/01/2024 10:17:33||28347|8891145016|10381268288
25121|0|39011|06/01/2024 08:14:13||35747|1344949464|1549613864
25536|0|4972|06/01/2024 11:12:05||25075|9825199920|12987701840
25908|0|79268|06/01/2024 13:42:25||16055|7092999936|7958184992
24677|0|62744|06/01/2024 05:01:44||47296|27088503376|19259110960
25648|0|17728|06/01/2024 11:56:49||22391|337447392|393466952
26072|0|74386|06/01/2024 14:51:33||11907|940815064|1261274520
23837|0|87954|05/01/2024 23:06:45||68595|11551375272|13670020640
25224|0|65088|06/01/2024 08:58:54||33066|20660753432|27643062336
25009|0|89551|06/01/2024 07:28:48|06/01/2024 18:06:39|38271|9297464744|9444770168
26545|0|89551|06/01/2024 18:07:09||171|45373784|62947576
25449|0|13907|06/01/2024 10:32:37||27443|206503832|256101792
25537|0|48714|06/01/2024 11:14:55||24905|3119279152|3184050968
26367|0|66299|06/01/2024 16:42:55||5225|14424790744|41848479552
26026|0|82516|06/01/2024 14:33:35||12985|3992673072|5325769688
25291|0|25789|06/01/2024 09:26:34||31406|7024494360|8366600272
25330|0|99134|06/01/2024 09:43:17||30403|6251134576|6336455480
25804|0|98009|06/01/2024 13:04:34||18326|9074915848|13046427696
25985|0|66200|06/01/2024 14:18:57||13863|728312632|930951152
23933|0|67216|05/01/2024 23:46:14||66226|20353399240|23728342864
25450|0|22741|06/01/2024 10:32:32||27448|10347234400|13691265464
25669|0|25673|06/01/2024 12:03:06||22014|2095802632|2361437912
25909|0|48483|06/01/2024 13:46:00||15840|969471544|1259081016
26046|0|69341|06/01/2024 14:47:25||12155|395115432|400635320
24580|0|53107|06/01/2024 04:23:10||49610|130255365096|307837620272
26368|0|38932|06/01/2024 16:44:11||5149|6043595888|18123010696
25538|0|70346|06/01/2024 11:10:38||25162|5024882464|5350244064
24243|0|84443|06/01/2024 02:09:45||57615|2211515120|2276271256
26460|0|42168|06/01/2024 17:26:33||2607|227560408|295476376
25539|0|27211|06/01/2024 11:17:14||24766|820805712|1174926816
26546|0|59806|06/01/2024 18:06:28||212|37668224|53746480
24868|0|64838|06/01/2024 06:24:37||42323|59241245368|162245840968
26346|0|23892|06/01/2024 16:36:17||5623|1236417216|1248882704
26027|0|35867|06/01/2024 14:38:27||12693|759180656|770987848
25590|0|29580|06/01/2024 11:33:04||23816|2848126456|3359569168
26291|0|21722|06/01/2024 16:16:07||6833|372477504|558628016
25264|0|61125|06/01/2024 09:12:58||32222|1225227784|1439227576
26502|0|87581|06/01/2024 17:47:25||1355|238408376|282291496
26105|0|22794|06/01/2024 15:05:42||11058|3202957864|3791681768
24194|0|81020|06/01/2024 01:46:28||59012|12053086360|15683083928
25621|0|30280|06/01/2024 11:41:42||23298|3791393192|3814811512
25468|0|32270|06/01/2024 10:45:35||26665|9614412296|9735090616
26183|0|54461|06/01/2024 15:30:34||9566|2613644656|3222043400
26136|0|92593|06/01/2024 15:18:41||10279|2841698432|3602221912
25246|0|98672|06/01/2024 09:01:13||32927|17636122520|19485746208
25591|0|13901|06/01/2024 11:35:03||23697|1031485200|1237946272
26484|0|71131|06/01/2024 17:39:07||1853|3316869712|6412809288
25937|0|60185|06/01/2024 13:57:11||15169|8827013560|9464964344
24581|0|45060|06/01/2024 04:29:00||49260|9909581040|11662350264
26254|0|38417|06/01/2024 16:00:46||7754|3840302648|2902029336
25754|0|71535|06/01/2024 12:42:34||19646|2185150096|2758112520
26184|0|50341|06/01/2024 15:30:44||9556|1549718792|1891605208
26461|0|53738|06/01/2024 17:25:57||2643|192404656|265562240
24374|0|56024|06/01/2024 02:56:47||54793|13049016128|13714077400
24933|0|24447|06/01/2024 06:53:29||40591|140793112056|265820301104
25469|0|99612|06/01/2024 10:44:13||26747|7157909904|7648636600
26503|0|5708|06/01/2024 17:43:43||1577|366621640|523697368
24322|0|17446|06/01/2024 02:39:54||55806|11603169520|12697022504
25623|0|96844|06/01/2024 11:44:26||23134|2212047960|2237483952
25851|0|35826|06/01/2024 13:25:41||17059|2831773144|3345259168
25179|0|95806|06/01/2024 08:38:29||34291|10982727080|12428917528
26416|0|45386|06/01/2024 17:08:37||3683|522782288|655913928
26462|0|31448|06/01/2024 17:20:15||2985|151384816|207987360
26322|0|19015|06/01/2024 16:27:50||6130|4589074488|5128497432
26417|0|62285|06/01/2024 17:08:49||3671|11525865744|26103511232
25938|0|27556|06/01/2024 13:53:52||15368|3177878152|4163036440
25540|0|22375|06/01/2024 11:18:47||24673|18974277952|21390507768
25852|0|93403|06/01/2024 13:22:01||17279|2160727640|2989167720
25152|0|36625|06/01/2024 08:29:51||34809|16628858392|19438179984
25873|0|57591|06/01/2024 13:34:53||16507|14327277056|15210160408
25624|0|45373|06/01/2024 11:40:15||23385|1146700056|1163968528
26255|0|80466|06/01/2024 16:09:54||7206|1250927680|1585660448
26432|0|57945|06/01/2024 17:14:10||3350|139052688|142807448
25691|0|27810|06/01/2024 12:10:43||21557|1593686576|2294042424
26292|0|78096|06/01/2024 16:19:55||6605|3983656032|5306275816
25939|0|98179|06/01/2024 13:55:11||15289|217552240|240119840
25122|0|59970|06/01/2024 08:12:27||35853|3345728680|4404211688
25090|0|68984|06/01/2024 08:04:21||36339|107647007744|319700340304
26073|0|34272|06/01/2024 14:56:17||11623|3058818192|3262236016
25181|0|44387|06/01/2024 08:35:43||34457|588218048|675475144
25153|0|57795|06/01/2024 08:26:47||34993|3079280608|3642842768
25832|0|34596|06/01/2024 13:17:25||17555|5106700104|6946732680
25625|0|43550|06/01/2024 11:49:27||22833|5798059824|7544006536
26206|0|7412|06/01/2024 15:45:18||8682|1290208608|1456015000
26323|0|22156|06/01/2024 16:20:45||6555|16083314960|30696649864
26293|0|98113|06/01/2024 16:19:51||6609|4658441112|5318751112
26231|0|29749|06/01/2024 15:59:28||7832|18241171904|39484739976
25292|0|8206|06/01/2024 09:29:15||31245|15662907872|18347702608
26388|0|89172|06/01/2024 16:53:31||4589|129717056|156703320
26389|0|87579|06/01/2024 16:58:04||4316|154530328|170580216
26074|0|13118|06/01/2024 14:57:19||11561|3992433864|4786188152
24934|0|93213|06/01/2024 06:53:06||40614|5165947936|6167453400
25182|0|33855|06/01/2024 08:38:41||34279|20710123272|20814298592
26390|0|75669|06/01/2024 16:56:40||4400|7870352888|21647895424
25986|0|3904|06/01/2024 14:15:46||14054|3198115568|3799530784
24679|0|54089|06/01/2024 05:04:54||47106|19649789864|22671618440
25486|0|62816|06/01/2024 10:56:00||26040|13914063824|14282980944
25266|0|55005|06/01/2024 09:10:48||32352|1641338088|2108061584
25332|0|56704|06/01/2024 09:47:11||30169|53611736|68873192
26106|0|16540|06/01/2024 15:01:24||11316|3737324456|3926437064
26524|0|24602|06/01/2024 17:59:33||627|49682320|72978760
25123|0|34214|06/01/2024 08:17:56||35524|7175790408|10173550128
25011|0|93820|06/01/2024 07:29:59|06/01/2024 18:02:43|37964|9804654872|13238300904
26547|0|93820|06/01/2024 18:04:24||336|142216264|165958112
25592|0|45796|06/01/2024 11:33:56||23764|4628293952|4702519504
24896|0|28490|06/01/2024 06:37:26||41554|4491458928|6323589376
26028|0|91127|06/01/2024 14:35:12||12888|3203081472|4732688200
25874|0|35091|06/01/2024 13:36:42||16398|502082560|589174432
24295|0|28106|06/01/2024 02:24:09||56751|127354096824|308836545008
26294|0|61191|06/01/2024 16:12:45||7035|4618831520|4812748144
26504|0|53326|06/01/2024 17:48:04||1316|58204640|73192632
24935|0|84453|06/01/2024 06:54:26||40534|2969551424|3990511536
25154|0|13013|06/01/2024 08:22:42||35238|10558790504|11106774016
25380|0|41544|06/01/2024 10:01:43||29297|115666128|145843104
26138|0|45059|06/01/2024 15:13:54||10566|1626611936|2032260968
25649|0|52563|06/01/2024 11:51:31||22709|2050597784|2967654240
24680|0|29237|06/01/2024 05:02:56||47224|3858740232|5520020280
25541|0|7998|06/01/2024 11:10:29||25171|5411610768|7168637248
25940|0|66081|06/01/2024 13:52:30||15450|53159206816|123097995864
25333|0|36012|06/01/2024 09:45:34||30266|5118982376|6171663112
24602|0|27698|06/01/2024 04:37:26||48754|2964520200|3998722264
25833|0|38484|06/01/2024 13:15:17||17683|52736577632|119738912080
25941|0|33206|06/01/2024 13:59:23||15037|6479604272|9335176464
25650|0|70213|06/01/2024 11:50:00||22800|3177345224|3673135712
25876|0|83186|06/01/2024 13:34:15||16545|1378145312|1969765664
24603|0|50917|06/01/2024 04:33:54||48966|5907853368|6404686632
24818|0|41963|06/01/2024 06:02:24||43656|1993706344|2328638744
26295|0|29228|06/01/2024 16:11:23||7117|1367873200|1418647688
26369|0|84541|06/01/2024 16:44:54||5106|608721160|713006088
26433|0|60581|06/01/2024 17:14:15||3345|92436912|118431064
25202|0|94050|06/01/2024 08:48:25||33695|4019102536|4250122368
26029|0|21356|06/01/2024 14:31:27||13113|575914200|639396264
25513|0|8169|06/01/2024 11:00:18||25782|19578935096|24793017944
26107|0|72481|06/01/2024 15:01:47||11293|849886032|978159936
25425|0|44585|06/01/2024 10:20:40||28160|17483587400|23349504568
25381|0|17619|06/01/2024 10:01:55||29285|634168128|908291824
26232|0|84564|06/01/2024 15:58:32||7888|1558715832|1842787768
25353|0|47248|06/01/2024 09:57:16||29564|6502061568|7352673608
24162|0|71854|06/01/2024 01:37:42||59538|22258150096|22510773072
26048|0|39360|06/01/2024 14:43:07||12413|543326904|761657472
24912|0|15334|06/01/2024 06:46:25||41015|8282431064|10804533416
25834|0|41267|06/01/2024 13:16:01||17639|837187672|1106077768
25354|0|21667|06/01/2024 09:50:15||29985|5259927344|7093439368
25051|0|11766|06/01/2024 07:47:39||37341|3652562584|4691412704
25710|0|7757|06/01/2024 12:21:03||20937|1867003680|2653665520
26485|0|43993|06/01/2024 17:30:08||2392|203799072|241653488
26391|0|94316|06/01/2024 16:51:52||4688|1168356536|1419866008
25382|0|72700|06/01/2024 10:03:19||29201|6380491464|8639799064
26370|0|97311|06/01/2024 16:44:50||5110|6742920152|16283467880
25877|0|42553|06/01/2024 13:33:06||16614|11292878544|14928969104
26418|0|85267|06/01/2024 17:09:28||3632|495632552|670201280
26075|0|83108|06/01/2024 14:54:05||11755|3326683896|3505048608
25355|0|16744|06/01/2024 09:56:15||29625|5212030464|6626242304
25014|0|86976|06/01/2024 07:23:39||38781|3284025208|3546920992
26108|0|73600|06/01/2024 15:00:54||11346|3268739816|3432266152
25091|0|24156|06/01/2024 08:02:39||36441|11010898032|16497876960
24658|0|23425|06/01/2024 04:52:15||47865|71380642320|170379436896
25912|0|33275|06/01/2024 13:49:26||15634|1919401976|2231196152
26076|0|99107|06/01/2024 14:57:55||11525|354397912|373073192
26162|0|75722|06/01/2024 15:22:40||10040|662081888|754063200
26371|0|77345|06/01/2024 16:45:04||5096|259905720|376042480
26139|0|52141|06/01/2024 15:19:18||10242|1072133080|1289737464
24477|0|63807|06/01/2024 03:44:21||51939|35465134664|49573489624
25962|0|51319|06/01/2024 14:01:27||14913|8573387376|12173182096
25776|0|89917|06/01/2024 12:59:30||18630|2198672608|2593841048
26324|0|72926|06/01/2024 16:20:37||6563|555290136|589205424
26505|0|53434|06/01/2024 17:40:07||1793|130616768|181483488
25805|0|87567|06/01/2024 13:06:28||18212|3040065728|4412744792
24775|0|52904|06/01/2024 05:46:26||44614|15167037744|16480717088
25015|0|54913|06/01/2024 07:23:10||38810|12237087552|14843389728
25987|0|5416|06/01/2024 14:16:55||13985|1371215592|1407015016
25016|0|75895|06/01/2024 07:21:44||38896|71329787208|188360342888
26233|0|33346|06/01/2024 15:57:36||7944|1611738320|2220437896
25963|0|84585|06/01/2024 14:09:40||14420|36366761088|99541744368
26486|0|56019|06/01/2024 17:36:19||2021|233488736|282777288
25406|0|18270|06/01/2024 10:18:34||28286|56361652088|116278226560
26049|0|43500|06/01/2024 14:45:16||12284|2040120736|2699512800
26487|0|62527|06/01/2024 17:36:19||2021|2983954472|7107215080
26506|0|33390|06/01/2024 17:47:46||1334|428333016|540319720
25755|0|22991|06/01/2024 12:43:40||19580|50653207224|129004059800
26207|0|79189|06/01/2024 15:49:56||8404|1527937128|1784635488
25267|0|70009|06/01/2024 09:14:49||32111|7407580736|10936212896
24913|0|49117|06/01/2024 06:48:31||40889|4072632080|4285891736
26185|0|71014|06/01/2024 15:36:24||9216|1856343392|2124024240
25356|0|55177|06/01/2024 09:52:14||29866|2177949312|2242448432
26434|0|87607|06/01/2024 17:13:54||3366|644534376|814148088
26507|0|13824|06/01/2024 17:41:25||1715|651785960|956319712
23890|0|48931|05/01/2024 23:28:03||67317|2463610608|3369893296
26463|0|67407|06/01/2024 17:23:24||2796|80778712|109754632
25357|0|38018|06/01/2024 09:56:09||29631|2448493616|3410287600
26140|0|98663|06/01/2024 15:18:41||10279|2706619984|3894125912
24557|0|55938|06/01/2024 04:18:11||49909|6968058256|8754251152
25806|0|61005|06/01/2024 13:05:53||18247|2249591512|3283390728
24871|0|41578|06/01/2024 06:27:46||42134|2507487448|3458062040
26296|0|89323|06/01/2024 16:17:33||6747|709616472|894210904
24985|0|21906|06/01/2024 07:11:58||39482|1853209640|1972807696
24606|0|77387|06/01/2024 04:38:11||48709|63105094752|178427117488
26325|0|19955|06/01/2024 16:21:53||6487|354782768|508701760
25293|0|35695|06/01/2024 09:22:00||31680|10564983600|13795864488
25567|0|30346|06/01/2024 11:28:38||24082|86314160576|220459961040
25018|0|67239|06/01/2024 07:25:03||38697|5855577080|7242801192
25313|0|61728|06/01/2024 09:35:57||30843|2086261344|2155163328
25426|0|38967|06/01/2024 10:26:11||27829|7598821664|8864379296
23957|0|93069|05/01/2024 23:57:06||65574|3972643368|4740439440
24847|0|57132|06/01/2024 06:13:00||43020|150216940576|283234156168
24914|0|85221|06/01/2024 06:49:24||40836|1860856728|2362034656
26392|0|58966|06/01/2024 16:54:40||4520|1644483800|1855727568
24872|0|50446|06/01/2024 06:24:04||42356|12720076656|13405899368
25358|0|25604|06/01/2024 09:59:55||29405|56451096480|155252081728
26508|0|26325|06/01/2024 17:42:28||1652|144568664|151672824
26234|0|19601|06/01/2024 15:58:49||7871|3188886248|3338327928
25942|0|8328|06/01/2024 13:59:49||15011|6971803640|8364786152
26435|0|71174|06/01/2024 17:15:20||3280|890435128|1137284000
24558|0|89808|06/01/2024 04:14:49||50111|11276268440|14710419728
26077|0|96247|06/01/2024 14:54:21||11739|698775928|1005921032
25879|0|62292|06/01/2024 13:36:43||16397|116948264|155953648
25203|0|32468|06/01/2024 08:47:52||33728|21357003600|13887506712
25427|0|88518|06/01/2024 10:23:33||27987|5057079960|7017217576
25052|0|17356|06/01/2024 07:46:57||37383|3785386248|4904859248
26235|0|32108|06/01/2024 15:59:58||7802|1049586280|1467312208
25514|0|48001|06/01/2024 11:03:55||25565|18956634736|42168759776
25515|0|6952|06/01/2024 11:04:33||25527|102876723720|292187454512
26525|0|71648|06/01/2024 17:53:37||983|175989344|209461888
25268|0|49738|06/01/2024 09:10:28||32372|1908962448|2065974096
24965|0|40431|06/01/2024 07:02:11||40069|4220387624|5315195000
26030|0|63445|06/01/2024 14:34:44||12916|1217840240|1414545520
25489|0|39713|06/01/2024 10:59:33||25827|88712671672|186671149000
26348|0|57503|06/01/2024 16:35:54||5646|3822304848|5188189464
25756|0|46611|06/01/2024 12:48:16||19304|441928736|619082280
25294|0|85434|06/01/2024 09:22:45||31635|1791120824|2505088072
26349|0|15099|06/01/2024 16:39:21||5439|513658232|601363104
26464|0|45237|06/01/2024 17:27:30||2550|121626272|128209520
25730|0|88937|06/01/2024 12:37:28||19952|8266891896|8949300080
25452|0|68634|06/01/2024 10:35:03||27297|4441311344|4729997608
24820|0|45886|06/01/2024 06:03:40||43580|6875399744|10256527888
25593|0|64101|06/01/2024 11:33:50||23770|595118416|706315400
24109|0|95683|06/01/2024 01:09:57||61203|3528481000|4602400096
25471|0|44964|06/01/2024 10:43:48||26772|9955823296|11591494520
25183|0|34682|06/01/2024 08:33:54||34566|5745913352|6743298576
24776|0|28349|06/01/2024 05:42:10||44870|17162503080|22361058672
25594|0|82940|06/01/2024 11:37:36||23544|2188663056|2611282104
25757|0|41207|06/01/2024 12:44:53||19507|1440634616|1765003720
26465|0|78994|06/01/2024 17:24:23||2737|4483931608|8778907416
26078|0|12359|06/01/2024 14:57:58||11522|932823656|1094485480
24986|0|82182|06/01/2024 07:13:44||39376|8878694184|11609062288
25626|0|28498|06/01/2024 11:42:52||23228|35897267832|87759509008
25383|0|88450|06/01/2024 10:02:38||29242|2604172056|3765848576
26509|0|90225|06/01/2024 17:41:55||1685|386626272|454315536
26141|0|22823|06/01/2024 15:14:04||10556|869847800|1119129984
24478|0|11534|06/01/2024 03:45:50||51850|21569077832|29782171808
25076|0|28176|06/01/2024 07:58:23||36697|253956066648|177203855888
26488|0|49522|06/01/2024 17:32:21||2259|171867120|198527776
25595|0|30265|06/01/2024 11:32:04||23876|5763424992|6716188816
26489|0|37567|06/01/2024 17:30:52||2348|454157448|609028784
25853|0|95237|06/01/2024 13:28:07||16913|3989569008|5390875792
25836|0|31543|06/01/2024 13:11:12||17928|2308275280|2816208520
25671|0|13757|06/01/2024 12:08:25||21695|1442095416|2103720944
24630|0|93993|06/01/2024 04:48:06||48114|21609956000|23301240520
26419|0|60296|06/01/2024 17:02:54||4026|76143512|113465456
24585|0|61686|06/01/2024 04:21:00||49740|18096481952|20970004384
24709|0|78972|06/01/2024 05:15:40||46460|8442779040|11813049840
26208|0|39025|06/01/2024 15:41:51||8889|3731191808|4230419136
25077|0|31636|06/01/2024 07:54:46||36914|8914589888|9481451856
25943|0|12056|06/01/2024 13:56:51||15189|6467221552|6921935064
25651|0|57247|06/01/2024 11:59:59||22201|41934339360|110330954728
24915|0|48607|06/01/2024 06:46:42||40998|11887324904|13783299600
25964|0|85410|06/01/2024 14:07:58||14522|609582808|643260840
25226|0|82385|06/01/2024 08:59:16||33044|7949121104|8087508960
26079|0|9107|06/01/2024 14:52:27||11853|489553864|666099104
24873|0|54339|06/01/2024 06:23:02||42418|36803291888|74270582288
26393|0|4054|06/01/2024 16:59:30||4230|2224800984|2826902304
24798|0|35733|06/01/2024 05:58:53||43867|987391832|1343246200
25454|0|7143|06/01/2024 10:30:40||27560|6065281400|8753379328
26143|0|86828|06/01/2024 15:16:57||10383|4117521536|5842114008
25490|0|80476|06/01/2024 10:57:41||25939|64528405224|180613083952
25596|0|65772|06/01/2024 11:37:16||23564|4104056520|4893504824
25335|0|45568|06/01/2024 09:43:44||30376|5273321048|5469170456
24461|0|11231|06/01/2024 03:34:37||52523|31943992832|43650019872
24660|0|95872|06/01/2024 04:53:31||47789|8129187952|9186900120
25315|0|10802|06/01/2024 09:36:54||30786|97466846936|201709905336
26420|0|44731|06/01/2024 17:09:22||3638|34375168|49228416
25807|0|58029|06/01/2024 13:09:52||18008|2617283624|2716093240
24326|0|27027|06/01/2024 02:33:18||56202|1566739176|2051713336
25731|0|81072|06/01/2024 12:33:16||20204|1658231768|2445983536
25544|0|29554|06/01/2024 11:14:37||24923|498975000|525843224
26526|0|19097|06/01/2024 17:51:00||1140|306768|401368
25914|0|9872|06/01/2024 13:41:23||16117|11623868608|14444144664
25295|0|4771|06/01/2024 09:23:37||31583|1233100808|1774649360
26050|0|89278|06/01/2024 14:47:02||12178|6611231880|6735816568
26326|0|61032|06/01/2024 16:28:54||6066|4041027968|4051275400
26394|0|7199|06/01/2024 16:58:59||4261|1800911176|2047847896
26209|0|33062|06/01/2024 15:40:14||8986|24175419592|56889434104
26421|0|27279|06/01/2024 17:04:17||3943|1521170816|1835780520
26256|0|90653|06/01/2024 16:08:21||7299|2114164480|2377975464
24536|0|30292|06/01/2024 04:08:10||50510|108372395200|227106871504
24661|0|80603|06/01/2024 04:58:10||47510|5177698632|6039507968
25808|0|97911|06/01/2024 13:01:55||18485|6118221480|8432073616
26327|0|68440|06/01/2024 16:23:15||6405|5433885664|8027359512
26051|0|16948|06/01/2024 14:41:53||12487|1500842344|1933458424
26350|0|65387|06/01/2024 16:37:01||5579|446683128|487637536
25880|0|83558|06/01/2024 13:31:57||16683|8354345240|12296638848
25359|0|27019|06/01/2024 09:58:59||29461|1625836800|1802149344
25491|0|11066|06/01/2024 10:52:27||26253|2335608480|2408518440
26031|0|21964|06/01/2024 14:35:26||12874|10284970304|30812306536
26466|0|79350|06/01/2024 17:24:09||2751|520202680|583493064
24916|0|45092|06/01/2024 06:45:06||41094|7756598592|8872461648
24274|0|71539|06/01/2024 02:11:39||57501|3301669408|4501834264
25988|0|9206|06/01/2024 14:10:32||14368|566481744|577458072
26490|0|75279|06/01/2024 17:39:45||1815|148680296|168845040
26510|0|29526|06/01/2024 17:42:52||1628|11730352|14730264
26186|0|69929|06/01/2024 15:30:31||9569|4983014632|6445268304
26163|0|97039|06/01/2024 15:20:02||10198|307212088|412938376
25429|0|35168|06/01/2024 10:26:44||27796|62730049160|150813320568
26395|0|59045|06/01/2024 16:59:11||4249|218188968|268204344
26467|0|88489|06/01/2024 17:21:40||2900|280813504|300640768
25056|0|56025|06/01/2024 07:46:15||37425|16001730992|20753611672
25227|0|77284|06/01/2024 08:51:43||33497|18134761320|18953726992
25598|0|38170|06/01/2024 11:30:12||23988|3502025392|4570939136
26491|0|86032|06/01/2024 17:33:53||2167|481318720|556238680
24437|0|52489|06/01/2024 03:25:28||53072|43719285768|46571274440
24899|0|38265|06/01/2024 06:36:10||41630|2804339496|3478485200
23842|0|14794|05/01/2024 23:06:33||68607|7563284040|7570682152
26257|0|15906|06/01/2024 16:05:57||7443|17035868656|39464694520
24631|0|27940|06/01/2024 04:47:48||48132|106000380112|305725988112
26297|0|58552|06/01/2024 16:18:02||6718|306269592|391104864
25989|0|90642|06/01/2024 14:16:44||13996|638354944|736072976
24297|0|9532|06/01/2024 02:28:44||56476|17334054224|22146305712
24586|0|10527|06/01/2024 04:22:22||49658|22986608912|24817474824
25247|0|63625|06/01/2024 09:05:05||32695|35848950808|94040936040
25965|0|11466|06/01/2024 14:05:31||14669|1252941528|1606249376
26372|0|86592|06/01/2024 16:43:46||5174|634515440|682348712
26032|0|58379|06/01/2024 14:34:19||12941|132758632|170099384
24966|0|70337|06/01/2024 07:08:20||39700|38764450912|100055138808
25360|0|33681|06/01/2024 09:52:01||29879|7278521552|7568179072
24480|0|91832|06/01/2024 03:44:56||51904|4926180416|5946748960
26396|0|64323|06/01/2024 16:52:21||4659|143585336|200409704
24662|0|90727|06/01/2024 04:50:22||47978|14227590800|15596717728
25854|0|53508|06/01/2024 13:25:57||17043|7206691784|9938085304
25915|0|47866|06/01/2024 13:42:26||16054|3885167344|5407849912
25316|0|87992|06/01/2024 09:36:10||30830|190167136|261469896
26109|0|88561|06/01/2024 15:02:08||11272|158905976|226038136
25966|0|14153|06/01/2024 14:09:21||14439|2301893152|2342186672
25248|0|68764|06/01/2024 09:06:38||32602|11305153048|15946011960
26548|0|85454|06/01/2024 18:00:15||585|1005427848|697815144
25099|0|53519|06/01/2024 08:07:10||36170|1417064072|1678779456
25249|0|40656|06/01/2024 09:01:41||32899|17891879768|19961125328
25837|0|67809|06/01/2024 13:19:34||17426|11493035312|12367514384
26033|0|30443|06/01/2024 14:30:46||13154|1408911960|1742519672
25944|0|9807|06/01/2024 13:51:54||15486|7725596712|11013487984
24989|0|11785|06/01/2024 07:19:14||39046|7613250672|8494188368
25693|0|76735|06/01/2024 12:12:11||21469|245106544|248173864
26210|0|57856|06/01/2024 15:42:20||8860|2911344000|3207072240
26211|0|34124|06/01/2024 15:42:53||8827|3485908344|3842127360
24821|0|91568|06/01/2024 06:02:23||43657|11538074992|13148901344
25384|0|67632|06/01/2024 10:02:15||29265|4678037680|5065526264
25100|0|98783|06/01/2024 08:09:35||36025|5195689944|6210788056
26468|0|87315|06/01/2024 17:21:53||2887|211171432|243156400
26436|0|37926|06/01/2024 17:13:46||3374|1014038848|1032183720
26397|0|65288|06/01/2024 16:52:12||4668|6565804928|4906803272
25493|0|76833|06/01/2024 10:58:44||25876|14789091192|18937784952
25184|0|29837|06/01/2024 08:39:18|06/01/2024 18:05:03|33945|9275606320|10649147344
26549|0|29837|06/01/2024 18:06:52||188|19587960|20657568
25732|0|86732|06/01/2024 12:31:53||20287|3436046472|4990818568
26298|0|72404|06/01/2024 16:15:58||6842|896392528|1332775112
24464|0|41338|06/01/2024 03:37:09||52371|7267249728|8292846232
25128|0|9849|06/01/2024 08:19:50||35410|20381383968|30151793440
25777|0|70242|06/01/2024 12:53:16||19004|2266159824|1327317280
25967|0|23676|06/01/2024 14:07:39||14541|3280108672|4616072280
26236|0|19157|06/01/2024 15:53:43||8177|90026096|113891200
26164|0|94627|06/01/2024 15:21:26||10114|287501992|407417808
26212|0|12454|06/01/2024 15:45:01||8699|3065870248|3731491576
25855|0|29916|06/01/2024 13:27:52||16928|127507736|133946112
26437|0|65470|06/01/2024 17:10:39||3561|1238435320|1263499888
24990|0|35937|06/01/2024 07:18:58||39062|13211256552|13700313800
26398|0|54314|06/01/2024 16:52:24||4656|4171965928|2356887416
26527|0|26784|06/01/2024 17:59:18||642|251384216|340971488
26299|0|4273|06/01/2024 16:19:50||6610|3492371224|4813011800
25694|0|89835|06/01/2024 12:18:41||21079|29046133536|65963671320
24398|0|77537|06/01/2024 03:00:56||54544|22486237632|26714105120
26422|0|94290|06/01/2024 17:01:47||4093|153453144|161662240
26080|0|84882|06/01/2024 14:50:40||11960|116925264|140705576
25034|0|80310|06/01/2024 07:30:46||38354|7651432624|8887561448
24514|0|25689|06/01/2024 03:52:18||51462|26080165664|36584985784
26469|0|83641|06/01/2024 17:26:52||2588|10224707368|19141435544
26258|0|51236|06/01/2024 16:01:44||7696|1350432784|1583891400
25733|0|83949|06/01/2024 12:30:06||20394|3269920336|4054531904
25759|0|25341|06/01/2024 12:41:55||19685|3269765576|4856652464
24801|0|32098|06/01/2024 05:53:06||44214|2811824192|4085506176
24111|0|66006|06/01/2024 01:04:54||61506|33963196296|21644845520
25881|0|3865|06/01/2024 13:34:39||16521|9323008464|13651847904
26034|0|90491|06/01/2024 14:30:43||13157|384639496|484717808
25882|0|94482|06/01/2024 13:38:30||16290|3895860784|5350797296
26081|0|40546|06/01/2024 14:56:34||11606|16254271960|38984045648
26351|0|21276|06/01/2024 16:35:47||5653|892180576|1054762880
25101|0|79396|06/01/2024 08:02:31||36449|9004821936|10150418880
25078|0|53027|06/01/2024 07:52:20||37060|1721790352|1954862216
24145|0|6761|06/01/2024 01:24:20||60340|24522056280|30893809560
25883|0|31608|06/01/2024 13:32:13||16667|24198709824|64563831400
25271|0|98043|06/01/2024 09:10:54||32346|4694626376|5575818584
24823|0|13423|06/01/2024 06:05:31||43469|29850845160|36477299896
25990|0|84025|06/01/2024 14:15:04||14096|2415960024|2977799776
24937|0|3972|06/01/2024 06:53:31||40589|10749054576|11556260072
25884|0|59158|06/01/2024 13:33:43||16577|34622947624|90019414752
25760|0|12811|06/01/2024 12:43:30||19590|52180340336|137258291760
23825|0|94733|05/01/2024 22:56:07||69233|15011892952|15299134784
26511|0|78144|06/01/2024 17:45:00||1500|383006248|385505544
24991|0|91772|06/01/2024 07:18:05||39115|3566567560|4066115456
24561|0|19018|06/01/2024 04:18:37||49883|2248585024|2305058512
25456|0|15878|06/01/2024 10:37:53||27127|3904581928|5284459992
26328|0|8224|06/01/2024 16:24:34||6326|2490229328|3564445936
26373|0|18106|06/01/2024 16:43:01||5219|9752755440|26565875304
26470|0|50805|06/01/2024 17:21:26||2914|148067232|193770616
25336|0|10391|06/01/2024 09:43:29||30391|5962009648|8339089200
24712|0|78465|06/01/2024 05:16:16||46424|18005439520|20671061760
25991|0|33645|06/01/2024 14:11:38||14302|747652616|1025635920
26082|0|42604|06/01/2024 14:55:01||11699|2096793960|2131492520
25916|0|55090|06/01/2024 13:42:10||16070|1708768032|2332824704
25672|0|26143|06/01/2024 12:06:49||21791|9181403440|9703512496
25337|0|13857|06/01/2024 09:47:54|06/01/2024 18:06:20|29906|140800768|156819752
26550|0|13857|06/01/2024 18:06:53||187|4084760|4249296
24049|0|12302|06/01/2024 00:39:45||63015|11458317872|17095062672
26551|0|74530|06/01/2024 18:08:58||62|11141000|12599008
26471|0|29307|06/01/2024 17:26:05||2635|284934984|296653136
25430|0|34139|06/01/2024 10:20:47||28153|251359240|337666544
24968|0|97623|06/01/2024 07:04:32||39928|8574090896|10431536128
25885|0|22725|06/01/2024 13:37:01||16379|4446247800|6586478936
24663|0|57389|06/01/2024 04:51:35||47905|5382770072|6031062384
26512|0|35573|06/01/2024 17:41:57||1683|186415520|272646376
25156|0|96071|06/01/2024 08:29:21||34839|18241188536|24383512840
25518|0|29115|06/01/2024 11:07:18||25362|3905741432|5106931672
26013|0|51817|06/01/2024 14:28:56||13264|972571672|1325897832
26187|0|6217|06/01/2024 15:36:52||9188|2231799464|2344265896
25409|0|93688|06/01/2024 10:13:37||28583|8083518064|11869894640
25601|0|71915|06/01/2024 11:34:18||23742|2782488000|3643820792
25228|0|72343|06/01/2024 08:52:41||33439|53497596784|128400914896
24093|0|75281|06/01/2024 00:58:55||61865|26983448592|28854948992
26300|0|79245|06/01/2024 16:18:44||6676|2353771376|2572681304
24664|0|53564|06/01/2024 04:53:47||47773|8106155352|9563458208
26110|0|61969|06/01/2024 15:01:41||11299|1602823688|1749210328
26035|0|62224|06/01/2024 14:34:07||12953|505156088|591616072
25057|0|69650|06/01/2024 07:46:40||37400|4505057392|5530698152
25695|0|33559|06/01/2024 12:11:18||21522|5332674600|7852607880
26144|0|17769|06/01/2024 15:14:41||10519|6850556296|7737775608
24938|0|42589|06/01/2024 06:58:31||40289|442606800|644776784
26552|0|73018|06/01/2024 18:05:28||272|11655640|16416792
25385|0|23518|06/01/2024 10:08:47||28873|4967479776|7035779552
25653|0|39214|06/01/2024 11:59:45||22215|7480282352|10293721304
26083|0|7357|06/01/2024 14:51:01||11939|1472315944|1655925552
26438|0|46401|06/01/2024 17:17:39||3141|254609592|258251760
25157|0|54186|06/01/2024 08:28:03||34917|3262012144|4339523336
26145|0|82203|06/01/2024 15:15:05||10495|339540832|454587320
24993|0|50590|06/01/2024 07:14:14||39346|10912087648|11969382264
25547|0|16359|06/01/2024 11:14:49||24911|11078422312|16281790464
25317|0|36252|06/01/2024 09:37:02||30778|45839754040|105815907312
26259|0|83596|06/01/2024 16:05:39||7461|1730969048|2218486072
26492|0|41285|06/01/2024 17:35:50||2050|4688535536|12654337072
24686|0|80536|06/01/2024 05:04:10||47150|5427625368|6885166856
24050|0|98932|06/01/2024 00:39:53||63007|24741153400|27504884296
25992|0|46233|06/01/2024 14:12:42||14238|1837815136|2088103496
26528|0|46850|06/01/2024 17:59:01||659|101691464|114440552
26260|0|47619|06/01/2024 16:04:59||7501|150137720|201116744
25036|0|69219|06/01/2024 07:38:48||37872|5369518640|6435652688
26553|0|12842|06/01/2024 18:09:37||23|2803016|3553440
26329|0|43844|06/01/2024 16:28:36||6084|1026833680|1466280248
25361|0|95342|06/01/2024 09:58:04||29516|7324013224|10041510624
24802|0|10481|06/01/2024 05:55:53||44047|13328398016|19360457048
26084|0|19385|06/01/2024 14:59:31||11429|2658835536|3521222936
24420|0|21007|06/01/2024 03:11:58||53882|16934570808|17417813896
26188|0|83505|06/01/2024 15:32:16|06/01/2024 18:08:40|9384|4911998408|7153320376
26085|0|15792|06/01/2024 14:54:14||11746|16810160736|40856393576
26261|0|15877|06/01/2024 16:07:24||7356|6575510136|3876824320
25102|0|6576|06/01/2024 08:04:36||36324|14531010184|19507849720
25570|0|5186|06/01/2024 11:25:20||24280|1282008816|1581123024
25338|0|24426|06/01/2024 09:46:33||30207|757993312|869952008
25810|0|95338|06/01/2024 13:07:55||18125|2175554976|2260715000
25103|0|15088|06/01/2024 08:08:23||36097|17934425032|20482754328
25230|0|17325|06/01/2024 08:58:21||33099|105904539800|198269974784
26086|0|87441|06/01/2024 14:54:17||11743|802846008|1115701128
24563|0|87500|06/01/2024 04:13:57||50163|11688410920|12377684640
25571|0|74773|06/01/2024 11:25:11||24289|54012375736|152593695784
25472|0|75484|06/01/2024 10:42:56||26824|7301117584|10020707240
24636|0|43894|06/01/2024 04:43:44||48376|6839297488|8832450960
26262|0|9151|06/01/2024 16:04:51||7509|1694692704|2110875024
24918|0|94159|06/01/2024 06:47:07||40973|17340356376|25666037368
24803|0|81698|06/01/2024 05:54:41||44119|5639084736|7810147184
26111|0|54623|06/01/2024 15:03:23||11197|434953608|485652328
25968|0|78200|06/01/2024 14:09:18||14442|7035346104|7891688368
26165|0|8801|06/01/2024 15:23:39||9981|6321719560|8054683168
25856|0|48966|06/01/2024 13:24:19||17141|4243429744|4760110352
25887|0|36119|06/01/2024 13:35:04||16496|5751577472|7138709040
26330|0|72432|06/01/2024 16:22:55||6425|2350139072|2594725800
25037|0|27202|06/01/2024 07:39:02||37858|7367283184|10148993216
26263|0|13942|06/01/2024 16:09:50||7210|9777976928|7523125848
23978|0|85887|06/01/2024 00:09:38||64822|52184605376|41338743592
26513|0|74573|06/01/2024 17:44:18||1542|1131686856|892683136
25839|0|51162|06/01/2024 13:13:54||17766|3380222888|3661043336
24564|0|16681|06/01/2024 04:11:37||50303|4735379008|6764753592
26166|0|43304|06/01/2024 15:24:16||9944|2081956496|2092772280
26352|0|33272|06/01/2024 16:35:45||5655|2571326344|2991364936
24353|0|18192|06/01/2024 02:40:23||55777|2863199544|3804200584
25059|0|86750|06/01/2024 07:48:57||37263|963525744|1276201616
26353|0|47552|06/01/2024 16:34:42||5718|1909242408|2747187296
25185|0|74235|06/01/2024 08:35:58||34442|992686072|1430261944
26167|0|63732|06/01/2024 15:27:33||9747|5197260984|6058381712
24588|0|11739|06/01/2024 04:20:40||49760|48589215168|29191158296
25339|0|41299|06/01/2024 09:48:22||30098|1078784544|1085941936
26439|0|28246|06/01/2024 17:13:57||3363|721141640|960003568
25969|0|13124|06/01/2024 14:04:11||14749|4662459808|5329207360
25945|0|11997|06/01/2024 13:54:09||15351|4150571608|5065709864
26087|0|79283|06/01/2024 14:51:00||11940|1249231648|1393367576
25857|0|88454|06/01/2024 13:29:12||16848|3608950536|5171062000
26237|0|72638|06/01/2024 15:56:44||7996|2598567616|3764650432
26472|0|10095|06/01/2024 17:28:09||2511|251980024|374869368
25411|0|99379|06/01/2024 10:18:21||28299|1425571704|1637522736
26213|0|73304|06/01/2024 15:49:16||8444|25948435248|67613918832
24732|0|15025|06/01/2024 05:21:01||46139|17625273376|25083569168
26440|0|96673|06/01/2024 17:17:11||3169|35248256|43493568
26265|0|85628|06/01/2024 16:07:38||7342|21186385544|54416022552
25362|0|96165|06/01/2024 09:57:23||29557|3601231808|4179697872
26052|0|52975|06/01/2024 14:41:21||12519|798112000|802028552
26331|0|16867|06/01/2024 16:22:43||6437|277940144|356905536
25431|0|65443|06/01/2024 10:25:39||27861|1012205928|1337484576
26493|0|14926|06/01/2024 17:37:25||1955|828321112|951657128
26554|0|87069|06/01/2024 18:00:50||550|1366851640|2765752888
25432|0|58910|06/01/2024 10:21:00||28140|12547367096|17419816904
24939|0|35837|06/01/2024 06:55:04||40496|4744143336|6310416680
25970|0|17103|06/01/2024 14:01:42||14898|5372558328|6281116928
25386|0|36939|06/01/2024 10:04:15||29145|2256088928|2391851344
25993|0|28877|06/01/2024 14:10:35||14365|9368549280|6908943984
25779|0|66656|06/01/2024 12:53:13||19007|3169648816|4633193792
25273|0|27795|06/01/2024 09:11:05||32335|485118272|712085552
25298|0|88155|06/01/2024 09:20:47||31753|3587090424|4009678040
25079|0|36521|06/01/2024 07:50:24||37176|7296974056|7323967816
25387|0|48809|06/01/2024 10:05:57||29043|2923138488|3991079952
26555|0|11424|06/01/2024 18:08:39||81|20783040|23009712
25858|0|66456|06/01/2024 13:20:44||17356|5820007504|6702528448
25104|0|4621|06/01/2024 08:01:35||36505|6393761408|7786672640
25971|0|48062|06/01/2024 14:01:05||14935|5563701736|8089233648
26266|0|61230|06/01/2024 16:02:36||7644|518386624|577007576
25713|0|13216|06/01/2024 12:22:41||20839|840296352|1223326688
24994|0|94384|06/01/2024 07:17:15||39165|5390317408|5405059648
25994|0|89980|06/01/2024 14:19:08||13852|7907296|10740312
24849|0|45665|06/01/2024 06:17:14||42766|4702197520|5358568440
25299|0|68055|06/01/2024 09:27:57||31323|20640968136|60335717136
25161|0|9840|06/01/2024 08:27:10||34970|26049640528|35072671384
26354|0|37570|06/01/2024 16:33:52||5768|1220861680|1485383488
25947|0|35354|06/01/2024 13:53:17||15403|762567096|937278936
26088|0|43189|06/01/2024 14:56:06||11634|152953440|180636808
24331|0|45031|06/01/2024 02:34:51||56109|4060670928|5282921432
25698|0|30949|06/01/2024 12:18:11||21109|1329691720|1811962224
24378|0|99503|06/01/2024 02:50:29||55171|461210432|590623136
24919|0|40021|06/01/2024 06:42:26||41254|2659839024|3952698864
24589|0|19237|06/01/2024 04:29:32||49228|4870278328|5366917800
25859|0|93513|06/01/2024 13:23:06||17214|46468189720|104968553424
26529|0|76056|06/01/2024 17:57:30||750|321385088|381411048
26332|0|25749|06/01/2024 16:27:23||6157|465664816|516833904
25738|0|73518|06/01/2024 12:38:30||19890|2820908456|4138637232
26189|0|85539|06/01/2024 15:35:56||9244|18430419896|36033357752
25972|0|13461|06/01/2024 14:01:07||14933|395054064|480400792
26355|0|54040|06/01/2024 16:39:24||5436|2267057216|3026798928
26238|0|63148|06/01/2024 15:53:15||8205|2735909952|2926889192
24637|0|84844|06/01/2024 04:41:54||48486|12610499064|13970060840
25739|0|65234|06/01/2024 12:33:58||20162|2445191096|2613265120
24688|0|54789|06/01/2024 05:07:19||46961|4188109328|4318967984
25496|0|96367|06/01/2024 10:59:45||25815|12131788544|7834177616
26053|0|89454|06/01/2024 14:48:58||12062|14883357688|8039711304
25627|0|56566|06/01/2024 11:46:56||22984|11316602296|12732721960
25889|0|94111|06/01/2024 13:33:01||16619|8331643496|12089027688
24638|0|30362|06/01/2024 04:40:28||48572|6651826056|9515221800
26190|0|21475|06/01/2024 15:32:50||9430|425323704|560424264
26441|0|39120|06/01/2024 17:19:28||3032|195495344|272938136
24484|0|27032|06/01/2024 03:44:41||51919|12308049136|15057037576
26191|0|30846|06/01/2024 15:32:01||9479|2506753136|3517178256
25996|0|68117|06/01/2024 14:17:23||13957|2309502456|3126064160
25253|0|99100|06/01/2024 09:07:54|06/01/2024 18:01:30|32016|3796282464|3893860888
26556|0|99100|06/01/2024 18:02:33||447|95889976|139044728
25655|0|47967|06/01/2024 11:55:47|06/01/2024 18:03:28|22061|5844949208|8105880960
26557|0|47967|06/01/2024 18:04:14||346|64285768|78052176
26333|0|34328|06/01/2024 16:28:51||6069|12128752456|30725317472
24611|0|10616|06/01/2024 04:30:16||49184|12298439336|13171952664
24022|0|84226|06/01/2024 00:29:52||63608|4016571576|5947665800
26442|0|21038|06/01/2024 17:19:17||3043|1233848616|1553560952
25363|0|97109|06/01/2024 09:54:43||29717|1755876896|1803491144
24850|0|35035|06/01/2024 06:11:49||43091|4758959264|6603315432
25812|0|26607|06/01/2024 13:07:56||18124|2462516896|3529984208
26089|0|27215|06/01/2024 14:54:38||11722|151233008|218280568
25498|0|24209|06/01/2024 10:57:41||25939|25570722008|32512228616
26443|0|55356|06/01/2024 17:18:47||3073|527946400|676629064
26399|0|29905|06/01/2024 16:50:49||4751|544254776|745545992
24639|0|85501|06/01/2024 04:45:59||48241|107533962392|263131088176
26239|0|55392|06/01/2024 15:57:58||7922|389176232|523945456
25134|0|58996|06/01/2024 08:19:55||35405|10741866512|13502740320
25973|0|86099|06/01/2024 14:03:53||14767|243485872|289384720
25412|0|53891|06/01/2024 10:18:18||28302|3351890896|3526267584
25841|0|4084|06/01/2024 13:17:13||17567|4640401496|6787566960
25780|0|25715|06/01/2024 12:54:01||18959|1265746624|1741879224
25674|0|93729|06/01/2024 12:02:44||22036|874052264|1059935736
25206|0|58617|06/01/2024 08:40:00|06/01/2024 18:00:43|33643|10308687960|15420313384
25714|0|84646|06/01/2024 12:20:54||20946|9078327112|10429634824
26214|0|6555|06/01/2024 15:42:28||8852|516841216|669446024
25813|0|5549|06/01/2024 13:07:11||18169|24990292712|15323528552
25628|0|33801|06/01/2024 11:46:23||23017|1832054120|2043522848
25891|0|50959|06/01/2024 13:36:24||16416|32104985472|67938941264
25842|0|60001|06/01/2024 13:18:33||17487|9658284656|13164137368
26334|0|34397|06/01/2024 16:22:06||6474|561039872|836169680
25740|0|69505|06/01/2024 12:31:48||20292|3521330032|4022325392
25761|0|19793|06/01/2024 12:41:46||19694|427606408|579179536
25413|0|26638|06/01/2024 10:15:49||28451|3542414056|4256702032
25207|0|22311|06/01/2024 08:44:11||33949|18248226344|24108084408
26168|0|23211|06/01/2024 15:28:33||9687|694301128|841248296
25038|0|77909|06/01/2024 07:35:49||38051|113515200936|237099084664
23876|0|86036|05/01/2024 23:18:05||67915|10069574160|14103870312
25340|0|73390|06/01/2024 09:48:21||30099|116504167896|315427616560
25550|0|16239|06/01/2024 11:11:10||25130|13911820768|15267002808
26335|0|16033|06/01/2024 16:28:06||6114|2936221392|4307404968
26112|0|27011|06/01/2024 15:08:25||10895|193088504|255749440
24147|0|7874|06/01/2024 01:27:22||60158|3223686200|3359157432
26301|0|31981|06/01/2024 16:17:02||6778|226956408|318609112
25892|0|69970|06/01/2024 13:31:23||16717|5192545232|6141344856
24665|0|69532|06/01/2024 04:52:19||47861|5475372552|5895589528
26267|0|79714|06/01/2024 16:09:03||7257|707826616|908505016
24403|0|36694|06/01/2024 03:02:33||54447|11613941160|14732199648
25274|0|35120|06/01/2024 09:11:17||32323|263839670120|206937125352
26090|0|16240|06/01/2024 14:52:18||11862|1124831056|1284689872
26375|0|66255|06/01/2024 16:43:17||5203|880657968|1013069856
24133|0|72714|06/01/2024 01:15:18||60882|485703624|607807320
26356|0|92044|06/01/2024 16:31:33||5907|1123082632|1655989712
25275|0|17848|06/01/2024 09:19:45||31815|7052938856|8236259872
26268|0|23029|06/01/2024 16:02:54||7626|1683477104|2434152680
26494|0|14117|06/01/2024 17:30:22||2378|443946256|530735424
24851|0|15440|06/01/2024 06:16:57||42783|34919618648|37142303024
25675|0|57444|06/01/2024 12:02:53||22027|14188560744|38827700568
24071|0|5591|06/01/2024 00:41:11||62929|2426858120|3198254032
25232|0|62347|06/01/2024 08:56:17||33223|25021246224|19635508264
25974|0|89490|06/01/2024 14:01:11||14929|1945677616|2496982568
25814|0|59260|06/01/2024 13:06:56||18184|2491168592|3121247752
25656|0|38818|06/01/2024 11:51:05||22735|1177304384|1346449128
26215|0|67654|06/01/2024 15:48:41||8479|2603770632|2624844344
25997|0|46314|06/01/2024 14:12:25||14255|32900982296|81978839872
25233|0|58747|06/01/2024 08:54:05||33355|3795620376|5626603072
25364|0|29417|06/01/2024 09:58:19|06/01/2024 18:05:26|29227|10525698192|12418436536
26558|0|29417|06/01/2024 18:06:29||211|133687720|185169112
25388|0|91802|06/01/2024 10:06:08||29032|3029978536|4109870552
25603|0|71418|06/01/2024 11:33:31||23789|64335792704|186405855576
25715|0|31249|06/01/2024 12:20:42||20958|3002731640|3516095600
25521|0|45040|06/01/2024 11:01:42||25698|18066618560|20707144208
25917|0|3869|06/01/2024 13:46:18||15822|5175065368|5241690928
26530|0|82717|06/01/2024 17:57:23||757|152081424|178434736
25341|0|65092|06/01/2024 09:44:16||30344|46453411360|94981015328
25300|0|81178|06/01/2024 09:22:36||31644|37375225760|24492056712
24228|0|73418|06/01/2024 01:50:49||58751|15033244568|16472989696
25781|0|27726|06/01/2024 12:52:04||19076|4489256992|5807422976
25163|0|33542|06/01/2024 08:23:22||35198|11349775488|14246642712
26192|0|77991|06/01/2024 15:31:02||9538|2136146728|2720104136
25208|0|22920|06/01/2024 08:47:32||33748|18267221912|25312626728
24466|0|94623|06/01/2024 03:32:43||52637|37453507288|45863091800
26559|0|93103|06/01/2024 18:01:00||540|47553080|48798432
25998|0|59854|06/01/2024 14:11:26||14314|6586246216|9187418008
25716|0|64500|06/01/2024 12:22:43||20837|4895642592|6339112184
26376|0|82808|06/01/2024 16:40:34||5366|1151176544|1178430312
25365|0|33809|06/01/2024 09:52:05||29875|5590185976|7924483568
25500|0|7343|06/01/2024 10:55:50||26050|6105678008|7989416536
24754|0|35936|06/01/2024 05:39:39||45021|31604349208|33409543736
25782|0|97715|06/01/2024 12:56:27||18813|993781104|1409884440
26336|0|44196|06/01/2024 16:25:51||6249|760985120|999611968
25717|0|70909|06/01/2024 12:25:53||20647|959785360|1232823680
25699|0|68685|06/01/2024 12:16:29||21211|854755600|1125241816
25783|0|4905|06/01/2024 12:51:16||19124|12774954152|18988369600
26444|0|56616|06/01/2024 17:14:34||3326|9382683560|27057185800
24254|0|67195|06/01/2024 02:06:24||57816|2662256856|3541668976
25948|0|28826|06/01/2024 13:58:05||15115|26081380432|63596806032
26193|0|60607|06/01/2024 15:32:19||9461|2225874784|3193592008
23921|0|52151|05/01/2024 23:35:32||66868|12270160504|17474470096
25573|0|23957|06/01/2024 11:26:11||24229|1823490272|2235044656
26377|0|8203|06/01/2024 16:47:05||4975|29461024|35142056
25860|0|65834|06/01/2024 13:22:50||17230|4404474464|6130377816
25604|0|88203|06/01/2024 11:38:02||23518|13712055024|29126012816
26531|0|71492|06/01/2024 17:59:49||611|149971016|181783624
25999|0|8083|06/01/2024 14:13:02||14218|117614432|159215040
26337|0|14706|06/01/2024 16:27:45||6135|379124616|466340408
26495|0|84637|06/01/2024 17:36:31||2009|39742592|58231096
25457|0|37345|06/01/2024 10:35:27||27273|9446904832|9828608328
24355|0|48086|06/01/2024 02:48:33||55287|136418753496|404415580080
25605|0|82147|06/01/2024 11:37:40||23540|2164519808|2797691128
24404|0|83760|06/01/2024 03:06:18||54222|76994980920|49576226976
23922|0|7807|05/01/2024 23:32:40||67040|16919443512|21685315920
24690|0|59885|06/01/2024 05:04:46||47114|3812542112|5516427296
25861|0|78408|06/01/2024 13:22:38||17242|3493968392|5153407096
25893|0|38643|06/01/2024 13:34:34||16526|2337478024|3019131304
26000|0|16496|06/01/2024 14:13:05||14215|2643563888|2934798712
25741|0|51131|06/01/2024 12:31:16||20324|595342400|830479616
24613|0|20752|06/01/2024 04:34:42||48918|137659546744|268423494648
24735|0|37389|06/01/2024 05:26:18||45822|7981196360|10153729280
26378|0|61063|06/01/2024 16:46:58||4982|2643574040|3075158824
25414|0|96516|06/01/2024 10:18:03||28317|94125215664|245445509336
25107|0|41928|06/01/2024 08:08:22||36098|18065197696|20540153712
25975|0|93265|06/01/2024 14:00:41||14959|35096383408|77603796464
26496|0|73511|06/01/2024 17:35:12||2088|126662584|153022976
25276|0|11331|06/01/2024 09:16:10||32030|2692068856|3906980800
26473|0|76492|06/01/2024 17:26:59||2581|8351520|9718400
25949|0|72068|06/01/2024 13:51:20||15520|2132079912|2760602744
25165|0|82373|06/01/2024 08:26:45||34995|3478459248|3821863752
25039|0|43350|06/01/2024 07:30:11||38389|6072134648|6266852272
25551|0|49479|06/01/2024 11:10:15|06/01/2024 18:02:29|24734|14044647304|9218182624
26560|0|49479|06/01/2024 18:03:14||406|236376432|165679152
25187|0|20567|06/01/2024 08:34:43||34517|9840546096|11399256304
26302|0|10088|06/01/2024 16:14:15||6945|6345325536|4485719840
25763|0|96799|06/01/2024 12:45:53||19447|3467036680|3799682344
25950|0|86300|06/01/2024 13:57:22||15158|1964087776|2056903072
24614|0|43629|06/01/2024 04:34:19||48941|2982497120|3038734296
25188|0|53797|06/01/2024 08:30:24||34776|6502364520|8805511152
24205|0|15615|06/01/2024 01:46:50||58990|41130440288|45659888880
26169|0|51341|06/01/2024 15:21:08||10132|2548415256|2591616824
25166|0|47955|06/01/2024 08:24:00||35160|2115381040|2760617288
25574|0|74521|06/01/2024 11:27:16||24164|3387325368|3411688016
25302|0|48187|06/01/2024 09:26:33||31407|420839248|461867968
24541|0|24789|06/01/2024 04:08:49||50471|1153581968|1333253648
24901|0|62736|06/01/2024 06:38:38||41482|124659112008|266530620168
24405|0|64828|06/01/2024 03:02:34||54446|23207981640|24151694832
25606|0|97663|06/01/2024 11:38:57||23463|11269257456|12439553752
26015|0|96482|06/01/2024 14:29:14||13246|369338536|396562496
26303|0|97466|06/01/2024 16:12:40||7040|751995152|869445080
25816|0|78180|06/01/2024 13:02:56||18424|4866239872|5861414648
24945|0|48119|06/01/2024 06:56:57||40383|117309887296|291067434088
25575|0|59657|06/01/2024 11:21:49||24491|4922439392|6995128728
24852|0|28409|06/01/2024 06:16:08||42832|7745803496|8354113200
