IdSession|IdPSX|IdSubscriber|StartSession|EndSession|Duartion|UpTx|DownTx
16806|0|20384|02/01/2024 02:31:21||1719|210570952|298893768
16852|0|50339|02/01/2024 02:53:50||370|18905464|20995904
15780|0|14391|01/01/2024 19:48:11||25909|70057647520|164170103088
14790|0|78614|01/01/2024 11:54:45||54315|10369375680|14336232424
16568|0|48015|02/01/2024 01:05:24||6876|21726784072|46396166768
16185|0|36342|01/01/2024 22:38:27||15693|1768990952|2090474360
14148|0|98935|01/01/2024 08:56:53||64987|37319816904|46183066056
16213|0|21605|01/01/2024 22:48:05||15115|2713067496|3903896000
16618|0|92317|02/01/2024 01:25:17||5683|1220514096|1452725216
16348|0|58567|01/01/2024 23:36:51||12189|5200814752|6370022816
16065|0|4129|01/01/2024 21:46:54||18786|2165129664|3191702576
16275|0|82513|01/01/2024 23:07:03||13977|4839382640|6849467872
15520|0|26136|01/01/2024 17:32:26||34054|21743136704|23315076784
16349|0|13673|01/01/2024 23:38:59||12061|40289563984|77046368184
16599|0|32321|02/01/2024 01:12:57||6423|1293160280|1346250936
16446|0|68950|02/01/2024 00:14:42||9918|1725095240|1852000968
16392|0|94804|01/01/2024 23:57:12||10968|1347207776|1899718040
15797|0|88103|01/01/2024 19:52:32||25648|1173156368|1758823792
15849|0|31741|01/01/2024 20:15:42||24258|3509381576|5210409688
16111|0|67328|01/01/2024 22:08:44||17476|4420316992|6376413920
16828|0|53764|02/01/2024 02:47:42||738|98608088|100207144
16807|0|95402|02/01/2024 02:34:33||1527|154283184|217594080
16417|0|16747|02/01/2024 00:03:38||10582|573631440|835593408
15895|0|18190|01/01/2024 20:35:15||23085|64462532704|165440470000
16501|0|81205|02/01/2024 00:31:53||8887|642877400|827439632
15184|0|42425|01/01/2024 15:03:22||42998|35016141056|40742797384
16166|0|33584|01/01/2024 22:27:21||16359|4095848912|5628332536
14150|0|26108|01/01/2024 08:59:32||64828|3244025224|4075209136
16649|0|71287|02/01/2024 01:34:51||5109|1313278040|1896420232
16041|0|7629|01/01/2024 21:32:21||19659|944019344|1091391040
15942|0|47680|01/01/2024 20:57:47||21733|10316091304|14636804872
16619|0|53670|02/01/2024 01:21:42||5898|412984616|452411456
15913|0|37040|01/01/2024 20:42:47||22633|11052180080|11527078400
16620|0|86150|02/01/2024 01:22:43||5837|2067990808|2077740976
16829|0|46936|02/01/2024 02:40:25||1175|11019400|11332152
15943|0|25776|01/01/2024 20:54:19||21941|8928706416|13336358320
15498|0|68906|01/01/2024 17:27:06||34374|11543694616|12624013944
16447|0|20049|02/01/2024 00:12:23||10057|63328096|89868304
16015|0|35838|01/01/2024 21:27:58||19922|1849958144|2330057176
16186|0|43200|01/01/2024 22:32:42||16038|3607195904|3622434376
14748|0|17602|01/01/2024 11:41:12||55128|63883249880|40609876544
16328|0|85534|01/01/2024 23:23:15||13005|15856383912|41055942352
14387|0|45688|01/01/2024 10:03:35||60985|23933440776|53950891496
16369|0|58443|01/01/2024 23:45:03||11697|209261696|240078000
16448|0|56454|02/01/2024 00:11:02||10138|2635569192|2876766800
15914|0|24107|01/01/2024 20:43:11||22609|497878792|649306760
15699|0|79155|01/01/2024 19:01:47||28693|349173024|486146656
16393|0|4497|01/01/2024 23:58:36||10884|19687358704|52104535336
15557|0|38522|01/01/2024 17:57:57||32523|7413028288|8113810784
16329|0|30713|01/01/2024 23:20:43||13157|7673502472|7772341144
14019|0|70354|01/01/2024 08:11:07||67733|192864997664|358916752064
16419|0|80722|02/01/2024 00:08:47||10273|675048224|757049264
16735|0|53897|02/01/2024 02:06:33||3207|506650376|603823736
16089|0|53251|01/01/2024 21:52:52||18428|23804748064|65154861416
16129|0|61298|01/01/2024 22:18:43||16877|3364743984|4932471736
15761|0|91907|01/01/2024 19:39:35||26425|40811920680|84225498176
16066|0|81309|01/01/2024 21:48:10||18710|767323408|773591352
16067|0|77820|01/01/2024 21:42:45||19035|3633654304|4990634336
16276|0|47260|01/01/2024 23:09:34||13826|21926922816|58837981656
16112|0|67155|01/01/2024 22:09:15||17445|670380488|888270592
15642|0|54643|01/01/2024 18:34:38||30322|55572484720|159726562624
16449|0|52562|02/01/2024 00:10:16||10184|154303096|189515128
15185|0|96629|01/01/2024 15:02:24||43056|10851523024|14711043928
15762|0|95343|01/01/2024 19:37:39||26541|2397448104|3434233664
16214|0|83353|01/01/2024 22:41:21||15519|5485139664|5683647792
16042|0|54052|01/01/2024 21:32:53||19627|8589774504|10741289848
15415|0|56883|01/01/2024 16:54:59||36301|5388591432|6337353360
15781|0|10951|01/01/2024 19:46:16||26024|1205166936|1445660432
15297|0|19672|01/01/2024 15:59:45||39615|18847485936|19249091512
16130|0|78566|01/01/2024 22:19:57||16803|1875942240|1966346152
16502|0|73714|02/01/2024 00:39:24||8436|880723224|1060744384
15824|0|72024|01/01/2024 20:05:31||24869|4548968584|5254986024
16782|0|57451|02/01/2024 02:23:46||2174|48461384|52567080
15825|0|56605|01/01/2024 20:09:01||24659|2823888736|3622697224
15540|0|83136|01/01/2024 17:45:46||33254|14547823320|18761012800
15416|0|37823|01/01/2024 16:58:07||36113|5051693512|7539124672
15660|0|55584|01/01/2024 18:45:02||29698|9602562608|12795071248
14862|0|74181|01/01/2024 12:19:56||52804|6159303760|7568710648
14538|0|93506|01/01/2024 10:42:15||58665|5014889608|7478614640
15359|0|84652|01/01/2024 16:35:16||37484|55738345552|104346229416
15798|0|6427|01/01/2024 19:53:38||25582|2306732584|3215110400
16546|0|95199|02/01/2024 00:54:40|02/01/2024 02:54:19|7179|1930298984|2269023256
16736|0|46454|02/01/2024 02:08:45||3075|1813081712|2357305456
16131|0|43252|01/01/2024 22:15:23||17077|2123379008|3048203240
16187|0|22560|01/01/2024 22:39:22||15638|7261518360|8446550144
16650|0|9613|02/01/2024 01:37:11||4969|510508760|651323168
15499|0|15352|01/01/2024 17:23:38||34582|5880289456|7691314464
16783|0|41561|02/01/2024 02:20:10||2390|-107146552|-109315992
16330|0|36518|01/01/2024 23:23:58||12962|8234508760|12223021152
16808|0|36794|02/01/2024 02:30:06||1794|43409960|57452864
16167|0|99368|01/01/2024 22:29:25||16235|3421836168|4398221704
15863|0|99818|01/01/2024 20:29:18||23442|1827651880|2614311936
16830|0|4110|02/01/2024 02:46:51||789|116882120|170985560
15966|0|93202|01/01/2024 21:08:40||21080|48066132752|126968105208
16503|0|71997|02/01/2024 00:32:52||8828|819927888|1119552488
16394|0|39434|01/01/2024 23:58:30||10890|455743640|656488456
16350|0|36730|01/01/2024 23:35:34||12266|1110783000|1148814472
15442|0|57497|01/01/2024 17:00:31||35969|8186522896|10676517384
15521|0|15564|01/01/2024 17:38:50||33670|94504258216|208275450432
16853|0|5705|02/01/2024 02:51:54||486|41996832|56447024
15680|0|89604|01/01/2024 18:59:03||28857|7080497032|10054999576
14571|0|11226|01/01/2024 10:54:50|02/01/2024 02:58:11|57801|139616484904|381886381760
16854|0|11226|02/01/2024 02:58:27||93|238511360|607604456
16420|0|81514|02/01/2024 00:03:42||10578|25220179552|60213259184
15944|0|5904|01/01/2024 20:59:13||21647|11157687200|11798934576
16677|0|58954|02/01/2024 01:44:08||4552|924157272|1001271120
16215|0|6308|01/01/2024 22:49:22||15038|5546350728|7194145152
14047|0|99065|01/01/2024 08:20:57||67143|22353421344|22700572264
16737|0|56875|02/01/2024 02:03:15||3405|8164839016|15647386680
15443|0|26509|01/01/2024 17:00:36||35964|2374370072|2658841840
14421|0|95731|01/01/2024 10:17:25||60155|4583343992|5917224240
16600|0|44068|02/01/2024 01:18:03||6117|2930017864|2968878392
14317|0|39299|01/01/2024 09:40:35||62365|3315022744|3994967680
15470|0|88069|01/01/2024 17:16:41||34999|3310866544|4369346360
14986|0|96410|01/01/2024 13:27:10||48770|15058801144|15589333328
16651|0|98470|02/01/2024 01:31:01||5339|1242676128|1661131408
16809|0|50824|02/01/2024 02:38:41||1279|59398512|59413912
16068|0|81078|01/01/2024 21:46:43||18797|9760464760|9999575152
16069|0|57141|01/01/2024 21:45:20||18880|1360830816|1858537088
15170|0|36420|01/01/2024 14:52:17||43663|17604008608|20699178688
15700|0|82194|01/01/2024 19:09:54||28206|1329204024|1357729656
16652|0|6876|02/01/2024 01:35:03||5097|652154352|810632776
14539|0|70763|01/01/2024 10:41:09||58731|597494040|787884424
15095|0|55479|01/01/2024 14:10:20||46180|8971798456|13313613776
15386|0|40491|01/01/2024 16:48:11||36709|1231844024|1344342152
15387|0|93145|01/01/2024 16:46:16||36824|7097544480|8936695000
13905|0|14980|01/01/2024 07:39:04||69656|165241657152|435655984800
15719|0|8602|01/01/2024 19:19:40||27620|4428484048|4864201256
15864|0|88393|01/01/2024 20:23:56||23764|6562795760|6597506752
16168|0|28839|01/01/2024 22:21:15||16725|2814080704|3529193872
14639|0|99615|01/01/2024 11:19:49||56411|22829087664|30103470920
15187|0|60167|01/01/2024 15:02:49||43031|5544530992|7832667624
16450|0|97205|02/01/2024 00:19:53||9607|160259496|231490976
16738|0|32217|02/01/2024 02:09:57||3003|5663529648|16045744064
16451|0|29341|02/01/2024 00:12:38||10042|122541024|166499392
16569|0|13461|02/01/2024 01:00:15||7185|2097651200|2165665448
16478|0|23299|02/01/2024 00:22:49||9431|606340776|765507408
16678|0|79812|02/01/2024 01:49:26||4234|9741644648|23289502136
15720|0|41123|01/01/2024 19:11:50||28090|3749476984|4145385416
14947|0|92893|01/01/2024 13:09:35||49825|12562049032|17377439832
16621|0|27391|02/01/2024 01:23:40||5780|2837368160|3318574608
15522|0|99099|01/01/2024 17:36:03||33837|2324725104|2447693424
14987|0|41402|01/01/2024 13:24:26||48934|6431486008|6933951696
15209|0|28056|01/01/2024 15:10:26||42574|23409344288|29735841912
16784|0|56042|02/01/2024 02:29:46||1814|148095184|216438968
15110|0|17708|01/01/2024 14:29:39||45021|113461503616|308966115472
16601|0|63188|02/01/2024 01:16:21||6219|2449287560|2611731648
16277|0|83720|01/01/2024 23:08:48||13872|6259190176|7406038048
13906|0|50014|01/01/2024 07:37:13||69767|20143816640|27664633928
15897|0|63542|01/01/2024 20:34:58||23102|5063214488|5572438720
16043|0|37520|01/01/2024 21:37:00||19380|1807799656|2579422328
16090|0|47084|01/01/2024 21:58:55||18065|1630684776|1712840728
15210|0|15246|01/01/2024 15:10:17||42583|5720511752|6617614824
16370|0|67076|01/01/2024 23:44:50||11710|2889915096|3338587512
14833|0|80461|01/01/2024 12:01:27||53913|6778593784|8256427960
15152|0|78054|01/01/2024 14:41:49||44291|12341613144|12428627832
15597|0|29483|01/01/2024 18:19:35||31225|18925303928|44035456624
15328|0|18951|01/01/2024 16:15:21||38679|22941282176|26166668064
15500|0|84402|01/01/2024 17:28:38||34282|2032345184|2291387616
16332|0|36967|01/01/2024 23:23:44||12976|34157229456|82727231448
16479|0|48912|02/01/2024 00:24:14||9346|425066224|520177448
16520|0|45658|02/01/2024 00:42:12||8268|1601730280|1814137408
15013|0|40524|01/01/2024 13:34:58|02/01/2024 02:54:31|47973|11241977848|16666291104
16855|0|40524|02/01/2024 02:55:05||295|55114480|60500584
15865|0|77250|01/01/2024 20:28:52||23468|3445369320|4972434152
16570|0|44624|02/01/2024 01:08:08||6712|2193384496|2270667568
16571|0|20945|02/01/2024 01:06:07||6833|4279162704|5837543184
16452|0|81920|02/01/2024 00:10:34||10166|305385776|445060168
15133|0|84240|01/01/2024 14:36:30||44610|183212893000|351104278376
16044|0|97692|01/01/2024 21:32:11||19669|3866754360|5444589744
15721|0|46712|01/01/2024 19:13:07||28013|29101398808|72013382400
16247|0|47108|01/01/2024 22:58:17||14503|7415023304|10026890088
16739|0|43967|02/01/2024 02:05:30||3270|3450188368|3543831000
15850|0|62316|01/01/2024 20:18:52||24068|6967149480|9492477896
16113|0|27389|01/01/2024 22:08:23||17497|2052055736|2357328128
16760|0|98254|02/01/2024 02:11:34||2906|6254975392|12848471656
14023|0|92712|01/01/2024 08:10:27||67773|8302507264|11474204576
15329|0|80199|01/01/2024 16:19:05||38455|27550436664|32064800784
15916|0|51442|01/01/2024 20:46:12||22428|1250160968|1268952336
15360|0|37451|01/01/2024 16:37:22||37358|1493972320|1891383328
16091|0|22388|01/01/2024 21:58:25||18095|4817647200|5519495408
16480|0|40855|02/01/2024 00:28:03||9117|305287232|394021472
15992|0|18539|01/01/2024 21:13:54||20766|953820728|1061123408
16699|0|36702|02/01/2024 01:50:41||4159|52435344|73145552
15581|0|76563|01/01/2024 18:09:06||31854|2134442712|2623560648
16481|0|38974|02/01/2024 00:24:33||9327|4569856120|6824358408
16045|0|10772|01/01/2024 21:38:01||19319|2922029016|3672384792
15135|0|5262|01/01/2024 14:37:50|02/01/2024 02:54:21|44191|53741890720|114841678192
16521|0|64301|02/01/2024 00:48:02||7918|1010735336|1193111480
16070|0|44915|01/01/2024 21:46:08||18832|635095600|749514648
15827|0|6290|01/01/2024 20:09:45||24615|2692265960|3683272008
14505|0|68698|01/01/2024 10:30:14||59386|13435358520|14116425912
16522|0|63505|02/01/2024 00:40:44||8356|590322992|863863152
15800|0|93625|01/01/2024 19:55:24||25476|10942398600|16234845992
16548|0|46661|02/01/2024 00:53:04|02/01/2024 02:55:40|7356|908123256|995887544
15111|0|7472|01/01/2024 14:23:42||45378|7417843688|8423744496
16572|0|31481|02/01/2024 01:01:28||7112|2467275224|2912508312
15782|0|68217|01/01/2024 19:44:14||26146|4381115240|6454130144
15620|0|90789|01/01/2024 18:28:31||30689|4645683368|6448659408
16504|0|53387|02/01/2024 00:30:23||8977|392297640|428294056
15743|0|74290|01/01/2024 19:26:29||27211|1742115008|2210994464
14422|0|49022|01/01/2024 10:18:16||60104|16484731576|17025004096
15233|0|19086|01/01/2024 15:22:34||41846|16831131128|18552700616
16395|0|64324|01/01/2024 23:50:14||11386|2997892056|3131342312
16248|0|42912|01/01/2024 22:57:57||14523|4082051216|5101240440
15621|0|65081|01/01/2024 18:21:26||31114|16465131016|18294475992
16740|0|94914|02/01/2024 02:04:59||3301|209087192|252732832
15967|0|68387|01/01/2024 21:06:05||21235|41629690256|106380595816
16549|0|96532|02/01/2024 00:51:36||7704|1853317056|2485782048
16505|0|6603|02/01/2024 00:31:53||8887|553649664|558691792
16482|0|85963|02/01/2024 00:21:01||9539|463298560|494506800
16700|0|41995|02/01/2024 01:55:18||3882|489610032|712471656
16189|0|39648|01/01/2024 22:37:01||15779|6934590856|7772173200
16573|0|6568|02/01/2024 01:01:07||7133|1536152136|1580926376
15444|0|85484|01/01/2024 17:02:39||35841|3131285672|4393856216
15040|0|5362|01/01/2024 13:43:40||47780|5625041752|7996433392
15917|0|59464|01/01/2024 20:47:32||22348|9416395072|12330722648
14706|0|50427|01/01/2024 11:35:06||55494|179378328|223435888
14835|0|60885|01/01/2024 12:02:20||53860|6109460832|8381903504
15445|0|45892|01/01/2024 17:04:51||35709|7145383024|8195548768
16249|0|62761|01/01/2024 22:59:18||14442|8266542264|10073015328
16132|0|81795|01/01/2024 22:11:30||17310|428916096|489484696
14989|0|96745|01/01/2024 13:27:07||48773|8576951128|10281253776
16333|0|79162|01/01/2024 23:25:12||12888|2789171848|3631823648
15764|0|90846|01/01/2024 19:38:17||26503|4634182376|6866533224
16017|0|41118|01/01/2024 21:28:47||19873|5898886936|6818946096
15867|0|97042|01/01/2024 20:21:22||23918|6144555560|7166090696
15446|0|21853|01/01/2024 17:06:57||35583|2618247216|2755596264
16072|0|97309|01/01/2024 21:49:01||18659|730083392|1042921728
14506|0|50432|01/01/2024 10:38:37||58883|21741425480|27312600064
15501|0|19469|01/01/2024 17:29:51||34209|3913129408|5825161264
16506|0|15805|02/01/2024 00:31:09||8931|386398952|565358432
15471|0|6931|01/01/2024 17:17:41||34939|1194655664|1424663840
16133|0|90351|01/01/2024 22:12:25||17255|1245840024|1389515936
16453|0|26133|02/01/2024 00:19:04||9656|602427544|615854064
16297|0|33734|01/01/2024 23:10:49||13751|4774260016|5513977056
16454|0|14111|02/01/2024 00:17:47||9733|14981977504|33473219512
15447|0|7489|01/01/2024 17:09:28||35432|13147844576|14654262432
15598|0|35460|01/01/2024 18:17:57||31323|1718595832|1990517456
16421|0|52163|02/01/2024 00:07:52||10328|264212120|364648704
15828|0|40642|01/01/2024 20:07:37||24743|2854324216|3974719336
16334|0|73978|01/01/2024 23:27:10||12770|1227593200|1609288952
16298|0|16748|01/01/2024 23:18:23||13297|3279008736|4650403328
16653|0|90411|02/01/2024 01:31:06||5334|99974672|137747928
16018|0|74516|01/01/2024 21:25:54||20046|5076931184|5399661216
14682|0|33422|01/01/2024 11:29:11||55849|18981489688|19512038888
15301|0|69046|01/01/2024 15:51:43||40097|19448101816|23506361184
16550|0|41652|02/01/2024 00:59:09||7251|2522778408|2910126208
15136|0|32399|01/01/2024 14:31:23||44917|78255695904|164333940688
16810|0|70096|02/01/2024 02:35:34||1466|75214040|89515272
16019|0|52429|01/01/2024 21:24:56||20104|890468832|1190129032
16654|0|97058|02/01/2024 01:33:17||5203|413131960|515329248
16134|0|26430|01/01/2024 22:18:20||16900|248086528|251131944
16831|0|59913|02/01/2024 02:43:26||994|109899544|139319904
14507|0|96471|01/01/2024 10:33:13||59207|30460277272|43907743808
15213|0|46857|01/01/2024 15:15:23||42277|14735730120|15062275632
14053|0|88712|01/01/2024 08:24:59||66901|16153908616|16837404088
15330|0|15045|01/01/2024 16:15:16||38684|2046950320|2245139856
14707|0|99986|01/01/2024 11:38:06||55314|2364266504|2942857016
16455|0|74678|02/01/2024 00:10:38||10162|713197832|1006983632
15664|0|28612|01/01/2024 18:49:38||29422|4885080960|7245917336
15723|0|56720|01/01/2024 19:13:04||28016|4618353992|4707461856
15665|0|69195|01/01/2024 18:40:27||29973|1511496736|1676260456
16655|0|11533|02/01/2024 01:33:00||5220|11333502944|27633246952
16115|0|40956|01/01/2024 22:04:41||17719|2721690376|2923760144
16622|0|51035|02/01/2024 01:29:10||5450|210815096|293744048
16191|0|40566|01/01/2024 22:39:56||15604|37974902688|75864533928
16169|0|91723|01/01/2024 22:28:10||16310|1912183576|2718327008
15724|0|60277|01/01/2024 19:19:28||27632|2394795104|3031767712
15112|0|9625|01/01/2024 14:25:40||45260|15909559392|18518093472
16423|0|69718|02/01/2024 00:02:13||10667|3566939880|4104057080
16020|0|59915|01/01/2024 21:21:55||20285|28405223608|62739827496
15784|0|32028|01/01/2024 19:45:05||26095|8042016024|10925686656
14126|0|86266|01/01/2024 08:40:11||65989|208691910008|547591048440
14393|0|70616|01/01/2024 10:03:55||60965|37016610008|43604862992
16574|0|19835|02/01/2024 01:06:31||6809|164899664|167068792
15041|0|78093|01/01/2024 13:41:42||47898|6198062416|7190030880
16073|0|54570|01/01/2024 21:46:01||18839|2655318064|3955083864
15391|0|71946|01/01/2024 16:44:25||36935|2873371656|3842964776
14970|0|4396|01/01/2024 13:14:41||49519|6057973384|7770606952
16603|0|80612|02/01/2024 01:11:28||6512|656112448|832723576
15155|0|71960|01/01/2024 14:48:20||43900|16592091648|24685183328
15918|0|49446|01/01/2024 20:47:19||22361|6509916624|8523942536
16135|0|15917|01/01/2024 22:17:17||16963|3568060368|5302575264
16701|0|85681|02/01/2024 01:55:02||3898|2411602248|2416081168
16278|0|64846|01/01/2024 23:01:00||14340|3139442760|3787951744
16623|0|89291|02/01/2024 01:28:05||5515|1131157856|1488905792
15968|0|34665|01/01/2024 21:04:14||21346|10065078712|10245721144
16371|0|76797|01/01/2024 23:44:57||11703|1513273000|1826231568
15947|0|5237|01/01/2024 20:54:04||21956|609850680|654853688
14881|0|39540|01/01/2024 12:27:08||52372|10080573328|13045082320
16372|0|5901|01/01/2024 23:47:45||11535|702102688|945927856
15785|0|13853|01/01/2024 19:47:13||25967|2410109408|2460008208
16396|0|47038|01/01/2024 23:56:05||11035|2384733136|2819422064
15682|0|63156|01/01/2024 18:56:23||29017|660388152|678917824
16046|0|67016|01/01/2024 21:36:36||19404|795236608|1019214992
16217|0|46036|01/01/2024 22:40:45||15555|5994360800|6001614824
15829|0|68841|01/01/2024 20:04:42||24918|9113043224|10238293872
16604|0|19222|02/01/2024 01:13:53||6367|2534797416|2968068576
16092|0|91971|01/01/2024 21:54:06||18354|30556824424|63646143688
16523|0|76866|02/01/2024 00:47:39||7941|1154587440|1303555056
14394|0|17351|01/01/2024 10:00:54|02/01/2024 02:55:24|60870|5695109320|5879726808
16575|0|20661|02/01/2024 01:05:35||6865|943962400|1282580816
16856|0|6906|02/01/2024 02:55:56||244|2928152|3288616
16299|0|46869|01/01/2024 23:14:14||13546|3476690808|3782750712
15802|0|28349|01/01/2024 19:54:30||25530|6997519952|10002056592
15542|0|89642|01/01/2024 17:46:52||33188|6028357168|6984763728
14756|0|21923|01/01/2024 11:47:58||54722|6174559560|8237095888
16624|0|21912|02/01/2024 01:25:38||5662|846186664|1175591840
16456|0|84943|02/01/2024 00:16:48||9792|1273385488|1875243464
14544|0|32864|01/01/2024 10:47:41||58339|26597791848|31038040912
16424|0|40115|02/01/2024 00:00:20||10780|343776768|515054624
16811|0|32738|02/01/2024 02:34:35||1525|382605680|438560904
16047|0|70645|01/01/2024 21:31:16||19724|1437264496|1755889584
14683|0|6051|01/01/2024 11:26:56||55984|2606434136|3573253624
15525|0|76091|01/01/2024 17:31:50||34090|3009708824|3082209904
15993|0|91703|01/01/2024 21:15:37||20663|9262638136|12573032456
14842|0|23271|01/01/2024 12:00:56||53944|1359678504|1607922720
14545|0|33250|01/01/2024 10:47:34||58346|9136810344|11177205312
15081|0|31550|01/01/2024 14:07:06||46374|13649022736|18941082168
15472|0|69121|01/01/2024 17:18:56||34864|8188907216|11470735064
16551|0|84912|02/01/2024 00:50:36||7764|328201792|428958160
15868|0|93627|01/01/2024 20:27:55||23525|3022578936|3563510184
15252|0|86521|01/01/2024 15:30:09||41391|41916354624|52597904224
15765|0|77111|01/01/2024 19:32:37||26843|4749659000|5369344872
16483|0|40841|02/01/2024 00:25:06||9294|12522129496|29794422808
16702|0|51631|02/01/2024 01:58:32||3688|9207420600|20653393024
15302|0|94288|01/01/2024 15:56:31||39809|19161973184|24728227360
15097|0|31903|01/01/2024 14:12:37||46043|127674615592|325611745560
16093|0|53839|01/01/2024 21:51:09|02/01/2024 02:56:15|18306|839547392|1094945056
16857|0|53839|02/01/2024 02:57:56||124|1631240|1844528
16116|0|22939|01/01/2024 22:08:43||17477|1058655072|1390688320
14057|0|98958|01/01/2024 08:28:45||66675|18053901072|20006133608
15702|0|93403|01/01/2024 19:01:53||28687|1397927632|1479568112
13779|0|65470|01/01/2024 06:52:20|02/01/2024 02:51:58|71978|6701643976|8227295384
14509|0|96689|01/01/2024 10:31:05||59335|14905896632|16542876984
16218|0|39646|01/01/2024 22:45:41||15259|8998261160|9450153472
16679|0|31700|02/01/2024 01:40:06||4794|389548808|420660544
14917|0|53820|01/01/2024 12:45:24||51276|12101376272|13399066624
16279|0|19424|01/01/2024 23:03:25||14195|5097998336|6831662696
16192|0|16818|01/01/2024 22:32:37||16043|49813260032|136729310600
15727|0|77858|01/01/2024 19:17:48||27732|637665720|677305456
15949|0|99756|01/01/2024 20:56:42||21798|3003962128|3823441736
16680|0|56289|02/01/2024 01:42:24||4656|5167416792|5199139512
16552|0|47458|02/01/2024 00:51:02||7738|818629096|1152853368
15994|0|82667|01/01/2024 21:14:03||20757|606953272|633932080
14289|0|47468|01/01/2024 09:37:52||62528|14976955168|21383966136
15268|0|50187|01/01/2024 15:47:45||40335|959523440|1279697368
16022|0|47314|01/01/2024 21:28:08||19912|1025774664|1534280472
16219|0|67955|01/01/2024 22:40:03||15597|1160386624|1240502240
15043|0|52594|01/01/2024 13:48:13||47507|1639921128|2413751576
16300|0|17099|01/01/2024 23:10:25||13775|21847536024|56453885360
16524|0|91262|02/01/2024 00:49:18||7842|491005496|561088672
16373|0|41355|01/01/2024 23:42:19||11861|575015304|698976552
16507|0|87055|02/01/2024 00:33:51||8769|7765514848|16661801240
14058|0|79312|01/01/2024 08:25:16||66884|6709637760|8326655592
16074|0|32388|01/01/2024 21:44:02||18958|6327893656|9027198032
15450|0|14654|01/01/2024 17:01:37||35903|120028163312|315260410840
16525|0|12418|02/01/2024 00:46:42||7998|3644583416|3781266744
16577|0|33855|02/01/2024 01:04:46||6914|17784833096|33494522632
16117|0|43820|01/01/2024 22:07:41||17539|8161792760|8556738696
16425|0|51113|02/01/2024 00:09:23||10237|569512848|815549056
16301|0|19426|01/01/2024 23:13:01||13619|21356755120|43687877752
16374|0|98440|01/01/2024 23:42:46||11834|7496333792|7499983936
16302|0|49790|01/01/2024 23:12:40||13640|6111604792|7428156888
16858|0|97507|02/01/2024 02:59:33||27|730824|1091528
15601|0|74230|01/01/2024 18:19:50||31210|14686557136|21643247160
16703|0|11267|02/01/2024 01:51:13||4127|1216135792|1681326864
16704|0|36659|02/01/2024 01:55:21||3879|120965600|160255464
14574|0|69461|01/01/2024 10:56:46||57794|6245679848|6346643752
16193|0|93127|01/01/2024 22:34:37||15923|3547004112|4674063528
16250|0|70498|01/01/2024 22:52:23||14857|7452996344|8498066256
15502|0|72693|01/01/2024 17:24:06||34554|4796375944|5652186232
16812|0|8451|02/01/2024 02:38:57||1263|32243560|43228872
15084|0|70372|01/01/2024 14:01:00||46740|123473008|170393776
16705|0|28435|02/01/2024 01:52:54||4026|72856992|86497336
16859|0|21671|02/01/2024 02:58:06||114|4966256|5418472
15744|0|38376|01/01/2024 19:21:10||27530|5077772968|6321913456
16832|0|18908|02/01/2024 02:40:37||1163|2671982928|6368045784
15473|0|36200|01/01/2024 17:16:47||34993|101797407320|237122881352
15729|0|8635|01/01/2024 19:19:49||27611|2581759360|3122670328
16625|0|76281|02/01/2024 01:20:53||5947|4260919896|4478198672
15214|0|53746|01/01/2024 15:13:08||42412|5348049448|7690133352
15703|0|13499|01/01/2024 19:04:26||28534|3388342056|3840649832
15561|0|28225|01/01/2024 17:53:33||32787|6305894176|7534121104
16860|0|26134|02/01/2024 02:59:31||29|12087432|12957888
16741|0|82499|02/01/2024 02:09:15||3045|106697544|159335952
15645|0|74614|01/01/2024 18:39:11||30049|11767717528|14025665768
14547|0|10263|01/01/2024 10:44:36||58524|21362797128|22101940720
16170|0|22665|01/01/2024 22:22:43||16637|2829353856|3347339984
14952|0|87499|01/01/2024 13:08:42||49878|1154961992|1345769072
15543|0|68883|01/01/2024 17:42:07||33473|8423576480|9276811888
16352|0|27276|01/01/2024 23:31:44||12496|3817237544|5513367432
16526|0|18578|02/01/2024 00:47:47||7933|35087432160|74386571304
15215|0|97540|01/01/2024 15:19:22||42038|2374675832|2584145184
15666|0|56731|01/01/2024 18:43:58||29762|841161248|1202734456
15269|0|23553|01/01/2024 15:40:17||40783|14295452056|14975910352
16375|0|76270|01/01/2024 23:41:56||11884|878532472|1234310664
15995|0|87483|01/01/2024 21:14:36||20724|47372983288|140610240520
15622|0|64359|01/01/2024 18:25:38||30862|17423123312|22401223104
16761|0|43571|02/01/2024 02:12:02||2878|25701080|31725416
14928|0|32570|01/01/2024 12:56:26||50614|12414094064|17269151096
15333|0|72524|01/01/2024 16:15:52||38648|9633488824|12688173384
16280|0|16490|01/01/2024 23:09:03||13857|821014688|1114833952
16138|0|72890|01/01/2024 22:11:02||17338|2242666440|3317103904
16220|0|84613|01/01/2024 22:43:55||15365|1769223712|1941107696
16813|0|16150|02/01/2024 02:31:11||1729|639537136|844445184
16626|0|47464|02/01/2024 01:26:39||5601|12998207920|30639107576
16706|0|37879|02/01/2024 01:59:58||3602|4094488496|11899134424
15899|0|50847|01/01/2024 20:38:59||22861|6009081680|8697533800
16094|0|19071|01/01/2024 21:55:55||18245|3573521656|3894685976
16605|0|8718|02/01/2024 01:19:47||6013|610607592|788516608
14257|0|99904|01/01/2024 09:26:43||63197|19391944272|20610125912
16785|0|57307|02/01/2024 02:21:03||2337|19655504|21388376
16627|0|77032|02/01/2024 01:23:10||5810|2347176936|3045844248
16194|0|63585|01/01/2024 22:35:39||15861|16069455136|22257911280
14971|0|33064|01/01/2024 13:16:12||49428|19681208144|20527901400
15786|0|62125|01/01/2024 19:40:37||26363|97872112576|184575715392
15830|0|49279|01/01/2024 20:04:35||24925|12902088168|15682580976
16303|0|30280|01/01/2024 23:15:13||13487|9321259504|10264213096
16656|0|10808|02/01/2024 01:30:13||5387|827957008|832842720
15016|0|58441|01/01/2024 13:35:40||48260|9791968248|10329700120
16579|0|3805|02/01/2024 01:00:21||7179|631893768|807364128
16376|0|89909|01/01/2024 23:47:11||11569|2300862112|2674500120
15562|0|24143|01/01/2024 17:53:29||32791|15968450152|20697231744
16657|0|37572|02/01/2024 01:30:28||5372|954955256|1384959208
16580|0|23126|02/01/2024 01:06:23||6817|481292272|523557768
16140|0|47169|01/01/2024 22:16:08||17032|52041686920|125634439408
15667|0|29721|01/01/2024 18:49:54||29406|3003403616|3913152496
16281|0|52416|01/01/2024 23:05:02||14098|550460720|730513776
16457|0|60061|02/01/2024 00:18:39||9681|970171352|1373571744
15270|0|55316|01/01/2024 15:40:45||40755|8356886536|10594953176
15950|0|98149|01/01/2024 20:54:29||21931|3563051440|3573136808
15503|0|44450|01/01/2024 17:23:12|02/01/2024 02:55:45|34353|5524102216|6975275160
16221|0|82418|01/01/2024 22:45:42||15258|3298829128|3501955072
15099|0|80719|01/01/2024 14:10:10||46190|22280788128|24316928640
16282|0|67557|01/01/2024 23:09:11||13849|5574555848|6877486200
16581|0|7575|02/01/2024 01:08:04||6716|2248778704|2391942480
15624|0|96953|01/01/2024 18:25:50||30850|20827184992|21500857864
15044|0|27975|01/01/2024 13:48:02||47518|17934107608|25875540136
16527|0|82986|02/01/2024 00:46:29||8011|159501512|201928352
16833|0|24334|02/01/2024 02:49:15||645|140959600|207496408
16834|0|14643|02/01/2024 02:45:37||863|23008056|27646720
16508|0|17504|02/01/2024 00:32:45||8835|14592214656|29827474104
16707|0|98298|02/01/2024 01:56:32||3808|866623816|1132088200
16582|0|69372|02/01/2024 01:08:44||6676|2592932920|3568681248
15045|0|97740|01/01/2024 13:48:43||47477|2259855112|2634426224
16141|0|47819|01/01/2024 22:17:08||16972|34784257136|71826265712
14323|0|61217|01/01/2024 09:41:44||62296|10235704312|12855520048
16861|0|87153|02/01/2024 02:53:17||403|46555008|55203200
16171|0|56210|01/01/2024 22:28:01||16319|53945245544|136574630968
15686|0|43543|01/01/2024 18:56:54||28986|10685171864|10953534448
16762|0|40101|02/01/2024 02:11:50||2890|6283466792|16730022848
15452|0|93664|01/01/2024 17:04:35||35725|4685116104|5759068680
16023|0|29682|01/01/2024 21:21:52||20288|296764976|298215504
15900|0|41429|01/01/2024 20:33:58||23162|1514046648|2268065768
14712|0|28055|01/01/2024 11:32:32||55648|35079180136|23436204296
15138|0|70723|01/01/2024 14:32:37||44843|3461434664|2024838744
14972|0|98424|01/01/2024 13:18:16||49304|22492882688|27636906584
16458|0|63848|02/01/2024 00:18:11||9709|14764967848|29190480208
14476|0|16017|01/01/2024 10:20:02||59998|48650304656|51708793256
16353|0|54200|01/01/2024 23:35:21||12279|3388086832|3694377528
14551|0|88451|01/01/2024 10:48:57||58263|2434619464|2539995376
16426|0|49678|02/01/2024 00:03:54||10566|4171170832|5866373936
16583|0|67374|02/01/2024 01:03:28||6992|10743102096|22270718376
16304|0|10036|01/01/2024 23:12:45||13635|1480201800|2061228024
16763|0|25125|02/01/2024 02:19:37||2423|181473504|187475160
15901|0|87674|01/01/2024 20:32:09||23271|4493018704|5800280128
15626|0|94741|01/01/2024 18:23:09||31011|81591495232|224421370264
14431|0|74145|01/01/2024 10:16:25||60215|22180186448|25553764600
14993|0|26093|01/01/2024 13:23:39||48981|8944963472|11299511248
16628|0|90076|02/01/2024 01:21:33||5907|704520848|925548200
16459|0|17156|02/01/2024 00:14:14||9946|514027048|587106768
15787|0|69214|01/01/2024 19:47:16||25964|91778400040|175945923808
15526|0|69808|01/01/2024 17:31:22||34118|16512485576|18403072960
16708|0|28124|02/01/2024 01:52:20||4060|7435164192|19293824232
16305|0|24162|01/01/2024 23:10:45||13755|3893442480|4416132720
16709|0|56866|02/01/2024 01:52:31||4049|360409296|394913984
15193|0|53612|01/01/2024 15:03:07||43013|17145471032|23137380920
16118|0|25051|01/01/2024 22:05:28||17672|916407216|1183818552
16764|0|91511|02/01/2024 02:19:07||2453|614263080|880402504
15871|0|79035|01/01/2024 20:27:29||23551|874780800|891304864
14324|0|66310|01/01/2024 09:46:34||62006|19299340936|21352520776
16306|0|53714|01/01/2024 23:14:27||13533|26868509512|64027035016
15627|0|93041|01/01/2024 18:24:18||30942|7432050480|8669401776
16307|0|34312|01/01/2024 23:12:52||13628|2395245176|3012461368
15872|0|83129|01/01/2024 20:29:03||23457|14675870544|15197571280
14903|0|70629|01/01/2024 12:37:32||51748|7579245080|11291340168
16629|0|53883|02/01/2024 01:20:06||5994|76920480|104024632
15604|0|74601|01/01/2024 18:13:29||31591|46667789832|99407028008
15475|0|28927|01/01/2024 17:16:11||35029|2526112840|2876884416
16308|0|24152|01/01/2024 23:13:32||13588|8384024296|10013405064
15873|0|39739|01/01/2024 20:24:41||23719|1207393904|1692931696
16814|0|21520|02/01/2024 02:34:52||1508|126362200|178975592
15874|0|31527|01/01/2024 20:26:53||23587|9470667936|10520071648
16251|0|90512|01/01/2024 22:53:51||14769|5895629704|7697672512
15747|0|71041|01/01/2024 19:29:40||27020|6391797456|9280481536
16252|0|79389|01/01/2024 22:52:14||14866|3134790960|3505547280
15424|0|99476|01/01/2024 16:51:45||36495|7133011864|9448196568
14687|0|56252|01/01/2024 11:26:37|02/01/2024 02:58:36|55919|12202423776|15333600104
14887|0|6073|01/01/2024 12:23:11||52609|21516304872|25926690760
16253|0|59433|01/01/2024 22:56:27||14613|8316649240|10733653752
15393|0|93311|01/01/2024 16:43:45||36975|3062382232|4223762328
16254|0|94445|01/01/2024 22:57:35||14545|828543864|921044728
15748|0|83254|01/01/2024 19:26:16||27224|4267550880|4982466816
16378|0|47902|01/01/2024 23:45:20||11680|3210087016|4735999072
15831|0|83921|01/01/2024 20:06:40||24800|12131109488|16434632920
16142|0|53676|01/01/2024 22:18:30||16890|2811993128|3267350296
16835|0|27730|02/01/2024 02:42:24||1056|39667832|52154080
15952|0|89545|01/01/2024 20:58:36||21684|27236747864|63766421648
15504|0|74503|01/01/2024 17:26:47||34393|5830361080|7020238944
16742|0|39235|02/01/2024 02:07:41||3139|129847000|169183920
16143|0|26209|01/01/2024 22:13:04||17216|7674848792|8384304408
15704|0|26819|01/01/2024 19:05:16||28484|1718808520|2150288856
16862|0|78618|02/01/2024 02:58:14||106|4474664|6612648
16743|0|89748|02/01/2024 02:01:45||3495|11021318136|21061519584
15788|0|27001|01/01/2024 19:40:07||26393|8518427376|12433610488
15583|0|63750|01/01/2024 18:00:24||32376|3619255208|4641832960
15584|0|14122|01/01/2024 18:04:58||32102|5188389032|7593790008
16528|0|34668|02/01/2024 00:45:33||8067|3266061072|3754454120
15969|0|54183|01/01/2024 21:07:58||21122|8951941552|13326229216
15875|0|24392|01/01/2024 20:29:49||23411|9437458040|9698926488
15236|0|54698|01/01/2024 15:23:02||41818|84183266192|179765432760
14715|0|83416|01/01/2024 11:38:46||55274|30560339064|39419403720
14850|0|15205|01/01/2024 12:01:52||53888|11949234384|15347316360
15953|0|81876|01/01/2024 20:51:02||22138|75815659120|177264948680
14360|0|60347|01/01/2024 09:53:00||61620|2055370424|2215422032
14061|0|7502|01/01/2024 08:25:57||66843|10904787976|12547320392
16815|0|53977|02/01/2024 02:33:28||1592|197251648|293852744
16428|0|47511|02/01/2024 00:08:39||10281|3744364736|4656940216
15832|0|39224|01/01/2024 20:07:28||24752|9738112600|11276864032
15585|0|43761|01/01/2024 18:03:39||32181|8831584000|12916545280
16509|0|58449|02/01/2024 00:34:36||8724|427250816|450912136
16379|0|65431|01/01/2024 23:42:01||11879|3215626536|3276965088
16222|0|93344|01/01/2024 22:48:56||15064|4787262072|5501952520
16196|0|49037|01/01/2024 22:36:45||15795|671217584|828565864
16744|0|63259|02/01/2024 02:01:26||3514|21423072|25177648
15476|0|5329|01/01/2024 17:18:25||34895|13316322624|13430966608
15833|0|54489|01/01/2024 20:09:51||24609|19571296248|19655061376
15749|0|70204|01/01/2024 19:29:28||27032|4432338928|5648027816
15922|0|19796|01/01/2024 20:48:19||22301|8224276472|10341675072
14612|0|4814|01/01/2024 11:02:06||57474|31516760112|44844473040
16283|0|17550|01/01/2024 23:03:05||14215|5794630208|8257812544
16745|0|36093|02/01/2024 02:03:44||3376|223929760|254909352
15217|0|49631|01/01/2024 15:19:53||42007|7868686776|10817849120
16223|0|60614|01/01/2024 22:44:17||15343|2904796128|3790352056
15996|0|66727|01/01/2024 21:12:08||20872|8685627664|8697018312
15628|0|70058|01/01/2024 18:26:07||30833|2470070480|3594155360
14720|0|81847|01/01/2024 11:33:00||55620|25690085296|33189589160
16786|0|24571|02/01/2024 02:22:27||2253|24636288|35458000
16398|0|12710|01/01/2024 23:52:33||11247|5778844824|6334176344
15646|0|31906|01/01/2024 18:30:57||30543|4814300544|4822322120
15805|0|54433|01/01/2024 19:55:47||25453|6916729360|8381528536
15647|0|34330|01/01/2024 18:30:50||30550|6629583400|7836640528
14931|0|70169|01/01/2024 12:55:21||50679|28876179920|40407233160
14362|0|46986|01/01/2024 09:58:33||61287|4279452160|5842507032
16255|0|23505|01/01/2024 22:56:44||14596|13269544960|15424259880
14437|0|89361|01/01/2024 10:12:03|02/01/2024 02:53:29|60086|18375656728|22122437136
16863|0|42726|02/01/2024 02:50:10||590|128673304|189945504
15455|0|7332|01/01/2024 17:06:52||35588|8344252984|9045815152
16097|0|60604|01/01/2024 21:54:36||18324|3453302400|4112081816
16399|0|25321|01/01/2024 23:59:15||10845|731635584|1002860136
16354|0|90189|01/01/2024 23:35:47||12253|40047176920|84830302040
15456|0|21997|01/01/2024 17:02:53||35827|4949199064|5778274896
16864|0|98215|02/01/2024 02:52:58||422|12986000|16928672
14973|0|85856|01/01/2024 13:16:14||49426|22256212776|25844520344
15545|0|74749|01/01/2024 17:48:22||33098|7627123568|7944254816
15173|0|5866|01/01/2024 14:50:23||43777|9227548112|10081068312
14648|0|37440|01/01/2024 11:18:47||56473|8663949936|10965313920
16584|0|59369|02/01/2024 01:01:16||7124|4146061112|4733477376
16630|0|36663|02/01/2024 01:25:41||5659|1811612200|1952409816
16460|0|66412|02/01/2024 00:10:29||10171|3204962944|3268504080
16710|0|37635|02/01/2024 01:53:18||4002|103988528|154745240
16400|0|23523|01/01/2024 23:59:29||10831|4451752|5970304
16256|0|5616|01/01/2024 22:54:22||14738|19417601536|53869943032
16309|0|27952|01/01/2024 23:11:03||13737|8080958392|10391662456
16257|0|96379|01/01/2024 22:56:16||14624|705805576|893294248
15363|0|18724|01/01/2024 16:37:40||37340|11435437936|17076960344
15852|0|20125|01/01/2024 20:19:35||24025|6435308432|7690294104
15425|0|90493|01/01/2024 16:54:47||36313|7292743656|7840513688
16746|0|85391|02/01/2024 02:01:09||3531|647606248|915395968
15048|0|88091|01/01/2024 13:46:09||47631|2289167512|3281740200
15750|0|91923|01/01/2024 19:27:43||27137|658090408|956631072
16529|0|31308|02/01/2024 00:44:06||8154|641000600|806514936
15140|0|26349|01/01/2024 14:34:36||44724|5291378328|6163991288
15835|0|90408|01/01/2024 20:05:12||24888|7941246568|8651832168
15997|0|25820|01/01/2024 21:16:17||20623|3417379192|4135646792
16461|0|58177|02/01/2024 00:12:58||10022|23843245808|70273171808
16462|0|89984|02/01/2024 00:12:01||10079|799298464|983939576
15564|0|31214|01/01/2024 17:57:47||32533|9491633176|10868553152
16172|0|79078|01/01/2024 22:27:58||16322|2996002832|4116174736
16530|0|26547|02/01/2024 00:45:57||8043|206738312|282198608
16144|0|26764|01/01/2024 22:16:34||17006|1693383168|2151580552
16197|0|40014|01/01/2024 22:30:16||16184|169487888|182320256
16355|0|92224|01/01/2024 23:32:34||12446|10379710248|11571301680
16816|0|90711|02/01/2024 02:32:11||1669|246584936|335986184
15117|0|4539|01/01/2024 14:23:02||45418|285310232|362031704
15395|0|78957|01/01/2024 16:45:59||36841|6871547440|6881585768
15836|0|73491|01/01/2024 20:06:21||24819|1591442864|1929515248
15629|0|29153|01/01/2024 18:28:14||30706|2587306616|4906748344
16606|0|99462|02/01/2024 01:15:20||6280|2064587144|2200133896
14722|0|9840|01/01/2024 11:34:26||55534|6314606440|9051095176
16401|0|15351|01/01/2024 23:54:08||11152|2352607232|3451628256
15648|0|60165|01/01/2024 18:32:48||30432|4778890552|5918767960
15086|0|86640|01/01/2024 14:05:38||46462|11231927264|15949665232
16681|0|45522|02/01/2024 01:43:54||4566|15420188128|29542380768
16402|0|78867|01/01/2024 23:52:28||11252|55530850560|32318252896
14955|0|89121|01/01/2024 13:04:45||50115|49554549336|61224280184
15877|0|78223|01/01/2024 20:20:05||23995|5176997040|6504491144
16787|0|22919|02/01/2024 02:23:59||2161|1187576560|1697641168
15396|0|66722|01/01/2024 16:49:36||36624|1963053312|2149819400
14516|0|5200|01/01/2024 10:34:59||59101|13801366024|16750409016
16711|0|8441|02/01/2024 01:50:52||4148|1052493784|1542901024
15018|0|36175|01/01/2024 13:32:05||48475|24068423576|31800629408
16145|0|15798|01/01/2024 22:15:28||17072|3498592568|5026311640
16712|0|37770|02/01/2024 01:58:27||3693|687643976|894517912
13849|0|79082|01/01/2024 07:18:42||70878|10975642416|11102697400
15955|0|38222|01/01/2024 20:54:08||21952|10265944096|10564524640
15630|0|21763|01/01/2024 18:28:32||30688|3255320032|3392191376
14905|0|26580|01/01/2024 12:35:31||51869|14962907944|21299506240
16403|0|52962|01/01/2024 23:53:39||11181|135767200|185136840
16713|0|66619|02/01/2024 01:50:56||4144|4063370464|9569326528
16404|0|34127|01/01/2024 23:51:05||11335|5702570456|8310474912
15838|0|90297|01/01/2024 20:08:18||24702|70451500216|181166540984
15397|0|62492|01/01/2024 16:41:49||37091|6697537456|9523854240
14974|0|35296|01/01/2024 13:16:25||49415|16723749968|19854292312
16259|0|80695|01/01/2024 22:50:51||14949|5403987760|7387139624
16682|0|82589|02/01/2024 01:41:40||4700|389150504|542504840
15426|0|8607|01/01/2024 16:54:28||36332|49850577312|131074460752
15174|0|42312|01/01/2024 14:51:55||43685|18181670184|22648009016
15839|0|91475|01/01/2024 20:00:56||25144|2974466168|3342187696
13915|0|78636|01/01/2024 07:39:13||69647|5908211392|8329507416
16025|0|41167|01/01/2024 21:20:47||20353|8438240824|11909135520
15689|0|67311|01/01/2024 18:54:26||29134|11400280528|11426172544
16714|0|86487|02/01/2024 01:52:17||4063|1458948840|1653855360
15305|0|42018|01/01/2024 15:52:39|02/01/2024 02:53:50|39671|4527489160|5161522456
15879|0|47406|01/01/2024 20:28:17||23503|73599280864|138672941040
16817|0|42829|02/01/2024 02:36:17||1423|78551800|88245168
16463|0|52747|02/01/2024 00:18:33||9687|149094040|195948936
15237|0|40916|01/01/2024 15:26:32||41608|5751224488|6435899680
16553|0|73198|02/01/2024 00:59:22||7238|582609216|637552088
15751|0|85732|01/01/2024 19:27:28||27152|8043943344|9150314896
15998|0|29132|01/01/2024 21:10:57||20943|7164859528|10677961352
15925|0|55593|01/01/2024 20:47:33||22347|15372537848|16853657312
16335|0|49049|01/01/2024 23:21:40||13100|8878100368|10864451984
14763|0|73499|01/01/2024 11:48:55||54665|2047901928|2285382152
16607|0|14893|02/01/2024 01:15:44||6256|1086091136|1217847856
15902|0|26014|01/01/2024 20:33:05||23215|5769196008|8117445680
16788|0|39980|02/01/2024 02:25:20||2080|885252744|923893024
16510|0|35062|02/01/2024 00:35:00||8700|1612325848|1639032792
15649|0|32834|01/01/2024 18:37:47||30133|666299856|783972704
16715|0|18927|02/01/2024 01:55:08||3892|3083887488|4122345368
15238|0|44714|01/01/2024 15:22:16||41864|9583611760|12196118992
16146|0|71703|01/01/2024 22:13:19||17201|2611394840|3679706784
15194|0|5312|01/01/2024 15:01:06||43134|8886387944|9725343280
16683|0|32589|02/01/2024 01:46:46||4394|2253367968|3273737576
16310|0|95066|01/01/2024 23:17:12||13368|322191704|338783200
16026|0|13803|01/01/2024 21:27:16||19964|386605648|396143688
15752|0|67595|01/01/2024 19:29:39||27021|26181588936|61953838680
16818|0|47241|02/01/2024 02:30:48||1752|17616624|19020888
16819|0|88096|02/01/2024 02:36:13||1427|29017632|34145480
15730|0|22300|01/01/2024 19:10:50||28150|8815919840|11724681416
16224|0|12608|01/01/2024 22:49:52||15008|7684461088|10169335856
15528|0|11713|01/01/2024 17:32:16||34064|12700651440|13073451544
15364|0|38214|01/01/2024 16:32:15||37665|6956698408|8251561776
14133|0|58246|01/01/2024 08:45:36||65664|1374125216|1658991792
15546|0|79509|01/01/2024 17:49:19||33041|8231373776|11945486736
15806|0|8771|01/01/2024 19:57:55||25325|57476290696|171522745728
14996|0|80240|01/01/2024 13:29:09||48651|11339594400|12233531712
15853|0|24545|01/01/2024 20:18:04||24116|8793568136|11566782216
15088|0|89014|01/01/2024 14:05:21||46479|11124540320|16242159184
16147|0|80524|01/01/2024 22:16:54||16986|1157224328|1421158216
15880|0|65611|01/01/2024 20:27:17||23563|786049856|798944672
16865|0|65637|02/01/2024 02:56:35||205|8582792|10351112
14725|0|59817|01/01/2024 11:38:38||55282|23130828552|32245677080
15999|0|5708|01/01/2024 21:10:33||20967|5057752528|5071034608
16049|0|21901|01/01/2024 21:30:52||19748|1371795592|1868611272
14517|0|56598|01/01/2024 10:32:28||59252|10255999408|12945381408
16531|0|90141|02/01/2024 00:44:43||8117|377812632|402873744
16027|0|78852|01/01/2024 21:26:50||19990|3720923776|5224323520
16075|0|76085|01/01/2024 21:46:31||18809|773988280|1075911272
16532|0|64625|02/01/2024 00:40:29||8371|853436600|1248623992
16311|0|21232|01/01/2024 23:19:36||13224|6927089760|9661892488
15427|0|6890|01/01/2024 16:59:35||36025|4041480536|4733106224
16716|0|36128|02/01/2024 01:59:05||3655|3925041560|4201050680
14689|0|35038|01/01/2024 11:20:04||56396|150907104200|430070152088
16765|0|91272|02/01/2024 02:19:02||2458|557249880|587124168
15366|0|86394|01/01/2024 16:33:53||37567|6400950528|8198880328
16608|0|90354|02/01/2024 01:14:32||6328|467039232|588932744
16148|0|51005|01/01/2024 22:16:41||16999|2496109520|2569073288
16533|0|49797|02/01/2024 00:49:20||7840|12014177592|36012257944
16717|0|63511|02/01/2024 01:58:21||3699|9711366112|18560013120
14808|0|20600|01/01/2024 11:55:59||54241|9115469680|10022222144
14333|0|21691|01/01/2024 09:49:44||61816|2198753592|3256363800
16050|0|61887|01/01/2024 21:38:05||19315|6066828160|8050560088
14653|0|82469|01/01/2024 11:17:20||56560|4099925728|5761238048
15971|0|65046|01/01/2024 21:04:51||21309|49656322032|106586343912
16836|0|40852|02/01/2024 02:40:34||1166|194524760|279359872
15903|0|81367|01/01/2024 20:32:18||23262|10909740880|11035150896
16554|0|75318|02/01/2024 00:55:02||7498|890896520|1222252344
16684|0|70352|02/01/2024 01:41:14||4726|2761163768|3081168344
15428|0|64617|01/01/2024 16:57:31||36149|65747232104|189160487848
16485|0|91924|02/01/2024 00:28:40||9080|2452054464|2920158408
16486|0|76632|02/01/2024 00:26:01||9239|1035946400|1469308704
16260|0|5948|01/01/2024 22:52:25||14855|4599965936|6496766488
16866|0|78582|02/01/2024 02:58:03||117|16184352|17133392
15367|0|66625|01/01/2024 16:36:22||37418|1756868752|1806585384
16464|0|59792|02/01/2024 00:11:04||10136|17105394152|34988236600
15926|0|99038|01/01/2024 20:45:23||22477|13877368712|14341864904
15090|0|63864|01/01/2024 14:08:51||46269|120341611888|252408351424
14367|0|24609|01/01/2024 09:51:02||61738|27089910512|33021976184
15956|0|20346|01/01/2024 20:52:08||22072|2084898104|2098416744
15459|0|71680|01/01/2024 17:06:49||35591|7799276832|11650863992
16028|0|78811|01/01/2024 21:22:38||20242|550495224|654217824
15972|0|53450|01/01/2024 21:07:44||21136|1849228496|2190113696
16284|0|82975|01/01/2024 23:07:49||13931|3419109208|3659811776
14442|0|7198|01/01/2024 10:17:12||60168|18559688368|19450998736
16000|0|66003|01/01/2024 21:18:17||20503|898556488|1329844048
16356|0|61892|01/01/2024 23:38:33||12087|1713192240|2475030688
15957|0|48755|01/01/2024 20:50:41||22159|1361270912|1923550848
16487|0|88718|02/01/2024 00:25:51||9249|3437518448|3789744840
16766|0|89308|02/01/2024 02:10:44||2956|310220648|403134272
16820|0|67178|02/01/2024 02:35:01||1499|2504267416|6754330968
14191|0|79497|01/01/2024 09:02:43||64637|15461739280|16751490928
16609|0|12492|02/01/2024 01:17:16||6164|1543345848|1890932568
14192|0|52355|01/01/2024 09:04:23||64537|1822286136|2344244728
15974|0|87529|01/01/2024 21:00:46||21554|4517716000|5237534680
15854|0|93897|01/01/2024 20:18:49||24071|14824836688|16824645568
15120|0|94806|01/01/2024 14:25:37||45263|11355934416|14793096944
16098|0|38509|01/01/2024 21:56:04||18236|738427544|894149784
16685|0|42697|02/01/2024 01:41:54||4686|4492177608|4543188952
16534|0|52021|02/01/2024 00:40:34||8366|431570696|609280600
14956|0|5777|01/01/2024 13:04:46||50114|25079368280|32076133656
16686|0|53526|02/01/2024 01:49:25||4235|1371503400|1379372192
16336|0|91231|01/01/2024 23:20:53||13147|2767080096|3974335608
16555|0|54759|02/01/2024 00:56:59||7381|1730264944|1954936264
15313|0|91721|01/01/2024 16:04:27||39333|16322931672|20588733144
16610|0|58622|02/01/2024 01:16:49||6191|2550694656|3299273984
16658|0|30399|02/01/2024 01:33:21||5199|5193258912|13735870272
16556|0|50807|02/01/2024 00:58:45||7275|15509489304|34000938832
16312|0|33578|01/01/2024 23:15:57||13443|32861627800|80408592360
16535|0|44413|02/01/2024 00:44:20||8140|1073422560|1164886832
15531|0|67103|01/01/2024 17:34:28||33932|142011044808|313383115064
16631|0|73562|02/01/2024 01:26:58||5582|1232462872|1673672248
14921|0|55102|01/01/2024 12:40:14||51586|6938153016|8892344960
15753|0|52556|01/01/2024 19:26:55||27185|8499733832|9551563880
14337|0|17300|01/01/2024 09:49:51||61809|28158654240|41149495888
16488|0|57145|02/01/2024 00:25:33||9267|352948064|401605280
16051|0|11403|01/01/2024 21:37:53||19327|97956736|126511888
15731|0|13136|01/01/2024 19:18:29||27691|43525753464|31912392032
15196|0|36401|01/01/2024 15:05:29||42871|18649713312|23671851144
16173|0|39030|01/01/2024 22:24:44||16516|61355677128|142409907248
15219|0|35949|01/01/2024 15:16:16||42224|15623536536|19769960056
16200|0|21827|01/01/2024 22:31:36||16104|292568544|337148272
16536|0|41400|02/01/2024 00:45:35||8065|2977517432|4242631480
15197|0|53935|01/01/2024 15:06:11||42829|7265112416|8631993664
15927|0|82821|01/01/2024 20:41:45||22695|4025220096|5101710720
14692|0|61975|01/01/2024 11:28:59||55861|10513744120|13654931576
16687|0|38745|02/01/2024 01:44:51||4509|2680092808|2704204856
14618|0|32328|01/01/2024 11:02:34||57446|5508231432|6050958712
14168|0|6682|01/01/2024 08:58:37|02/01/2024 02:54:22|64545|4592690112|5009628896
16867|0|6682|02/01/2024 02:55:45||255|3431224|4383312
16077|0|20016|01/01/2024 21:45:59||18841|106436344|155807784
14957|0|83926|01/01/2024 13:08:49||49871|21846034304|29895506448
16002|0|90910|01/01/2024 21:14:14||20746|7886514224|9030669328
15401|0|63833|01/01/2024 16:46:32||36808|83814088|87626840
16632|0|54549|02/01/2024 01:24:01||5759|1188797592|1367737016
16511|0|85555|02/01/2024 00:33:11||8809|21329399184|45631373800
15402|0|47454|01/01/2024 16:44:49||36911|407135288|599326016
15460|0|64521|01/01/2024 17:09:20||35440|8560910008|10194101480
16688|0|44115|02/01/2024 01:47:03||4377|208501520|255514280
16821|0|14982|02/01/2024 02:37:38||1342|341243072|406628024
14580|0|53116|01/01/2024 10:54:17||57943|14663021112|15861856856
16174|0|45765|01/01/2024 22:26:16||16424|3954583992|5021302752
15732|0|81151|01/01/2024 19:18:30||27690|6402447784|7350158744
15809|0|52373|01/01/2024 19:52:02||25678|32199803272|17947636904
16337|0|9286|01/01/2024 23:28:42||12678|2620062048|3532383088
15810|0|80798|01/01/2024 19:53:13||25607|5418202736|6254143512
16381|0|45845|01/01/2024 23:49:04||11456|403866312|503328472
16718|0|13029|02/01/2024 01:52:00||4080|983131688|1021089248
15733|0|76719|01/01/2024 19:10:03||28197|63485235408|136567835672
14890|0|53663|01/01/2024 12:22:16||52664|3433838680|4219904304
16633|0|47925|02/01/2024 01:27:26||5554|1460677856|1562624488
16585|0|92429|02/01/2024 01:06:36||6804|131800568|170520672
15276|0|44497|01/01/2024 15:43:28||40592|39481476400|49405061080
16719|0|76729|02/01/2024 01:53:29||3991|6372840|7558080
16052|0|4405|01/01/2024 21:39:40||19220|954689912|1290353680
16586|0|83702|02/01/2024 01:07:27||6753|1575772272|1805028160
16747|0|60671|02/01/2024 02:07:58||3122|8163013608|19304326024
16201|0|33311|01/01/2024 22:36:38||15802|27829616040|66963413920
16338|0|88205|01/01/2024 23:24:46||12914|3999821248|4449167128
14998|0|39392|01/01/2024 13:22:49||49031|15893903216|19770576272
15021|0|59469|01/01/2024 13:33:39||48381|5499028944|6883137000
15339|0|36658|01/01/2024 16:16:12||38628|4605316152|5077007520
16149|0|77259|01/01/2024 22:15:17||17083|1035020432|1091539576
15691|0|76870|01/01/2024 18:54:20||29140|8313089840|9177548248
16789|0|96661|02/01/2024 02:25:12||2088|183186272|193519648
16003|0|89519|01/01/2024 21:10:55||20945|52763423176|131789577976
15022|0|77651|01/01/2024 13:31:23||48517|3015969640|3941621408
15480|0|31407|01/01/2024 17:17:18||34962|6248639696|7508362368
16767|0|55502|02/01/2024 02:13:58||2762|502585896|522871496
16225|0|5653|01/01/2024 22:49:03||15057|1253220736|1733979000
14655|0|9731|01/01/2024 11:11:53||56887|89140549784|240350741560
16790|0|92304|02/01/2024 02:20:03||2397|651963120|757830752
16822|0|57772|02/01/2024 02:37:56||1324|79250488|114378224
16120|0|10021|01/01/2024 22:07:30||17550|250531864|294668952
15340|0|98479|01/01/2024 16:18:59||38461|14712661840|15781597128
16226|0|15671|01/01/2024 22:46:46||15194|5424307816|5441596688
15141|0|13744|01/01/2024 14:30:39||44961|8691478488|9278062392
15812|0|68860|01/01/2024 19:59:01||25259|2237295096|3176041776
15547|0|18593|01/01/2024 17:45:40||33260|19567910320|22505699464
15565|0|60247|01/01/2024 17:59:17||32443|13182648904|18803057992
14814|0|79106|01/01/2024 11:51:20||54520|11464321720|12737251080
16227|0|48342|01/01/2024 22:43:54||15366|6464779472|8377409952
14556|0|79262|01/01/2024 10:48:57||58263|20264734496|20727609160
16489|0|11561|02/01/2024 00:29:40||9020|226084432|288419928
16175|0|66920|01/01/2024 22:26:01||16439|6977982424|7830328864
16634|0|20310|02/01/2024 01:24:05||5755|2602425544|2999458696
15481|0|58938|01/01/2024 17:10:39||35361|4526664528|4654679216
15651|0|8450|01/01/2024 18:39:33||30027|2978460448|4173417704
15768|0|28556|01/01/2024 19:37:15||26565|6452464184|7744197208
16768|0|87906|02/01/2024 02:17:44||2536|6116618472|13204995616
16611|0|9498|02/01/2024 01:17:58||6122|671444376|761574664
16612|0|93398|02/01/2024 01:19:25||6035|2090456904|3075456648
16512|0|89785|02/01/2024 00:34:33||8727|789132616|890790976
15692|0|21544|01/01/2024 18:50:01||29399|7913436552|8811223440
15734|0|15458|01/01/2024 19:18:14||27706|1130367728|1269532640
16513|0|69151|02/01/2024 00:37:45||8535|644895024|800218872
15317|0|35686|01/01/2024 16:06:39||39201|128710062432|374348887416
15482|0|79371|01/01/2024 17:18:29||34891|52990899024|113090248056
16202|0|69209|01/01/2024 22:34:41||15919|4226368552|5815371056
15370|0|51972|01/01/2024 16:33:59||37561|6601860784|6685703912
15429|0|42379|01/01/2024 16:53:18||36402|1281358416|1817293568
16659|0|37232|02/01/2024 01:31:56||5284|744385584|1026870520
16720|0|76481|02/01/2024 01:52:26||4054|3984185424|4234051848
15904|0|36505|01/01/2024 20:31:23||23317|41039583376|94949970592
15669|0|81534|01/01/2024 18:48:35||29485|18887970496|21013323816
15693|0|78405|01/01/2024 18:52:58||29222|141135789904|274060428208
15670|0|95715|01/01/2024 18:46:18||29622|1508212240|1680655992
16514|0|97549|02/01/2024 00:31:51||8889|1618261272|2037763808
16635|0|54072|02/01/2024 01:26:54||5586|681037616|1005799736
16837|0|80903|02/01/2024 02:44:49||911|541620976|1047468488
16429|0|20461|02/01/2024 00:08:13||10307|858182560|860031296
16868|0|86957|02/01/2024 02:50:57||543|2444376|3209424
15813|0|62538|01/01/2024 19:55:31||25469|1531636136|1936009304
16466|0|84557|02/01/2024 00:12:47||10033|31287643520|64690834424
15175|0|73017|01/01/2024 14:50:28||43772|91414308168|176521988528
16261|0|38351|01/01/2024 22:57:55||14525|2986235704|3950857040
16340|0|13481|01/01/2024 23:20:41||13159|9902932568|10087682688
15905|0|6918|01/01/2024 20:32:41||23239|7401211056|9219557712
15483|0|30325|01/01/2024 17:10:03||35397|10512986736|13510650392
16430|0|83640|02/01/2024 00:00:40||10760|10975516384|29909166072
16557|0|58758|02/01/2024 00:50:12||7788|163615200|187662560
16467|0|57706|02/01/2024 00:16:36||9804|17434180800|36846312352
15928|0|11392|01/01/2024 20:41:34||22706|16009147176|22870165024
16285|0|72869|01/01/2024 23:01:38||14302|4826271688|6311406768
16228|0|97683|01/01/2024 22:40:14||15586|396509976|412227904
15403|0|15140|01/01/2024 16:45:02||36898|5681281120|8031301392
15241|0|9484|01/01/2024 15:28:24||41496|13585380744|13894714840
13919|0|10014|01/01/2024 07:35:49||69851|17246501312|23651284368
16229|0|89254|01/01/2024 22:40:33||15567|8579030400|8982733992
16660|0|87648|02/01/2024 01:38:26||4894|2410486496|2669288800
15814|0|91770|01/01/2024 19:55:38||25462|3934095104|4311987568
14223|0|72276|01/01/2024 09:19:59||63601|4897912440|6263209136
15735|0|53565|01/01/2024 19:10:12||28188|2792453704|2866987136
15532|0|24620|01/01/2024 17:39:10||33650|7228171960|7555153784
15066|0|31714|01/01/2024 13:59:18||46842|56186176|72241584
15254|0|69227|01/01/2024 15:34:17||41143|3530932464|3661603856
16661|0|32356|02/01/2024 01:33:53||5167|1719947856|1985382408
15484|0|73038|01/01/2024 17:11:37||35303|4649824240|5342290992
15857|0|33659|01/01/2024 20:18:36||24084|3016961024|3297296344
15102|0|36613|01/01/2024 14:11:07|02/01/2024 02:58:55|46068|7845666896|10719351272
16558|0|59871|02/01/2024 00:54:37||7523|1069993952|1264369376
15162|0|81175|01/01/2024 14:49:45||43815|2636628032|3161201664
16341|0|61780|01/01/2024 23:25:44||12856|2311735960|2809118808
16559|0|83574|02/01/2024 00:56:45||7395|37596957280|75554987416
16121|0|7181|01/01/2024 22:00:46||17954|682772512|778239504
14815|0|89409|01/01/2024 11:57:49||54131|72906566312|139161582704
16721|0|40452|02/01/2024 01:54:22||3938|6136553464|12228670672
14372|0|68529|01/01/2024 09:53:55||61565|36829265840|38425378936
16099|0|5584|01/01/2024 21:56:12||18228|6578574056|7899513552
16176|0|52873|01/01/2024 22:20:55||16745|4094787632|4437608320
16405|0|95063|01/01/2024 23:58:50||10870|4250606320|5476709488
16079|0|89326|01/01/2024 21:43:37||18983|5305527800|7029845648
16204|0|99205|01/01/2024 22:30:10||16190|5662661928|7747347376
15430|0|7018|01/01/2024 16:58:52||36068|3886804568|5668389792
16406|0|4713|01/01/2024 23:50:41||11359|3278999632|3476156072
16838|0|40236|02/01/2024 02:47:33||747|97275352|145883632
15278|0|36211|01/01/2024 15:44:56|02/01/2024 02:56:36|40300|5657759896|5750500016
16150|0|72885|01/01/2024 22:14:17||17143|5786981264|8247195728
16031|0|95626|01/01/2024 21:23:07||20213|1937801544|2772220728
16382|0|44332|01/01/2024 23:45:09||11691|1918582008|2317116528
15566|0|50061|01/01/2024 17:59:10||32450|3318537704|4974845808
15706|0|36650|01/01/2024 19:04:51||28509|1955512104|1973815464
14958|0|71110|01/01/2024 13:06:48||49992|25307772440|25432392568
16722|0|89700|02/01/2024 01:56:49||3791|921017672|1364565336
15485|0|52552|01/01/2024 17:16:54||34986|6667169440|7768214664
14522|0|94657|01/01/2024 10:31:43||59297|37774928528|46870718792
15769|0|97644|01/01/2024 19:33:20||26800|8127288160|8413049384
14373|0|7418|01/01/2024 09:58:13||61307|6777558296|9869565112
16748|0|45519|02/01/2024 02:09:46||3014|1737528544|2419728120
15279|0|19965|01/01/2024 15:45:01||40499|7456848584|9622315000
16286|0|98472|01/01/2024 23:01:07||14333|3861804064|4202874736
16431|0|85429|02/01/2024 00:03:09||10611|1458529936|1717781848
14978|0|40634|01/01/2024 13:11:38||49702|767627176|794170520
16287|0|72740|01/01/2024 23:06:11||14029|3176169224|3589814976
15486|0|49854|01/01/2024 17:11:31||35309|2383067408|2633837936
15707|0|75357|01/01/2024 19:00:34||28766|8156639496|11988194128
14486|0|51641|01/01/2024 10:25:21||59679|98628878640|256688012288
16689|0|47910|02/01/2024 01:45:17||4483|651470592|846380528
16151|0|85726|01/01/2024 22:14:05||17155|47866806496|120010102512
15124|0|3957|01/01/2024 14:28:33||45087|2703954352|2846814264
16357|0|35063|01/01/2024 23:31:35||12505|26552250112|74821957408
16288|0|7189|01/01/2024 23:07:39||13941|2100517168|2240460160
16262|0|44695|01/01/2024 22:52:31||14849|5035193536|7087661656
16432|0|42042|02/01/2024 00:00:01||10799|376915256|432234128
16749|0|17133|02/01/2024 02:02:53||3427|13610867176|25810254792
15200|0|79473|01/01/2024 15:03:06||43014|10545196656|11183754992
16537|0|80111|02/01/2024 00:43:37||8183|1017162480|1385088912
14658|0|31666|01/01/2024 11:15:08||56692|2257057256|3300130232
15770|0|39548|01/01/2024 19:34:54||26706|7525532760|8175186592
16053|0|45148|01/01/2024 21:35:11||19489|4256684712|5375015744
16490|0|91442|02/01/2024 00:21:57||9483|307333816|412787248
15143|0|82075|01/01/2024 14:31:06||44934|82327538688|166821043064
15842|0|20792|01/01/2024 20:07:23||24757|6716214104|13132040688
15591|0|77834|01/01/2024 18:02:42|02/01/2024 02:52:38|31796|3008607240|3937164608
15000|0|91660|01/01/2024 13:20:11||49189|6074470648|7462428392
16263|0|89206|01/01/2024 22:57:02||14578|4601841376|6459234816
16791|0|27590|02/01/2024 02:27:10||1970|812598248|851178160
15736|0|35946|01/01/2024 19:13:35||27985|1144348712|1480877696
15771|0|92253|01/01/2024 19:37:07||26573|2775872736|3536281688
14852|0|66793|01/01/2024 12:01:51||53889|15779368296|19585453064
15548|0|58035|01/01/2024 17:41:31||33509|2005870336|2364134072
16100|0|96826|01/01/2024 21:52:22||18458|1403577288|1616347624
15533|0|5630|01/01/2024 17:32:09||34071|68551016096|165307102440
16869|0|11466|02/01/2024 02:58:19||101|5542688|5898376
16823|0|61600|02/01/2024 02:31:21||1719|32738840|44065344
16101|0|11799|01/01/2024 21:58:09||18111|315491432|342812528
16054|0|99822|01/01/2024 21:32:58||19622|5921688248|7145335456
15255|0|12070|01/01/2024 15:37:57||40923|19128085008|19350416080
15318|0|91531|01/01/2024 16:08:41||39079|4408297864|5089350712
15221|0|20360|01/01/2024 15:10:49||42551|21216493496|22778554456
16587|0|94951|02/01/2024 01:07:39||6741|1733133296|2342466848
15652|0|68549|01/01/2024 18:37:25||30155|1395944048|1456656832
16839|0|42501|02/01/2024 02:49:35||625|28591128|29851744
16313|0|95722|01/01/2024 23:18:04||13316|3359395776|4780168656
14769|0|89316|01/01/2024 11:46:11||54829|14838515336|20019800560
16006|0|47261|01/01/2024 21:18:12||20508|967958376|1109089312
15929|0|5341|01/01/2024 20:49:08||22252|3310875968|4613021640
16055|0|19747|01/01/2024 21:38:32||19288|349532784|381239728
15405|0|14486|01/01/2024 16:44:46||36914|8832737968|11817730960
16491|0|35936|02/01/2024 00:21:04||9536|528028632|608139424
14660|0|68378|01/01/2024 11:15:11||56689|4268660584|5566452448
14589|0|15632|01/01/2024 10:56:29||57811|27444178296|32552520592
15930|0|76334|01/01/2024 20:42:41||22639|10803022680|11516350128
15534|0|41871|01/01/2024 17:37:57||33723|12672723712|16341537344
15406|0|29189|01/01/2024 16:49:22||36638|286801462632|189952800928
15931|0|41740|01/01/2024 20:40:16||22784|2126518152|2990264448
16433|0|93551|02/01/2024 00:03:23||10597|11402027496|12567130160
15487|0|82206|01/01/2024 17:16:33||35007|9014893424|9411833992
14300|0|96638|01/01/2024 09:39:44||62416|12897941576|17616387264
16342|0|34171|01/01/2024 23:25:43||12857|1550373832|1988841488
14661|0|48315|01/01/2024 11:13:56||56764|3677988536|4416044896
15772|0|30802|01/01/2024 19:33:55||26765|3116793832|4478192896
14817|0|53609|01/01/2024 11:59:44||54016|7108842232|7860397784
15883|0|4571|01/01/2024 20:29:50||23410|1732207472|2157018032
15256|0|92202|01/01/2024 15:35:07||41093|4805066808|6065758944
15592|0|43936|01/01/2024 18:03:04||32216|13816476800|14179835856
14868|0|31637|01/01/2024 12:16:33||53007|4119574968|4480321240
16057|0|12382|01/01/2024 21:36:13||19427|5091349296|5353225712
16662|0|15781|02/01/2024 01:33:20||5200|1031099192|1295889488
15432|0|32359|01/01/2024 16:53:07||36413|6687289792|9139042000
16824|0|7108|02/01/2024 02:39:11||1249|449552456|514284368
16515|0|82580|02/01/2024 00:30:17||8983|2249612000|3100558480
16516|0|6168|02/01/2024 00:38:47||8473|1856338808|2249904216
15319|0|64565|01/01/2024 16:01:30||39510|6039487688|6625254696
16434|0|34436|02/01/2024 00:05:55||10445|2493572168|2639217136
16231|0|8845|01/01/2024 22:45:07||15293|1870003144|2409350000
15280|0|59094|01/01/2024 15:47:54||40326|15102143168|18066637600
16008|0|12026|01/01/2024 21:15:03||20697|2085456128|3101151144
16152|0|96049|01/01/2024 22:10:15||17385|336373992|481769064
14488|0|51793|01/01/2024 10:28:50||59470|32164788304|43392992064
16232|0|72076|01/01/2024 22:47:39||15141|40378239280|95589168032
15126|0|71414|01/01/2024 14:25:08||45292|9185388120|12612245784
16723|0|37807|02/01/2024 01:58:48||3672|2474102128|2971438952
15567|0|51623|01/01/2024 17:57:45||32535|81795483552|163810328208
14773|0|32519|01/01/2024 11:49:39||54621|5000843928|5124782656
15884|0|84174|01/01/2024 20:23:09||23811|5701828568|6720214448
16690|0|80878|02/01/2024 01:40:07||4793|678991192|885604160
15958|0|40770|01/01/2024 20:53:29||21991|1839905824|2717972432
16358|0|5293|01/01/2024 23:39:10||12050|1424708216|1646855008
16233|0|74461|01/01/2024 22:49:47||15013|2290953560|2328393720
15843|0|82164|01/01/2024 20:03:01||25019|11397213608|12779255272
15433|0|23279|01/01/2024 16:58:21||36099|6071761528|8464434120
16588|0|54529|02/01/2024 01:08:10||6710|3511298424|4872539264
16205|0|12117|01/01/2024 22:37:16||15764|2509672152|2966063880
16359|0|99443|01/01/2024 23:31:00||12540|1021953304|1459145256
15773|0|47292|01/01/2024 19:39:29||26431|5232758520|7363743072
15959|0|56682|01/01/2024 20:58:47||21673|1968172584|2181137200
15755|0|53079|01/01/2024 19:26:31||27209|4710008568|4710502048
16407|0|97245|01/01/2024 23:53:12||11208|956779280|1231417448
15350|0|39694|01/01/2024 16:26:53||37987|8218034680|9376815472
16360|0|32313|01/01/2024 23:36:21||12219|5258280936|5313768816
16792|0|35019|02/01/2024 02:22:08||2272|39865432|53503560
16468|0|28962|02/01/2024 00:12:33||10047|12403838672|24588468360
15608|0|34656|01/01/2024 18:17:09||31371|11281654328|15742485504
15320|0|5135|01/01/2024 16:09:09||39051|21544450208|26572835736
16663|0|27750|02/01/2024 01:32:08||5272|2619168712|3863703048
16750|0|79232|02/01/2024 02:05:56||3244|1888635896|2292062816
16103|0|57831|01/01/2024 21:57:48||18132|737729816|1055194424
15708|0|82438|01/01/2024 19:06:33||28407|12141664632|14504497920
16664|0|12734|02/01/2024 01:35:05||5095|485334048|493624424
15885|0|42706|01/01/2024 20:21:05||23935|4797730544|5128120752
15127|0|35133|01/01/2024 14:25:31||45269|760434832|1092507744
16234|0|81922|01/01/2024 22:40:42||15558|4736919712|4904039888
15671|0|71343|01/01/2024 18:41:08||29932|19819396120|20745421192
14892|0|4679|01/01/2024 12:22:35||52645|10443519176|15634403944
16153|0|87895|01/01/2024 22:18:48||16872|3509472128|4337269200
16435|0|41100|02/01/2024 00:08:47||10273|4027018544|4738380800
16314|0|78649|01/01/2024 23:12:37||13643|6586393320|9107524392
16235|0|96328|01/01/2024 22:47:11||15169|3638186664|3938352328
16236|0|33283|01/01/2024 22:41:39||15501|1522433088|2023005904
16265|0|96489|01/01/2024 22:52:52||14828|23339287736|52406810704
16665|0|65965|02/01/2024 01:30:16||5384|720126944|911552784
16538|0|61971|02/01/2024 00:44:12||8148|266811664|269449792
16870|0|27111|02/01/2024 02:59:30||30|312512|362104
16409|0|61934|01/01/2024 23:54:14||11146|3468618224|4622451816
16793|0|23556|02/01/2024 02:29:59||1801|3124051352|7953818680
16289|0|26589|01/01/2024 23:03:23||14197|4006733808|4868379496
16122|0|32944|01/01/2024 22:04:12||17748|2551599000|3389457592
15568|0|12623|01/01/2024 17:51:35||32905|4413550736|6480655096
15434|0|33672|01/01/2024 16:57:28||36152|4937083208|6286838184
16769|0|8192|02/01/2024 02:17:52||2528|1158710952|1287845392
15633|0|8672|01/01/2024 18:24:45||30915|10411159152|13102538016
14231|0|29377|01/01/2024 09:17:04||63776|24741470040|31275130288
16080|0|32980|01/01/2024 21:48:52||18668|13660237152|31079326368
16794|0|75783|02/01/2024 02:26:28||2012|919209552|1300851168
16155|0|48155|01/01/2024 22:12:12||17268|666462104|880497704
16266|0|50353|01/01/2024 22:59:44||14416|6351839984|8028899160
16691|0|68727|02/01/2024 01:45:30||4470|1599321248|2205639944
14960|0|80768|01/01/2024 13:02:26||50254|27211029112|30449814736
15549|0|94454|01/01/2024 17:47:44|02/01/2024 02:52:26|32682|2597949784|3839867072
15373|0|6895|01/01/2024 16:36:28||37412|14960807696|20007460096
14198|0|77887|01/01/2024 09:00:15||64785|8395872536|12264358736
16840|0|96606|02/01/2024 02:42:29||1051|1997484472|5085717352
16290|0|8196|01/01/2024 23:00:30||14370|2598743504|2960162688
15343|0|24307|01/01/2024 16:13:03||38817|926871224|1099352616
16033|0|16591|01/01/2024 21:28:33||19887|7246893512|8782906896
15709|0|68801|01/01/2024 19:01:59||28681|672118016|982025152
15025|0|33277|01/01/2024 13:36:43||48197|6905776072|9416807496
16770|0|95887|02/01/2024 02:13:19||2801|1943458032|2037669880
15258|0|64022|01/01/2024 15:35:10||41090|17339436688|23517310592
14909|0|35718|01/01/2024 12:35:57||51843|3975580688|5507878648
14233|0|20749|01/01/2024 09:19:59||63601|11529897232|17164102560
15611|0|37826|01/01/2024 18:12:20||31660|4664020640|5466780680
15488|0|63491|01/01/2024 17:11:20||35320|785120208|807877328
14269|0|45693|01/01/2024 09:22:55||63425|11766617544|13670332200
16636|0|97815|02/01/2024 01:24:55||5705|403370368|465323152
16751|0|86057|02/01/2024 02:02:53||3427|2659578464|3780675976
16060|0|62990|01/01/2024 21:35:21||19479|3437416128|3876613704
14694|0|94257|01/01/2024 11:21:34||56306|20795166816|23601414224
16692|0|80531|02/01/2024 01:44:58||4502|295686144|318253096
16666|0|21411|02/01/2024 01:35:09||5091|7763696048|19910310456
16589|0|24262|02/01/2024 01:02:19||7061|1032542744|1148684080
16034|0|83607|01/01/2024 21:24:44||20116|10530476216|13614681304
16437|0|75211|02/01/2024 00:07:46||10334|718101736|911388120
16104|0|74236|01/01/2024 21:59:34||18026|4178167272|5325300648
16771|0|3851|02/01/2024 02:19:38||2422|6120081912|12134304208
16637|0|35150|02/01/2024 01:20:56||5944|1502173568|2082647792
16638|0|41122|02/01/2024 01:24:41||5719|1359509816|1895643136
15322|0|25429|01/01/2024 16:00:42||39558|11554394200|25439230488
15407|0|56861|01/01/2024 16:45:25||36875|2193767968|2309211752
16639|0|33950|02/01/2024 01:28:03||5517|1038528296|1192268944
14529|0|5229|01/01/2024 10:39:58||58802|8113574360|10715414160
15932|0|53244|01/01/2024 20:48:16||22304|5507152608|5722427872
14173|0|74855|01/01/2024 08:58:52||64868|83236976712|158888810160
16207|0|35667|01/01/2024 22:30:31||16169|708172888|710283144
15774|0|85851|01/01/2024 19:38:42||26478|1483093960|2161761920
16315|0|40573|01/01/2024 23:17:39||13341|2879211408|3385322576
16560|0|9180|02/01/2024 00:54:30||7530|4329754744|4462527328
15979|0|31921|01/01/2024 21:00:55||21545|5906112408|6370749640
16539|0|85349|02/01/2024 00:46:48||7992|736057936|974877208
16492|0|79793|02/01/2024 00:27:45||9135|6240052712|15389352536
16590|0|23060|02/01/2024 01:00:52||7148|2594686912|2785139152
16438|0|26034|02/01/2024 00:04:44||10516|1495246704|2053659712
15844|0|11122|01/01/2024 20:08:17||24703|5183310512|6420479192
16493|0|73115|02/01/2024 00:21:54||9486|23816907328|45037425024
15635|0|84206|01/01/2024 18:22:25||31055|15348338240|20077492720
14962|0|68611|01/01/2024 13:08:04||49916|2431475896|2858691160
14199|0|60833|01/01/2024 09:08:24||64296|25536964760|30829408960
15845|0|7960|01/01/2024 20:05:01||24899|8332369400|10972242696
15164|0|62179|01/01/2024 14:46:15||44025|1099195032|1423976560
14874|0|31918|01/01/2024 12:17:38||52942|10151181552|11302555584
16469|0|77062|02/01/2024 00:11:36||10104|3906163648|5098920240
16009|0|70289|01/01/2024 21:19:46||20414|1386502800|1639760808
15026|0|78780|01/01/2024 13:31:19||48521|9017405432|12400501120
16061|0|61903|01/01/2024 21:32:52||19628|15621776848|46760195848
15323|0|6702|01/01/2024 16:06:26||39214|17266218424|17955381488
15815|0|73857|01/01/2024 19:57:38||25342|64384565264|151086085880
15570|0|82971|01/01/2024 17:55:09||32691|80904045392|179009050192
16795|0|61945|02/01/2024 02:26:59||1981|400958344|469542504
16439|0|41315|02/01/2024 00:05:37||10463|460602464|472296656
16841|0|21019|02/01/2024 02:46:52||788|3734696|4803792
16316|0|24613|01/01/2024 23:19:43||13217|2680294376|3768963608
16796|0|22367|02/01/2024 02:25:41||2059|1064929240|1207700240
15551|0|41484|01/01/2024 17:44:43||33317|5987351600|8858916736
15612|0|29612|01/01/2024 18:13:47||31573|4457511248|6660436184
16640|0|37027|02/01/2024 01:23:49||5771|413171368|498324200
15711|0|6776|01/01/2024 19:01:41||28699|3258430872|3638025504
14408|0|68749|01/01/2024 10:07:14||60766|5432508472|6896493448
15104|0|54720|01/01/2024 14:19:14||45646|10638403208|10782568112
16724|0|78282|02/01/2024 01:53:52||3968|670547664|675826856
16105|0|67643|01/01/2024 21:59:50||18010|1387872320|1681320824
15571|0|16280|01/01/2024 17:51:15||32925|17473988376|20596248976
14071|0|18658|01/01/2024 08:27:45||66735|5969895808|6231872216
16825|0|49139|02/01/2024 02:38:08||1312|8933032|9219936
15375|0|44902|01/01/2024 16:31:57||37683|135276627296|287947419984
15324|0|97249|01/01/2024 16:04:36||39324|9302475856|13305364200
15981|0|81508|01/01/2024 21:08:05||21115|78447489472|223908601976
16842|0|35214|02/01/2024 02:43:10||1010|1873698320|5468607768
16361|0|41861|01/01/2024 23:34:17||12343|37193660336|94537308592
16591|0|36487|02/01/2024 01:09:56||6604|1652359672|1886756320
14490|0|66957|01/01/2024 10:27:20||59560|7186367408|9062532800
14980|0|57918|01/01/2024 13:14:01||49559|11809445688|15324212624
16772|0|7448|02/01/2024 02:12:25||2855|492981528|535083000
16843|0|34590|02/01/2024 02:49:02||658|636842784|1567130168
14665|0|10330|01/01/2024 11:15:42||56658|2711622096|3756992656
14924|0|79624|01/01/2024 12:44:08||51352|15190946848|16772440776
15004|0|73530|01/01/2024 13:28:57||48663|8993195848|9041458320
15284|0|52719|01/01/2024 15:40:43||40757|26731917312|32528538768
15223|0|56679|01/01/2024 15:14:03||42357|22759944728|27862182168
14410|0|48645|01/01/2024 10:09:37||60623|16242530536|16441406112
14411|0|72510|01/01/2024 10:05:51||60849|17230446904|24119062040
15307|0|96168|01/01/2024 15:54:18||39942|16697132008|20731812336
15859|0|77953|01/01/2024 20:17:38||24142|55038579408|103249983984
15886|0|46653|01/01/2024 20:22:09||23871|3938503408|5482636256
15178|0|24748|01/01/2024 14:50:08||43792|99884491968|279836038688
16268|0|29616|01/01/2024 22:53:36||14784|7110986760|10082005424
16641|0|6144|02/01/2024 01:22:17||5863|960354088|1184075536
16667|0|16415|02/01/2024 01:32:42||5238|1017564712|1478167096
14595|0|29486|01/01/2024 10:50:42|02/01/2024 02:53:41|57779|22274093864|32877655840
14377|0|54905|01/01/2024 09:56:47||61393|45507704520|50673582808
16844|0|74606|02/01/2024 02:40:34||1166|45335448|64093512
15739|0|6993|01/01/2024 19:10:50||28150|1406389568|1997133456
15791|0|10919|01/01/2024 19:43:17||26203|894683832|1040107640
16642|0|30566|02/01/2024 01:26:14||5626|1223984904|1296368824
15508|0|83555|01/01/2024 17:20:49||34751|1552781200|1730225144
15933|0|74015|01/01/2024 20:49:21||22239|2247219936|2318838928
16291|0|16612|01/01/2024 23:00:50||14350|4950771472|5777329072
16643|0|12884|02/01/2024 01:25:09||5691|1398485840|1910345560
15906|0|45128|01/01/2024 20:32:30||23250|12436001096|16648359576
15262|0|60921|01/01/2024 15:34:37||41123|18874638952|22347859288
15756|0|63004|01/01/2024 19:24:56||27304|4276414656|5054498864
16668|0|13874|02/01/2024 01:35:26||5074|988354928|1287773824
16517|0|13244|02/01/2024 00:32:35||8845|1639691584|1669099320
16011|0|15751|01/01/2024 21:11:10||20930|21640391936|23137859080
16797|0|21305|02/01/2024 02:24:47||2113|549004792|598189816
14626|0|64404|01/01/2024 11:07:09||57171|8853670448|12812109928
16773|0|53860|02/01/2024 02:11:06||2934|655795264|795888104
16317|0|16348|01/01/2024 23:10:05||13795|2769409440|3184385952
16383|0|71602|01/01/2024 23:42:55||11825|1127347704|1627050424
16318|0|38202|01/01/2024 23:14:28||13532|2560714064|2889094208
16470|0|36263|02/01/2024 00:14:46||9914|20864913472|39938605272
16725|0|70057|02/01/2024 01:50:36||4164|2705823976|3592730912
16156|0|13040|01/01/2024 22:18:06||16914|25736562816|70885537088
16494|0|7887|02/01/2024 00:25:20||9280|447950848|486926480
14981|0|20821|01/01/2024 13:19:32||49228|8088692880|11008409928
15982|0|50814|01/01/2024 21:07:52||21128|8200302000|8487471216
16440|0|5765|02/01/2024 00:05:14||10486|560468736|665311352
16726|0|17337|02/01/2024 01:59:13||3647|9934230152|28945801320
16669|0|81962|02/01/2024 01:39:33||4827|115562528|123832352
16693|0|16546|02/01/2024 01:42:35||4645|1625380656|2065177944
15308|0|93153|01/01/2024 15:52:15||40065|31868375008|41871148152
15093|0|74137|01/01/2024 14:05:49||46451|9511507448|11097713024
16441|0|79354|02/01/2024 00:00:04||10796|414522648|433167840
16319|0|78694|01/01/2024 23:12:08||13672|4709933768|5827264600
15983|0|61026|01/01/2024 21:07:47||21133|2898403168|3396253496
14596|0|28160|01/01/2024 10:54:08||57952|15487463744|22140379640
14667|0|37488|01/01/2024 11:17:46||56534|31681978784|37046436296
15962|0|65912|01/01/2024 20:51:38||22102|14586067688|16351829968
16752|0|43064|02/01/2024 02:03:29||3391|839759016|952347696
16694|0|46027|02/01/2024 01:41:35||4705|179369416|262418528
15285|0|79910|01/01/2024 15:42:26||40654|21346973976|30206542416
14455|0|76117|01/01/2024 10:12:25||60455|7174988424|10569483688
16320|0|55218|01/01/2024 23:14:12||13548|21168083808|59873236712
16670|0|91954|02/01/2024 01:32:05||5275|447276824|666833712
15509|0|12490|01/01/2024 17:28:37||34283|132181928|139501016
16753|0|90250|02/01/2024 02:07:21||3159|649670040|669154944
16158|0|7562|01/01/2024 22:13:42||17178|48836283992|118331246032
15410|0|84677|01/01/2024 16:49:52||36608|1486439616|1630380872
15286|0|89149|01/01/2024 15:45:43||40457|6858790008|9710116696
15106|0|43871|01/01/2024 14:18:10||45710|12323547216|13958649000
16774|0|73860|02/01/2024 02:17:09||2571|903233016|977300792
15376|0|40447|01/01/2024 16:30:08||37792|9271809336|13599252872
14982|0|80970|01/01/2024 13:12:16|02/01/2024 02:53:30|49274|5494295320|5784456576
15712|0|90343|01/01/2024 19:01:52||28688|2520282488|2703400432
16540|0|20961|02/01/2024 00:41:39||8301|2221268464|2400218488
15536|0|9020|01/01/2024 17:31:34||34106|5403990736|6825837528
16178|0|16244|01/01/2024 22:23:50||16570|7708156000|11070765640
16410|0|74426|01/01/2024 23:53:26||11194|968802472|1119806928
16592|0|70569|02/01/2024 01:03:02||7018|1130287528|1621442832
15984|0|43395|01/01/2024 21:01:33||21507|806766632|883670480
15694|0|57299|01/01/2024 18:51:26||29314|2742899168|3279657152
14565|0|56614|01/01/2024 10:44:10||58550|16957187120|19299926160
16442|0|29032|02/01/2024 00:06:01||10439|501162560|633302920
15245|0|72304|01/01/2024 15:22:46||41834|16988236232|22034742248
15713|0|50580|01/01/2024 19:02:51||28629|3771366584|3941688784
15325|0|29286|01/01/2024 16:03:02||39418|7963142736|10045731288
15107|0|57805|01/01/2024 14:12:44||46036|1749384520|2329256104
15377|0|46825|01/01/2024 16:33:05||37615|4084012048|5770537592
15775|0|23297|01/01/2024 19:36:33||26607|10374009816|12695981272
15225|0|15873|01/01/2024 15:13:19||42401|24223032272|24440217184
15537|0|56825|01/01/2024 17:39:14||33646|24447123808|28392395768
15463|0|59905|01/01/2024 17:00:56||35944|10204521120|15072840280
16239|0|98961|01/01/2024 22:45:52||15248|6252025560|8980908568
14241|0|77390|01/01/2024 09:10:26||64174|20874229112|24695432144
16798|0|97647|02/01/2024 02:20:50||2350|8120590984|15997686968
16495|0|72368|02/01/2024 00:23:38||9382|766332632|1056830808
14533|0|20444|01/01/2024 10:35:01||59099|15800597216|21054325080
16344|0|98692|01/01/2024 23:26:14||12826|1049345336|1311873592
15512|0|5139|01/01/2024 17:28:54||34266|726000752|856204584
15614|0|54206|01/01/2024 18:10:38||31762|54485541680|147924480184
16159|0|8989|01/01/2024 22:17:34||16946|3905336064|4023703736
15615|0|79158|01/01/2024 18:10:14||31786|9805807344|12345724384
16613|0|80400|02/01/2024 01:11:55||6485|2865030160|3375271376
15030|0|15599|01/01/2024 13:32:27||48453|9212474992|11697154408
15071|0|69277|01/01/2024 13:56:17||47023|12827161248|14518121944
15378|0|36269|01/01/2024 16:39:38||37222|42481948112|88919517752
16208|0|96433|01/01/2024 22:39:30||15630|5244811560|7731764960
16614|0|53041|02/01/2024 01:17:23||6157|6143344048|13607252368
15264|0|53850|01/01/2024 15:38:24||40896|4525584216|6355471448
16671|0|94004|02/01/2024 01:32:09||5271|1161778968|1632292728
16799|0|51411|02/01/2024 02:25:56||2044|44170832|45298240
16083|0|39563|01/01/2024 21:42:02||19078|659899800|904905744
16384|0|59349|01/01/2024 23:44:46||11714|545479760|739371240
16695|0|7740|02/01/2024 01:44:02||4558|1292055384|1796220104
16593|0|69934|02/01/2024 01:01:58||7082|629482656|763181904
15934|0|32447|01/01/2024 20:47:03||22377|52529577296|144868098024
15287|0|89271|01/01/2024 15:45:54||40446|23349390920|23786126360
14566|0|54967|01/01/2024 10:40:54||58746|12284555120|17507252176
16362|0|54041|01/01/2024 23:31:13||12527|4645583432|5226239416
16615|0|28192|02/01/2024 01:11:54||6486|4691836424|5045691792
15757|0|15723|01/01/2024 19:28:28||27092|1168198120|1744652888
16845|0|99991|02/01/2024 02:49:08||652|18347072|18958224
14741|0|71332|01/01/2024 11:32:54||55626|80344477464|232081671240
14697|0|23244|01/01/2024 11:22:25||56255|121363539664|333005839688
16754|0|21659|02/01/2024 02:02:42||3438|373951576|537286928
16106|0|55659|01/01/2024 21:55:01||18299|321008360|394375456
16672|0|26980|02/01/2024 01:32:58||5222|1074305648|1330258448
16775|0|35747|02/01/2024 02:18:39||2481|4413425632|13090841328
14414|0|20436|01/01/2024 10:07:46||60734|9678236232|10321797056
16084|0|96811|01/01/2024 21:46:22||18818|415175032|496715136
16594|0|7739|02/01/2024 01:00:24||7176|287226960|423550584
14598|0|75582|01/01/2024 10:50:29||58171|32598304640|45029997488
16846|0|60664|02/01/2024 02:47:18||762|37023352|44398024
14457|0|33840|01/01/2024 10:13:21||60399|7585967088|9368179584
16562|0|36740|02/01/2024 00:51:41||7699|2543827824|2802710488
15908|0|19323|01/01/2024 20:30:46||23354|1214164888|1767094520
15573|0|8753|01/01/2024 17:59:24||32436|19284394840|23006548504
16471|0|9062|02/01/2024 00:17:04|02/01/2024 02:59:05|9721|2278729384|2617457432
16871|0|9062|02/01/2024 02:59:41||19|2998544|3421976
15490|0|31406|01/01/2024 17:17:39||34941|13973112968|17715378448
15818|0|9025|01/01/2024 19:59:43||25217|14216019648|37259861648
16776|0|76199|02/01/2024 02:13:56||2764|5746147440|14891139784
14699|0|84376|01/01/2024 11:29:05||55855|3172167528|4441895200
16062|0|81877|01/01/2024 21:37:00||19380|20538747104|60266977632
16241|0|32883|01/01/2024 22:43:54||15366|46643679272|132480565816
15466|0|80480|01/01/2024 17:01:32||35908|118161683424|229154779776
16270|0|68489|01/01/2024 22:50:58||14942|8937773912|11769778312
15715|0|50578|01/01/2024 19:03:55||28565|1455607520|2070332800
15672|0|64590|01/01/2024 18:46:50||29590|62337266912|121777476616
15513|0|34494|01/01/2024 17:21:48||34692|13254362120|13823718240
15179|0|79522|01/01/2024 14:53:34||43586|5397461920|7827068648
16160|0|59647|01/01/2024 22:19:38||16822|464221280|620314648
14416|0|61365|01/01/2024 10:07:19||60761|9201242840|10596081696
16673|0|93865|02/01/2024 01:33:48||5172|3015185712|4420929496
16674|0|87573|02/01/2024 01:32:01||5279|385070920|407493592
16271|0|94031|01/01/2024 22:59:18||14442|4052337496|5406068424
16541|0|27167|02/01/2024 00:45:49||8051|735851960|892044192
16563|0|93486|02/01/2024 00:53:31||7589|770828800|964756568
16107|0|66034|01/01/2024 21:58:02||18118|1639471112|2033955208
16124|0|6017|01/01/2024 22:01:04||17936|3561429760|4930258216
14785|0|38696|01/01/2024 11:46:44||54796|11069158208|14529695848
15289|0|54838|01/01/2024 15:42:12||40668|9851356344|12348196168
15380|0|37461|01/01/2024 16:33:33||37587|852450792|1271459288
16696|0|75397|02/01/2024 01:42:45||4635|1630193016|2181670344
16125|0|81841|01/01/2024 22:09:04||17456|4216660312|4614852680
15740|0|88311|01/01/2024 19:14:27||27933|1120510136|1288360032
15741|0|62211|01/01/2024 19:16:53||27787|195084128|210935856
16800|0|39715|02/01/2024 02:24:12||2148|147735000|168627712
16847|0|18631|02/01/2024 02:46:19||821|126346672|148933552
16496|0|78878|02/01/2024 00:24:44||9316|1873169776|2263315912
16386|0|89204|01/01/2024 23:48:01||11519|3001569672|3491789144
15180|0|84445|01/01/2024 14:58:13||43307|4941622832|7356715544
16345|0|22049|01/01/2024 23:20:01||13199|5179996696|7750908496
16363|0|94344|01/01/2024 23:36:59||12181|3905543976|4139968984
16472|0|64944|02/01/2024 00:12:43||10037|292556104|348335392
15793|0|46691|01/01/2024 19:41:16||26324|4148035176|5251390800
16036|0|28019|01/01/2024 21:23:07||20213|671043456|927117712
15695|0|56599|01/01/2024 18:58:52||28868|47325861480|97501312296
15985|0|8653|01/01/2024 21:03:35||21385|1931176800|2663426544
16179|0|39711|01/01/2024 22:28:04||16316|29895258056|76172562608
16292|0|15419|01/01/2024 23:00:14||14386|369717736|411943832
15491|0|54164|01/01/2024 17:14:40||35120|9604912824|9887661008
14203|0|52200|01/01/2024 09:02:27||64653|37828606688|41149777592
14911|0|8643|01/01/2024 12:33:07||52013|3072907992|4103158736
15848|0|40650|01/01/2024 20:06:17||24823|7610308096|10307558608
16497|0|98646|02/01/2024 00:25:01||9299|3689282008|4831591176
15514|0|24707|01/01/2024 17:28:12||34308|2134161352|2583983872
16272|0|33163|01/01/2024 22:58:18||14502|221562440|269545192
15986|0|42520|01/01/2024 21:09:43||21017|1228023920|1653394232
15515|0|36369|01/01/2024 17:28:00||34320|1452600184|1861980496
16801|0|81769|02/01/2024 02:25:31||2069|153912128|221808176
16037|0|32474|01/01/2024 21:28:35||19885|2960295624|3673834240
15935|0|86445|01/01/2024 20:42:54||22626|5415382224|7332428616
16777|0|45501|02/01/2024 02:15:13||2687|333871560|435579584
16595|0|87768|02/01/2024 01:08:33||6687|1437445240|1585787536
16209|0|44275|01/01/2024 22:30:01||16199|21740706744|13261571368
16161|0|9574|01/01/2024 22:11:08||17332|2858303488|4026825200
16364|0|6697|01/01/2024 23:33:53||12367|6822307312|10183728800
14535|0|12073|01/01/2024 10:31:35||59305|37359479416|43966655152
16365|0|13123|01/01/2024 23:30:07||12593|31735815256|60795509400
14787|0|28828|01/01/2024 11:49:15|02/01/2024 02:50:08|54053|23149378248|33838056736
16872|0|28828|02/01/2024 02:50:24||576|155305304|223510376
15794|0|51131|01/01/2024 19:48:42||25878|1291119104|1468321064
15246|0|55840|01/01/2024 15:20:17||41983|157139230584|417868960912
15204|0|41768|01/01/2024 15:05:13||42887|15105218976|22037631080
16755|0|60186|02/01/2024 02:04:15||3345|119950144|140931672
15936|0|42894|01/01/2024 20:46:01||22439|6434734776|7820536440
15716|0|71258|01/01/2024 19:04:16||28544|3282584256|4764863936
16644|0|13115|02/01/2024 01:29:31||5429|188177496|211350960
15937|0|44974|01/01/2024 20:42:27||22653|47200131688|89086747840
15492|0|14688|01/01/2024 17:17:23||34957|12866836792|14246598272
16473|0|33486|02/01/2024 00:14:37||9923|1144491512|1352198760
15538|0|56421|01/01/2024 17:33:29||33991|7840165008|9918814288
16293|0|61384|01/01/2024 23:08:02||13918|3512403488|4559841408
15909|0|25987|01/01/2024 20:30:28||23372|1144423336|1519584112
16727|0|14573|02/01/2024 01:52:58||4022|636176984|823052408
16387|0|12030|01/01/2024 23:45:40||11660|5067810640|7229652024
15574|0|17526|01/01/2024 17:59:48||32412|40834637864|27632403592
15617|0|91126|01/01/2024 18:16:10||31430|11234744064|13332843048
15673|0|92744|01/01/2024 18:41:08||29932|10364561256|14170533192
15073|0|46288|01/01/2024 13:51:48||47292|9340045760|10339126888
15674|0|77531|01/01/2024 18:42:46||29834|952131488|991829680
15554|0|74466|01/01/2024 17:45:24||33276|6499160304|7977935992
16038|0|40530|01/01/2024 21:24:06||20154|1035378168|1372858864
15778|0|78985|01/01/2024 19:36:25||26615|7466443400|8014454640
15226|0|30250|01/01/2024 15:12:11||42469|9041887600|9880585576
16675|0|17529|02/01/2024 01:34:04||5156|5703107168|6388164376
15742|0|22390|01/01/2024 19:11:51||28089|72024147896|159150124656
16542|0|26784|02/01/2024 00:42:28|02/01/2024 02:55:35|7987|1851411128|2655407448
16802|0|30436|02/01/2024 02:22:09||2271|38269016|53459320
15887|0|87710|01/01/2024 20:21:03||23937|5579829640|7316071056
16322|0|72914|01/01/2024 23:13:41||13579|1934605576|2414923368
15655|0|68752|01/01/2024 18:32:17||30463|19921714456|22961026416
15888|0|75203|01/01/2024 20:24:13||23747|1099531256|1468124496
16443|0|5756|02/01/2024 00:09:10||10250|2328086616|3426351960
15656|0|13008|01/01/2024 18:30:42||30558|6698548296|7429869760
16596|0|29502|02/01/2024 01:07:29||6751|897209960|1004093064
14536|0|50985|01/01/2024 10:32:44||59236|21053420472|28906524464
15247|0|43733|01/01/2024 15:22:37||41843|2746436208|3657344584
16346|0|65310|01/01/2024 23:24:03||12957|43297049864|83594411240
15578|0|9476|01/01/2024 17:51:01|02/01/2024 02:51:55|32454|8005473352|11336878000
16873|0|57218|02/01/2024 02:50:28||572|5926976|6729600
14244|0|64665|01/01/2024 09:14:01||63959|9790498528|14234198064
16778|0|67711|02/01/2024 02:13:58||2762|4856818144|11994728104
15889|0|87332|01/01/2024 20:20:11||23989|10774372704|12801399392
16366|0|54452|01/01/2024 23:36:14||12226|865350560|983592928
15890|0|24588|01/01/2024 20:20:26||23974|11795631720|14813431280
15963|0|82712|01/01/2024 20:53:03||22017|9641378712|10676254960
15697|0|21029|01/01/2024 18:59:17||28843|1055462648|1368119800
16323|0|41678|01/01/2024 23:15:25||13475|2492235176|2722105080
16210|0|7952|01/01/2024 22:30:09||16191|15179334672|32919685896
16039|0|81927|01/01/2024 21:29:52||19808|14763078384|18349020568
16874|0|67642|02/01/2024 02:51:29||511|63107432|72845912
16697|0|53932|02/01/2024 01:48:31||4289|1820045200|1839504520
14383|0|75426|01/01/2024 09:53:49||61571|6538874408|8053405184
16645|0|41025|02/01/2024 01:27:36||5544|4328096216|4846451440
16180|0|27868|01/01/2024 22:20:25||16775|5245696968|7058115840
15539|0|39764|01/01/2024 17:39:35||33625|17359986136|20951661808
15412|0|73249|01/01/2024 16:42:12||37068|3698237048|3746377632
16616|0|13644|02/01/2024 01:13:18||6402|74068048|88457664
16126|0|13836|01/01/2024 22:08:14||17506|35271402128|69337015680
16698|0|13458|02/01/2024 01:42:20||4660|1424067368|2045180888
15987|0|46327|01/01/2024 21:00:58||21542|12982274416|17656434016
15910|0|3821|01/01/2024 20:33:51||23169|3749702416|2220386744
15593|0|67622|01/01/2024 18:09:56||31804|5623197024|3760082816
15618|0|71024|01/01/2024 18:17:53||31327|22316700816|24775990248
16444|0|61837|02/01/2024 00:04:16||10544|140551472|154632880
16826|0|46046|02/01/2024 02:36:06||1434|122873640|173034496
16779|0|34517|02/01/2024 02:13:22||2798|391933904|514564432
16085|0|96155|01/01/2024 21:44:38||18922|3089011768|4523534264
15595|0|12661|01/01/2024 18:03:38||32182|8924660424|11430456776
16181|0|28727|01/01/2024 22:26:12||16428|4476342848|4785763240
16347|0|97251|01/01/2024 23:26:39||12801|2778111608|3767144984
15057|0|49082|01/01/2024 13:41:00||47940|1302844616|1667898872
14983|0|15994|01/01/2024 13:10:33||49767|8513298104|8540595336
15988|0|93036|01/01/2024 21:09:14||21046|7784780448|10942316480
15228|0|67100|01/01/2024 15:15:16||42284|13642362008|15342156880
15619|0|35371|01/01/2024 18:12:43||31637|2758699448|2915762848
16242|0|75092|01/01/2024 22:46:34||15206|2279420152|2654129240
15495|0|29505|01/01/2024 17:16:35||35005|73677488416|163386507488
16109|0|73449|01/01/2024 21:58:51||18069|755744576|1124950704
15556|0|23614|01/01/2024 17:48:21||33099|1671610792|1915061088
16756|0|90888|02/01/2024 02:04:44||3316|1122385184|1666598104
15346|0|46420|01/01/2024 16:19:49||38411|9020567632|11093214960
15382|0|25756|01/01/2024 16:35:17||37483|9748482152|11360016768
16848|0|53799|02/01/2024 02:40:02||1198|676325992|1499523176
15938|0|74999|01/01/2024 20:42:29||22651|11671281008|13987715848
16849|0|18035|02/01/2024 02:46:58||782|4627832|6278528
16413|0|49336|01/01/2024 23:58:14||10906|303538760|429290768
14495|0|99376|01/01/2024 10:22:59||59821|28158962240|30189520624
16162|0|78586|01/01/2024 22:16:48||16992|1120630072|1623809720
16757|0|98481|02/01/2024 02:04:40||3320|4182239600|10910166584
16012|0|44204|01/01/2024 21:12:40||20840|59239104608|125339687176
16597|0|16851|02/01/2024 01:08:36||6684|846824152|996512432
16498|0|17883|02/01/2024 00:28:43||9077|156916472|162972664
15964|0|59506|01/01/2024 20:52:55||22025|3744576328|4652340936
15892|0|29954|01/01/2024 20:26:20||23620|1229117960|1595022800
16850|0|59776|02/01/2024 02:41:15||1125|33483864|38921576
14788|0|49399|01/01/2024 11:43:22||54998|7743829536|10408125008
15008|0|93076|01/01/2024 13:23:02||49018|21377686640|49301397784
14673|0|4039|01/01/2024 11:19:08||56452|109124899792|218996923616
15861|0|30711|01/01/2024 20:12:26||24454|8402859248|8652093544
16182|0|46953|01/01/2024 22:23:42||16578|1074714056|1428062144
15009|0|33082|01/01/2024 13:25:15||48885|59663510504|176705157296
15989|0|29976|01/01/2024 21:08:06||21114|6922887048|7931338520
16183|0|58708|01/01/2024 22:28:48||16272|3557141968|4130787376
16388|0|35671|01/01/2024 23:41:04||11936|3260874864|4602343768
15130|0|4646|01/01/2024 14:22:59||45421|17761641112|19457225656
15911|0|51824|01/01/2024 20:33:16||23204|8085525952|8250658320
13864|0|18146|01/01/2024 07:17:32||70948|5664883608|7663465736
16414|0|31421|01/01/2024 23:51:08||11332|1861080872|2562460952
14674|0|16859|01/01/2024 11:10:53|02/01/2024 02:51:44|56451|9217164648|12817888240
16875|0|69677|02/01/2024 02:56:40||200|11088208|12697608
15657|0|6962|01/01/2024 18:38:47||30073|1198879120|1499460552
14897|0|86390|01/01/2024 12:23:56||52564|13108977936|18061205768
15355|0|83232|01/01/2024 16:26:28||38012|10079875360|15109906712
14675|0|33168|01/01/2024 11:11:15||56925|23964391264|29635525088
16273|0|43566|01/01/2024 22:58:39||14481|4289245584|6393196936
16474|0|58021|02/01/2024 00:18:19||9701|549772160|573812664
15169|0|26901|01/01/2024 14:43:42||44178|6556764440|7288131888
16646|0|31701|02/01/2024 01:20:28||5972|1108090360|1268798688
16851|0|12844|02/01/2024 02:47:39||741|49676976|65787040
16110|0|28864|01/01/2024 21:51:02||18538|53741742952|101736326344
16475|0|31309|02/01/2024 00:16:01||9839|127580648|181294376
16415|0|26493|01/01/2024 23:56:37||11003|732381656|775303208
15518|0|42113|01/01/2024 17:28:42|02/01/2024 02:58:21|34179|13050592928|15718088576
15356|0|57284|01/01/2024 16:28:00|02/01/2024 02:50:32|37352|5037851656|5136164504
16876|0|57284|02/01/2024 02:50:53||547|40069504|48470016
15795|0|55178|01/01/2024 19:46:33||26007|4923635224|7117896944
15183|0|29591|01/01/2024 14:57:38||43342|9618341576|10642392208
15759|0|22666|01/01/2024 19:27:53||27127|1309478152|1459234656
15912|0|28838|01/01/2024 20:35:29||23071|46162764584|107641836696
16211|0|26809|01/01/2024 22:33:53||15967|10463983056|10717315680
15438|0|8108|01/01/2024 16:52:03||36477|7811076064|10410074456
16728|0|83483|02/01/2024 01:54:12||3948|733769728|759912736
16086|0|15694|01/01/2024 21:48:19||18701|2323261112|2559337984
16780|0|87689|02/01/2024 02:12:40||2840|376671128|502962872
15383|0|61680|01/01/2024 16:31:20||37720|2395657832|2560897792
14462|0|12413|01/01/2024 10:19:34||60026|15090678736|15322874856
16325|0|5157|01/01/2024 23:15:52||13448|5929748256|14936826376
15580|0|98340|01/01/2024 17:56:09||32631|7646200728|9805616896
16389|0|18601|01/01/2024 23:48:26||11494|2155522480|2666554136
16729|0|4204|02/01/2024 01:53:03||4017|680269800|927375352
15820|0|5407|01/01/2024 19:56:45||25395|12829724336|8225466728
15893|0|85581|01/01/2024 20:26:22||23618|3782568808|4699955656
14116|0|43477|01/01/2024 08:36:03||66237|4031053848|5198333304
15821|0|75676|01/01/2024 19:56:43||25397|10370389176|10632399728
15676|0|57750|01/01/2024 18:45:52||29648|12293017104|16979041528
16803|0|8328|02/01/2024 02:28:27||1893|161026168|170701280
16565|0|94745|02/01/2024 00:59:24||7236|3516234448|4115998480
15131|0|28591|01/01/2024 14:23:27||45393|51800766928|139548005552
16647|0|91538|02/01/2024 01:25:54||5646|1093017336|1117628512
16243|0|29541|01/01/2024 22:47:46||15134|2792194344|3191138712
16244|0|13568|01/01/2024 22:45:35||15265|12440680872|13345908912
15205|0|22663|01/01/2024 15:01:05||43135|68326568528|188007860512
15894|0|74646|01/01/2024 20:26:30||23610|7494301016|11176728608
16391|0|54245|01/01/2024 23:42:13||11867|1097449760|1109640768
16730|0|45063|02/01/2024 01:52:05||4075|3078055944|3997890864
16731|0|38071|02/01/2024 01:53:13||4007|11299042032|24263661056
15822|0|13773|01/01/2024 19:58:33||25287|3817343696|5623821912
16087|0|56191|01/01/2024 21:48:44||18676|3315666736|4623908504
14081|0|70348|01/01/2024 08:26:01||66839|15343724232|18095852040
15639|0|60658|01/01/2024 18:27:54||30726|93425666080|226710233008
16014|0|68988|01/01/2024 21:10:30||20970|46414146616|130327708544
16758|0|43026|02/01/2024 02:07:24||3156|132742984|165088632
16676|0|83806|02/01/2024 01:39:45||4815|2510889320|3729223168
14859|0|27463|01/01/2024 12:08:50||53470|95278121608|198043286304
16827|0|90901|02/01/2024 02:36:31||1409|74702392|89368752
15718|0|69165|01/01/2024 19:03:18||28602|1167141648|1277930896
16617|0|97941|02/01/2024 01:18:13||6107|824012128|951147888
14830|0|56928|01/01/2024 11:58:22||54098|1237946040|1578761584
15497|0|10055|01/01/2024 17:12:19||35261|3904542184|4156750336
16064|0|33173|01/01/2024 21:30:00||19800|1278196808|1902760680
16445|0|50086|02/01/2024 00:03:29||10591|4728489496|7039218312
14315|0|30678|01/01/2024 09:30:55||62945|26120030168|32257197056
16804|0|48030|02/01/2024 02:24:14||2146|1349967160|1518591920
15658|0|77006|01/01/2024 18:36:53||30187|3775076448|5486015488
14498|0|90215|01/01/2024 10:21:43||59897|11861369384|16618131520
16128|0|69086|01/01/2024 22:07:26||17554|4881317224|5157071144
15698|0|24679|01/01/2024 18:50:05||29395|15715283536|17460442376
16500|0|33753|02/01/2024 00:24:04||9356|442790232|573550008
16543|0|99421|02/01/2024 00:46:37||8003|885531984|1031016496
16781|0|82233|02/01/2024 02:10:30||2970|125879984|151205320
16519|0|62577|02/01/2024 00:30:51||8949|248595056|351050000
16294|0|16378|01/01/2024 23:08:05||13915|647130560|777610816
16184|0|99657|01/01/2024 22:26:00||16440|11023420808|13726358576
14913|0|57188|01/01/2024 12:38:37||51683|8347586264|11244412224
15206|0|69042|01/01/2024 15:05:16||42884|10192031952|6204643840
15310|0|5867|01/01/2024 15:57:44||39736|43196496|59726944
15677|0|86139|01/01/2024 18:46:50||29590|944155960|1216284672
16245|0|17166|01/01/2024 22:40:49||15551|3607514240|3857605408
16566|0|23519|02/01/2024 00:57:03||7377|1251850464|1476520952
16567|0|75847|02/01/2024 00:51:27||7713|356243600|402462880
16732|0|5932|02/01/2024 01:56:19||3821|864110256|1222706424
16367|0|29854|01/01/2024 23:35:10||12290|3274053888|3553844936
15678|0|60913|01/01/2024 18:45:44||29656|11046037224|13244698752
15939|0|54902|01/01/2024 20:41:43||22697|6147169376|8162171048
16165|0|17565|01/01/2024 22:15:04||17096|1316000232|1663510936
15990|0|73521|01/01/2024 21:05:17||21283|7514888112|10975656296
16733|0|66168|02/01/2024 01:51:54||4086|3310089120|4790279152
16805|0|77415|02/01/2024 02:26:42||1998|660070160|787749144
16759|0|21833|02/01/2024 02:08:53||3067|1428346040|1972482264
15229|0|6472|01/01/2024 15:16:05||42235|13667545432|15402624128
15862|0|84404|01/01/2024 20:15:18||24282|2825779808|3439228864
14832|0|46341|01/01/2024 11:50:58||54542|10426121552|12201787160
14927|0|15683|01/01/2024 12:44:42||51318|1386229184|2043597080
16734|0|4936|02/01/2024 01:55:02||3898|1348113232|1546245904
15519|0|66019|01/01/2024 17:27:47||34333|886982512|1154768464
16544|0|51702|02/01/2024 00:44:01||8159|2658502360|3439076088
16246|0|70478|01/01/2024 22:49:31||15029|4666723840|4760915752
13929|0|33322|01/01/2024 07:35:39||69861|9823378192|12332497680
16648|0|99158|02/01/2024 01:28:21||5499|288439552|292756552
16545|0|15981|02/01/2024 00:41:05||8335|275878136|310685256
15941|0|21481|01/01/2024 20:48:40||22280|15127799032|17300892384
15823|0|79316|01/01/2024 19:58:29||25291|5774649664|7208515000
16416|0|56063|01/01/2024 23:54:42||11118|6192853976|8797442944
16598|0|56939|02/01/2024 01:05:33||6867|1887735680|2114376680
16295|0|54757|01/01/2024 23:09:02||13858|4019449840|5429551976
14861|0|24382|01/01/2024 12:00:36||53964|11585076808|14850114792
16296|0|23532|01/01/2024 23:03:11||14209|3254085456|4108815816
15991|0|26244|01/01/2024 21:06:09||21231|4105358824|5716603896
15469|0|65452|01/01/2024 17:08:56||35464|8520839808|11291318504
