IdSession|IdPSX|IdSubscriber|StartSession|EndSession|Duartion|UpTx|DownTx
16806|0|20384|02/01/2024 02:31:21||13719|1503058944|1587932952
16852|0|50339|02/01/2024 02:53:50||12370|505445008|750878344
15780|0|14391|01/01/2024 19:48:11||37909|113216769832|238832721896
17329|0|94342|02/01/2024 06:09:55||605|20925152|23724560
14790|0|78614|01/01/2024 11:54:45||66315|13890054088|20328469552
16568|0|48015|02/01/2024 01:05:24||18876|53224455656|116207410256
16185|0|36342|01/01/2024 22:38:27||27693|3566380392|4409883648
16213|0|21605|01/01/2024 22:48:05||27115|6844983296|9533698272
16618|0|92317|02/01/2024 01:25:17||17683|4787761704|6563588504
16348|0|58567|01/01/2024 23:36:51||24189|10081584656|13537804608
16954|0|96775|02/01/2024 03:36:33||9807|17902572624|40245671488
16065|0|4129|01/01/2024 21:46:54||30786|9775573688|13589777920
16275|0|82513|01/01/2024 23:07:03||25977|9939161464|11285890240
17227|0|13673|02/01/2024 05:22:36||3444|6802644296|17649978392
16599|0|32321|02/01/2024 01:12:57||18423|3482572944|3712866320
16446|0|68950|02/01/2024 00:14:42||21918|4289927936|5888550568
16392|0|94804|01/01/2024 23:57:12||22968|2133575664|2268332032
15797|0|88103|01/01/2024 19:52:32||37648|1496603216|1669900648
15849|0|31741|01/01/2024 20:15:42||36258|10412823184|11088683728
16111|0|67328|01/01/2024 22:08:44||29476|14106890456|14274634984
16828|0|53764|02/01/2024 02:47:42||12738|1202648912|1802047008
16807|0|95402|02/01/2024 02:34:33||13527|1642974496|1711891272
16417|0|16747|02/01/2024 00:03:38||22582|1842973520|2637200568
16501|0|81205|02/01/2024 00:31:53|02/01/2024 06:12:20|20427|2138824264|3069816520
16955|0|74669|02/01/2024 03:31:23||10117|1654621664|1789931616
17188|0|42425|02/01/2024 05:08:56||4264|83095512|117704984
16166|0|33584|01/01/2024 22:27:21||28359|7584392360|8229766296
16649|0|71287|02/01/2024 01:34:51||17109|7168149440|8889047512
16041|0|7629|01/01/2024 21:32:21||31659|1249485376|1802332744
15942|0|47680|01/01/2024 20:57:47||33733|10324118592|14296764048
16619|0|53670|02/01/2024 01:21:42||17898|1452454296|1892393640
17228|0|20044|02/01/2024 05:22:26||3454|303690928|316543480
15913|0|37040|01/01/2024 20:42:47||34633|14615684672|15833423808
17210|0|86150|02/01/2024 05:11:09||4131|1720411608|1737272728
16829|0|46936|02/01/2024 02:40:25||13175|47778888|61595888
16877|0|71964|02/01/2024 03:03:01||11819|4137000112|4834217664
15943|0|25776|01/01/2024 20:54:19||33941|9286281312|13757680048
16447|0|20049|02/01/2024 00:12:23||22057|989141840|1183438968
17229|0|11292|02/01/2024 05:26:09||3231|292496296|374161368
16956|0|88811|02/01/2024 03:30:46||10154|247053680|254251800
16186|0|43200|01/01/2024 22:32:42||28038|4331646152|5276696032
14748|0|17602|01/01/2024 11:41:12||67128|84900795456|48341634088
17330|0|85534|02/01/2024 06:04:10||950|1391543496|3394180104
17159|0|45688|02/01/2024 04:54:48||5112|1226950824|2444912640
16878|0|58443|02/01/2024 03:08:54||11466|269613120|365151040
16448|0|56454|02/01/2024 00:11:02||22138|4950421408|5949249288
15914|0|24107|01/01/2024 20:43:11||34609|1363740904|1814808504
17230|0|79155|02/01/2024 05:20:33||3567|893488848|975030192
16393|0|4497|01/01/2024 23:58:36||22884|52284006872|101068851464
15557|0|38522|01/01/2024 17:57:57||44523|12076601632|16805724176
16419|0|80722|02/01/2024 00:08:47||22273|1364359384|1527851288
15761|0|91907|01/01/2024 19:39:35||38425|51942272864|146136719864
17160|0|84326|02/01/2024 04:54:50||5110|905933480|1053877592
16276|0|47260|01/01/2024 23:09:34||25826|39759122736|112206109792
16879|0|45874|02/01/2024 03:08:48||11472|38648279448|87235620344
16112|0|67155|01/01/2024 22:09:15||29445|3544190080|3560750480
15185|0|96629|01/01/2024 15:02:24||55056|14306165976|18028438832
15762|0|95343|01/01/2024 19:37:39||38541|5215991632|5760409608
16214|0|83353|01/01/2024 22:41:21||27519|10175068112|10242607856
16042|0|54052|01/01/2024 21:32:53||31627|10461330128|14821258288
17262|0|56883|02/01/2024 05:30:24||2976|576259536|651897952
17263|0|93308|02/01/2024 05:38:13||2507|373725168|511900232
16130|0|78566|01/01/2024 22:19:57||28803|5948456328|7375046512
16502|0|73714|02/01/2024 00:39:24||20436|3954728648|4705419608
15824|0|72024|01/01/2024 20:05:31||36869|6141419040|8040475440
16957|0|57451|02/01/2024 03:36:38||9802|239813752|273138088
15825|0|56605|01/01/2024 20:09:01||36659|5002973760|7199667040
15416|0|37823|01/01/2024 16:58:07||48113|8073717856|11161306480
15660|0|55584|01/01/2024 18:45:02||41698|11640501944|11831435184
14862|0|74181|01/01/2024 12:19:56||64804|12484994384|14688193200
14538|0|93506|01/01/2024 10:42:15|02/01/2024 06:10:18|70083|8921899240|10012235136
15359|0|84652|01/01/2024 16:35:16||49484|61481268264|175804746240
15798|0|6427|01/01/2024 19:53:38||37582|1612245232|1640982336
16736|0|46454|02/01/2024 02:08:45||15075|7625078248|8076017328
16996|0|90327|02/01/2024 03:56:48||8592|1762707008|2193813200
16931|0|43252|02/01/2024 03:28:08||10312|2321301272|2419195080
16187|0|22560|01/01/2024 22:39:22||27638|12475268392|14542552568
16650|0|9613|02/01/2024 01:37:11||16969|2004346960|2284974144
17331|0|15352|02/01/2024 06:06:42||798|197085800|264072200
16783|0|41561|02/01/2024 02:20:10||14390|720891768|1058145840
17053|0|36518|02/01/2024 04:11:16||7724|5369022112|7900067552
17029|0|95649|02/01/2024 04:01:28||8312|3724542960|3872073816
17030|0|79017|02/01/2024 04:03:17||8203|25549960160|52034530816
16808|0|36794|02/01/2024 02:30:06||13794|442318440|455959344
16167|0|99368|01/01/2024 22:29:25||28235|6957057320|8242591960
15863|0|99818|01/01/2024 20:29:18||35442|3419007760|4076428528
16830|0|4110|02/01/2024 02:46:51||12789|3314289664|4632768584
15966|0|93202|01/01/2024 21:08:40||33080|85344013640|235742502408
16503|0|71997|02/01/2024 00:32:52||20828|2306283752|2731206256
16394|0|39434|01/01/2024 23:58:30||22890|1924705120|2836720376
16350|0|36730|01/01/2024 23:35:34||24266|2364211496|2800366528
17075|0|19300|02/01/2024 04:22:46||7034|16001577200|45683418064
17332|0|31663|02/01/2024 06:07:58||722|209645712|296685176
15521|0|15564|01/01/2024 17:38:50||45670|141790373240|284187946768
16853|0|5705|02/01/2024 02:51:54||12486|448069368|622463536
16854|0|11226|02/01/2024 02:58:27||12093|31831391120|82907039792
16420|0|81514|02/01/2024 00:03:42||22578|47517093592|131982585760
15944|0|5904|01/01/2024 20:59:13||33647|12409537224|15054421168
16677|0|58954|02/01/2024 01:44:08||16552|1886118432|1921735024
16215|0|6308|01/01/2024 22:49:22||27038|11072855056|14849506488
16880|0|99065|02/01/2024 03:08:43||11477|3288920320|4518144896
16737|0|56875|02/01/2024 02:03:15||15405|30797917936|83594714224
15443|0|26509|01/01/2024 17:00:36||47964|4924385144|7348823048
16600|0|44068|02/01/2024 01:18:03||18117|7669201144|8967159408
17076|0|39299|02/01/2024 04:29:03||6657|303013304|338329128
15470|0|88069|01/01/2024 17:16:41||46999|2831260584|3973614056
17211|0|96410|02/01/2024 05:11:55||4085|69239664|97252920
16651|0|98470|02/01/2024 01:31:01||17339|8867386688|10772284008
16809|0|50824|02/01/2024 02:38:41||13279|617963928|658917400
16068|0|81078|01/01/2024 21:46:43||30797|10242776128|12176219616
16069|0|57141|01/01/2024 21:45:20||30880|4909409680|5517526680
15170|0|36420|01/01/2024 14:52:17||55663|21966437712|28965144312
15700|0|82194|01/01/2024 19:09:54||40206|9105412672|12151725224
16652|0|6876|02/01/2024 01:35:03||17097|2180777528|3011575632
17333|0|70763|02/01/2024 06:04:01||959|21101112|29324776
17054|0|40491|02/01/2024 04:14:11||7549|153232616|187130552
17212|0|34900|02/01/2024 05:13:02||4018|400492240|599744696
17031|0|93145|02/01/2024 04:04:05||8155|4841567240|5122645232
15719|0|8602|01/01/2024 19:19:40||39620|3145553224|3912005904
17213|0|53228|02/01/2024 05:16:49||3791|6894424|10049336
16904|0|88393|02/01/2024 03:15:35||11065|2567693864|3412294944
16168|0|28839|01/01/2024 22:21:15||28725|5432597856|6839891648
15187|0|60167|01/01/2024 15:02:49||55031|11874400936|12702020760
16450|0|97205|02/01/2024 00:19:53||21607|1256018088|1294483520
17334|0|6440|02/01/2024 06:06:45||795|505774472|648215984
16738|0|32217|02/01/2024 02:09:57||15003|33539040160|79596730784
16451|0|29341|02/01/2024 00:12:38||22042|729190016|904446320
16569|0|13461|02/01/2024 01:00:15||19185|3046123408|4467576608
16478|0|23299|02/01/2024 00:22:49||21431|389577136|583115280
16678|0|79812|02/01/2024 01:49:26||16234|38297417760|85736581056
15720|0|41123|01/01/2024 19:11:50||40090|1846916600|2563430784
14947|0|92893|01/01/2024 13:09:35||61825|15774882136|22305299648
16621|0|27391|02/01/2024 01:23:40||17780|9627532304|11026369040
16932|0|81968|02/01/2024 03:21:04||10736|3486248344|4402981496
15522|0|99099|01/01/2024 17:36:03||45837|3888912400|4526839920
14987|0|41402|01/01/2024 13:24:26||60934|6188765568|8117463528
17288|0|71426|02/01/2024 05:49:24||1836|3079479208|8889681320
15209|0|28056|01/01/2024 15:10:26||54574|40683018032|51503034728
16881|0|25099|02/01/2024 03:05:21||11679|62717272|76995576
16784|0|56042|02/01/2024 02:29:46||13814|2273129208|2860123640
16882|0|50014|02/01/2024 03:03:46||11774|1949510584|2555680544
15897|0|63542|01/01/2024 20:34:58||35102|7881895872|10216806936
16090|0|47084|01/01/2024 21:58:55||30065|4762533752|5519661632
15210|0|15246|01/01/2024 15:10:17||54583|9997660120|12218582896
14833|0|80461|01/01/2024 12:01:27||65913|7663687088|10472857776
17264|0|78054|02/01/2024 05:39:51||2409|183218952|191726448
15597|0|29483|01/01/2024 18:19:35||43225|24540220672|53574832760
16974|0|16715|02/01/2024 03:46:38||9202|727445864|937483288
15328|0|18951|01/01/2024 16:15:21||50679|26685146680|37029985448
15500|0|84402|01/01/2024 17:28:38||46282|2563078808|3391536416
16332|0|36967|01/01/2024 23:23:44||24976|70695636920|156972979184
17161|0|97802|02/01/2024 04:57:34||4946|223326552|263139752
17231|0|86608|02/01/2024 05:20:48||3552|352594936|522769336
17335|0|39152|02/01/2024 06:03:45||975|3042477696|8118863576
17312|0|48912|02/01/2024 05:56:03||1437|440200048|610463328
16520|0|45658|02/01/2024 00:42:12||20268|6225977944|6687368216
16855|0|40524|02/01/2024 02:55:05||12295|2367075624|3447468056
17077|0|18915|02/01/2024 04:29:01||6659|468168456|509720696
15865|0|77250|01/01/2024 20:28:52||35468|6180046632|6836440296
16570|0|44624|02/01/2024 01:08:08||18712|5669626504|5735095080
16452|0|81920|02/01/2024 00:10:34||22166|1748313440|2473094024
16044|0|97692|01/01/2024 21:32:11||31669|8341096632|8450260416
15721|0|46712|01/01/2024 19:13:07||40013|56137734744|127226823408
16247|0|47108|01/01/2024 22:58:17||26503|13059242824|17240094144
16739|0|43967|02/01/2024 02:05:30||15270|11800579600|14620748816
15850|0|62316|01/01/2024 20:18:52||36068|12576488568|16485890664
16113|0|27389|01/01/2024 22:08:23||29497|6070721400|7163161512
17162|0|28990|02/01/2024 04:57:01||4979|864345960|1264027432
16760|0|98254|02/01/2024 02:11:34||14906|35353586896|78870593480
15360|0|37451|01/01/2024 16:37:22||49358|6853274696|7227422576
16091|0|22388|01/01/2024 21:58:25||30095|8910689192|11606852040
17163|0|40855|02/01/2024 04:55:15||5085|1981554128|2455302568
15992|0|18539|01/01/2024 21:13:54||32766|4732107000|6177999464
16699|0|36702|02/01/2024 01:50:41||16159|207957504|224713624
15581|0|76563|01/01/2024 18:09:06||43854|1459975008|1767642408
16481|0|38974|02/01/2024 00:24:33||21327|9306069408|10638707520
16045|0|10772|01/01/2024 21:38:01||31319|4494904584|6082026000
16521|0|64301|02/01/2024 00:48:02||19918|1712866336|1764615768
16070|0|44915|01/01/2024 21:46:08||30832|1257697192|1409180560
15827|0|6290|01/01/2024 20:09:45||36615|3260636912|4231475832
17336|0|63505|02/01/2024 06:03:52||968|161625496|181231776
15800|0|93625|01/01/2024 19:55:24|02/01/2024 06:14:01|37117|15963602288|21777117672
15111|0|7472|01/01/2024 14:23:42||57378|12391028584|17788415656
16572|0|31481|02/01/2024 01:01:28||19112|6423761968|8441174856
15620|0|90789|01/01/2024 18:28:31||42689|9638901504|10748729672
17232|0|53387|02/01/2024 05:24:56||3304|190665368|240301968
17358|0|52753|02/01/2024 06:12:45||435|313952632|419447880
15743|0|74290|01/01/2024 19:26:29||39211|1735899152|2181380808
15233|0|19086|01/01/2024 15:22:34||53846|26682546680|27605806056
16395|0|64324|01/01/2024 23:50:14||23386|4645714472|6757334304
16248|0|42912|01/01/2024 22:57:57||26523|10488532680|15243458544
15621|0|65081|01/01/2024 18:21:26||43114|19452976048|22642871536
16740|0|94914|02/01/2024 02:04:59||15301|1638908584|1888007720
15967|0|68387|01/01/2024 21:06:05||33235|53146629120|130169307392
17337|0|40176|02/01/2024 06:09:25||635|280833472|418110944
16549|0|96532|02/01/2024 00:51:36||19704|5692081104|8361394536
17313|0|97579|02/01/2024 05:57:43||1337|3574324936|8330504088
16505|0|6603|02/01/2024 00:31:53||20887|1287304448|1423350648
16482|0|85963|02/01/2024 00:21:01||21539|5275869704|5882923064
16700|0|41995|02/01/2024 01:55:18||15882|2042824472|2353559296
16189|0|39648|01/01/2024 22:37:01||27779|10912081144|11872689800
17078|0|8129|02/01/2024 04:20:34||7166|3316119168|3591648216
17233|0|6568|02/01/2024 05:24:57||3303|344491488|439379328
16905|0|62739|02/01/2024 03:11:15||11325|594586264|594802384
15444|0|85484|01/01/2024 17:02:39||47841|6717322088|6982718648
15917|0|59464|01/01/2024 20:47:32||34348|8955812064|12702460464
17137|0|50427|02/01/2024 04:47:08||5572|53341088|77711424
15445|0|45892|01/01/2024 17:04:51||47709|11823721408|17491819512
16975|0|62761|02/01/2024 03:45:44||9256|5402942920|6044359280
16132|0|81795|01/01/2024 22:11:30||29310|303298264|402883384
17138|0|37399|02/01/2024 04:45:56||5644|3140705864|3192353304
14989|0|96745|01/01/2024 13:27:07||60773|8514684112|8978089064
16333|0|79162|01/01/2024 23:25:12|02/01/2024 06:17:21|24729|5890246160|7648828608
17359|0|79162|02/01/2024 06:18:52||68|35527656|40539088
15764|0|90846|01/01/2024 19:38:17||38503|6068263296|8919682800
17032|0|41118|02/01/2024 04:05:14||8086|2768154680|3230574240
15446|0|21853|01/01/2024 17:06:57||47583|2951805536|3462961656
17115|0|92942|02/01/2024 04:38:06||6114|1084284248|1300853584
16072|0|97309|01/01/2024 21:49:01||30659|1225414928|1399054800
17289|0|50432|02/01/2024 05:47:21||1959|385909264|436372624
15501|0|19469|01/01/2024 17:29:51||46209|9129853776|12475370408
16506|0|15805|02/01/2024 00:31:09||20931|1268839248|1737173600
17189|0|25102|02/01/2024 05:09:50||4210|1302657424|1362999400
17265|0|38674|02/01/2024 05:37:31||2549|246774744|293188896
16958|0|6931|02/01/2024 03:38:11||9709|760347008|784750656
16133|0|90351|01/01/2024 22:12:25||29255|3081832176|3656184456
16453|0|26133|02/01/2024 00:19:04||21656|1168413704|1511623176
16297|0|33734|01/01/2024 23:10:49||25751|9361479696|11007100232
17164|0|81036|02/01/2024 04:58:20||4900|2068483464|2853495584
16454|0|14111|02/01/2024 00:17:47||21733|50157273912|107348660848
15447|0|7489|01/01/2024 17:09:28||47432|21408333984|21412849280
16421|0|52163|02/01/2024 00:07:52||22328|1618731440|2259322768
15828|0|40642|01/01/2024 20:07:37||36743|4367035544|5463596496
16334|0|73978|01/01/2024 23:27:10||24770|3514919376|3568368424
16298|0|16748|01/01/2024 23:18:23||25297|7320940216|7748002200
16653|0|90411|02/01/2024 01:31:06||17334|83395144|105289056
16018|0|74516|01/01/2024 21:25:54||32046|6652272136|7026640208
17116|0|93843|02/01/2024 04:35:08||6292|447661584|541766584
16883|0|33422|02/01/2024 03:01:57||11883|2793526448|3808394920
17033|0|61183|02/01/2024 04:08:02||7918|3034217112|3599172184
15301|0|69046|01/01/2024 15:51:43||52097|21024110736|27368831816
16550|0|41652|02/01/2024 00:59:09||19251|5458937976|6854549200
17190|0|27146|02/01/2024 05:09:48||4212|410356368|531678984
17266|0|32399|02/01/2024 05:37:58||2522|4194304304|12212795584
16810|0|70096|02/01/2024 02:35:34||13466|747058856|1118863176
16019|0|52429|01/01/2024 21:24:56||32104|1651976104|2175387960
16654|0|97058|02/01/2024 01:33:17||17203|1307381768|1895460400
16134|0|26430|01/01/2024 22:18:20||28900|427598552|588755992
16831|0|59913|02/01/2024 02:43:26||12994|1209054104|1391657192
17034|0|80898|02/01/2024 04:01:51||8289|2189474248|3224325680
17314|0|46857|02/01/2024 05:55:56||1444|486375296|589685584
15330|0|15045|01/01/2024 16:15:16||50684|2129610272|2677466544
17360|0|67782|02/01/2024 06:14:30||330|65333128|96922448
16997|0|99986|02/01/2024 03:56:20||8620|1415747352|1425137336
16455|0|74678|02/01/2024 00:10:38|02/01/2024 06:12:00|21682|1139926312|1478771328
15664|0|28612|01/01/2024 18:49:38||41422|5266092392|7412754616
15723|0|56720|01/01/2024 19:13:04||40016|6254676656|8545879248
17079|0|19964|02/01/2024 04:22:42||7038|22211742912|51212332504
16655|0|11533|02/01/2024 01:33:00||17220|42097097120|107036656040
17234|0|93851|02/01/2024 05:27:35||3145|864309136|1109490000
16622|0|51035|02/01/2024 01:29:10||17450|1042567888|1480851632
16169|0|91723|01/01/2024 22:28:10||28310|2538250400|3624697248
15724|0|60277|01/01/2024 19:19:28||39632|3615342200|3759085832
15112|0|9625|01/01/2024 14:25:40||57260|24988678816|28166638352
17080|0|26300|02/01/2024 04:22:47||7033|690359136|1020800536
16423|0|69718|02/01/2024 00:02:13||22667|6280048416|7895521872
16020|0|59915|01/01/2024 21:21:55||32285|49059536928|114036451208
17290|0|95361|02/01/2024 05:48:55||1865|1362382024|2020049384
16998|0|8386|02/01/2024 03:54:11||8749|1910115024|2149372440
15784|0|32028|01/01/2024 19:45:05||38095|12390112008|17247367360
17035|0|86266|02/01/2024 04:03:10||8210|24386120144|69738721664
16999|0|22591|02/01/2024 03:55:18||8682|3697511792|3715721048
17165|0|83622|02/01/2024 04:53:51||5169|1174276056|1220025384
17081|0|88927|02/01/2024 04:26:56||6784|4808596344|4829120840
17191|0|70616|02/01/2024 05:08:24||4296|1066370696|1131687624
16574|0|19835|02/01/2024 01:06:31||18809|258134352|266959824
16073|0|54570|01/01/2024 21:46:01||30839|5851662904|7027933856
14970|0|4396|01/01/2024 13:14:41||61519|8979335824|9649958600
15155|0|71960|01/01/2024 14:48:20||55900|25676471704|33323623480
17117|0|50961|02/01/2024 04:39:02||6058|296654944|443648480
17000|0|49446|02/01/2024 03:50:30||8970|1590061320|1854385472
17361|0|90750|02/01/2024 06:12:17||463|148981112|159497880
16135|0|15917|01/01/2024 22:17:17||28963|5697639384|6731336080
17192|0|66348|02/01/2024 05:00:35||4765|19966216|25237376
16701|0|85681|02/01/2024 01:55:02||15898|6177296752|8908724272
16623|0|89291|02/01/2024 01:28:05||17515|941869584|1255506840
15968|0|34665|01/01/2024 21:04:14||33346|11428804112|13160077752
16371|0|76797|01/01/2024 23:44:57||23703|1699106248|2400451896
16959|0|5237|02/01/2024 03:30:26||10174|162344128|182904320
17001|0|90208|02/01/2024 03:51:53||8887|2296435256|3439109048
14881|0|39540|01/01/2024 12:27:08||64372|12007667216|17086468680
16906|0|59720|02/01/2024 03:19:23||10837|1873646272|2064552032
16372|0|5901|01/01/2024 23:47:45||23535|1180642600|1454256664
15785|0|13853|01/01/2024 19:47:13||37967|4003284104|5290614368
16396|0|47038|01/01/2024 23:56:05||23035|4096294816|5071762520
17002|0|63156|02/01/2024 03:56:11||8629|198903176|240902544
16046|0|67016|01/01/2024 21:36:36||31404|5931914976|6662117024
16217|0|46036|01/01/2024 22:40:45||27555|8574981048|11616086672
15829|0|68841|01/01/2024 20:04:42||36918|14345712064|16850573616
16604|0|19222|02/01/2024 01:13:53||18367|5770175456|7055298240
16092|0|91971|01/01/2024 21:54:06||30354|65846592208|127802997768
16523|0|76866|02/01/2024 00:47:39||19941|3441862032|3667568928
16575|0|20661|02/01/2024 01:05:35||18865|2634561064|2934722352
16856|0|6906|02/01/2024 02:55:56||12244|225670768|274464120
16299|0|46869|01/01/2024 23:14:14||25546|5530344192|5841722184
15802|0|28349|01/01/2024 19:54:30||37530|9414920960|12078967056
15542|0|89642|01/01/2024 17:46:52||45188|5395775512|8083453704
16976|0|21923|02/01/2024 03:45:35||9265|1138808864|1560717712
16624|0|21912|02/01/2024 01:25:38||17662|5916546520|8127835752
16456|0|84943|02/01/2024 00:16:48||21792|2028620040|2068343128
16424|0|40115|02/01/2024 00:00:20||22780|1619329984|1736160528
16811|0|32738|02/01/2024 02:34:35||13525|1660664440|2450525640
16047|0|70645|01/01/2024 21:31:16||31724|1259179720|1815129008
17118|0|6051|02/01/2024 04:35:33||6267|59005208|64556960
15525|0|76091|01/01/2024 17:31:50||46090|1853895952|2170620232
15993|0|91703|01/01/2024 21:15:37||32663|12360253168|15773591656
14842|0|23271|01/01/2024 12:00:56||65944|2259952728|2386524736
17082|0|33250|02/01/2024 04:20:34||7166|442783104|657916120
15081|0|31550|01/01/2024 14:07:06||58374|24740022928|25414594296
16551|0|84912|02/01/2024 00:50:36||19764|1066284624|1384419784
16907|0|93627|02/01/2024 03:12:24||11256|1960354648|2073129064
15252|0|86521|01/01/2024 15:30:09||53391|44466462696|50507964064
17214|0|88076|02/01/2024 05:10:18|02/01/2024 06:15:51|3933|471082536|652143856
15765|0|77111|01/01/2024 19:32:37||38843|8493634000|11124406096
16908|0|85520|02/01/2024 03:17:56||10924|1740299752|2251826872
16483|0|40841|02/01/2024 00:25:06||21294|29494162024|80859641336
16702|0|51631|02/01/2024 01:58:32||15688|33940206528|99314658720
15302|0|94288|01/01/2024 15:56:31||51809|17857616336|21526159944
15097|0|31903|01/01/2024 14:12:37||58043|171660759208|417411230296
16857|0|53839|02/01/2024 02:57:56||12124|395429656|399565576
16116|0|22939|01/01/2024 22:08:43||29477|2191679528|2264153216
17003|0|98958|02/01/2024 03:52:16||8864|1450004864|1910001936
15702|0|93403|01/01/2024 19:01:53||40687|2191589048|2531624320
17166|0|96689|02/01/2024 04:55:03||5097|146075752|195256120
16218|0|39646|01/01/2024 22:45:41||27259|15463614992|22373832080
16679|0|31700|02/01/2024 01:40:06||16794|781061440|857244320
17235|0|78379|02/01/2024 05:20:53||3547|267031112|323881864
17055|0|53820|02/01/2024 04:16:07||7433|1277574512|1788329992
16279|0|19424|01/01/2024 23:03:25||26195|15221514088|20673994616
15727|0|77858|01/01/2024 19:17:48||39732|3965005576|4513805576
15949|0|99756|01/01/2024 20:56:42||33798|3920978968|4047128224
16680|0|56289|02/01/2024 01:42:24||16656|14062160448|15739310952
16552|0|47458|02/01/2024 00:51:02||19738|2049582248|2105773800
16885|0|47468|02/01/2024 03:03:16||11804|3771528248|4173055944
15268|0|50187|01/01/2024 15:47:45||52335|3411484504|4434299968
17083|0|69541|02/01/2024 04:27:58||6722|124470232|172341264
16022|0|47314|01/01/2024 21:28:08||31912|1661721928|1738467528
15043|0|52594|01/01/2024 13:48:13||59507|5066676640|6050628216
16300|0|17099|01/01/2024 23:10:25||25775|40834166040|101434341496
16524|0|91262|02/01/2024 00:49:18||19842|2000335208|2479413896
16373|0|41355|01/01/2024 23:42:19||23861|420282024|462131592
17167|0|28423|02/01/2024 04:54:40||5120|2369346616|3266000832
17291|0|87055|02/01/2024 05:40:23||2377|1980635528|5895155392
17004|0|79312|02/01/2024 03:58:21||8499|1176458400|1196998512
17084|0|32388|02/01/2024 04:29:29||6631|1753687728|2524783560
17338|0|14654|02/01/2024 06:07:22||758|2975675184|7756567024
16960|0|12418|02/01/2024 03:35:20||9880|3613007640|5004701024
16117|0|43820|01/01/2024 22:07:41||29539|15718712600|19336082336
16425|0|51113|02/01/2024 00:09:23||22237|989430624|1263890816
16374|0|98440|01/01/2024 23:42:46||23834|6678814328|6703447896
17119|0|17223|02/01/2024 04:38:04||6116|2139499928|2603464160
16302|0|49790|01/01/2024 23:12:40||25640|12298767184|15625029216
16703|0|11267|02/01/2024 01:51:13||16127|1915674336|1966285672
16704|0|36659|02/01/2024 01:55:21||15879|349676712|365868232
16977|0|69461|02/01/2024 03:44:36||9324|878468376|1130127720
16193|0|93127|01/01/2024 22:34:37||27923|6235512608|6933476840
16250|0|70498|01/01/2024 22:52:23||26857|9090939496|9758188128
15502|0|72693|01/01/2024 17:24:06||46554|10481713888|13238036600
16812|0|8451|02/01/2024 02:38:57||13263|533129624|761793904
17339|0|70372|02/01/2024 06:09:08||652|2756144|3552872
16705|0|28435|02/01/2024 01:52:54||16026|110111528|132584960
16859|0|21671|02/01/2024 02:58:06||12114|705859128|805468312
16832|0|18908|02/01/2024 02:40:37||13163|30163520200|86944410264
17362|0|5094|02/01/2024 06:15:54||246|39024640|46566968
15473|0|36200|01/01/2024 17:16:47||46993|158427740080|349945514160
15729|0|8635|01/01/2024 19:19:49||39611|1906511760|2233682688
15703|0|13499|01/01/2024 19:04:26||40534|5555047216|6172000112
15561|0|28225|01/01/2024 17:53:33||44787|7000014672|9931963152
16860|0|26134|02/01/2024 02:59:31||12029|4186390288|4483915320
16741|0|82499|02/01/2024 02:09:15||15045|205077184|207656472
17267|0|74614|02/01/2024 05:30:44||2956|756543528|1022646304
16170|0|22665|01/01/2024 22:22:43||28637|4962418152|5480496648
17139|0|87499|02/01/2024 04:40:26||5974|270541880|342141752
17036|0|41796|02/01/2024 04:02:13||8267|18624534728|48298437816
17292|0|68883|02/01/2024 05:45:17||2083|621361032|801011432
16352|0|27276|01/01/2024 23:31:44||24496|6120293688|6615698312
16526|0|18578|02/01/2024 00:47:47||19933|80258432016|194363836984
15215|0|97540|01/01/2024 15:19:22||54038|3085524712|3800875016
15666|0|56731|01/01/2024 18:43:58|02/01/2024 06:12:53|41335|260078280|267168320
15269|0|23553|01/01/2024 15:40:17||52783|16301427928|18403921304
16375|0|76270|01/01/2024 23:41:56||23884|2199985208|2813794704
15995|0|87483|01/01/2024 21:14:36||32724|91131210072|172906584016
16933|0|4883|02/01/2024 03:23:59||10561|58827000|73850704
15622|0|64359|01/01/2024 18:25:38||42862|20194862256|26398532552
16761|0|43571|02/01/2024 02:12:02||14878|395886504|592687576
17293|0|32570|02/01/2024 05:48:19||1901|452015376|561142256
15333|0|72524|01/01/2024 16:15:52||50648|12826556728|14507008944
16280|0|16490|01/01/2024 23:09:03||25857|1677090392|1857900128
16138|0|72890|01/01/2024 22:11:02||29338|5105907456|6043093488
16220|0|84613|01/01/2024 22:43:55||27365|2667077936|2669904640
16813|0|16150|02/01/2024 02:31:11||13729|4087676952|5434089120
16706|0|37879|02/01/2024 01:59:58||15602|17506598440|37241158512
17056|0|19071|02/01/2024 04:18:07||7313|4952630440|7424255544
16605|0|8718|02/01/2024 01:19:47||18013|1459884856|1502658576
16785|0|57307|02/01/2024 02:21:03||14337|116836008|126749136
16978|0|44780|02/01/2024 03:46:43||9197|3130474064|4429167816
16961|0|77032|02/01/2024 03:33:56||9964|5497085184|6854950544
17294|0|62125|02/01/2024 05:44:27||2133|6133488096|15387263136
16886|0|88899|02/01/2024 03:02:11||11869|691590560|813051280
15830|0|49279|01/01/2024 20:04:35||36925|21095339968|21876103336
16303|0|30280|01/01/2024 23:15:13||25487|14767303072|19835230648
15016|0|58441|01/01/2024 13:35:40||60260|11389496176|12285401768
16962|0|55176|02/01/2024 03:33:44||9976|4179109304|5442570232
16579|0|3805|02/01/2024 01:00:21|02/01/2024 06:18:41|19100|2025110136|2802403568
17363|0|3805|02/01/2024 06:19:28||32|3111640|3651216
16934|0|24143|02/01/2024 03:26:04||10436|2111758048|2832100096
16657|0|37572|02/01/2024 01:30:28||17372|3828370296|3971715760
16580|0|23126|02/01/2024 01:06:23||18817|1812745736|2250081480
17268|0|39792|02/01/2024 05:33:28||2792|1448483688|1481326160
16140|0|47169|01/01/2024 22:16:08||29032|84748418488|195596641440
15667|0|29721|01/01/2024 18:49:54||41406|3500350576|4179656216
16457|0|60061|02/01/2024 00:18:39||21681|748237728|1118972880
17215|0|55316|02/01/2024 05:17:40||3740|422276400|428101968
15950|0|98149|01/01/2024 20:54:29||33931|3704644944|4828447736
17193|0|72615|02/01/2024 05:08:45||4275|163131096|189646344
16221|0|82418|01/01/2024 22:45:42||27258|9702439424|12316274056
15099|0|80719|01/01/2024 14:10:10||58190|20829698056|24656008408
16282|0|67557|01/01/2024 23:09:11||25849|7724277624|9754992192
16581|0|7575|02/01/2024 01:08:04||18716|7790946360|10174157720
17005|0|27975|02/01/2024 03:53:22||8798|2168845208|2682986952
16527|0|82986|02/01/2024 00:46:29||20011|448854568|662448600
16833|0|24334|02/01/2024 02:49:15||12645|4286888480|4376199760
16834|0|14643|02/01/2024 02:45:37||12863|1646472048|2343176544
16508|0|17504|02/01/2024 00:32:45||20835|29792427664|74948324936
17295|0|98298|02/01/2024 05:45:49||2051|699756120|719916904
16582|0|69372|02/01/2024 01:08:44||18676|5051091944|7118569888
15045|0|97740|01/01/2024 13:48:43|02/01/2024 06:18:21|59378|1883807920|1973604576
17364|0|97740|02/01/2024 06:19:55||5|0|0
16141|0|47819|01/01/2024 22:17:08||28972|47962619032|129389835328
16861|0|87153|02/01/2024 02:53:17||12403|703006504|852005864
17365|0|56210|02/01/2024 06:10:11||589|1975646744|4115377752
15686|0|43543|01/01/2024 18:56:54||40986|10033585264|13099757568
16762|0|40101|02/01/2024 02:11:50||14890|32663131768|65501799232
17006|0|93664|02/01/2024 03:59:07||8453|1531971912|1662061968
17085|0|72469|02/01/2024 04:27:06||6774|238802528|311682040
16023|0|29682|01/01/2024 21:21:52||32288|1626372440|2070004624
15900|0|41429|01/01/2024 20:33:58||35162|1475014240|1961400112
17086|0|28055|02/01/2024 04:23:38||6982|5297966792|3021337984
17057|0|53398|02/01/2024 04:15:29||7471|1714434496|2459853488
15138|0|70723|01/01/2024 14:32:37||56843|4939416880|2670320072
14972|0|98424|01/01/2024 13:18:16||61304|22826684128|26143447176
17087|0|63848|02/01/2024 04:25:19||6881|11492279256|30204161352
17194|0|48807|02/01/2024 05:05:35||4465|1032413016|1390684760
17315|0|49120|02/01/2024 05:56:59||1381|3940725880|7719778736
17216|0|54200|02/01/2024 05:16:39||3801|272330752|276577520
16426|0|49678|02/01/2024 00:03:54||22566|11126091800|13387546200
16583|0|67374|02/01/2024 01:03:28||18992|28011936416|58464838872
16304|0|10036|01/01/2024 23:12:45||25635|3374984976|5031787800
17217|0|61139|02/01/2024 05:16:12||3828|162988480|236243760
17140|0|50238|02/01/2024 04:43:07||5813|1783951904|1992978240
16935|0|42428|02/01/2024 03:22:40||10640|4634708784|5066524880
15901|0|87674|01/01/2024 20:32:09||35271|6249069776|7557196928
17058|0|19436|02/01/2024 04:14:38||7522|1457208480|1888030496
16628|0|90076|02/01/2024 01:21:33||17907|1866261400|2603347472
16459|0|17156|02/01/2024 00:14:14||21946|1124158544|1389029528
17037|0|69214|02/01/2024 04:00:49||8351|29596970584|63247685736
15526|0|69808|01/01/2024 17:31:22||46118|23350338736|26829151816
16708|0|28124|02/01/2024 01:52:20||16060|30579768576|69018471128
16305|0|24162|01/01/2024 23:10:45||25755|5465169400|8195079432
16709|0|56866|02/01/2024 01:52:31||16049|1798455736|2006079432
17169|0|88892|02/01/2024 04:57:01||4979|6156060656|16957235968
16936|0|53612|02/01/2024 03:27:08||10372|4527492024|5105795344
16118|0|25051|01/01/2024 22:05:28||29672|2946482088|2955105824
16764|0|91511|02/01/2024 02:19:07||14453|8722671184|12278057680
15871|0|79035|01/01/2024 20:27:29||35551|522255072|584438464
16306|0|53714|01/01/2024 23:14:27||25533|50618429280|106753137784
17121|0|34047|02/01/2024 04:33:32||6388|779825176|1044954464
17366|0|18055|02/01/2024 06:15:18||282|64174896|73942312
15627|0|93041|01/01/2024 18:24:18||42942|7270221800|7554444624
15872|0|83129|01/01/2024 20:29:03||35457|21004058600|22963880712
17038|0|70629|02/01/2024 04:04:39||8121|2075744152|2295223424
16629|0|53883|02/01/2024 01:20:06||17994|781370744|1075560928
17088|0|18914|02/01/2024 04:23:47||6973|1194770136|1612535656
16308|0|24152|01/01/2024 23:13:32||25588|15363739256|18174751464
15873|0|39739|01/01/2024 20:24:41||35719|843333024|1129454984
16814|0|21520|02/01/2024 02:34:52||13508|554487248|803269560
15874|0|31527|01/01/2024 20:26:53||35587|20039056472|24330037592
16251|0|90512|01/01/2024 22:53:51||26769|13730081744|20473765520
15747|0|71041|01/01/2024 19:29:40||39020|17521249112|20919904704
16252|0|79389|01/01/2024 22:52:14||26866|7103803272|7742825976
14887|0|6073|01/01/2024 12:23:11||64609|32028693280|46177881104
16253|0|59433|01/01/2024 22:56:27||26613|14317831392|19497873248
16911|0|93213|02/01/2024 03:13:32||11188|1904181840|2443485080
16254|0|94445|01/01/2024 22:57:35||26545|2271626200|2358024240
15748|0|83254|01/01/2024 19:26:16||39224|5032409952|5440930880
16963|0|47902|02/01/2024 03:31:59||10081|2251824600|2546878392
15831|0|83921|01/01/2024 20:06:40||36800|19855863760|21492130832
16142|0|53676|01/01/2024 22:18:30||28890|3700572968|5204031560
16835|0|27730|02/01/2024 02:42:24||13056|416797224|446937208
17269|0|96272|02/01/2024 05:39:02||2458|514011864|728276912
15952|0|89545|01/01/2024 20:58:36||33684|52589089504|102367614024
17195|0|5859|02/01/2024 05:00:21||4779|143651688|176996152
17122|0|97470|02/01/2024 04:31:22||6518|612872592|738257688
15504|0|74503|01/01/2024 17:26:47||46393|10923011776|12757424904
16742|0|39235|02/01/2024 02:07:41||15139|615802496|858386856
16143|0|26209|01/01/2024 22:13:04||29216|14396650968|18754470600
15704|0|26819|01/01/2024 19:05:16||40484|2854491144|3767158992
16862|0|78618|02/01/2024 02:58:14||12106|1967304272|1995283192
16743|0|89748|02/01/2024 02:01:45||15495|47512471456|105443710232
15788|0|27001|01/01/2024 19:40:07||38393|21261817544|23014368592
15583|0|63750|01/01/2024 18:00:24||44376|5032729368|5623191800
17039|0|83551|02/01/2024 04:01:57||8283|10648545848|26465558136
15584|0|14122|01/01/2024 18:04:58||44102|6991508200|8337640008
16912|0|68700|02/01/2024 03:10:52||11348|770370064|1153220976
16528|0|34668|02/01/2024 00:45:33||20067|6727898584|9303168752
17236|0|73781|02/01/2024 05:23:08||3412|176783448|214178368
16887|0|30363|02/01/2024 03:04:41||11719|1961335896|2018525600
17296|0|98196|02/01/2024 05:41:03||2337|885240416|1009241368
15875|0|24392|01/01/2024 20:29:49||35411|16782806304|19641886856
15236|0|54698|01/01/2024 15:23:02||53818|118031026392|221425986448
17089|0|15205|02/01/2024 04:20:35||7165|2150462528|2305984376
15953|0|81876|01/01/2024 20:51:02||34138|96814637824|255869537344
17270|0|53977|02/01/2024 05:32:33||2847|373633632|531865936
16428|0|47511|02/01/2024 00:08:39||22281|4158704960|4452404320
16979|0|39224|02/01/2024 03:45:25||9275|3337630224|3486606696
15585|0|43761|01/01/2024 18:03:39||44181|12780455720|15259377456
16509|0|58449|02/01/2024 00:34:36||20724|3844423136|4692593096
16379|0|65431|01/01/2024 23:42:01||23879|7384978424|9633843568
16222|0|93344|01/01/2024 22:48:56||27064|11241471712|13166133584
16196|0|49037|01/01/2024 22:36:45||27795|1333288360|1400701160
16744|0|63259|02/01/2024 02:01:26||15514|107468776|113250344
15476|0|5329|01/01/2024 17:18:25||46895|19002391472|23308147488
15833|0|54489|01/01/2024 20:09:51||36609|26752902400|35439970016
17141|0|70204|02/01/2024 04:45:19||5681|1767097752|1802793352
17059|0|4814|02/01/2024 04:18:58||7262|4604560768|6837508696
16283|0|17550|01/01/2024 23:03:05||26215|13763030944|19609590768
17297|0|45287|02/01/2024 05:44:05||2155|340554360|450020376
16745|0|36093|02/01/2024 02:03:44||15376|2194728712|2433457144
15217|0|49631|01/01/2024 15:19:53||54007|12808602344|16498266368
16223|0|60614|01/01/2024 22:44:17||27343|5832196328|8484853880
15996|0|66727|01/01/2024 21:12:08||32872|10553155928|12392320984
15628|0|70058|01/01/2024 18:26:07||42833|3220014752|4708665824
14720|0|81847|01/01/2024 11:33:00||67620|36806460080|47498427672
16786|0|24571|02/01/2024 02:22:27|02/01/2024 06:16:54|14067|684123168|934937856
16398|0|12710|01/01/2024 23:52:33||23247|9024132040|9275971464
16980|0|82321|02/01/2024 03:43:44||9376|6379300832|6876339488
17237|0|31906|02/01/2024 05:20:10||3590|231693984|329894168
15805|0|54433|01/01/2024 19:55:47||37453|9800304712|12408349616
15647|0|34330|01/01/2024 18:30:50||42550|5760484640|7750135160
17340|0|70169|02/01/2024 06:03:37||983|627659208|856774024
17008|0|46986|02/01/2024 03:53:06||8814|1358988680|1424544336
16255|0|23505|01/01/2024 22:56:44||26596|22814844096|26465090544
16863|0|42726|02/01/2024 02:50:10||12590|3379672912|4225365784
16399|0|25321|01/01/2024 23:59:15||22845|449915056|589114536
16354|0|90189|01/01/2024 23:35:47||24253|66916337456|180073133432
17040|0|12303|02/01/2024 04:08:24||7896|4435252408|5609342736
17090|0|21997|02/01/2024 04:28:37||6683|509428096|592455808
17041|0|50207|02/01/2024 04:08:44||7876|5552471512|7187951960
17238|0|84423|02/01/2024 05:23:31||3389|135884008|184141168
16864|0|98215|02/01/2024 02:52:58||12422|1076431560|1599221680
17298|0|85856|02/01/2024 05:45:53||2047|361345256|539993944
15545|0|74749|01/01/2024 17:48:22||45098|8807543032|12474611240
15173|0|5866|01/01/2024 14:50:23||55777|10000843008|10325865712
16584|0|59369|02/01/2024 01:01:16||19124|11438731624|14555194440
16460|0|66412|02/01/2024 00:10:29||22171|7465422680|9701504184
17316|0|89070|02/01/2024 05:59:35||1225|187832408|214099224
16710|0|37635|02/01/2024 01:53:18||16002|180234024|209577832
16400|0|23523|01/01/2024 23:59:29|02/01/2024 06:15:32|22563|79170488|98365120
16256|0|5616|01/01/2024 22:54:22||26738|33783198640|93896564560
16309|0|27952|01/01/2024 23:11:03||25737|17674844048|22267115792
16257|0|96379|01/01/2024 22:56:16||26624|1695524872|1745219696
15363|0|18724|01/01/2024 16:37:40||49340|15198741976|20729438096
15852|0|20125|01/01/2024 20:19:35||36025|9055452496|12547514664
16746|0|85391|02/01/2024 02:01:09||15531|2221907536|2829165704
17196|0|88091|02/01/2024 05:08:52||4268|30754008|32175152
15750|0|91923|01/01/2024 19:27:43||39137|1175765608|1660068448
16529|0|31308|02/01/2024 00:44:06||20154|1700841080|2194487648
15835|0|90408|01/01/2024 20:05:12||36888|12909595000|14915989808
15997|0|25820|01/01/2024 21:16:17||32623|4553968768|5136195664
16461|0|58177|02/01/2024 00:12:58||22022|53777956248|151647127400
17142|0|89984|02/01/2024 04:40:52||5948|875769272|1299255712
16913|0|96283|02/01/2024 03:18:20||10900|27190426480|57751042480
15564|0|31214|01/01/2024 17:57:47||44533|15108353088|20726662928
16530|0|26547|02/01/2024 00:45:57||20043|3430537328|4029173448
16144|0|26764|01/01/2024 22:16:34||29006|2794435424|3783271944
17197|0|40014|02/01/2024 05:00:28||4772|110975768|114779448
16355|0|92224|01/01/2024 23:32:34||24446|10883269016|13604499928
16914|0|98475|02/01/2024 03:14:49||11111|63445424|93733232
16816|0|90711|02/01/2024 02:32:11||13669|1259943816|1511714296
17299|0|4539|02/01/2024 05:44:44||2116|14890040|18942824
15395|0|78957|01/01/2024 16:45:59||48841|6623526376|8675993680
15836|0|73491|01/01/2024 20:06:21||36819|2679033344|2862390480
16606|0|99462|02/01/2024 01:15:20||18280|7461482272|9870349960
16401|0|15351|01/01/2024 23:54:08||23152|3872124552|5653194664
15648|0|60165|01/01/2024 18:32:48||42432|4764655688|6328449136
15086|0|86640|01/01/2024 14:05:38||58462|11999411384|15610440600
16681|0|45522|02/01/2024 01:43:54||16566|42526734032|117298372816
16402|0|78867|01/01/2024 23:52:28||23252|115046709968|78421426424
14955|0|89121|01/01/2024 13:04:45||62115|43661092832|54539942024
15877|0|78223|01/01/2024 20:20:05||35995|10797992248|12838676968
16787|0|22919|02/01/2024 02:23:59||14161|7081525520|9477019152
15396|0|66722|01/01/2024 16:49:36||48624|2981338256|3114529384
17239|0|5200|02/01/2024 05:25:33||3267|379165440|526271264
16711|0|8441|02/01/2024 01:50:52||16148|3892887280|5664599024
17060|0|48689|02/01/2024 04:10:41||7759|23141898256|54942150272
15018|0|36175|01/01/2024 13:32:05||60475|23039682136|33927468896
16145|0|15798|01/01/2024 22:15:28||29072|6936490656|7820737680
16712|0|37770|02/01/2024 01:58:27||15693|4789057312|5786068360
15630|0|21763|01/01/2024 18:28:32||42688|2770961176|2961189696
16888|0|54220|02/01/2024 03:01:23||11917|35624831280|69163990640
17143|0|52962|02/01/2024 04:49:56||5404|80918872|88228048
16713|0|66619|02/01/2024 01:50:56||16144|19457543264|42808916560
16404|0|34127|01/01/2024 23:51:05|02/01/2024 06:11:07|22802|11446507288|13005772896
17367|0|34127|02/01/2024 06:12:01||479|198481896|275298656
15838|0|90297|01/01/2024 20:08:18||36702|118348677488|230717679816
15397|0|62492|01/01/2024 16:41:49||49091|11817805328|16120051112
16259|0|80695|01/01/2024 22:50:51||26949|11351284952|13277966408
17240|0|78104|02/01/2024 05:26:03||3237|458049816|516609840
16682|0|82589|02/01/2024 01:41:40||16700|2438721136|2548192640
15426|0|8607|01/01/2024 16:54:28||48332|93041084088|177959680600
17170|0|41700|02/01/2024 04:59:11||4849|1386039160|1548382184
15839|0|91475|01/01/2024 20:00:56||37144|4698634384|4941739200
17300|0|41167|02/01/2024 05:49:38||1822|303056944|348284200
17061|0|62937|02/01/2024 04:10:51||7749|4305946320|5458139960
15689|0|67311|01/01/2024 18:54:26||41134|9833122152|12293531704
15879|0|47406|01/01/2024 20:28:17||35503|97834903736|245081749032
17341|0|51364|02/01/2024 06:07:31||749|351592880|407268304
16817|0|42829|02/01/2024 02:36:17||13423|398436744|567184240
17342|0|57517|02/01/2024 06:00:22||1178|166468816|227337856
16463|0|52747|02/01/2024 00:18:33||21687|394683632|519419720
17271|0|88059|02/01/2024 05:32:45||2835|415100992|567131264
15237|0|40916|01/01/2024 15:26:32||53608|5180500864|5382919512
16553|0|73198|02/01/2024 00:59:22||19238|2378505136|3016205520
15751|0|85732|01/01/2024 19:27:28||39152|13158590792|14979465584
15998|0|29132|01/01/2024 21:10:57||32943|11853356344|12578345760
15925|0|55593|01/01/2024 20:47:33||34347|17574577552|21924232120
16335|0|49049|01/01/2024 23:21:40||25100|12018061048|12211000720
16607|0|14893|02/01/2024 01:15:44||18256|3627046472|4920312008
16788|0|39980|02/01/2024 02:25:20||14080|5353671288|5981638480
16510|0|35062|02/01/2024 00:35:00||20700|2419691240|3560383408
16715|0|18927|02/01/2024 01:55:08||15892|11025895784|14997177448
15238|0|44714|01/01/2024 15:22:16||53864|9675395760|13883419216
17198|0|71703|02/01/2024 05:04:58||4502|2677328456|3205025168
16915|0|82867|02/01/2024 03:13:10||11210|15849365376|32097396976
15194|0|5312|01/01/2024 15:01:06||55134|14206830512|16140535208
16981|0|32589|02/01/2024 03:49:36||9024|2966767056|3746340248
16310|0|95066|01/01/2024 23:17:12||25368|808950928|981862368
17144|0|46076|02/01/2024 04:46:56||5584|651097360|900549704
17317|0|49783|02/01/2024 05:53:39||1581|375402280|409036936
15752|0|67595|01/01/2024 19:29:39||39021|52184793288|99952735904
16818|0|47241|02/01/2024 02:30:48||13752|162733832|234890960
17241|0|16122|02/01/2024 05:28:11||3109|162907080|199632528
16819|0|88096|02/01/2024 02:36:13||13427|1817660064|1855603472
16224|0|12608|01/01/2024 22:49:52||27008|15256414168|22575933064
15528|0|11713|01/01/2024 17:32:16||46064|15940380256|20128433656
15364|0|38214|01/01/2024 16:32:15|02/01/2024 06:12:18|49203|8015744824|11542946072
16916|0|58246|02/01/2024 03:12:33||11247|186081968|247242336
15546|0|79509|01/01/2024 17:49:19||45041|13203159736|17553878120
15806|0|8771|01/01/2024 19:57:55||37325|105376284848|196605133912
17343|0|24545|02/01/2024 06:03:56||964|348054192|475207888
15088|0|89014|01/01/2024 14:05:21||58479|15340678312|17253108680
16147|0|80524|01/01/2024 22:16:54||28986|2218437432|2963143976
15880|0|65611|01/01/2024 20:27:17||35563|4278350504|5369847472
16865|0|65637|02/01/2024 02:56:35||12205|1324662816|1716889048
15999|0|5708|01/01/2024 21:10:33|02/01/2024 06:14:16|32623|11850182792|14207941568
17368|0|5708|02/01/2024 06:14:57||303|123342104|138611208
17218|0|21901|02/01/2024 05:17:08||3772|80086776|106305816
17171|0|90141|02/01/2024 04:58:27||4893|91918144|110921584
16532|0|64625|02/01/2024 00:40:29||20371|5238579880|5729120824
16311|0|21232|01/01/2024 23:19:36||25224|11093525944|15635542704
15427|0|6890|01/01/2024 16:59:35||48025|5384355928|7886308032
17344|0|54830|02/01/2024 06:04:46||914|207452728|236259032
16716|0|36128|02/01/2024 01:59:05||15655|12670520936|13778673888
14689|0|35038|01/01/2024 11:20:04||68396|208591038728|525451340600
17272|0|42069|02/01/2024 05:33:40||2780|345056328|449101776
16765|0|91272|02/01/2024 02:19:02||14458|1787799720|2479974520
15366|0|86394|01/01/2024 16:33:53||49567|5564123712|6744075560
16608|0|90354|02/01/2024 01:14:32||18328|2047672616|2295191200
16148|0|51005|01/01/2024 22:16:41||28999|4210002008|4661558336
16533|0|49797|02/01/2024 00:49:20||19840|30871946640|80486454344
16717|0|63511|02/01/2024 01:58:21||15699|32270864648|85148727288
14653|0|82469|01/01/2024 11:17:20||68560|11888654504|12605633216
15971|0|65046|01/01/2024 21:04:51||33309|64345397656|189389346080
16836|0|40852|02/01/2024 02:40:34||13166|1702687256|2295325376
15903|0|81367|01/01/2024 20:32:18||35262|17769843768|21184644992
16554|0|75318|02/01/2024 00:55:02||19498|3973589256|4273317792
15428|0|64617|01/01/2024 16:57:31||48149|100126390280|212745163464
16485|0|91924|02/01/2024 00:28:40||21080|5764854656|6977857400
17091|0|58220|02/01/2024 04:28:20||6700|1225490456|1672969584
16486|0|76632|02/01/2024 00:26:01||21239|4955925040|6875611888
17242|0|82918|02/01/2024 05:26:38||3202|1285890976|1888091400
16260|0|5948|01/01/2024 22:52:25||26855|9882819824|10465924440
16866|0|78582|02/01/2024 02:58:03||12117|1804116552|2216605648
15367|0|66625|01/01/2024 16:36:22||49418|4147048904|6066260136
16464|0|59792|02/01/2024 00:11:04||22136|43258378408|89357188552
15926|0|99038|01/01/2024 20:45:23||34477|17005562680|17371899920
17092|0|63864|02/01/2024 04:21:10||7130|14558134888|37807014336
17172|0|24609|02/01/2024 04:58:19||4901|243232968|323022872
15956|0|20346|01/01/2024 20:52:08||34072|2634141784|2740935248
15459|0|71680|01/01/2024 17:06:49||47591|10611540304|12442306088
16028|0|78811|01/01/2024 21:22:38||32242|495223928|736510512
17199|0|69279|02/01/2024 05:07:29||4351|735146824|900121640
15972|0|53450|01/01/2024 21:07:44||33136|4048152400|4494468288
16284|0|82975|01/01/2024 23:07:49||25931|8066423344|10772166048
16000|0|66003|01/01/2024 21:18:17||32503|1425841664|1676006944
16356|0|61892|01/01/2024 23:38:33||24087|4569992712|5238514992
15957|0|48755|01/01/2024 20:50:41||34159|2418699808|3223617480
16487|0|88718|02/01/2024 00:25:51||21249|5629855776|6783557304
17010|0|18024|02/01/2024 03:51:32||8908|842383560|1239940128
16766|0|89308|02/01/2024 02:10:44||14956|2145784208|2346305368
17243|0|47033|02/01/2024 05:25:56||3244|203498920|218282440
17345|0|67178|02/01/2024 06:01:16||1124|2070931920|6160536592
16982|0|79497|02/01/2024 03:45:59||9241|3701471272|4622833040
16609|0|12492|02/01/2024 01:17:16||18164|3761547600|5153870216
17173|0|77025|02/01/2024 04:55:23||5077|251296232|280637864
16983|0|36522|02/01/2024 03:48:34||9086|2436606216|3285379176
15974|0|87529|01/01/2024 21:00:46||33554|4987882352|6283903232
15854|0|93897|01/01/2024 20:18:49||36071|19182275656|24446466928
15120|0|94806|01/01/2024 14:25:37||57263|14534850440|21438826192
16098|0|38509|01/01/2024 21:56:04||30236|1811199968|1996677176
16937|0|77752|02/01/2024 03:22:12||10668|3659007568|3801212752
16685|0|42697|02/01/2024 01:41:54||16686|12133026576|15784961576
16534|0|52021|02/01/2024 00:40:34||20366|2131509056|2765068736
17145|0|5777|02/01/2024 04:49:34||5426|357750368|418165360
16686|0|53526|02/01/2024 01:49:25||16235|3918650928|5150736104
16336|0|91231|01/01/2024 23:20:53|02/01/2024 06:13:31|24758|4783649960|5605494168
16555|0|54759|02/01/2024 00:56:59||19381|3987336920|5612210904
16610|0|58622|02/01/2024 01:16:49||18191|5903940960|8614344296
16658|0|30399|02/01/2024 01:33:21||17199|16740153296|44453412352
16556|0|50807|02/01/2024 00:58:45||19275|37600115176|87677044648
16535|0|44413|02/01/2024 00:44:20||20140|3255091040|4233212248
17346|0|83277|02/01/2024 06:08:13||707|88137976|104755832
15531|0|67103|01/01/2024 17:34:28||45932|176440406696|431661338968
14921|0|55102|01/01/2024 12:40:14||63586|9756792712|11173356536
17369|0|35810|02/01/2024 06:13:34||386|140100168|152469480
15753|0|52556|01/01/2024 19:26:55||39185|11314643648|15034732584
17244|0|80867|02/01/2024 05:20:46||3554|512581240|533419456
16918|0|17300|02/01/2024 03:15:38||11062|6543599024|7019878576
17124|0|57145|02/01/2024 04:38:48||6072|827797472|832486104
16051|0|11403|01/01/2024 21:37:53||31327|334300376|368234976
15731|0|13136|01/01/2024 19:18:29||39691|62265660528|48886092392
16984|0|41690|02/01/2024 03:42:54||9426|802106096|850866792
15196|0|36401|01/01/2024 15:05:29||54871|30362934576|32850604168
16938|0|80397|02/01/2024 03:28:59||10261|1078860552|1190016792
16173|0|39030|01/01/2024 22:24:44||28516|86242568984|240557232120
17093|0|31381|02/01/2024 04:27:17||6763|569371256|692323688
17174|0|12632|02/01/2024 04:54:48||5112|72461952|101843680
17347|0|33122|02/01/2024 06:07:21||759|1391877512|3880744312
16200|0|21827|01/01/2024 22:31:36||28104|2491226712|2740839856
16536|0|41400|02/01/2024 00:45:35||20065|6787776632|9087458040
17245|0|20487|02/01/2024 05:21:11||3529|6028832|8993008
16985|0|69686|02/01/2024 03:42:59||9421|4379250824|4676867560
17348|0|82821|02/01/2024 06:03:22||998|76311832|111598344
14618|0|32328|01/01/2024 11:02:34||69446|7193187456|7631631968
17063|0|90370|02/01/2024 04:12:14||7666|1464292296|2174979168
16867|0|6682|02/01/2024 02:55:45||12255|978142944|1337621888
16077|0|20016|01/01/2024 21:45:59||30841|234654816|289766016
14957|0|83926|01/01/2024 13:08:49|02/01/2024 06:14:08|61519|26726129608|27423824320
17370|0|83926|02/01/2024 06:14:44||316|140986536|175916248
17042|0|90910|02/01/2024 04:06:19||8021|3196986584|3662408984
17246|0|63833|02/01/2024 05:23:20||3400|2285320|3027232
16632|0|54549|02/01/2024 01:24:01||17759|3811702944|4506795768
16511|0|85555|02/01/2024 00:33:11|02/01/2024 06:16:58|20627|41596318480|115781190496
15402|0|47454|01/01/2024 16:44:49||48911|403217176|447470488
17371|0|97830|02/01/2024 06:15:02||298|39473312|56833744
17043|0|64521|02/01/2024 04:09:33||7827|3337094192|4734689632
16688|0|44115|02/01/2024 01:47:03||16377|1263333080|1353765984
16821|0|14982|02/01/2024 02:37:38||13342|3066853064|3774549944
17219|0|79123|02/01/2024 05:15:43||3857|205684576|215659312
16891|0|26176|02/01/2024 03:04:03||11757|1074651880|1497278784
17318|0|45765|02/01/2024 05:59:45||1215|288363392|342582344
15732|0|81151|01/01/2024 19:18:30||39690|5121313672|6818453664
15809|0|52373|01/01/2024 19:52:02||37678|45332518456|25512055392
17372|0|54120|02/01/2024 06:12:48||432|168344656|242147216
15810|0|80798|01/01/2024 19:53:13|02/01/2024 06:14:57|37304|5990283112|7311935464
17373|0|80798|02/01/2024 06:16:01||239|55232752|61726144
16381|0|45845|01/01/2024 23:49:04||23456|955370184|1156456048
16718|0|13029|02/01/2024 01:52:00||16080|2233107720|2840649888
17349|0|76719|02/01/2024 06:03:38||982|2969557288|6244625664
17350|0|47925|02/01/2024 06:04:03||957|97809328|141864528
16585|0|92429|02/01/2024 01:06:36||18804|407725520|461058136
15276|0|44497|01/01/2024 15:43:28||52592|44700701832|49528125544
16052|0|4405|01/01/2024 21:39:40||31220|994415040|1127199936
17175|0|93343|02/01/2024 04:55:46||5054|5048016392|14579556456
16586|0|83702|02/01/2024 01:07:27||18753|5289131752|7185871976
16747|0|60671|02/01/2024 02:07:58||15122|49329367048|93230394184
17094|0|88205|02/01/2024 04:27:03||6777|310392632|460080680
17301|0|67368|02/01/2024 05:44:13||2147|712998480|770876848
14998|0|39392|01/01/2024 13:22:49||61031|20031392088|23415925328
15339|0|36658|01/01/2024 16:16:12||50628|7656538696|8084425336
16149|0|77259|01/01/2024 22:15:17||29083|3745110304|4102581216
16789|0|96661|02/01/2024 02:25:12||14088|237349312|280688048
16003|0|89519|01/01/2024 21:10:55||32945|75931695680|158075677672
15022|0|77651|01/01/2024 13:31:23||60517|2396723368|3593975144
16919|0|55642|02/01/2024 03:14:47||11113|246416712|326811040
17302|0|54879|02/01/2024 05:46:14||2026|113379424|116857072
15480|0|31407|01/01/2024 17:17:18||46962|12388325320|12719303864
16767|0|55502|02/01/2024 02:13:58||14762|2191200632|3256407408
16939|0|98651|02/01/2024 03:24:56||10504|899781296|1180016656
16790|0|92304|02/01/2024 02:20:03||14397|2806948528|2968084576
16822|0|57772|02/01/2024 02:37:56||13324|733799360|765317480
15340|0|98479|01/01/2024 16:18:59||50461|13347462728|19110537056
16226|0|15671|01/01/2024 22:46:46||27194|10885595504|14862362624
17374|0|19033|02/01/2024 06:18:44||76|44811136|56132288
15141|0|13744|01/01/2024 14:30:39||56961|12053049840|13060370848
15812|0|68860|01/01/2024 19:59:01||37259|4037364000|4892890176
17095|0|86952|02/01/2024 04:22:55||7025|4343445312|4949845304
17146|0|80900|02/01/2024 04:49:09||5451|786906584|976750696
17147|0|48095|02/01/2024 04:41:08||5932|1549295488|1930024104
15547|0|18593|01/01/2024 17:45:40||45260|26980863560|29980924488
15565|0|60247|01/01/2024 17:59:17||44443|15632756984|20227272192
14814|0|79106|01/01/2024 11:51:20||66520|12478818672|16867536784
16892|0|93099|02/01/2024 03:04:18||11742|15179528|15252728
16227|0|48342|01/01/2024 22:43:54||27366|12785246144|14750610688
16489|0|11561|02/01/2024 00:29:40||21020|3205012424|3552231624
16175|0|66920|01/01/2024 22:26:01||28439|12964724160|17653461552
16634|0|20310|02/01/2024 01:24:05||17755|5755678512|8462752864
15651|0|8450|01/01/2024 18:39:33||42027|2568173840|3337663976
15768|0|28556|01/01/2024 19:37:15||38565|11684922912|14673237616
16768|0|87906|02/01/2024 02:17:44||14536|39923991856|102789830656
17176|0|76584|02/01/2024 04:53:06||5214|108479928|120229272
16611|0|9498|02/01/2024 01:17:58||18122|3144245368|4114596928
16612|0|93398|02/01/2024 01:19:25||18035|7891726376|7904990920
16512|0|89785|02/01/2024 00:34:33||20727|6342735160|6520834616
15692|0|21544|01/01/2024 18:50:01||41399|9654731648|10320214712
15734|0|15458|01/01/2024 19:18:14||39706|1293344336|1896691088
15317|0|35686|01/01/2024 16:06:39||51201|183721049288|362091488184
17375|0|19065|02/01/2024 06:11:53||487|311202888|458783664
15482|0|79371|01/01/2024 17:18:29||46891|62668123448|149062998104
16202|0|69209|01/01/2024 22:34:41||27919|8213733048|9055528528
17148|0|48466|02/01/2024 04:40:04||5996|1084726888|1332117728
15429|0|42379|01/01/2024 16:53:18||48402|752914624|1098700136
17200|0|90216|02/01/2024 05:09:26||4234|26653992|28226872
16659|0|37232|02/01/2024 01:31:56||17284|7822715920|11043029688
15669|0|81534|01/01/2024 18:48:35||41485|22588348784|22610234112
17177|0|69231|02/01/2024 04:53:36||5184|3848697064|4302883920
17303|0|78405|02/01/2024 05:45:40||2060|6040557096|15623986656
15670|0|95715|01/01/2024 18:46:18||41622|628845520|855923944
16514|0|97549|02/01/2024 00:31:51||20889|7532461888|7949992184
16635|0|54072|02/01/2024 01:26:54||17586|3931841792|4256103040
16837|0|80903|02/01/2024 02:44:49||12911|10216248792|23283259072
16429|0|20461|02/01/2024 00:08:13||22307|1379185208|1891440488
16868|0|86957|02/01/2024 02:50:57||12543|349656448|371674056
15813|0|62538|01/01/2024 19:55:31||37469|3539151352|3882204664
16466|0|84557|02/01/2024 00:12:47||22033|50558342632|119689854184
17201|0|73017|02/01/2024 05:01:06||4734|11720284640|33673712064
16261|0|38351|01/01/2024 22:57:55||26525|8604382976|12207941872
16340|0|13481|01/01/2024 23:20:41||25159|10739180296|13423877840
16430|0|83640|02/01/2024 00:00:40||22760|27197663864|70433239984
16557|0|58758|02/01/2024 00:50:12||19788|373381888|444656944
15928|0|11392|01/01/2024 20:41:34|02/01/2024 06:17:18|34544|30996072728|36204403040
17376|0|11392|02/01/2024 06:17:43||137|33693368|41839096
16285|0|72869|01/01/2024 23:01:38||26302|7312346648|10349074936
16228|0|97683|01/01/2024 22:40:14||27586|1009966712|1409298288
15403|0|15140|01/01/2024 16:45:02||48898|9889562704|11918404392
17377|0|26004|02/01/2024 06:15:52||248|82052408|112907240
15241|0|9484|01/01/2024 15:28:24||53496|14624243104|17441866992
16894|0|10014|02/01/2024 03:07:18||11562|2087083136|2950372832
17273|0|87648|02/01/2024 05:39:56||2404|1262069968|1740086608
16920|0|91770|02/01/2024 03:16:18||11022|3749619720|5098162136
15735|0|53565|01/01/2024 19:10:12||40188|2840574328|3088160736
15532|0|24620|01/01/2024 17:39:10||45650|7294687880|7572470880
15066|0|31714|01/01/2024 13:59:18||58842|424436272|444766448
17044|0|87989|02/01/2024 04:09:14||7846|3186856752|4608142632
15254|0|69227|01/01/2024 15:34:17||53143|6002598960|6257786744
16661|0|32356|02/01/2024 01:33:53||17167|5322135952|5753360880
15484|0|73038|01/01/2024 17:11:37||47303|6476501720|7872766224
15857|0|33659|01/01/2024 20:18:36||36084|2229220280|2832626144
16558|0|59871|02/01/2024 00:54:37||19523|4268244128|4915159160
15162|0|81175|01/01/2024 14:49:45||55815|7143341864|8620629856
16341|0|61780|01/01/2024 23:25:44||24856|3756211664|4926488864
16559|0|83574|02/01/2024 00:56:45||19395|88273101616|186481786520
16121|0|7181|01/01/2024 22:00:46||29954|2458388320|2461404664
16721|0|40452|02/01/2024 01:54:22||15938|26261988496|63940141224
16099|0|5584|01/01/2024 21:56:12||30228|8098904880|12098708576
16176|0|52873|01/01/2024 22:20:55||28745|7885379448|10107249984
16405|0|95063|01/01/2024 23:58:50||22870|6221149240|7589229392
16204|0|99205|01/01/2024 22:30:10||28190|11482339328|14116432216
15430|0|7018|01/01/2024 16:58:52||48068|4489014000|6429207960
16406|0|4713|01/01/2024 23:50:41||23359|1366003904|1783893488
16838|0|40236|02/01/2024 02:47:33||12747|2111108328|2660281768
16031|0|95626|01/01/2024 21:23:07||32213|3766174656|4948878992
17125|0|96899|02/01/2024 04:36:13||6227|19408464|24933872
16382|0|44332|01/01/2024 23:45:09||23691|5221169632|5659532264
17064|0|50061|02/01/2024 04:17:17||7363|1131359320|1663454432
15706|0|36650|01/01/2024 19:04:51||40509|1620211776|1869986592
17247|0|71110|02/01/2024 05:20:07||3593|1232933256|1816550208
17274|0|94657|02/01/2024 05:34:05||2755|428134256|482826312
15769|0|97644|01/01/2024 19:33:20||38800|13862077632|14230710592
16986|0|7418|02/01/2024 03:49:16||9044|1590360080|1851041088
16748|0|45519|02/01/2024 02:09:46||15014|8292200792|8358573936
16286|0|98472|01/01/2024 23:01:07||26333|13223442848|13293846800
17319|0|50306|02/01/2024 05:55:55||1445|58159280|66150600
16431|0|85429|02/01/2024 00:03:09||22611|1135008608|1328792472
17248|0|40634|02/01/2024 05:25:09||3291|30047984|40915816
16287|0|72740|01/01/2024 23:06:11||26029|4847302480|6652881448
17275|0|75357|02/01/2024 05:35:54||2646|232473944|334965192
17149|0|82539|02/01/2024 04:40:46||5954|274397816|391862120
16689|0|47910|02/01/2024 01:45:17||16483|2922113000|3145739968
16151|0|85726|01/01/2024 22:14:05||29155|100439653144|206756362376
16357|0|35063|01/01/2024 23:31:35||24505|53375068672|116019955152
16288|0|7189|01/01/2024 23:07:39||25941|2147615232|2844678248
16262|0|44695|01/01/2024 22:52:31||26849|10259564408|13653586992
17178|0|13619|02/01/2024 04:59:55||4805|331196208|484453040
17013|0|19394|02/01/2024 03:54:55||8705|22900690608|54441695408
16432|0|42042|02/01/2024 00:00:01||22799|1709182680|2508544040
16749|0|17133|02/01/2024 02:02:53||15427|57893234992|117627226832
17320|0|79473|02/01/2024 05:51:58||1682|604060864|671114312
16537|0|80111|02/01/2024 00:43:37||20183|1776920928|1899042376
14658|0|31666|01/01/2024 11:15:08||68692|2155550064|2700638008
15770|0|39548|01/01/2024 19:34:54||38706|7219532512|9894238584
16053|0|45148|01/01/2024 21:35:11||31489|7878402288|8741258384
16490|0|91442|02/01/2024 00:21:57||21483|1634176888|1828511704
15842|0|20792|01/01/2024 20:07:23||36757|7456643240|21882675328
17014|0|81917|02/01/2024 03:51:44||8896|718927664|743488336
16263|0|89206|01/01/2024 22:57:02||26578|11592802416|13660159664
15736|0|35946|01/01/2024 19:13:35||39985|3341991808|4431983040
15771|0|92253|01/01/2024 19:37:07||38573|2757839456|3811436168
14852|0|66793|01/01/2024 12:01:51||65889|24807176688|30290726064
15548|0|58035|01/01/2024 17:41:31||45509|3988224648|4898379648
17065|0|96826|02/01/2024 04:13:40||7580|1564865880|1871303872
15533|0|5630|01/01/2024 17:32:09||46071|115221257752|224089685416
16869|0|11466|02/01/2024 02:58:19||12101|460430816|596726056
17351|0|61600|02/01/2024 06:02:16||1064|481331672|672944208
17220|0|11799|02/01/2024 05:15:57||3843|52257752|71436160
17202|0|99822|02/01/2024 05:06:06||4434|1355029896|1376181856
15255|0|12070|01/01/2024 15:37:57||52923|23140463976|27226622112
17304|0|91531|02/01/2024 05:46:25||2015|90267840|100814808
17352|0|20360|02/01/2024 06:00:27||1173|567757576|603647312
16587|0|94951|02/01/2024 01:07:39||18741|5162440344|7570181736
15652|0|68549|01/01/2024 18:37:25||42155|1808543584|1944162720
16839|0|42501|02/01/2024 02:49:35||12625|627252520|648823168
16987|0|83317|02/01/2024 03:40:36||9564|724835368|994258376
16313|0|95722|01/01/2024 23:18:04||25316|7159979408|9282963856
16921|0|89316|02/01/2024 03:19:32||10828|3522560040|5004549432
17015|0|12037|02/01/2024 03:57:06||8574|881833000|1098853016
16006|0|47261|01/01/2024 21:18:12||32508|1194826440|1587251528
17126|0|14256|02/01/2024 04:36:43||6197|4083968424|5414134816
15929|0|5341|01/01/2024 20:49:08||34252|7032309696|8855723480
16055|0|19747|01/01/2024 21:38:32||31288|550336056|568212688
15405|0|14486|01/01/2024 16:44:46||48914|8313741264|9956636328
16491|0|35936|02/01/2024 00:21:04||21536|3664979040|5171208880
17378|0|49346|02/01/2024 06:11:25||515|91237680|100999528
17016|0|22037|02/01/2024 03:50:36||8964|1397346024|1976903176
17017|0|4441|02/01/2024 03:53:12||8808|7141160728|10230810280
16964|0|86647|02/01/2024 03:32:41||10039|1470100776|1936712584
17096|0|76334|02/01/2024 04:27:32||6748|3430753848|4651028184
15406|0|29189|01/01/2024 16:49:22||48638|328845714800|237973978200
15931|0|41740|01/01/2024 20:40:16||34784|4131550816|4337790192
17249|0|7207|02/01/2024 05:25:54||3246|419756080|594722040
17305|0|18827|02/01/2024 05:46:02||2038|303883784|406392544
16940|0|93551|02/01/2024 03:22:04||10676|3349317224|4877712456
16922|0|96638|02/01/2024 03:18:31||10889|827547704|919854792
16342|0|34171|01/01/2024 23:25:43||24857|3017621840|3576205328
15772|0|30802|01/01/2024 19:33:55||38765|7027287328|10482309912
17276|0|38001|02/01/2024 05:36:42||2598|696453832|787804936
17221|0|5608|02/01/2024 05:18:22||3698|3576616976|1979332840
17097|0|53609|02/01/2024 04:29:14||6646|785798552|1166313944
17203|0|79133|02/01/2024 05:06:39||4401|47679912|61449000
15883|0|4571|01/01/2024 20:29:50||35410|1784274280|2163601080
17306|0|99367|02/01/2024 05:46:39||2001|253714176|261923576
15592|0|43936|01/01/2024 18:03:04||44216|16166356344|20623264464
16988|0|97014|02/01/2024 03:47:12||9168|26803071744|53344342888
16662|0|15781|02/01/2024 01:33:20||17200|4276266416|5482160792
15432|0|32359|01/01/2024 16:53:07||48413|9161544424|10026698936
16824|0|7108|02/01/2024 02:39:11||13249|2763613368|3589981504
17098|0|82580|02/01/2024 04:29:53||6607|2229032480|3122979264
16516|0|6168|02/01/2024 00:38:47||20473|3688403856|5359260056
15319|0|64565|01/01/2024 16:01:30||51510|7230112096|7835287432
16434|0|34436|02/01/2024 00:05:55||22445|6390679048|6440960448
16231|0|8845|01/01/2024 22:45:07||27293|3891989952|5399526584
15280|0|59094|01/01/2024 15:47:54|02/01/2024 06:15:10|52036|16259335568|20963386296
16152|0|96049|01/01/2024 22:10:15|02/01/2024 06:12:03|28908|590612008|874990304
16232|0|72076|01/01/2024 22:47:39||27141|76020882800|172115464152
15126|0|71414|01/01/2024 14:25:08||57292|15928428808|16615565664
16723|0|37807|02/01/2024 01:58:48||15672|8584708192|9543545504
15567|0|51623|01/01/2024 17:57:45||44535|90906909040|202401035368
14773|0|32519|01/01/2024 11:49:39||66621|7605444040|9223527544
15884|0|84174|01/01/2024 20:23:09|02/01/2024 06:13:12|35403|10285995368|14091069576
17379|0|84174|02/01/2024 06:13:28||392|126056872|184091512
16690|0|80878|02/01/2024 01:40:07||16793|4278148360|4723570272
15958|0|40770|01/01/2024 20:53:29||33991|4046644792|4583568912
16989|0|26805|02/01/2024 03:45:57||9243|14171877040|40666732704
16941|0|16287|02/01/2024 03:24:01||10559|1637336240|2075529048
16358|0|5293|01/01/2024 23:39:10||24050|1164669160|1526527304
16233|0|74461|01/01/2024 22:49:47||27013|4669317248|5408045864
15843|0|82164|01/01/2024 20:03:01||37019|20088174400|23383399416
15433|0|23279|01/01/2024 16:58:21||48099|8891193624|11786714080
16588|0|54529|02/01/2024 01:08:10||18710|9949749760|11621005328
16205|0|12117|01/01/2024 22:37:16||27764|5426578832|6263230920
16895|0|99443|02/01/2024 03:09:37||11423|419935256|548761296
15773|0|47292|01/01/2024 19:39:29||38431|8870541392|10941353480
15959|0|56682|01/01/2024 20:58:47||33673|4107559312|5192391432
15755|0|53079|01/01/2024 19:26:31||39209|8054148424|8329795464
16407|0|97245|01/01/2024 23:53:12||23208|2308288296|3115460632
16942|0|99013|02/01/2024 03:27:14||10366|4586123544|4799721504
16360|0|32313|01/01/2024 23:36:21||24219|6379639768|7625585768
17045|0|28726|02/01/2024 04:03:27||8193|1798853056|2235802328
17277|0|51683|02/01/2024 05:37:32||2548|137449808|197407568
16965|0|75998|02/01/2024 03:39:14||9646|1883175144|2143831192
16943|0|93451|02/01/2024 03:20:18||10782|472454592|622818040
16792|0|35019|02/01/2024 02:22:08||14272|775806072|880599088
16468|0|28962|02/01/2024 00:12:33||22047|27966757792|52298316160
16944|0|7769|02/01/2024 03:22:58||10622|9393139800|10412186856
17380|0|66039|02/01/2024 06:13:56||364|68204984|95704744
15320|0|5135|01/01/2024 16:09:09||51051|27418739728|34260048792
16663|0|27750|02/01/2024 01:32:08||17272|9401987504|10915746272
16750|0|79232|02/01/2024 02:05:56||15244|5571208152|5654479216
16103|0|57831|01/01/2024 21:57:48||30132|1830192224|2563392328
15708|0|82438|01/01/2024 19:06:33||40407|11914123432|15176120384
16664|0|12734|02/01/2024 01:35:05||17095|2419467840|3369189720
15885|0|42706|01/01/2024 20:21:05||35935|3321518904|4604490984
15127|0|35133|01/01/2024 14:25:31||57269|1511392208|1779412920
16234|0|81922|01/01/2024 22:40:42||27558|5489627056|7539781760
15671|0|71343|01/01/2024 18:41:08||41932|17429824008|24960078152
17099|0|4679|02/01/2024 04:28:40||6680|4746504576|4927468256
16153|0|87895|01/01/2024 22:18:48||28872|8275557992|9129004872
16435|0|41100|02/01/2024 00:08:47||22273|7754296640|9702691488
16314|0|78649|01/01/2024 23:12:37||25643|11637890128|14497757024
16235|0|96328|01/01/2024 22:47:11||27169|7467699280|9667582768
17278|0|69883|02/01/2024 05:35:34||2666|489626576|708011176
17307|0|8680|02/01/2024 05:49:53||1807|3751522216|9537698368
16265|0|96489|01/01/2024 22:52:52||26828|44469379952|132587905584
16665|0|65965|02/01/2024 01:30:16||17384|3470386696|3488463568
16870|0|27111|02/01/2024 02:59:30||12030|461587016|474379768
16409|0|61934|01/01/2024 23:54:14||23146|8667100744|11007231256
16289|0|26589|01/01/2024 23:03:23||26197|7518598568|9072390080
16122|0|32944|01/01/2024 22:04:12||29748|5281441856|7184056072
15568|0|12623|01/01/2024 17:51:35||44905|9319605504|10871499272
15434|0|33672|01/01/2024 16:57:28||48152|8390403760|12554684264
16769|0|8192|02/01/2024 02:17:52||14528|2319874784|2686447848
15633|0|8672|01/01/2024 18:24:45||42915|10749220744|14984537424
17250|0|92830|02/01/2024 05:23:44||3376|1277292072|1792192864
16080|0|32980|01/01/2024 21:48:52||30668|29136548896|71236403856
17279|0|92657|02/01/2024 05:32:55||2825|435276104|444034128
16691|0|68727|02/01/2024 01:45:30||16470|6092401240|7439091304
14960|0|80768|01/01/2024 13:02:26||62254|25982618760|33732504416
17280|0|41412|02/01/2024 05:33:29||2791|143820672|192124904
15373|0|6895|01/01/2024 16:36:28||49412|19725834800|27601565680
16840|0|96606|02/01/2024 02:42:29||13051|26953688920|58105922976
16290|0|8196|01/01/2024 23:00:30||26370|4630592104|5441454776
15343|0|24307|01/01/2024 16:13:03||50817|4653830168|5522651488
17046|0|17773|02/01/2024 04:03:51||8169|8195289496|22950680432
16033|0|16591|01/01/2024 21:28:33||31887|7758946168|8501381392
15709|0|68801|01/01/2024 19:01:59||40681|2155198760|2228700824
15025|0|33277|01/01/2024 13:36:43||60197|7605464696|11256304000
16770|0|95887|02/01/2024 02:13:19||14801|9791193384|10103023368
17127|0|4374|02/01/2024 04:39:08||6052|1792867144|1911253736
15258|0|64022|01/01/2024 15:35:10||53090|23055017680|26379954248
14909|0|35718|01/01/2024 12:35:57||63843|4195773144|5367816752
15611|0|37826|01/01/2024 18:12:20||43660|3672195504|5065032928
15488|0|63491|01/01/2024 17:11:20||47320|3385493184|5043247136
16636|0|97815|02/01/2024 01:24:55||17705|1872657576|2170953176
17018|0|86057|02/01/2024 03:55:39||8661|7019269680|10118274840
16060|0|62990|01/01/2024 21:35:21||31479|4841762184|7106626184
16692|0|80531|02/01/2024 01:44:58||16502|369844744|524042888
16666|0|21411|02/01/2024 01:35:09||17091|25502026312|51469618448
16589|0|24262|02/01/2024 01:02:19||19061|3159328448|3749425440
16034|0|83607|01/01/2024 21:24:44||32116|9694102792|13731901872
16771|0|3851|02/01/2024 02:19:38||14422|21254457312|62876408064
16637|0|35150|02/01/2024 01:20:56||17944|4796048552|5812659720
17101|0|41122|02/01/2024 04:23:33||6987|537217048|538990672
16897|0|25429|02/01/2024 03:09:00||11460|2998477216|6013528416
17150|0|44559|02/01/2024 04:41:38||5902|1387620760|1717521720
17204|0|99435|02/01/2024 05:07:05||4375|84640592|100731008
16639|0|33950|02/01/2024 01:28:03||17517|6300031664|6618640976
15932|0|53244|01/01/2024 20:48:16||34304|11093610552|11587446464
16207|0|35667|01/01/2024 22:30:31||28169|396644000|477315032
17128|0|84881|02/01/2024 04:31:50||6490|18596544360|46762056928
15774|0|85851|01/01/2024 19:38:42||38478|2464519824|2863317816
16315|0|40573|01/01/2024 23:17:39||25341|4565383224|5027299768
16560|0|9180|02/01/2024 00:54:30||19530|11898729456|13180249640
15979|0|31921|01/01/2024 21:00:55||33545|6649214408|6809354264
16923|0|79793|02/01/2024 03:10:11||11389|7039866064|18637719480
17353|0|23060|02/01/2024 06:00:25||1175|393476304|470954896
17222|0|38179|02/01/2024 05:10:47||4153|4747869480|9854257488
16438|0|26034|02/01/2024 00:04:44||22516|830982016|1091470528
17281|0|64648|02/01/2024 05:32:20||2860|875363696|1028125792
15844|0|11122|01/01/2024 20:08:17||36703|6533385992|7998502896
16966|0|78438|02/01/2024 03:36:01||9839|2162433776|2344077064
17151|0|78285|02/01/2024 04:44:47||5713|220245040|257544632
14962|0|68611|01/01/2024 13:08:04||61916|1727152360|2359229992
17205|0|60833|02/01/2024 05:01:59||4681|957584048|962498904
17102|0|7960|02/01/2024 04:23:29||6991|4393791552|5363587792
17223|0|13398|02/01/2024 05:18:14||3706|923104936|1098724464
14874|0|31918|01/01/2024 12:17:38||64942|16205674024|17907318000
16469|0|77062|02/01/2024 00:11:36||22104|10972022496|11536810864
16009|0|70289|01/01/2024 21:19:46||32414|1620103872|1638415752
16061|0|61903|01/01/2024 21:32:52||31628|33710447520|79822485608
17019|0|87107|02/01/2024 03:55:58||8642|312746024|315301368
15323|0|6702|01/01/2024 16:06:26||51214|18041482736|26782342768
15815|0|73857|01/01/2024 19:57:38||37342|91552911224|215165872032
15570|0|82971|01/01/2024 17:55:09||44691|100752351712|256677104456
16795|0|61945|02/01/2024 02:26:59||13981|1704503128|2373522936
16439|0|41315|02/01/2024 00:05:37||22463|2267484016|2718305376
16841|0|21019|02/01/2024 02:46:52||12788|809218264|954828552
16316|0|24613|01/01/2024 23:19:43||25217|3657729560|4726994536
16796|0|22367|02/01/2024 02:25:41||14059|5789306752|6434588912
15612|0|29612|01/01/2024 18:13:47||43573|8038139384|9752034192
16640|0|37027|02/01/2024 01:23:49||17771|3779141272|4071225176
16990|0|46855|02/01/2024 03:44:27||9333|726230472|752959416
17354|0|13064|02/01/2024 06:06:23||817|72854352|74428728
15104|0|54720|01/01/2024 14:19:14||57646|14908175552|20825302176
16724|0|78282|02/01/2024 01:53:52||15968|4552829640|4553461600
15571|0|16280|01/01/2024 17:51:15||44925|23907831560|33915361744
16825|0|49139|02/01/2024 02:38:08||13312|88020320|91277104
15375|0|44902|01/01/2024 16:31:57||49683|152286570568|379614506056
15324|0|97249|01/01/2024 16:04:36||51324|9329060528|9743407720
17129|0|53664|02/01/2024 04:31:09||6531|5254026832|5522442584
17130|0|97934|02/01/2024 04:38:16||6104|1351229640|1752892816
17321|0|35214|02/01/2024 05:52:28||1652|4600185120|11047950904
16361|0|41861|01/01/2024 23:34:17||24343|83012897072|181400009216
16591|0|36487|02/01/2024 01:09:56||18604|5857236232|8218306760
16899|0|79851|02/01/2024 03:09:44||11416|523379848|584751688
16924|0|57918|02/01/2024 03:18:57||10863|796968416|1189614216
16772|0|7448|02/01/2024 02:12:25||14855|1237803344|1588542576
16843|0|34590|02/01/2024 02:49:02||12658|13960091080|34628952152
14665|0|10330|01/01/2024 11:15:42|02/01/2024 06:15:19|68377|4969100720|5556756032
14924|0|79624|01/01/2024 12:44:08||63352|15376669592|20450859504
16945|0|73530|02/01/2024 03:29:32||10228|1983866264|2717616736
16967|0|92645|02/01/2024 03:37:34||9746|9293253184|23489767744
15284|0|52719|01/01/2024 15:40:43||52757|33614087120|42064118080
16991|0|31268|02/01/2024 03:44:52||9308|3080021984|3705078336
15223|0|56679|01/01/2024 15:14:03||54357|30362653152|44171190344
17308|0|48645|02/01/2024 05:41:28||2312|949866184|1073904584
15307|0|96168|01/01/2024 15:54:18||51942|20512940112|21486110928
15859|0|77953|01/01/2024 20:17:38||36142|65532117912|168948223864
15886|0|46653|01/01/2024 20:22:09||35871|5917576336|8763794856
16268|0|29616|01/01/2024 22:53:36||26784|22579120200|26837825752
16641|0|6144|02/01/2024 01:22:17||17863|3355461064|4969638592
16667|0|16415|02/01/2024 01:32:42||17238|8166616968|10783390872
16844|0|74606|02/01/2024 02:40:34||13166|519238504|522823584
17251|0|99981|02/01/2024 05:23:49||3371|164076776|220526800
15739|0|6993|01/01/2024 19:10:50||40150|3231717928|4099419880
15791|0|10919|01/01/2024 19:43:17||38203|2415418864|3095357896
16642|0|30566|02/01/2024 01:26:14||17626|6471846056|6491969168
15933|0|74015|01/01/2024 20:49:21||34239|3239618616|3388346896
16291|0|16612|01/01/2024 23:00:50||26350|8289637904|11977576024
17179|0|67317|02/01/2024 04:52:38||5242|703081656|949530112
16643|0|12884|02/01/2024 01:25:09||17691|4123808568|5244340808
15262|0|60921|01/01/2024 15:34:37||53123|18034658872|18751680520
16925|0|36837|02/01/2024 03:18:39||10881|818707264|874619040
17224|0|63004|02/01/2024 05:14:22||3938|647644408|834332352
16668|0|13874|02/01/2024 01:35:26||17074|2869215296|3630111336
16517|0|13244|02/01/2024 00:32:35||20845|3690526056|4789798392
16011|0|15751|01/01/2024 21:11:10||32930|31283611704|31657944480
17066|0|42008|02/01/2024 04:12:15||7665|6089300536|7920115024
16946|0|95015|02/01/2024 03:28:34||10286|3368097952|4024616784
16773|0|53860|02/01/2024 02:11:06||14934|3490511488|3596425568
16317|0|16348|01/01/2024 23:10:05||25795|3824535664|5285377896
16383|0|71602|01/01/2024 23:42:55||23825|2026707552|2260197632
16318|0|38202|01/01/2024 23:14:28||25532|4600033840|6205779800
16947|0|34464|02/01/2024 03:27:54||10326|23836255408|58418093040
16725|0|70057|02/01/2024 01:50:36||16164|8685872128|10507845656
16156|0|13040|01/01/2024 22:18:06||28914|54475695592|104653294848
17103|0|3946|02/01/2024 04:24:45||6915|730321000|829563464
17206|0|6034|02/01/2024 05:07:30||4350|5614155600|15921423776
16494|0|7887|02/01/2024 00:25:20||21280|1182952560|1703979872
17104|0|20821|02/01/2024 04:21:13||7127|1190441656|1208637784
17180|0|79889|02/01/2024 04:59:25||4835|221153592|287725176
15982|0|50814|01/01/2024 21:07:52||33128|13243048544|18208593840
16440|0|5765|02/01/2024 00:05:14||22486|2736751800|3462128280
17105|0|86538|02/01/2024 04:25:04||6896|460246680|571308456
16726|0|17337|02/01/2024 01:59:13||15647|56393777192|106635259464
16669|0|81962|02/01/2024 01:39:33||16827|421656112|480930544
16693|0|16546|02/01/2024 01:42:35||16645|4517644496|5238588144
15308|0|93153|01/01/2024 15:52:15||52065|35640924800|49414096592
16969|0|74137|02/01/2024 03:33:22||9998|7593086952|10890188392
16441|0|79354|02/01/2024 00:00:04||22796|800213192|810873560
16319|0|78694|01/01/2024 23:12:08||25672|8873819576|13119640688
15983|0|61026|01/01/2024 21:07:47||33133|1516938584|2078243992
17020|0|65912|02/01/2024 03:59:05||8455|2855616936|3390435032
17355|0|94374|02/01/2024 06:06:14||826|7900136|8124840
16752|0|43064|02/01/2024 02:03:29||15391|2268433056|2845363640
17021|0|46027|02/01/2024 03:54:44||8716|451946064|538590944
15285|0|79910|01/01/2024 15:42:26||52654|25422026880|28745766464
16970|0|76117|02/01/2024 03:32:46||10034|1907075768|1956764008
16320|0|55218|01/01/2024 23:14:12||25548|57377261696|106584822456
17252|0|29115|02/01/2024 05:28:59||3061|160265032|177875856
16670|0|91954|02/01/2024 01:32:05||17275|1638071368|1990714464
17282|0|95533|02/01/2024 05:38:22||2498|186206536|207812352
16158|0|7562|01/01/2024 22:13:42||29178|75379537496|193383986736
15410|0|84677|01/01/2024 16:49:52||48608|2534681376|3487718200
15286|0|89149|01/01/2024 15:45:43||52457|5348678024|7197406800
17047|0|43871|02/01/2024 04:06:00||8040|5211647024|5384130208
15376|0|40447|01/01/2024 16:30:08||49792|10486111008|14685254480
15712|0|90343|01/01/2024 19:01:52||40688|3119548832|4299193928
16540|0|20961|02/01/2024 00:41:39||20301|13861080048|15377736224
15536|0|9020|01/01/2024 17:31:34||46106|6034966352|7118223048
16178|0|16244|01/01/2024 22:23:50||28570|12800945776|19128782032
16410|0|74426|01/01/2024 23:53:26||23194|1419732672|1602715128
15984|0|43395|01/01/2024 21:01:33||33507|945781048|1205061568
15694|0|57299|01/01/2024 18:51:26||41314|1668958296|2249735904
16442|0|29032|02/01/2024 00:06:01||22439|777218064|1162387736
15245|0|72304|01/01/2024 15:22:46||53834|21571103360|30755125264
15713|0|50580|01/01/2024 19:02:51||40629|4783112896|6359154680
17322|0|87745|02/01/2024 05:53:03||1617|2631385200|6318233320
15107|0|57805|01/01/2024 14:12:44||58036|1594223376|1847505832
15775|0|23297|01/01/2024 19:36:33||38607|26938251936|28869028040
15225|0|15873|01/01/2024 15:13:19||54401|29907106616|35700614304
15537|0|56825|01/01/2024 17:39:14||45646|40101501976|43586001752
15463|0|59905|01/01/2024 17:00:56||47944|17969872408|23380567336
16239|0|98961|01/01/2024 22:45:52||27248|11662731968|12254987976
17181|0|77390|02/01/2024 04:59:14||4846|1986389160|2470608056
16798|0|97647|02/01/2024 02:20:50||14350|25521397808|59612936072
16495|0|72368|02/01/2024 00:23:38||21382|4187871168|4230758224
17182|0|20444|02/01/2024 04:52:09||5271|1217470928|1818455408
16344|0|98692|01/01/2024 23:26:14||24826|2558929760|3458432896
15512|0|5139|01/01/2024 17:28:54||46266|1592761184|1653404888
17023|0|26265|02/01/2024 03:56:18||8622|3716482664|4591448920
16159|0|8989|01/01/2024 22:17:34||28946|6134261160|8521892040
15071|0|69277|01/01/2024 13:56:17||59023|11557044096|16762101920
15378|0|36269|01/01/2024 16:39:38||49222|56680986488|107019541792
16614|0|53041|02/01/2024 01:17:23||18157|22205188824|44354517600
15264|0|53850|01/01/2024 15:38:24||52896|8324546048|11593602944
16671|0|94004|02/01/2024 01:32:09||17271|3661506152|4092613712
17381|0|89561|02/01/2024 06:18:40||80|47841192|61754288
16799|0|51411|02/01/2024 02:25:56||14044|647141616|650025960
16083|0|39563|01/01/2024 21:42:02||31078|3600917928|3805917568
16695|0|7740|02/01/2024 01:44:02||16558|3717722720|4915595112
16593|0|69934|02/01/2024 01:01:58||19082|3351530104|3367504968
15934|0|32447|01/01/2024 20:47:03||34377|86876058192|180608090880
17382|0|71449|02/01/2024 06:16:22||218|77157784|104327000
17067|0|54967|02/01/2024 04:12:18||7662|2859573960|3188057584
17068|0|82096|02/01/2024 04:16:46||7394|6946766680|8831436560
16362|0|54041|01/01/2024 23:31:13||24527|4196368368|5715692120
17152|0|62132|02/01/2024 04:40:12||5988|11322668616|25566819336
16615|0|28192|02/01/2024 01:11:54||18486|9418042312|9521269920
15757|0|15723|01/01/2024 19:28:28||39092|2156423856|2178037352
16845|0|99991|02/01/2024 02:49:08|02/01/2024 06:12:42|12214|317015608|397946872
17383|0|99991|02/01/2024 06:14:26||334|128408664|133700152
16992|0|71332|02/01/2024 03:43:49||9371|19074520408|43547192408
17106|0|92768|02/01/2024 04:24:29||6931|4986881064|5979918624
16754|0|21659|02/01/2024 02:02:42||15438|728821088|894334936
16106|0|55659|01/01/2024 21:55:01||30299|476640560|634616800
17183|0|26980|02/01/2024 04:55:24||5076|1039411968|1133517672
17107|0|66942|02/01/2024 04:29:21||6639|576463216|672660616
17184|0|65268|02/01/2024 04:59:58||4802|1331712928|1734921376
16084|0|96811|01/01/2024 21:46:22||30818|664373904|851733584
16594|0|7739|02/01/2024 01:00:24||19176|2819908608|3985242880
16900|0|86773|02/01/2024 03:05:11||11689|1789644216|1899969360
16846|0|60664|02/01/2024 02:47:18||12762|1580860336|2358324616
17323|0|86252|02/01/2024 05:57:52||1328|130433536|143347880
17108|0|33840|02/01/2024 04:26:49||6791|1498481048|1880900104
16562|0|36740|02/01/2024 00:51:41||19699|5365570488|6882772368
17153|0|19323|02/01/2024 04:49:43||5417|340102776|453527416
17185|0|77387|02/01/2024 04:55:23||5077|129183904|142752152
16871|0|9062|02/01/2024 02:59:41||12019|1977700280|2713768408
15490|0|31406|01/01/2024 17:17:39||46941|19810677896|23661006912
15818|0|9025|01/01/2024 19:59:43||37217|22705997224|53478442208
16776|0|76199|02/01/2024 02:13:56||14764|30506215456|77643090544
17324|0|84376|02/01/2024 05:57:16||1364|100149568|142962928
16241|0|32883|01/01/2024 22:43:54||27366|93143183568|241342849056
15466|0|80480|01/01/2024 17:01:32||47908|141137073872|283332036872
16270|0|68489|01/01/2024 22:50:58||26942|20527138840|22330329240
17109|0|26294|02/01/2024 04:22:25||7055|2317390936|3293441696
15715|0|50578|01/01/2024 19:03:55||40565|3826973552|5261096920
17049|0|64590|02/01/2024 04:04:01||8159|17206713520|36174508144
15513|0|34494|01/01/2024 17:21:48||46692|16208024416|21841755384
15179|0|79522|01/01/2024 14:53:34||55586|5242004976|7468825352
16160|0|59647|01/01/2024 22:19:38||28822|1072693016|1311719520
17050|0|62299|02/01/2024 04:09:27||7833|463699472|546158496
17253|0|61365|02/01/2024 05:23:09||3411|140444072|159269160
17325|0|99751|02/01/2024 05:51:05||1735|436360384|488589328
16674|0|87573|02/01/2024 01:32:01||17279|1727437312|2072686160
16271|0|94031|01/01/2024 22:59:18||26442|12871456192|16078363704
16541|0|27167|02/01/2024 00:45:49||20051|4342199224|6139334464
16563|0|93486|02/01/2024 00:53:31||19589|3333033760|3692388712
16107|0|66034|01/01/2024 21:58:02||30118|5294902576|5753574944
16124|0|6017|01/01/2024 22:01:04||29936|13381865680|18696607696
14785|0|38696|01/01/2024 11:46:44||66796|13174618584|13626310928
17069|0|82732|02/01/2024 04:17:11||7369|235307720|244727936
17186|0|37461|02/01/2024 04:54:59||5101|670699632|849640208
16125|0|81841|01/01/2024 22:09:04||29456|13841871080|17470513792
15740|0|88311|01/01/2024 19:14:27||39933|1497870528|1580863664
15741|0|62211|01/01/2024 19:16:53||39787|562132512|794217848
16847|0|18631|02/01/2024 02:46:19||12821|1471614544|1712858416
16496|0|78878|02/01/2024 00:24:44||21316|4131273320|4298526936
16386|0|89204|01/01/2024 23:48:01||23519|8906815928|8977951864
15180|0|84445|01/01/2024 14:58:13||55307|7047979368|7588560400
16363|0|94344|01/01/2024 23:36:59||24181|3207190160|4781650280
16472|0|64944|02/01/2024 00:12:43||22037|1800741176|1967927176
16036|0|28019|01/01/2024 21:23:07||32213|4009082088|5447755824
17131|0|56599|02/01/2024 04:33:10||6410|11312966488|31339247352
15985|0|8653|01/01/2024 21:03:35||33385|3480052336|4454568024
16179|0|39711|01/01/2024 22:28:04||28316|53277078152|119480160192
16292|0|15419|01/01/2024 23:00:14||26386|399614192|431448096
15491|0|54164|01/01/2024 17:14:40||47120|13923531896|18639205344
14911|0|8643|01/01/2024 12:33:07||64013|2503120008|3445108640
17154|0|40650|02/01/2024 04:47:13||5567|990499464|1095193800
16497|0|98646|02/01/2024 00:25:01||21299|7811210936|9318332664
15514|0|24707|01/01/2024 17:28:12||46308|696739064|795552368
16272|0|33163|01/01/2024 22:58:18||26502|283067720|372412824
15986|0|42520|01/01/2024 21:09:43||33017|1466778680|1502102024
15515|0|36369|01/01/2024 17:28:00||46320|2489701600|2555277064
16926|0|86567|02/01/2024 03:16:17||11023|1306596920|1875998872
17254|0|84441|02/01/2024 05:22:54||3426|114272264|126052272
16801|0|81769|02/01/2024 02:25:31||14069|412150304|416065112
16037|0|32474|01/01/2024 21:28:35||31885|3181063664|3750134584
15935|0|86445|01/01/2024 20:42:54||34626|6798671416|9156524712
16948|0|45501|02/01/2024 03:26:44||10396|2449238680|2996026632
17070|0|87768|02/01/2024 04:12:54||7626|2972818040|4051345680
16209|0|44275|01/01/2024 22:30:01||28199|35348151592|26927169112
16971|0|9574|02/01/2024 03:38:16||9704|2839724528|3038332072
16364|0|6697|01/01/2024 23:33:53||24367|7070683648|7734826368
16365|0|13123|01/01/2024 23:30:07||24593|52729598432|117018208520
16872|0|28828|02/01/2024 02:50:24||12576|5784816968|6185170272
15794|0|51131|01/01/2024 19:48:42||37878|1651350880|2047024800
17326|0|55840|02/01/2024 05:50:13||1787|8156604760|17304170576
15204|0|41768|01/01/2024 15:05:13||54887|23733051000|27788664784
15936|0|42894|01/01/2024 20:46:01||34439|11287954136|11315656968
15716|0|71258|01/01/2024 19:04:16||40544|4278465112|6168753744
16644|0|13115|02/01/2024 01:29:31||17429|200202840|281667368
15492|0|14688|01/01/2024 17:17:23|02/01/2024 06:19:11|46908|15946021720|21411109976
16473|0|33486|02/01/2024 00:14:37||21923|2451774936|3095007728
15538|0|56421|01/01/2024 17:33:29||45991|13775124168|16788346248
16293|0|61384|01/01/2024 23:08:02||25918|9884275224|11066311680
15909|0|25987|01/01/2024 20:30:28||35372|1995829760|2077142952
16727|0|14573|02/01/2024 01:52:58||16022|1177099088|1178204488
16387|0|12030|01/01/2024 23:45:40||23660|10149708336|11757032576
15574|0|17526|01/01/2024 17:59:48||44412|58502460552|33548009336
16927|0|67719|02/01/2024 03:12:25||11255|1477603616|2069747064
15673|0|92744|01/01/2024 18:41:08||41932|13743287728|14943353888
17327|0|72360|02/01/2024 05:54:49||1511|498484576|657378152
15073|0|46288|01/01/2024 13:51:48||59292|12768468672|15015063264
16949|0|13502|02/01/2024 03:26:40||10400|1948972664|2460674464
17255|0|56662|02/01/2024 05:23:03||3417|450626856|603631216
16950|0|40530|02/01/2024 03:28:30||10290|1170523424|1506779088
17155|0|78985|02/01/2024 04:46:34||5606|405502248|601883440
15226|0|30250|01/01/2024 15:12:11||54469|11530942568|12166303024
16675|0|17529|02/01/2024 01:34:04||17156|19721595432|22617018576
15742|0|22390|01/01/2024 19:11:51||40089|93642705752|221255438688
17071|0|51690|02/01/2024 04:19:52||7208|1335400384|1335897496
15887|0|87710|01/01/2024 20:21:03||35937|10045896664|10154538768
15888|0|75203|01/01/2024 20:24:13||35747|5375942320|6250954632
16443|0|5756|02/01/2024 00:09:10||22250|6099214712|7558320320
17024|0|36241|02/01/2024 03:51:16||8924|2827749096|2919927848
15656|0|13008|01/01/2024 18:30:42||42558|4982099224|7281995480
16596|0|29502|02/01/2024 01:07:29||18751|2719786312|2850523472
15247|0|43733|01/01/2024 15:22:37||53843|4102002304|4124685480
16346|0|65310|01/01/2024 23:24:03||24957|65488489496|167684101400
16873|0|57218|02/01/2024 02:50:28||12572|271929968|397894912
16778|0|67711|02/01/2024 02:13:58||14762|32349445640|74960232480
15889|0|87332|01/01/2024 20:20:11||35989|14933988048|15729911712
17132|0|64641|02/01/2024 04:37:47||6133|627534416|929170336
15963|0|82712|01/01/2024 20:53:03||34017|8550708880|11751978728
15697|0|21029|01/01/2024 18:59:17||40843|1104182760|1377206512
16323|0|41678|01/01/2024 23:15:25||25475|4032136336|4309587384
16210|0|7952|01/01/2024 22:30:09||28191|27906893144|57999562056
16039|0|81927|01/01/2024 21:29:52||31808|16970135016|22226506280
16874|0|67642|02/01/2024 02:51:29||12511|2604799712|2705455808
16697|0|53932|02/01/2024 01:48:31||16289|4721134344|7018044648
17283|0|83599|02/01/2024 05:36:26||2614|116235520|138178152
16645|0|41025|02/01/2024 01:27:36||17544|14590468472|16560113432
17309|0|88433|02/01/2024 05:43:39||2181|296268240|343346832
16180|0|27868|01/01/2024 22:20:25||28775|11260775824|15640690008
15539|0|39764|01/01/2024 17:39:35||45625|20077206800|29120502264
16993|0|73249|02/01/2024 03:49:10||9050|6321417744|6950418640
16616|0|13644|02/01/2024 01:13:18||18402|166892528|199347288
16126|0|13836|01/01/2024 22:08:14||29506|48688324400|132438011504
16698|0|13458|02/01/2024 01:42:20||16660|3202551560|4599163872
15987|0|46327|01/01/2024 21:00:58||33542|18385703264|26714235144
15910|0|3821|01/01/2024 20:33:51||35169|4643870808|3779282184
17256|0|27502|02/01/2024 05:28:01||3119|929667096|1356688728
17156|0|67622|02/01/2024 04:45:59||5641|1046420384|573811920
15618|0|71024|01/01/2024 18:17:53||43327|21440613008|25798679160
16444|0|61837|02/01/2024 00:04:16||22544|1148959304|1452613544
16826|0|46046|02/01/2024 02:36:06||13434|991176664|1030081944
17157|0|36738|02/01/2024 04:46:41||5599|597215328|636970776
16779|0|34517|02/01/2024 02:13:22||14798|1500434424|1511483072
17110|0|81286|02/01/2024 04:29:21||6639|3771354528|4362171176
16085|0|96155|01/01/2024 21:44:38||30922|1940491408|2092502640
15595|0|12661|01/01/2024 18:03:38||44182|6882704384|9163663096
17051|0|67531|02/01/2024 04:08:09||7911|960644040|987922176
17025|0|38360|02/01/2024 03:57:35||8545|15875665744|31134204936
14983|0|15994|01/01/2024 13:10:33||61767|6557011568|6803377832
17111|0|93036|02/01/2024 04:27:35||6745|2135840960|2893294256
17112|0|67100|02/01/2024 04:21:01||7139|1680179528|1757322568
15619|0|35371|01/01/2024 18:12:43||43637|1752117456|1798733912
17133|0|75092|02/01/2024 04:37:34||6146|707174976|887436944
15495|0|29505|01/01/2024 17:16:35||47005|100079603328|234942833768
16994|0|73449|02/01/2024 03:41:46||9494|3793998656|5418536016
15556|0|23614|01/01/2024 17:48:21|02/01/2024 06:15:51|44850|2367203824|3151126944
17384|0|23614|02/01/2024 06:17:37||143|7878080|10237680
17026|0|5960|02/01/2024 03:52:22||8858|1474242344|1651190968
16756|0|90888|02/01/2024 02:04:44||15316|3532542048|3930313056
15346|0|46420|01/01/2024 16:19:49||50411|8885689984|11820381272
17257|0|25756|02/01/2024 05:25:14||3286|664863432|995298488
16848|0|53799|02/01/2024 02:40:02||13198|6817217992|18333578280
16951|0|74999|02/01/2024 03:24:01||10559|1482030224|1919816448
16849|0|18035|02/01/2024 02:46:58||12782|569799072|801316864
17134|0|99376|02/01/2024 04:34:30||6330|3136869296|4211195520
17052|0|11053|02/01/2024 04:04:50||8110|2651116320|3941419104
16162|0|78586|01/01/2024 22:16:48||28992|1994223248|2372530608
16757|0|98481|02/01/2024 02:04:40||15320|23805859432|48110662232
16012|0|44204|01/01/2024 21:12:40||32840|70137437224|171640477536
16597|0|16851|02/01/2024 01:08:36||18684|702628536|703696976
16498|0|17883|02/01/2024 00:28:43||21077|422005392|494765720
15964|0|59506|01/01/2024 20:52:55||34025|3659645976|4898690808
15892|0|29954|01/01/2024 20:26:20||35620|1955099832|2613169752
16850|0|59776|02/01/2024 02:41:15||13125|866485904|1032846600
14788|0|49399|01/01/2024 11:43:22||66998|7922751640|11825053376
15008|0|93076|01/01/2024 13:23:02||61018|18421525272|52747828624
17135|0|4039|02/01/2024 04:36:44||6196|11637331672|22836603112
15861|0|30711|01/01/2024 20:12:26||36454|18113731128|22107389456
16182|0|46953|01/01/2024 22:23:42||28578|1871480496|2161677392
17284|0|33082|02/01/2024 05:35:54||2646|4195797328|10145133704
17136|0|69336|02/01/2024 04:30:32||6568|15365844872|34291261976
17225|0|29976|02/01/2024 05:18:47||3673|280518720|286871512
17072|0|70727|02/01/2024 04:11:45||7695|6162077856|6811541888
16183|0|58708|01/01/2024 22:28:48||28272|5533969464|7894306120
16388|0|35671|01/01/2024 23:41:04||23936|7607440040|10632731064
15130|0|4646|01/01/2024 14:22:59||57421|14519053152|19975810864
15911|0|51824|01/01/2024 20:33:16||35204|10017308272|13988199088
17285|0|27218|02/01/2024 05:32:46||2834|134100688|198698480
16875|0|69677|02/01/2024 02:56:40||12200|538325144|751927448
15657|0|6962|01/01/2024 18:38:47||42073|2205369240|3221201248
15355|0|83232|01/01/2024 16:26:28||50012|17561743384|21492820832
16273|0|43566|01/01/2024 22:58:39||26481|9924930536|11759500664
16474|0|58021|02/01/2024 00:18:19||21701|664867984|769634232
17258|0|26901|02/01/2024 05:21:28||3512|403785408|483868360
16646|0|31701|02/01/2024 01:20:28||17972|4475405152|4764251008
17259|0|19702|02/01/2024 05:23:05||3415|716696320|801492136
17286|0|49982|02/01/2024 05:34:46||2714|523197208|731030992
17207|0|50701|02/01/2024 05:09:30||4230|325031352|401380304
16928|0|63728|02/01/2024 03:17:26||10954|4063649984|5031738880
16110|0|28864|01/01/2024 21:51:02||30538|87342672480|220493103584
16475|0|31309|02/01/2024 00:16:01||21839|368298496|496576376
16415|0|26493|01/01/2024 23:56:37||23003|1387138648|1489645304
16876|0|57284|02/01/2024 02:50:53||12547|1039021928|1214408984
15795|0|55178|01/01/2024 19:46:33||38007|6693127720|7553321496
17328|0|29591|02/01/2024 05:56:36||1404|316143832|345173744
15912|0|28838|01/01/2024 20:35:29||35071|65314570432|183529970024
16929|0|47404|02/01/2024 03:13:03||11217|2655368896|2865519000
16211|0|26809|01/01/2024 22:33:53||27967|16888344480|22201652704
16728|0|83483|02/01/2024 01:54:12||15948|334955560|348523872
16086|0|15694|01/01/2024 21:48:19||30701|2911805648|3808947160
16780|0|87689|02/01/2024 02:12:40||14840|1392359408|1754222344
15383|0|61680|01/01/2024 16:31:20||49720|2733823152|3511919528
16325|0|5157|01/01/2024 23:15:52||25448|17002871336|32437658432
15580|0|98340|01/01/2024 17:56:09||44631|10634769504|15026551248
16389|0|18601|01/01/2024 23:48:26||23494|6410929592|6423629352
16729|0|4204|02/01/2024 01:53:03||16017|2739833000|3117820744
17226|0|8950|02/01/2024 05:13:35||3985|8387004856|18266357880
15820|0|5407|01/01/2024 19:56:45||37395|19642349712|11983499664
16972|0|93380|02/01/2024 03:32:39||10041|3194386496|3967853640
15893|0|85581|01/01/2024 20:26:22||35618|4074501360|4578798568
15821|0|75676|01/01/2024 19:56:43||37397|15804425752|18825640160
15676|0|57750|01/01/2024 18:45:52||41648|19203480576|23137209848
16565|0|94745|02/01/2024 00:59:24||19236|9958722960|10511483336
16647|0|91538|02/01/2024 01:25:54||17646|2517217496|2715576944
17287|0|68641|02/01/2024 05:35:32||2668|5070166984|12621270832
16243|0|29541|01/01/2024 22:47:46||27134|5190524928|5405789840
15205|0|22663|01/01/2024 15:01:05||55135|103862535728|225171538040
15894|0|74646|01/01/2024 20:26:30||35610|16993469072|17207806672
16730|0|45063|02/01/2024 01:52:05||16075|9809681632|14320989184
16731|0|38071|02/01/2024 01:53:13||16007|48990362416|103832880112
15822|0|13773|01/01/2024 19:58:33||37287|8129234776|9977581728
16087|0|56191|01/01/2024 21:48:44||30676|3879826104|5488852128
17073|0|70348|02/01/2024 04:19:28||7232|1930079232|2841717824
15639|0|60658|01/01/2024 18:27:54||42726|134161359408|285394848328
16901|0|25230|02/01/2024 03:08:21||11499|28510028376|55932142400
16758|0|43026|02/01/2024 02:07:24||15156|1599335848|1893400504
16676|0|83806|02/01/2024 01:39:45||16815|10652007336|11745223664
16995|0|90901|02/01/2024 03:49:31||9029|3155085064|3423870032
15718|0|69165|01/01/2024 19:03:18||40602|5196261696|6882284376
16617|0|97941|02/01/2024 01:18:13||18107|5396892048|5927672208
17356|0|87727|02/01/2024 06:09:37||623|60681448|85454072
14830|0|56928|01/01/2024 11:58:22||66098|2048683024|2257519728
15497|0|10055|01/01/2024 17:12:19||47261|4295428576|4584536456
16064|0|33173|01/01/2024 21:30:00||31800|1893264104|1925949520
16445|0|50086|02/01/2024 00:03:29||22591|7844472624|10471340088
17113|0|55678|02/01/2024 04:20:55|02/01/2024 06:10:10|6555|2800621456|2951805784
16804|0|48030|02/01/2024 02:24:14||14146|8833958152|9391615024
15658|0|77006|01/01/2024 18:36:53||42187|5090261752|7479610040
17027|0|90215|02/01/2024 03:58:15||8505|1413942784|1916837792
16128|0|69086|01/01/2024 22:07:26||29554|9550811024|9815137968
16500|0|33753|02/01/2024 00:24:04||21356|3446422288|4642189176
16543|0|99421|02/01/2024 00:46:37||20003|3112518424|3163302960
16781|0|82233|02/01/2024 02:10:30||14970|292219152|347044232
16519|0|62577|02/01/2024 00:30:51||20949|4620041952|6204273712
16294|0|16378|01/01/2024 23:08:05||25915|885752296|1239727056
16184|0|99657|01/01/2024 22:26:00||28440|15685566496|22449182880
17158|0|82548|02/01/2024 04:43:08||5812|1135037272|1641747192
14913|0|57188|01/01/2024 12:38:37||63683|8883862048|11904304624
17260|0|69042|02/01/2024 05:24:28||3332|809309960|442468256
15310|0|5867|01/01/2024 15:57:44||51736|30190592|43829952
17028|0|91758|02/01/2024 03:58:51||8469|2593211240|2798731440
17208|0|86139|02/01/2024 05:00:11||4789|405172440|472482496
16245|0|17166|01/01/2024 22:40:49||27551|5308454176|5409503776
16566|0|23519|02/01/2024 00:57:03||19377|4530379408|5375436576
16567|0|75847|02/01/2024 00:51:27||19713|1975742808|2397658600
17261|0|66419|02/01/2024 05:24:21||3339|129024464|152677664
16732|0|5932|02/01/2024 01:56:19||15821|3545981552|4895650000
16367|0|29854|01/01/2024 23:35:10||24290|7585389704|8091684808
15678|0|60913|01/01/2024 18:45:44||41656|11571703024|13935862896
16902|0|54902|02/01/2024 03:04:10||11750|1967615520|2208890288
16165|0|17565|01/01/2024 22:15:04||29096|3886396856|4048913400
17310|0|47423|02/01/2024 05:49:02||1858|97478504|126424032
15990|0|73521|01/01/2024 21:05:17||33283|7916122240|11180942744
16733|0|66168|02/01/2024 01:51:54||16086|15948004640|17205702440
16805|0|77415|02/01/2024 02:26:42||13998|3952906624|4201386184
16759|0|21833|02/01/2024 02:08:53||15067|2589712464|2752640808
15229|0|6472|01/01/2024 15:16:05||54235|18425628688|21984498120
15862|0|84404|01/01/2024 20:15:18||36282|5123760104|5298991248
14832|0|46341|01/01/2024 11:50:58||66542|15961978720|23236905640
17209|0|15683|02/01/2024 05:03:41||4579|19562712|28926032
17187|0|70015|02/01/2024 04:55:06||5094|3414318232|4612063008
16903|0|14174|02/01/2024 03:02:26||11854|6421754184|6930732360
16734|0|4936|02/01/2024 01:55:02||15898|4351615392|5460730432
17357|0|51702|02/01/2024 06:06:49||791|361927784|445361864
16246|0|70478|01/01/2024 22:49:31||27029|11072505080|11416587968
16952|0|33322|02/01/2024 03:26:31||10409|1359346352|1757335936
17074|0|38904|02/01/2024 04:14:13||7547|2198166744|2947941232
16545|0|15981|02/01/2024 00:41:05||20335|1675985400|1681573696
15941|0|21481|01/01/2024 20:48:40||34280|13966441840|17855500016
15823|0|79316|01/01/2024 19:58:29||37291|10241685664|14734325440
16416|0|56063|01/01/2024 23:54:42||23118|10629226176|11952843088
16598|0|56939|02/01/2024 01:05:33||18867|596012040|729369408
16295|0|54757|01/01/2024 23:09:02||25858|8124998456|10645432168
14861|0|24382|01/01/2024 12:00:36||65964|18249366880|20854582552
16296|0|23532|01/01/2024 23:03:11||26209|4506096048|6250637048
15991|0|26244|01/01/2024 21:06:09||33231|8420431920|8493931832
17311|0|93620|02/01/2024 05:48:54||1866|543622272|682320944
